0.0800501901708015
0.18161279661899082
0.41608550417252976
0.7601920109346969
0.6801387642797972
0.8730495072375398
0.3903529911281953
0.5842669652405788
0.7863071425327546
0.6090169663834533
0.6004716216559547
0.619730484488798
0.12783409547819957
0.31351707104519944
0.3862089217372049
0.6525930830216742
0.8110760712349803
0.39295683876014
0.096146642619834
0.1709665720169164
0.4623152998789069
0.48565373010626
0.19448882038973297
0.8138380245288426
0.8630541024603384
0.4602649649392031
0.14973256759821646
0.7103103489420453
0.04521922459122674
0.25878616886719097
0.8138380245288426
0.03824174684928899
0.8474555605714965
0.7835571508916414
0.13467803500920392
0.1518946609747332
0.7207149574633298
0.7835571508916414
0.09795817712344562
0.9678208198039915
0.5285851095573565
0.697138920289963
0.14597049616727542
0.8341876887202225
0.3769147702777431
0.4675614815086542
0.1341483653937394
0.47542530715548487
0.12312746794809895
0.8341876887202225
0.14597049616727542
0.8078834579233081
0.7353745020134135
0.7601920109346969
0.13480257815138702
0.1341483653937394
0.4738264722659671
0.7886863814835994
0.22701120069159705
0.41608550417252976
0.5635944020915422
0.8474555605714965
0.561136819608681
0.6224155500572606
0.7420209064132521
0.33170466239593055
0.3613482472097218
0.697138920289963
0.7420209064132521
0.5449415258101565
0.8730495072375398
0.6174928520869823
0.6731275724244609
0.4738264722659671
0.8432897444462082
0.41994958769872226
0.07237957229849584
0.4623152998789069
0.5806905743188528
0.6174928520869823
0.5842669652405788
0.13636982207686307
0.1518946609747332
0.8630541024603384
0.10989835464611819
0.8452998524988568
0.6090169663834533
0.07915359530047293
0.32367881862088377
0.7210394468859312
0.4751735155829715
0.6895819595509546
0.5119869941453132
0.7858498715080852
0.619730484488798
0.4740442001592236
0.5049484048579488
0.6895820850738589
0.4031445080186966
0.6731275724244609
0.6039326448838406
0.6817313397642759
0.6895820850738589
0.04521922459122674
0.7858498715080852
0.1290508850239323
0.7863071425327546
0.35731664443496564
0.9502310771163589
0.6648144342852418
0.8115410786462567
0.9180307809718848
0.24203888863475775
0.1290508850239323
0.8444242617710882
0.5049484048579488
0.8990200026354744
0.07915359530047293
0.4980473500049105
0.10985162060275844
0.3500369697194167
0.28419562057803016
0.5887823124279306
0.6039326448838406
0.9115486257402872
0.08677817171145408
0.6801387642797972
0.18161279661899082
0.7062505105973349
0.40046279565462956
0.7103103489420453
0.5543379015902847
0.784675163910307
0.8115410786462567
0.40047431613456574
0.08677817171145408
0.9502310771163589
0.31351707104519944
0.5543379015902847
0.7210394468859312
0.10989835464611819
0.5887823124279306
0.7207149574633298
0.5841746297393235
0.5901505789356831
0.47136659111508206
0.33170466239593055
0.5841746297393235
0.3903529911281953
0.7886863814835994
0.40047431613456574
0.25878616886719097
0.8444242617710882
0.12312746794809895
0.47136659111508206
0.14015113033383078
0.19448882038973297
0.41994958769872226
0.8452998524988568
0.0774702949077975
0.6224155500572606
0.5045388760954601
0.7611970642767998
0.12783409547819957
0.03824174684928899
0.4031445080186966
0.5806905743188528
0.9561112725936771
0.7062505105973349
0.09795817712344562
0.15158176045020127
0.9438135801745352
0.13480257815138702
0.7421557358271912
0.14973256759821646
0.47542530715548487
0.28419567249647537
0.9180307809718848
0.03649261512084921
0.13467803500920392
0.9098355092005022
0.1277478368627447
0.35731664443496564
0.6300735269209823
0.5449415258101565
0.3862089217372049
0.4602649649392031
0.3139205075624106
0.9115486257402872
0.4308432861409057
0.6648144342852418
0.07870839161685739
0.2295664022298339
0.561136819608681
0.5841746249513771
0.22701120069159705
0.2295664022298339
0.7611970642767998
0.28419562057803016
0.5844973944055915
0.5901505789356831
0.0774702949077975
0.5285851095573565
0.9332291769458025
0.6525930830216742
0.5119869941453132
0.7353745020134135
0.03649261512084921
0.9678208198039915
0.17074809947183517
0.4980473500049105
0.4751735155829715
0.4308432861409057
0.8990200026354744
0.2417655507043812
0.07870839161685739
0.9098355092005022
0.15158176045020127
0.43748251001933175
0.917990532624669
0.4740442001592236
0.14747960075195132
0.3139205075624106
0.32367881862088377
0.14747960075195132
0.3769147702777431
0.8078834579233081
0.6300735269209823
0.5635944020915422
0.0800501901708015
0.4675614815086542
0.096146642619834
0.8110760712349803
0.9561112725936771
0.17074809947183517
0.8432897444462082
0.3500369697194167
0.2417655507043812
0.6801390178621745
0.17469762476801465
0.6004716216559547
0.7800644702904858
0.4342196761429816
0.5045388760954601
0.39295683876014
0.14015113033383078
0.6089044751792084
0.3613482472097218
0.13636982207686307
0.039585272623824094
