0.08686172047445523
0.18161279661899082
0.41608550417252976
0.7595817919064982
0.6801172097777356
0.8791640090075327
0.3903529911281953
0.584958252735617
0.7869111899476383
0.5821073078315938
0.6004716216559547
0.619730484488798
0.12964552640275206
0.31351707104519944
0.3862089217372049
0.6525930830216742
0.7802361837225268
0.3842075757116405
0.096146642619834
0.1709665720169164
0.4623152998789069
0.48565373010626
0.19448882038973297
0.7890614658932773
0.8630541024603384
0.4192046279056384
0.14973256759821646
0.7103103489420453
0.027214952633313805
0.25878616886719097
0.8388646394375265
0.03824174684928899
0.8474555605714965
0.7800644702904858
0.13467803500920392
0.1518946609747332
0.7207149574633298
0.7847279487394452
0.09795817712344562
0.9678208198039915
0.5148899247839314
0.697138920289963
0.14597049616727542
0.8290886743503192
0.3212000764836422
0.4675614815086542
0.120261576735888
0.47542530715548487
0.12312746794809895
0.8392867030901259
0.14597049616727542
0.7866782414962968
0.7353745020134135
0.7600364678618071
0.13480257815138702
0.1480351540515908
0.4738264722659671
0.788061240800803
0.22701120069159705
0.41608550417252976
0.5635944020915422
0.8474555605714965
0.561136819608681
0.5841223309994359
0.7413467593435572
0.33170466239593055
0.3613482472097218
0.697138920289963
0.7413467593435572
0.5476027572895314
0.866935005467547
0.6174928520869823
0.6566731852979671
0.4738264722659671
0.8445776734289622
0.41994958769872226
0.08686172047445523
0.4623152998789069
0.5801396207927844
0.6174928520869823
0.5821073078315938
0.13636982207686307
0.1518946609747332
0.8630541024603384
0.11013202486291696
0.8452998524988568
0.6371591189277234
0.07915359530047293
0.32367881862088377
0.6817313397642759
0.4751735155829715
0.6895817484442519
0.5119869941453132
0.7858498715080852
0.619730484488798
0.4740442001592236
0.5148899247839314
0.6895827526274863
0.4031445080186966
0.6895817484442519
0.6039326448838406
0.6817313397642759
0.6895818397336368
0.027214952633313805
0.7858498715080852
0.1290508850239323
0.7847279487394452
0.35731664443496564
0.9502310771163589
0.6566731852979671
0.8115410786462567
0.9188759962634163
0.24477226793852352
0.1290508850239323
0.7866782414962968
0.49500688493196626
0.9188759962634163
0.07915359530047293
0.4980473500049105
0.10938428016916091
0.3500369697194167
0.28420449863215935
0.5887823124279306
0.6039326448838406
0.9115486257402872
0.08677817171145408
0.6801172097777356
0.18161279661899082
0.7062505105973349
0.3999789354973084
0.7103103489420453
0.5543379015902847
0.7869111899476383
0.8115410786462567
0.40145355692914453
0.08677817171145408
0.9502310771163589
0.31351707104519944
0.5543379015902847
0.7600364678618071
0.11013202486291696
0.5887823124279306
0.7207149574633298
0.5842007767152941
0.5901505789356831
0.47136659111508206
0.33170466239593055
0.5842007767152941
0.3903529911281953
0.7890614658932773
0.3999789354973084
0.25878616886719097
0.9031454284243053
0.12312746794809895
0.47136659111508206
0.14015113033383078
0.19448882038973297
0.41994958769872226
0.8452998524988568
0.0774702949077975
0.6371591189277234
0.5045388760954601
0.7617354884002336
0.12688525070819592
0.03824174684928899
0.4031445080186966
0.5812415278449214
0.9561112725936771
0.7062505105973349
0.09795817712344562
0.15158176045020127
0.9438135801745352
0.13480257815138702
0.7435040299665813
0.14973256759821646
0.47542530715548487
0.28420449863215935
0.9175880491525112
0.039586047677297224
0.13467803500920392
0.8864418414552018
0.12688525070819592
0.35731664443496564
0.6300735269209823
0.5476027572895314
0.3862089217372049
0.4797845859827244
0.31149398458866673
0.9115486257402872
0.4308432861409057
0.6729556832725165
0.07870839161685739
0.2295664022298339
0.561136819608681
0.5841223309994359
0.22701120069159705
0.2295664022298339
0.7617354884002336
0.284177916388217
0.584958252735617
0.5901505789356831
0.0774702949077975
0.5369578313720319
0.866935005467547
0.6525930830216742
0.5119869941453132
0.7353745020134135
0.039583567506183207
0.9678208198039915
0.17074809947183517
0.4980473500049105
0.4751735155829715
0.4308432861409057
0.8791640090075327
0.2403988610524983
0.07870839161685739
0.9995233484240581
0.15158176045020127
0.4342196761429816
0.9175880491525112
0.4740442001592236
0.17469762476801465
0.31149398458866673
0.32367881862088377
0.120261576735888
0.4797845859827244
0.8290886743503192
0.6300735269209823
0.5635944020915422
0.08857989561175912
0.4675614815086542
0.096146642619834
0.8394259574979464
0.9561112725936771
0.17074809947183517
0.8445776734289622
0.3500369697194167
0.2403988610524983
0.6801821268662975
0.17469762476801465
0.6004716216559547
0.7800644702904858
0.4342196761429816
0.5045388760954601
0.3842075757116405
0.14015113033383078
0.6322291429580805
0.3613482472097218
0.13636982207686307
0.039586047677297224
