0.10098280153590974
0.18226891958387076
0.4160271935806341
0.6455555998854283
0.6847537730448112
0.7766640366927975
0.47498122283513444
0.5548442292207889
0.8648165555904399
0.5155275133086186
0.6013043309262469
0.6007549559201437
0.14320123561753173
0.3569937735098937
0.4681640042265287
0.5954225506844544
0.8223969648757838
0.469216627924635
0.08109350217303332
0.1461093773120064
0.5037620672323502
0.45439721273597516
0.19448882038973297
0.8129128727382794
0.8366865066848923
0.4672060957081089
0.09908012819105515
0.6641460567114768
0.08109350217303332
0.2142197367931775
0.8129128727382794
0.03824174684928899
0.8474555605714965
0.7792517264483219
0.2095367027021175
0.1423318861184667
0.7766640366927975
0.8195772097838402
0.12704519747577617
0.9678208198039915
0.5373374326909028
0.6972848229668439
0.17746721584132574
0.8376984750276021
0.2896513607061715
0.45439721273597516
0.13746490448652254
0.5569788370299603
0.14320123561753173
0.8376984750276021
0.16273507660657935
0.8101215670704329
0.7437355969872327
0.6901686096641706
0.12704506191480086
0.10035617520153875
0.4931514790913
0.8220391214430192
0.2142197367931775
0.3669522542647434
0.46755451608045256
0.8474555605714965
0.5085408294433651
0.677880534037929
0.7420658495512316
0.3732776088375947
0.3732776088375947
0.6972848229668439
0.7420658495512316
0.6007549559201437
0.8164379436406644
0.6301508122148083
0.6260097443291741
0.558293733474994
0.876228160154644
0.5030444304370145
0.10098280153590974
0.42571318085028476
0.6260097443291741
0.6016704266585271
0.5548442292207889
0.1461093773120064
0.12704519747577617
0.7571523390864052
0.12704506191480086
0.8452998524988568
0.5954225506844544
0.07834297567921009
0.2256418066071501
0.74445709222252
0.4749812278650697
0.6813547659877077
0.5481263517552726
0.8038404407060922
0.4737096629248639
0.47225912746312926
0.5037620672323502
0.677880534037929
0.41389106474590376
0.6813547659877077
0.5926207435371067
0.74445709222252
0.6901686096641706
0.239660959129606
0.8038404407060922
0.13594134437751845
0.7571523390864052
0.42219722646225155
0.9502310771163589
0.6641460567114768
0.7447519023294924
0.7290505089439753
0.24212079049703344
0.13746490448652254
0.8444242617710882
0.5037620672323502
0.8171627653442033
0.10419263977681748
0.5954225506844544
0.12822821715639957
0.27766657641078607
0.2095367027021175
0.6455555998854283
0.6009379999159828
0.9131658105192519
0.09240777974217199
0.6847537730448112
0.16273507660657935
0.6483344699340645
0.36122048786290767
0.6301508122148083
0.5155275133086186
0.7437355969872327
0.810144774164554
0.3788935602047768
0.09240777974217199
0.9502310771163589
0.3185979448330416
0.5569788717513542
0.8195772097838402
0.10419263977681748
0.558293733474994
0.6966610014264191
0.7447519023294924
0.6419036455508477
0.5030444304370145
0.36122048786290767
0.5926207435371067
0.469216627924635
0.8220391214430192
0.3569937735098937
0.239660959129606
0.8444242617710882
0.10035617520153875
0.47225912746312926
0.18226891958387076
0.19448882038973297
0.4160271935806341
0.8452998524988568
0.07834297368404533
0.685928566869798
0.4854161416859482
0.8175117257629149
0.1042062149121894
0.03824174684928899
0.41389106474590376
0.6009379999159828
0.9561112725936771
0.685928566869798
0.10035617520153875
0.10875754732866194
0.9214167914050049
0.12823302756118832
0.7420658495512316
0.16714832742359084
0.4854161416859482
0.17746721584132574
0.9180173648561463
0.051329378620957336
0.1423318861184667
0.8171627653442033
0.12823302756118832
0.3788935602047768
0.5415319382087596
0.48254491387335985
0.38803870414963587
0.5085408294433651
0.3669522542647434
0.9131658105192519
0.46921144475774257
0.6847537730448112
0.08995228685079765
0.2295664022298339
0.5569788717513542
0.5415319382087596
0.27766657641078607
0.2295664022298339
0.8175117257629149
0.1949090112107223
0.5481263517552726
0.6419036455508477
0.07834297567921009
0.5373374326909028
0.8648165555904399
0.5954225506844544
0.48493632778629514
0.6966610014264191
0.051329378620957336
0.9678208198039915
0.12429754419415279
0.46755451608045256
0.47498122283513444
0.4737096629248639
0.9214167914050049
0.24212079049703344
0.08995228685079765
0.876228160154644
0.2256418066071501
0.4522554276551123
0.9180173648561463
0.4931514790913
0.14900108337792167
0.2896513607061715
0.3185979448330416
0.1949090112107223
0.39393722440677703
0.8101215670704329
0.7290505089439753
0.4681640042265287
0.10875754732866194
0.48493632778629514
0.16714832742359084
0.8223969648757838
0.9561112725936771
0.12429754419415279
0.8366865066848923
0.42571318085028476
0.24209677893801587
0.6483344699340645
0.14900108337792167
0.6016704189179252
0.7792517264483219
0.4522554276551123
0.42219722646225155
0.38803870414963587
0.13594134437751845
0.677880534037929
0.39393722440677703
0.1460753573065008
0.09908012819105515
