0.47313034479650035
0.4731303549993403
0.4731303573625074
0.4731303573625074
0.4731303512872511
0.47313033388924247
0.4731303255062324
0.47313031165042463
0.47313036742395864
0.4731303614614442
0.4731303036138352
0.47313033278259
0.4731303262703721
0.47313033356286105
0.47313034504243484
0.4731303629122765
0.47313034802278825
0.47313033388924247
0.4731304255628607
0.4731303622204306
0.4731303262703721
0.4731303620138867
0.4731303717418626
0.473130351551934
0.47313019155173647
0.47313036506928263
0.4731303694567954
0.47313035094930056
0.4731303703191414
0.4731303802935288
0.47313039405278073
0.4731303434669772
0.4731303434669772
0.47313031165042463
0.4731303600309815
0.47313035757751526
0.47313034661364933
0.47313029323137873
0.47313037412668324
0.47313033828141443
0.4731303150681434
0.4731303076520417
0.47313089556726945
0.47313036301692574
0.4731303478739271
0.4731303312049088
0.47313035094930056
0.47313031601815664
0.47313033333820204
0.47313040437688936
0.47313036301692574
0.4731303637063753
0.4731303629122765
0.4731303178503928
0.47313041211158735
0.47313035345238474
0.47313035482822946
0.465683094140778
0.4731303772196385
0.47313039315004296
0.47313038463656937
0.47313031355701085
0.47313033392602627
0.473130370731474
0.4731303142991689
0.4731303491156451
0.47313044793893094
0.4731303691256846
0.4731303411219841
0.47313039315004296
0.4731303388281317
0.4731303365718089
0.47313016783866224
0.47313038078763525
0.4731303600309815
0.4731303576282788
0.4731303822753612
0.47313047621673876
0.4731303698879684
0.4731303975605588
0.47313033388924247
0.473130369625338
0.4731303756251504
0.47313035757751526
0.47313034824220335
0.47313035454609487
0.4731302353614041
0.4731303329862911
0.4731304117216036
0.47313034479650035
0.4731303478739271
0.4731303563911615
0.47313036976102313
0.4731303589972155
0.4731303536959051
0.47313029719344873
0.47313035338562115
0.4731303361800334
0.47313032756841
0.47313043766255053
0.47313033855616576
0.5432425271584601
0.47313036223519545
0.4731303301979856
0.47313036128457503
0.468992986508314
0.47313035377903845
0.47313033264962523
0.5805863145263819
0.4731303599071688
0.47313038333935176
0.4731303663149627
0.47313033320183917
0.4731303099892283
0.4585002869727047
0.4731303286045381
0.4731304923911071
0.47313035948229065
0.4731303582998872
0.4731303613414084
0.4731303387065324
0.47313031490897184
0.47313029323137873
0.47313034894211314
0.4731305903284112
0.4731303349543602
0.47313031874965294
0.47313089556726945
0.47313037304643396
0.20774978190580973
0.47313039136216617
0.4731303613414084
0.47313031881894907
0.4731303557782402
0.473130350224417
0.4731302928846243
0.4731305903284112
0.4731303099892283
0.4731303036138352
0.47313037863072094
0.47313036223519545
0.465683094140778
0.47313016783866224
0.47313031874965294
0.4731303649881003
0.47313033687421746
0.4731303577024539
0.4731305294791823
0.5432425271584601
0.4731301048432976
0.4731303197125682
0.473130270007746
0.4731303629122765
0.47313033855616576
0.47313033356286105
0.4731303255062324
0.4585002869727047
0.47313032892213785
0.47313034661364933
0.47313030685720087
0.4731303471311154
0.47313038333935176
0.4731303582998872
0.4731303434669772
0.4731303449897581
0.47313035338562115
0.47313035383355584
0.4731302879450932
0.4731303772196385
0.47313049137058316
0.4731303599339871
0.47313037111340006
0.4731302976517962
0.47313035482822946
0.47313033700784785
0.4731303599339871
0.47313029719344873
0.47313046700451333
0.47313030834307573
0.4731303855305926
0.47313032756841
0.4731303390861319
0.47313037303324584
0.4731303614614442
0.4731304255628607
0.47313038078763525
0.47313044793893094
0.4731302413177539
0.4731303975605588
0.47313039470670654
0.4731304011999441
0.47313033687421746
0.4698204604276343
0.4731303512872511
0.4731303349543602
0.47313038365696564
0.47313183365800204
0.4731302996470661
0.47313035454609487
0.47313036557534177
0.4731303756251504
0.4731303449897581
0.4731302735187981
0.4731303549993403
0.47313030796021877
0.4731303743959398
0.4731303142991689
0.20774978190580973
0.4731302946457224
0.2930218071208432
0.47313039597409234
0.47313183365800204
0.4731303617228568
0.473130369625338
0.5805863145263819
0.47313035532350084
0.4731302073271294
0.47313036323552904
0.4731303693203489
0.47313034824220335
0.4731302739051001
0.4698204604276343
0.4731302073271294
0.47313038463656937
0.4731303395774768
0.4731303673028586
0.4731303693203489
0.47313037412668324
0.4731303517514244
0.473130351551934
0.4731304923911071
0.47313035757751526
0.4731302942610065
0.47313041211158735
0.4731303124336493
0.47313033333820204
0.47313035884345145
0.47313035377903845
0.468992986508314
0.4731303855305926
0.2930218071208432
0.47313029953835245
0.47313062841188513
0.47313033828141443
0.47313031355701085
0.47313031989982895
0.4731304715454124
0.4731304117216036
0.4731303255062324
0.4731302628598148
