0.47223554461214734
0.47223554461214734
0.47223554461214734
0.47223554461214734
0.47223554461214734
0.47223554461214734
0.47223554461214734
0.47223554461214734
0.47223554461214734
0.47223554461214734
0.47223554461214734
0.47223554461214734
0.47223554461214734
0.47223554461214734
0.47223554461214734
0.47223554461214734
0.47223554461214734
0.47223554461214734
0.47223554461214734
0.47223554461214734
0.47223554461214734
0.47223554461214734
0.47223554461214734
0.47223554461214734
0.47223554461214734
0.47223554461214734
0.47223554461214734
0.47223554461214734
0.47223554461214734
0.47223554461214734
0.47223554461214734
0.47223554461214734
0.47223554461214734
0.47223554461214734
0.47223554461214734
0.47223554461214734
0.47223554461214734
0.47223554461214734
0.47223554461214734
0.47223554461214734
0.47223554461214734
0.47223554461214734
0.4722355446121474
0.47223554461214734
0.47223554461214734
0.47223554461214734
0.47223554461214734
0.47223554461214734
0.47223554461214734
0.47223554461214734
0.47223554461214734
0.47223554461214734
0.47223554461214756
0.47223554461214734
0.47223554461214734
0.47223554461214734
0.47223554461214734
0.47223554461214734
0.47223554461214734
0.47223554461214734
0.47223554461214734
0.47223554461214734
0.47223554461214734
0.47223554461214734
0.47223554461214734
0.47223554461214734
0.47223554461214734
0.47223554461214734
0.47223554461214734
0.47223554461214734
0.47223554461214734
0.47223554461214734
0.47223554461214734
0.47223554461214734
0.47223554461214734
0.47223554461214734
0.47223554461214734
0.47223554461214734
0.47223554461214734
0.47223554461214734
0.47223554461214734
0.47223554461214734
0.47223554461214734
0.47223554461214734
0.47223554461214734
0.47223554461214734
0.47223554461214734
0.47223554461214734
0.47223554461214734
0.47223554461214734
0.47223554461214734
0.47223554461214734
0.47223554461214734
0.47223554461214734
0.47223554461214734
0.47223554461214734
0.47223554461214734
0.47223554461214734
0.47223554461214734
0.47223554461214734
0.47223554461214734
0.47223554461214734
0.47223554461214734
0.47223554461214734
0.47223554461214734
0.4722355446121474
0.47223554461214734
0.47223554461214734
0.47223554461214734
0.47223554461214734
0.47223554461214734
0.47223554461214734
0.47223554461214734
0.47223554461214734
0.47223554461214734
0.47223554461214734
0.47223554461214734
0.47223554461214734
0.47223554461214734
0.47223554461214734
0.47223554461214734
0.47223554461214734
0.47223554461214734
0.47223554461214734
0.47223554461214734
0.47223554461214734
0.47223554461214734
0.4722355446121475
0.47223554461214734
0.2740622885604788
0.47223554461214734
0.47223554461214734
0.47223554461214734
0.47223554461214734
0.47223554461214734
0.47223554461214734
0.4722355446121474
0.47223554461214734
0.47223554461214734
0.47223554461214734
0.47223554461214734
0.47223554461214734
0.47223554461214734
0.47223554461214734
0.47223554461214734
0.47223554461214734
0.47223554461214734
0.47223554461214734
0.47223554461214734
0.47223554461214734
0.47223554461214734
0.47223554461214734
0.47223554461214734
0.47223554461214734
0.47223554461214734
0.47223554461214734
0.47223554461214734
0.47223554461214734
0.47223554461214734
0.47223554461214734
0.47223554461214734
0.47223554461214734
0.47223554461214734
0.47223554461214734
0.47223554461214734
0.47223554461214734
0.47223554461214734
0.47223554461214734
0.47223554461214734
0.47223554461214756
0.47223554461214734
0.47223554461214734
0.47223554461214734
0.47223554461214734
0.47223554461214734
0.47223554461214734
0.47223554461214734
0.47223554461214734
0.47223554461214734
0.47223554461214734
0.47223554461214734
0.47223554461214734
0.47223554461214734
0.47223554461214734
0.47223554461214734
0.47223554461214734
0.47223554461214734
0.47223554461214734
0.47223554461214734
0.47223554461214734
0.47223554461214734
0.47223554461214734
0.47223554461214734
0.47223554461214734
0.47223554461214734
0.47223554461214734
0.4722355446121479
0.47223554461214734
0.47223554461214734
0.47223554461214734
0.47223554461214734
0.47223554461214734
0.47223554461214734
0.47223554461214734
0.47223554461214734
0.47223554461214734
0.47223554461214734
0.2740622885604788
0.47223554461214734
0.47223554461214734
0.47223554461214734
0.4722355446121479
0.47223554461214734
0.47223554461214734
0.47223554461214734
0.47223554461214734
0.47223554461214734
0.47223554461214734
0.47223554461214734
0.47223554461214734
0.47223554461214734
0.47223554461214734
0.47223554461214734
0.47223554461214734
0.47223554461214734
0.47223554461214734
0.47223554461214734
0.47223554461214734
0.47223554461214734
0.47223554461214734
0.47223554461214734
0.47223554461214734
0.47223554461214734
0.47223554461214734
0.47223554461214734
0.47223554461214734
0.47223554461214734
0.47223554461214734
0.47223554461214734
0.47223554461214734
0.47223554461214734
0.47223554461214734
0.47223554461214734
0.47223554461214734
0.47223554461214734
0.47223554461214734
0.47223554461214734
0.47223554461214734
0.47223554461214734
0.47223554461214734
