0.42218562618748845
0.6422752150616653
0.7507902187268771
0.7509587841470102
0.0772375549474853
0.27917827379128857
0.17076322947372286
0.4457594162954448
0.07550832512114336
0.4085197832518541
0.8371833839632492
0.6775876565324994
0.1626756296006886
0.17099090687687826
0.666651159982757
0.36360999328317534
0.6475258392525707
0.42401623355835605
0.8499847942314788
0.02790044220102572
0.6500265876765345
0.10223016818496093
0.1367809516351086
0.4914901143178732
0.6265571812431773
0.14538721649039715
0.134046994803623
0.1797006527432185
0.13018344020848382
0.1367809516351086
0.4455126541921909
0.6227253200612308
0.42067701629679227
0.40686910726513115
0.42731593229159076
0.7387732823444106
0.12497457735076223
0.6617289819511989
0.7832186843604994
0.1847215419767737
0.11377332118713318
0.067870122334729
0.3668873060587416
0.9438135801745352
0.19318750762038991
0.3477405848234606
0.8497116182192352
0.48372314608913075
0.48013557982547145
0.7479821469806391
0.4675374551371679
0.6934571266680378
0.6313320760240217
0.3290882614907742
0.7470684804948511
0.1315777190467923
0.44596076044810795
0.11911261797110706
0.23271575815475837
0.7521704406074468
0.6644496928156953
0.6906540017008773
0.4740295379950762
0.94145096839951
0.13645844411461472
0.6313320760240217
0.41607079036504435
0.6890002090110297
0.11959276041960348
0.1260316707926568
0.7010118055915133
0.4914901143178732
0.14885951896856953
0.4157656395267162
0.6149289101669764
0.6782045422335122
0.8671925186840613
0.12523952351531753
0.7156281423816784
0.7026227654497116
0.40686910726513115
0.4463273702668035
0.5942018235128987
0.4157656395267162
0.7185003082028916
0.17076322947372286
0.4144489554382595
0.675030328314062
0.5511121382099468
0.42731593229159076
0.22052644784068198
0.7226346751196322
0.17099090687687826
0.718001538330602
0.6265571812431773
0.755899002163393
0.30058577567556083
0.7174484735096353
0.17528511659376303
0.7479821469806391
0.6708670896714195
0.5693440357047657
0.6227253200612308
0.5517369066088567
0.7509587841470102
0.13733431175783395
0.7010118055915133
0.4145408787202555
0.6205883149003067
0.7111669275805017
0.4596930186978861
0.5942018235128987
0.07550832512114336
0.24932090557643127
0.2523712852945453
0.08745235396229786
0.711275081073075
0.7199559035454146
0.14738961110072013
0.14885951896856953
0.53032460602508
0.4740619058608677
0.846185997571834
0.8499847942314788
0.42687727303701184
0.5020644296173681
0.7146830469110891
0.22193369852784225
0.6499564490580647
0.15396375920534267
0.11759891533929105
0.8688376605385878
0.8952668038295106
0.6644496928156953
0.6977960089763354
0.42687727303701184
0.7883173700838615
0.7855336332325431
0.6280038463659985
0.18251377390204598
0.6271646310309305
0.12523952351531753
0.4145408787202555
0.4811573260530584
0.14489880344865064
0.6388943511684182
0.6852896273540086
0.830658133910416
0.14357475561546712
0.14347585508086733
0.19044931231161177
0.709220575250539
0.13875591022310155
0.9159930738997385
0.3478081329643017
0.5810202786238925
0.8129173592829907
0.6205883149003067
0.6617289819511989
0.7156281423816784
0.41969489878026167
0.8418244684773326
0.41874048496214156
0.349818849435122
0.1626756296006886
0.53032460602508
0.14347585508086733
0.3545515492622493
0.7534013716764485
0.5810202786238925
0.7070866267454006
0.718001538330602
0.8240118961964686
0.3545515492622493
0.7031207958424165
0.7500123381450736
0.6280038463659985
0.6302857246219258
0.18251377390204598
0.9144359552304144
0.5729650162743478
0.1260316707926568
0.4415788746720606
0.10572436214893213
0.4529349243900378
0.7210404947221686
0.49061790175644915
0.7364530968895671
0.19252234984341354
0.7831518690421233
0.12497457735076223
0.7675541383799076
0.6967653182584768
0.4529349243900378
0.6059016655392152
0.41969489878026167
0.41033694860566183
0.7722478901297526
0.13705451721302517
0.8119028917569684
0.8974151749608522
0.5020644296173681
0.11120080327296747
0.8696198217190925
0.6386857867910718
0.6685411069881546
0.7722478901297526
0.19901657930713193
0.13968976297161761
0.591930882662725
0.846185997571834
0.14185735024939203
0.716554159050094
0.10572436214893213
0.4144489554382595
0.6833407351868012
0.08745235396229786
0.43589261709337734
0.7186150501398461
0.6833407351868012
0.42401623355835605
0.8545990306549053
0.6943959341883322
0.14489880344865064
0.37054943737946977
0.716554159050094
0.13968976297161761
0.7364530968895671
0.6948637809290205
0.8371833839632492
0.3317489498896872
0.6302857246219258
0.10815705585103552
0.12574345597196898
0.7500123381450736
0.7111669275805017
0.27917827379128857
0.925778684406644
0.2718680302981903
0.11377990976469188
0.728674085689952
0.36753963281024915
0.5166078432076902
0.12186306236566236
0.48013557982547145
0.404755934066504
0.10815705585103552
0.7387732823444106
0.4740619058608677
0.5112440758553554
