0.0499343358140657
0.12650654129754124
0.02249681276826121
0.3815710847027489
0.7212012135590538
0.3880609177070763
0.9264388739614242
0.4408277121698865
0.5440429396359195
0.5592402954456408
0.49460565435564163
0.3265767820110843
0.42382668982381444
0.8778222463203333
0.26282137273807515
0.6082698022785382
0.32605269238896584
0.7586639800591073
0.6739380629778643
0.4238514439472082
0.5242486243321356
0.3650867992219825
0.9700575148691364
0.7021549289239946
0.47770540867843003
0.3746256445203229
0.3871888989706682
0.7178594986169452
0.5421854776160873
0.17666707934560122
0.8089977179476597
0.04146146421990138
0.7282871340178424
0.8873700300154552
0.6781545623966333
0.3922798435719078
0.6004062333317219
0.9658005957437337
0.19503611363504225
0.2930890553118043
0.35498825437795656
0.5668183873060165
0.37598562217851417
0.6415231340928519
0.9485146005856718
0.7439060510567802
0.7372097628725657
0.06916146273393109
0.12537200337251708
0.9964130813692135
0.6960859524462056
0.42627164707210174
0.4251949788144458
0.9420596110940592
0.3452582086442718
0.10556120651619516
0.3194444506707289
0.36284883721997474
0.17956979306224674
0.3752797342984576
0.5754560887395853
0.6851585147595307
0.5247105973050022
0.8518807779381085
0.9411192475563254
0.6439035626506805
0.844587395465579
0.8782775460881275
0.6817754388160209
0.5078228756768852
0.7767837868478793
0.3656112508763987
0.6779347327159203
0.5333487402498963
0.36616860402522
0.7832018702746931
0.11297222741183632
0.3282555358651599
0.05533858481240339
0.7157799659748298
0.8895914344725301
0.3630791921615871
0.7495511172033423
0.4860553411351908
0.016309748260095125
0.2103765299190934
0.3262422810560779
0.29266783706218336
0.1415586712662258
0.6328671573146155
0.743999122946757
0.3216367729453935
0.8353831048851369
0.10418783135479981
0.7246842614939746
0.5012767378088798
0.5026219852359851
0.3181875424524726
0.8158636875264959
0.8577405941778941
0.5603220931113198
0.9769921677038255
0.33461064647576355
0.31129963409516925
0.03106485365669076
0.22777169395400976
0.6453488588489835
0.08349439215685484
0.6068589537657746
0.5749839168220842
0.38155920021693934
0.8994617942379995
0.9231988497840965
0.6119306700378941
0.039428500546736744
0.8034742024686801
0.566653179408171
0.5461312711034707
0.22655218917191033
0.40659874604085267
0.4449514959804304
0.7955037107425782
0.38859465613511257
4.6890937220434026e-05
0.3124207902157845
0.3148705880607122
0.3055876499061154
0.6512202445977141
0.623343625945753
0.39638394082406503
0.5794282778269085
0.7816885035917059
0.01599789255268702
0.0024812241057239337
0.29485875258019567
0.33032577058877
0.6792991013580048
0.07004806818903275
0.034720628300188405
0.3618592888997273
0.839994350607007
0.08562784333613982
0.10076914643129531
0.7525549951390669
0.20441296210664872
0.5516038320072769
0.9104834198538877
0.3436966711875996
0.07448370191080766
0.6833192648812116
0.7848088423860755
0.43170761759884
0.1691622278435484
0.7714094687508594
0.7052413192512391
0.436663249756547
0.9140026839510252
0.8450836834159265
0.30027178032171975
0.6435189053914645
0.600887377258808
0.8382112910996222
0.601043400253761
0.9850589221777403
0.5799440840467333
0.5954990295441325
0.4980829142764599
0.5708873189648299
0.9402224452257958
0.7324169769129485
0.15329782304395168
0.3953575867736221
0.9645623880549563
0.09668282527960614
0.33481385989054036
0.06099735959854968
0.6811578731580069
0.4127725835078906
0.423236732585211
0.12922965417971
0.2078479367352798
0.6192966088729113
0.759079618865858
0.46843635630763714
0.646568856638395
0.09455922729868715
0.43324214598861643
0.03002625423248728
0.9148119103996553
0.23209457860713656
0.1890823998496558
0.5089376754535763
0.38362186383517827
0.21105633570122717
0.3443651121052458
0.8700231066945405
0.5769582708073083
0.09810202706824445
0.8188010302531055
0.3377213521342127
0.547499404957113
0.46712491636413445
0.2867574068422353
0.49014445602157897
0.41291542244647306
0.8712278444463973
0.2928203309691618
0.43628829072509756
0.8565268453918964
0.8159236160919907
0.13524600252799468
0.5153724368968106
0.441957511718281
0.42002620420813264
0.22294236673019086
0.027042316286022494
0.41085674624797963
0.9708723648837059
0.38365871453178424
0.2688745174901239
0.027477815073229772
0.5608702499455701
0.7131735247842411
0.34302083209449297
0.2191461163051548
0.24163081751134385
0.24905001882501454
0.5594995517163123
0.6619439670172754
0.07250281720733198
0.794721678504341
0.2572337574261908
0.2694653059954011
0.06213459703732349
0.33701425803302876
0.952633470692889
0.9933747173234506
0.5557350712477502
0.18459035720629324
0.28016322563455276
0.39225260838197284
0.1806181582770805
0.41321662512480706
0.9619186912880537
0.8138674907620822
0.11359509123981593
0.7708026411708723
0.42590367165870735
0.538343434310506
0.9352056313821911
