0.03639143844420789
0.3214899835433432
0.7179557775016591
0.3478330264591986
0.731902759238397
0.7399800775340273
0.366731290042176
0.8025628003052532
0.9500455427206009
0.728574236734602
0.4380583396255848
0.8199268076495505
0.43565284319625813
0.01973769574197859
0.6050559642468913
0.2665485236489772
0.14252302901957548
0.3619904037573103
0.43660906071029554
0.28528388740008254
0.2665485236489772
0.11364632017513905
0.728574236734602
0.48366544563383557
0.3939021758298646
0.21729117053930436
0.2980848609742335
0.731902759238397
0.9765127240499689
0.10062059586866813
0.14442282331346612
0.17300097977138876
0.3478330264591986
0.8070920382068338
0.9748265247226207
0.8070920382068338
0.7399800775340273
0.557622560826657
0.2974173503890945
0.3649145065945048
0.7235499094861203
0.01973769574197859
0.35117706020835654
0.021168196314454702
0.7402026317133464
0.14442282331346612
0.6425708042286247
0.7378923969545005
0.6798141470207502
0.11284558764799622
0.7920483279587428
0.1992022391731864
0.47755559725538715
0.7966364416576264
0.32846766104686104
0.48366544563383557
0.22947221858863706
0.43565284319625813
0.21729117053930436
0.39265686132951005
0.10909078376738268
0.3619904037573103
0.44821403070256666
0.8592818472350909
0.37333079066080704
0.6355371086320085
0.045025472284953155
0.8025628003052532
0.6657426157342665
0.2980848609742335
0.8199268076495505
0.4199816421281832
0.8171207881555724
0.47755559725538715
0.3345639372484943
0.7486084587429507
0.8025628003052532
0.4199816421281832
0.6878652705559383
0.7399800775340273
0.8725519888354321
0.4199816421281832
0.7827057316953439
0.5465013381080525
0.14375397048509572
0.6803291926834956
0.35007436285689947
0.33717933200477435
0.21729117053930436
0.033682858970236325
0.6348572673991519
0.3855865415565914
0.7775170924703265
0.09674097098858155
0.728574236734602
0.48366544563383557
0.4119311559826763
0.34764785790793135
0.7379485159079464
0.8099138212255339
0.44821403070256666
0.4380583396255848
0.38730710518915107
0.3649145065945048
0.045025472284953155
0.14375397048509572
0.6355371086320085
0.3432614594776496
0.557622560826657
0.7378923969545005
0.3862481509152771
0.8557899468503433
0.8985802144818709
0.557622560826657
0.01973769574197859
0.8099138212255339
0.3798343806914665
0.4409568974561634
0.2888646246901334
0.36565529689705406
0.5443270655459421
0.6878652705559383
0.2665485236489772
0.01973769574197859
0.3124207902157845
0.3005514906265332
0.366731290042176
0.4409568974561634
0.6001509483765306
0.4484467718603438
0.47014926175078764
0.8534337961884656
0.009239558329205477
0.05100215832801864
0.34764785790793135
0.8166765014493997
0.7966364416576264
0.10909078376738268
0.10062059586866813
0.26617362078330853
0.8477601112032621
0.10909078376738268
0.3478330264591986
0.7920483279587428
0.36565529689705406
0.5516038320072769
0.8070920382068338
0.36525751935513134
0.05508803736116716
0.8020738138330537
0.5192619550346927
0.4009679599423639
0.19143621682311776
0.6657426157342665
0.731902759238397
0.3478330264591986
0.9500455427206009
0.8548584667016438
0.3855865415565914
0.6050559642468913
0.5360387894158167
0.9201513807486066
0.44762152263932914
0.9500455427206009
0.5443270655459421
0.6034631417964316
0.43552863906631206
0.40664080595993174
0.8165148178343302
0.7486084587429507
0.10062059586866813
0.32846766104686104
0.5031745332898957
0.14252302901957548
0.43565284319625813
0.045025472284953155
0.7495836173629623
0.4009679599423639
0.3939021758298646
0.14046853599821735
0.8592818472350909
0.6425708042286247
0.8165148178343302
0.45607149383225387
0.7647540480366279
0.11284558764799622
0.5185875217686347
0.06095245103291644
0.26616614368446084
0.3214899835433432
0.17053184190331125
0.5089376754535763
0.4483404467011489
0.12385112953929307
0.39265686132951005
0.8389433629968207
0.6001509483765306
0.12385112953929307
0.8397239840628073
0.44762152263932914
0.28962753020262494
0.34035915826518265
0.3862481509152771
0.4365656630498038
0.3939021758298646
0.8166765014493997
0.30835894772924616
0.4483404467011489
0.8389433629968207
0.8007586145456678
0.22947221858863706
0.37066054176247576
0.34326145947764963
0.42296493793342
0.3091559998960801
0.033682858970236325
0.2665485236489772
0.9748265247226207
0.37400196802538854
0.6749859815474819
0.03639143844420789
0.5465013381080525
0.7402026317133464
0.3345639372484943
0.3214899835433432
0.33717933200477435
0.3005514906265332
0.4777546511288138
0.6034631417964316
0.06095245103291644
0.8199268076495505
0.3798343806914665
0.2980848609742335
0.09674097098858155
0.3649145065945048
0.9532018616101954
0.9765127240499689
0.5031745332898957
0.7620870482731739
0.366731290042176
0.36585189974120896
0.1992022391731864
0.30835894772924616
0.9748265247226207
0.8020738138330537
0.14252302901957548
0.8725519888354321
0.4119311559826763
0.4380583396255848
0.9421141666036092
