0.03639143844420789
0.3585585904383346
0.43535969857674645
0.4559400170531905
0.7856191583592569
0.6700139757061946
0.4414360256364464
0.24947172495886993
0.3475844975762612
0.3649715804565737
0.34277515289462573
0.047214199269270486
0.3148906271033814
0.8777246403973349
0.28273415729767853
0.20448739811578986
0.1813426564433446
0.30030406108678054
0.21785476265843381
0.34211598271942184
0.8506259237392867
0.7754812772408496
0.7822163630874325
0.45798155726382844
0.7810036274801474
0.26713817782957006
0.4361472228875753
0.3511684886380089
0.9765127240499689
0.8777246403973349
0.44410082390808164
0.43535969857674645
0.3655200057016373
0.30004811580009116
0.05028131448507269
0.7975411663947605
0.5063498348681539
0.4361472228875753
0.37272385323893714
0.30004811580009116
0.37736369328679736
0.05028131448507269
0.3974101260624434
0.37272385323893714
0.8024059415712306
0.13767349499950016
0.35132952797099554
0.7580711065640932
0.7533719092000188
0.7385846456815597
0.7810036274801474
0.333471093811658
0.4255653882975226
0.047214199269270486
0.32846766104686104
0.44410082390808164
0.25308988221788203
0.7822163630874325
0.20448739811578986
0.3655200057016373
0.3674061201661467
0.7810036274801474
0.3974101260624434
0.34211598271942184
0.4255653882975226
0.5040489497614767
0.045025472284953155
0.8276167470026138
0.7858788230980985
0.3160070099320708
0.09674097098858155
0.3756933103060061
0.8168986448024861
0.4255653882975226
0.3345639372484943
0.7856191583592569
0.8276167470026138
0.3614709845797801
0.7128788337552194
0.6700139757061946
0.845717435209869
0.31968857228641073
0.27310094710211835
0.7216831616075902
0.14375397048509572
0.6700139757061946
0.3192605821906598
0.3756933103060061
0.26713817782957006
0.033682858970236325
0.7156787568156564
0.39910148208636165
0.7975411663947605
0.09674097098858155
0.7822163630874325
0.48366544563383557
0.41219885312942606
0.31968857228641073
0.7300160417061129
0.8141812362800537
0.3974101260624434
0.4414360256364464
0.3649715804565737
0.30004811580009116
0.045025472284953155
0.14375397048509572
0.6355371086320085
0.35132952797099554
0.5063498348681539
0.7580711065640932
0.3614709845797801
0.8156689109564645
0.9093657976152387
0.557622560826657
0.05028131448507269
0.8141812362800537
0.3585585904383346
0.4457659065537134
0.3148906271033814
0.3654700993214167
0.2558242756141013
0.7442376651615561
0.30252326119932765
0.05028131448507269
0.32074071016924577
0.33870415682916183
0.3475844975762612
0.4361472228875753
0.6001509483765306
0.37272385323893714
0.45798155726382844
0.7975411663947605
0.009239558329205477
0.053045097844592895
0.33824574087379844
0.8169356962709087
0.7419897703634096
0.14164891128481114
0.12887218368492145
0.30030406108678054
0.8477601112032621
0.14164891128481114
0.34277515289462573
0.7920483279587428
0.30716115311241277
0.5516038320072769
0.8182124090704704
0.33824574087379844
0.053045097844592895
0.8020738138330537
0.48168138947138717
0.39341258762387765
0.31968857228641073
0.4546625279216162
0.8506259237392867
0.34277515289462573
0.9377885539175632
0.7856191583592569
0.3855865415565914
0.6042595530216615
0.260053387429732
0.8717691315679829
0.41246655027617574
0.9377885539175632
0.27052805171030553
0.6034631417964316
0.4075656993785206
0.44045455045475707
0.7956840137838768
0.7290129663103597
0.10062059586866813
0.24947172495886993
0.4559400170531905
0.4414360256364464
0.4075656993785206
0.045025472284953155
0.8717691315679829
0.45658291977328685
0.4546625279216162
0.17887985326876085
0.8384235437771428
0.6425708042286247
0.8207818694199426
0.4360721078281835
0.7533719092000188
0.14168871477565373
0.45798155726382844
0.047214199269270486
0.28273415729767853
0.3501818888217357
0.14168871477565373
0.24947172495886993
0.4360721078281835
0.12385112953929307
0.39189380375571115
0.8389433629968207
0.6001509483765306
0.12385112953929307
0.3148906271033814
0.43535969857674645
0.30004811580009116
0.34170138813850287
0.382576047947367
0.39910148208636165
0.39189380375571115
0.8169356962709087
0.32074071016924577
0.4211213112655068
0.8389433629968207
0.8007586145456678
0.25308988221788203
0.36778752417849025
0.35132952797099554
0.36746566495768723
0.3536049175039055
0.033682858970236325
0.28273415729767853
0.3536049175039055
0.37736369328679736
0.6749859815474819
0.03639143844420789
0.7216831616075902
0.767552188867722
0.34211598271942184
0.3501818888217357
0.3192605821906598
0.33870415682916183
0.39341258762387765
0.6042595530216615
0.047214199269270486
0.8179292559628887
0.3585585904383346
0.30030406108678054
0.09674097098858155
0.3649715804565737
0.9516237021653982
0.8777246403973349
0.4559400170531905
0.8182124090704704
0.3475844975762612
0.3515156158729916
0.333471093811658
0.37523184201154675
0.8506259237392867
0.8156689109564645
0.12887218368492145
0.845717435209869
0.36746566495768723
0.3924397372571304
0.8777246403973349
