0.23495214226196035
0.30112122325616353
0.30376444291385046
0.2998396002503812
0.7210197398606666
0.7371179767626886
0.30150220880313267
0.2994049270169975
0.3036239770237035
0.29949849422376373
0.737230276042415
0.3003370220811749
0.7401570741305115
0.7406997875715856
0.29609171730119743
0.29744906425296946
0.3029257935735956
0.3048862895729636
0.30270710166469067
0.3070166947924748
0.30113139099613956
0.3188186825400204
0.30679936452463186
0.7468112948899491
0.30336521014851686
0.29744906425296946
0.30376444291385046
0.30336521014851686
0.708033354397669
0.7371179767626886
0.7495117898705961
0.7371179767626886
0.2981367164550464
0.3020866928467248
0.7222330339021852
0.3022490613771049
0.2981367164550464
0.3188186825400204
0.3051942437150658
0.299559152822255
0.30084112560936704
0.2999475326179328
0.3036239770237035
0.30322726789954463
0.3027100492661628
0.3034034073224643
0.29744906425296946
0.2929545687512722
0.3027608242450796
0.29859011934866936
0.2998396002503812
0.2995590069609754
0.3033896644418352
0.23495214226196035
0.297254219718824
0.7371179767626886
0.30113139099613956
0.7468143820201713
0.7377987838516549
0.7541988978385425
0.3188186825400204
0.30229934035617845
0.7459228883650776
0.3027608242450796
0.7368572161697989
0.3022490613771049
0.3070166947924748
0.29884235779183627
0.7470447952956983
0.7222330339021852
0.29966281441637693
0.7385612417313249
0.7495117898705961
0.2917783955244134
0.7316837387070795
0.7379751663556123
0.30322726789954463
0.30374415396422
0.7371008984118003
0.3055533272700723
0.3057537684482709
0.7222330339021852
0.708033354397669
0.30772721556133154
0.3009004734992568
0.30112122325616353
0.7261129952681659
0.29712246698974315
0.30341592136686707
0.7431883064993462
0.29089010553432126
0.3129186603256062
0.3020324137736356
0.29949849422376373
0.30113139099613956
0.3378578899396036
0.30586268824491664
0.73229271357642
0.3024326724538473
0.7816426595679011
0.30390236952690647
0.7253482101697558
0.2930807560219897
0.3066307282782946
0.23495214226196035
0.3041060476819793
0.547236841381481
0.2917783955244134
0.30745839792892976
0.30407936731886814
0.30349593158924987
0.736877546406079
0.29089010553432126
0.30005204364569726
0.1962533828941418
0.299559152822255
0.3041060476819793
0.674032567852975
0.30279388345434155
0.30376444291385046
0.7471245177822513
0.2870595406883818
0.301541155221937
0.7222330339021852
0.752266321841566
0.736877546406079
0.29859011934866936
0.30084112560936704
0.30349593158924987
0.7792681766351731
0.3028624464275354
0.7401570741305115
0.30631245655834144
0.2930807560219897
0.30150220880313267
0.7435423372334252
0.7421998483577874
0.9827494351194499
0.7242692558212157
0.7615536062944444
0.3034034073224643
0.3031140154496709
0.2981367164550464
0.2983696601660651
0.3188186825400204
0.7371179767626886
0.3029257935735956
0.30607892635710093
0.7385673700273078
0.7714128861491384
0.3023067762052256
0.3025894453045393
0.7468174691503934
0.30309562578017357
0.30631245655834144
0.30953872310233593
0.2975116643222546
0.3102090296604586
0.29949849422376373
0.3057537684482709
0.3036239770237035
0.30106013966962714
0.3154483172150227
0.7612576518761598
0.3378578899396036
0.3070166947924748
0.30179565721081203
0.3129186603256062
0.2988565663204253
0.301541155221937
0.7210197398606666
0.3020866928467248
0.7210197398606666
0.2975116643222546
0.3102090296604586
0.30279388345434155
0.30084112560936704
0.7468174691503934
0.3027100492661628
0.3066307282782946
0.2988955655925741
0.30741688392824756
0.3094097085878808
0.30106013966962714
0.7468143820201713
0.305736125088891
0.3058874854059566
0.2953433667345881
0.28483334874568134
0.2994049270169975
0.752266321841566
0.1962533828941418
0.13989596636392726
0.3020324137736356
0.3040077790528848
0.7368572161697989
0.2955988600561312
0.29990195010469417
0.3055533272700723
0.30341592136686707
0.28483334874568134
0.3083681528274349
0.297254219718824
0.2917783955244134
0.3042940841638578
0.73557100472454
0.30371859062897416
0.7615536062944444
0.30335443581749505
0.3022490613771049
0.29805816343072716
0.7421998483577874
0.13989596636392726
0.30309562578017357
0.29966281441637693
0.30150220880313267
0.7441027100448484
0.3058874854059566
0.30772721556133154
0.7402017861365775
0.7431883064993462
0.2994049270169975
0.30407936731886814
0.7278979160812296
0.30390236952690647
0.547236841381481
0.30112122325616353
0.7714128861491384
0.7816426595679011
0.737230276042415
0.30985715805963104
0.7470447952956983
0.7222330339021852
0.73229271357642
0.3034034073224643
0.30112875819674273
0.7402017861365775
0.2929545687512722
0.7401570741305115
0.674032567852975
0.708033354397669
0.7406997875715856
0.30336521014851686
0.3023067762052256
0.737230276042415
0.3051942437150658
0.3026073225171106
0.30741688392824756
0.3048862895729636
0.9827494351194499
