0.2648335287013975
0.3657682800998921
0.7408881952271148
0.7447855971443258
0.7364173138736546
0.4393402915915689
0.3807604544156837
0.6390721767058778
0.41591015085608485
0.7530461757948081
0.7705512347185918
0.09872455678291216
0.42310272205233845
0.1322863386990704
0.7530461757948081
0.2079200829470013
0.18514296059904986
0.7706194869678394
0.7658074455385727
0.2297713081946259
0.7451427146775886
0.22762412568629836
0.3657682800998921
0.21184608938731322
0.18037069535240435
0.7781611431171536
0.3868457361005398
0.18514296059904986
0.7455629116191042
0.30639639115137574
0.699801509977342
0.3409932297438216
0.7099135828908057
0.23250517250309596
0.16133601541511958
0.7099135828908057
0.7099135828908057
0.47974437996588043
0.7521400053657471
0.7852960878463285
0.3689658871185035
0.15598291607333198
0.7781611431171536
0.6599701503939098
0.7196807473323122
0.23250517250309596
0.7705512347185918
0.7455629116191042
0.7213749368537737
0.1852626273731905
0.7706194869678394
0.7705512347185918
0.3894346424569668
0.2648335287013975
0.25456228377747026
0.3409932297438216
0.7302121334787425
0.4482898827627051
0.7565205361683909
0.7474467194666857
0.5499047900404053
0.7350775333725164
0.699801509977342
0.29415843445794015
0.13921088702994383
0.19263286279683606
0.25456228377747026
0.7474467194666857
0.7454716018674183
0.7454300716361101
0.265435214409612
0.7781611431171536
0.7445680007605459
0.1322863386990704
0.8028685382743154
0.7799292255988712
0.45372818328689746
0.7451427146775886
0.7624217322997197
0.2510991017934373
0.42310272205233845
0.685323063606066
0.3513901079180232
0.3612425521362351
0.13720559773119664
0.39665300484375343
0.679829375060507
0.07825975131671485
0.39665300484375343
0.7317888728644985
0.2842957945684174
0.49656325864581174
0.1852626273731905
0.3662406379649887
0.36968367773571226
0.3868457361005398
0.3934080482982565
0.7364173138736546
0.22927259136739675
0.8207977167617484
0.31727391448971815
0.7453342859832697
0.1856033876190377
0.4388049933908789
0.16133601541511958
0.3537755002948764
0.547236841381481
0.16922583482282316
0.47974437996588043
0.30639639115137574
0.32722959631118814
0.7530461757948081
0.30492208874869114
0.7566207453175275
0.1887462329371722
0.1887462329371722
0.3540617910061859
0.674032567852975
0.15598291607333198
0.2297713081946259
0.7864934109794735
0.2842957945684174
0.3612425521362351
0.685323063606066
0.8309187434060282
0.7530461757948081
0.09872455678291216
0.2297713081946259
0.1145440595167702
0.7766239651512308
0.33758523323918993
0.7706194869678394
0.12984597067983492
0.2079200829470013
0.14139953642945327
0.7445680007605459
0.7317888728644985
0.9827494351194499
0.7344650866483238
0.8309187434060282
0.43034992443615333
0.43034992443615333
0.3807604544156837
0.18814761488315043
0.17350619790415478
0.8028685382743154
0.7566207453175275
0.19263286279683606
0.7450641719050406
0.8313621395050947
0.4430628970826591
0.46720932078811006
0.7488415892606975
0.35793748482825194
0.12984597067983492
0.41286002771263575
0.17350619790415478
0.3513901079180232
0.25352984812263973
0.3657682800998921
0.40138097578119447
0.28402255068447274
0.4393402915915689
0.8878246841493922
0.416480972984002
0.4388049933908789
0.34435427316059686
0.3537755002948764
0.09861479503562443
0.41591015085608485
0.6390721767058778
0.21184608938731322
0.6390721767058778
0.23406567321128105
0.19354876563790677
0.3662406379649887
0.13720559773119664
0.5499047900404053
0.34435427316059686
0.37559006833626746
0.46720932078811006
0.18686296199913766
0.4170159911397137
0.18686296199913766
0.7624217322997197
0.7563189042703943
0.4393402915915689
0.41591015085608485
0.2075828258450045
0.31727391448971815
0.7221533736362641
0.1997617804734162
0.13989596636392726
0.7489591049285255
0.30141841855888424
0.7506686361148693
0.18814761488315043
0.40010326326187257
0.25456228377747026
0.42310272205233845
0.18037069535240435
0.3868457361005398
0.3540617910061859
0.22602482432204307
0.3466946669005518
0.7799292255988712
0.49656325864581174
0.7465662986640428
0.16308077553413844
0.41286002771263575
0.2079200829470013
0.7474467194666857
0.13989596636392726
0.35793748482825194
0.30639639115137574
0.19247115624821934
0.7364173138736546
0.25352984812263973
0.40138097578119447
0.7489591049285255
0.7729231293086013
0.24346308979923684
0.2842957945684174
0.1145440595167702
0.38413195045056026
0.547236841381481
0.47974437996588043
0.8313621395050947
0.7852960878463285
0.7521400053657471
0.3934080482982565
0.7408881952271148
0.685323063606066
0.7408881952271148
0.36651379875600404
0.32722959631118814
0.7006436273548958
0.1322863386990704
0.6885145463221019
0.674032567852975
0.7455629116191042
0.7450641719050406
0.23250517250309596
0.4430628970826591
0.699801509977342
0.09861479503562443
0.3466946669005518
0.2075828258450045
0.45114784666686875
0.9827494351194499
