0.28437612631957687
0.30059923813367384
0.30059923813367506
0.7368720116338634
0.300599238133675
0.7368720116338633
0.30059923813367323
0.3005992381336737
0.3005992381336744
0.7368720116338634
0.3005992381336741
0.7368720116338633
0.3005992381336744
0.7368720116338634
0.7368720116338634
0.30059923813367456
0.30059923813367484
0.3005992381336739
0.7368720116338633
0.3005992381336733
0.300599238133673
0.3005992381336746
0.30059923813367384
0.30059923813367356
0.3005992381336731
0.30059923813367373
0.300599238133673
0.3005992381336744
0.30059923813367473
0.3005992381336746
0.3005992381336735
0.3005992381336744
0.3005992381336744
0.3005992381336746
0.30059923813367356
0.30059923813367107
0.3005992381336721
0.7368720116338633
0.30059923813367323
0.30059923813367434
0.7368720116338634
0.3005992381336739
0.7368720116338633
0.7368720116338633
0.7368720116338634
0.3005992381336755
0.300599238133675
0.30059923813367395
0.7368720116338634
0.3005992381336737
0.30059923813367473
0.3005992381336735
0.7368720116338633
0.28437612631957687
0.30059923813367506
0.7368720116338633
0.3005992381336751
0.3005992381336733
0.30059923813367445
0.30059923813367434
0.3005992381336723
0.3005992381336738
0.30059923813367506
0.3005992381336738
0.7368720116338634
0.30059923813367245
0.3005992381336744
0.3005992381336742
0.30059923813367406
0.7368720116338633
0.30059923813367384
0.30059923813367356
0.30059923813367306
0.30059923813367345
0.3005992381336744
0.7368720116338633
0.3005992381336733
0.7368720116338634
0.3005992381336743
0.3005992381336723
0.30059923813367373
0.7368720116338634
0.7368720116338633
0.30059923813367406
0.7368720116338634
0.3005992381336728
0.7368720116338633
0.3005992381336721
0.30059923813367473
0.7368720116338634
0.3005992381336738
0.3070686080438003
0.30059923813367206
0.30059923813367484
0.300599238133673
0.3378578899396036
0.30059923813367345
0.7368720116338634
0.3005992381336744
0.7810490388347191
0.3005992381336738
0.300599238133673
0.3005992381336738
0.3005992381336744
0.28437612631957687
0.30059923813367484
0.547236841381481
0.7368720116338633
0.3005992381336744
0.30059923813367306
0.300599238133674
0.7368720116338633
0.3005992381336738
0.7368720116338634
0.1962533828941418
0.30059923813367595
0.3005992381336744
0.7368720116338633
0.3005992381336739
0.3005992381336812
0.7368720116338633
0.3005992381336733
0.3005992381336741
0.7368720116338634
0.7368720116338634
0.7368720116338633
0.3005992381336737
0.3005992381336746
0.30059923813367473
0.7368720116338633
0.3005992381336745
0.7368720116338634
0.3005992381336744
0.3005992381336755
0.3005992381336728
0.7368720116338633
0.7368720116338634
0.9827494351194499
0.7368720116338634
0.7368720116338633
0.3005992381336731
0.3005992381336733
0.3005992381336734
0.3005992381336744
0.3005992381336746
0.7368720116338633
0.30059923813367284
0.3005992381336741
0.7368720116338633
0.7368720116338634
0.30059923813367473
0.7368720116338634
0.7368720116338634
0.3005992381336744
0.30059923813367323
0.3005992381336755
0.3005992381336723
0.30059923813367484
0.30059923813367373
0.3005992381336744
0.30059923813367434
0.3005992381336746
0.3005992381336737
0.7368720116338634
0.3378578899396036
0.30059923813367223
0.300599238133677
0.3070686080438003
0.3005992381336744
0.3005992381336759
0.7368720116338633
0.3005992381336744
0.7368720116338633
0.300599238133674
0.30059923813367206
0.3005992381336728
0.30059923813367434
0.7368720116338633
0.3005992381336743
0.3005992381336755
0.3005992381336741
0.3005992381336733
0.30059923813367107
0.3005992381336713
0.7368720116338633
0.30059923813367456
0.300599238133675
0.30059923813367734
0.30059923813367456
0.30059923813367445
0.7368720116338634
0.1962533828941418
0.13989596636392726
0.30059923813367456
0.7368720116338633
0.7368720116338634
0.30059923813367445
0.30059923813367384
0.3005992381336744
0.3005992381336743
0.3005992381336738
0.300599238133673
0.3005992381336721
0.3005992381336705
0.3005992381336746
0.7368720116338634
0.3005992381336743
0.7368720116338634
0.3005992381336982
0.3005992381336765
0.3005992381336744
0.7368720116338634
0.13989596636392726
0.3005992381336741
0.3005992381336743
0.3005992381336763
0.7368720116338633
0.3005992381336741
0.7368720116338633
0.7368720116338634
0.7368720116338634
0.3005992381336737
0.30059923813367473
0.7368720116338634
0.30059923813367456
0.547236841381481
0.7368720116338634
0.7368720116338634
0.7810490388347191
0.7368720116338633
0.30059923813367345
0.7368720116338634
0.7368720116338633
0.7368720116338633
0.30059923813367273
0.3005992381336735
0.7368720116338634
0.30059923813367473
0.7368720116338633
0.7368720116338633
0.7368720116338634
0.7368720116338634
0.3005992381336737
0.3005992381336739
0.7368720116338633
0.30059923813367323
0.7368720116338634
0.300599238133673
0.30059923813367384
0.9827494351194499
