0.39848477004011884
0.8601862367550531
0.05134762835592627
0.6180864554980993
0.17583020904892543
0.5377764143520032
0.12939192979028855
0.32153242438882407
0.7494022026736218
0.728613411181617
0.4011377522201708
0.4837101145211249
0.12939192979028855
0.48035837563866485
0.45531808113182076
0.6977945396543392
0.49610825320019064
0.8197337244380095
0.2274511384660693
0.21221706053638853
0.4646782578528134
0.4700209114461653
0.7538072535100198
0.40000800134442493
0.16447104075048774
0.08099377917039827
0.8226306710773715
0.7556007388857985
0.39567593934326617
0.5668610250047332
0.12856732287495826
0.8471578440581782
0.21888587671522522
0.7481836804064653
0.23497470100108292
0.12939192979028855
0.45516232951865765
0.4713559646897614
0.22773320026977628
0.5377764143520032
0.39615727956561714
0.08842277497923533
0.46687938842388793
0.6180864554980993
0.35781930486307695
0.6792027413269088
0.4646782578528134
0.07720868829206881
0.8417057616429497
0.8717197142093666
0.16447104075048774
0.4329714097210572
0.48035837563866485
0.7308627176128724
0.9715149215932086
0.7451235426965664
0.4543379208210772
0.31199858900025307
0.1437075843943268
0.8459937240577604
0.570080680412284
0.6753433177286351
0.7508261199848374
0.2278020032153704
0.6187876543297163
0.7494022026736218
0.1946060594406367
0.7485742267681077
0.12716239729824413
0.5669733787534064
0.12716239729824413
0.8597488739213015
0.7398709565776741
0.7508261199848374
0.8878246841493922
0.8597488739213015
0.7774680139099074
0.4646782578528134
0.7556007388857985
0.21221706053638853
0.47736616229835444
0.4434097806539858
0.36080600012683556
0.2974801277467843
0.12939192979028855
0.4329714097210572
0.5670857325020796
0.01833929292178721
0.4117433034586571
0.7531516380778834
0.7494022026736218
0.5638257107349367
0.15969013378804947
0.12856732287495826
0.42550411636059804
0.37862354627724626
0.8417057616429497
0.6792027413269088
0.27184398462545567
0.8827032033847223
0.16447104075048774
0.8471578440581782
0.21888587671522522
0.4434097806539858
0.1643802014784974
0.4011377522201708
0.543581497760593
0.12939192979028855
0.6145599512052504
0.11423497576219399
0.40850497270695135
0.7101784238006418
0.27720109540102417
0.728613411181617
0.2029992527041523
0.1643802014784974
0.10772975853319594
0.674032567852975
0.16642772036764264
0.7398709565776741
0.8197337244380095
0.32153242438882407
0.4354957705757823
0.7538072535100198
0.9715149215932086
0.7696844215756454
0.03341711980448747
0.2096735687857112
0.01833929292178721
0.7481836804064653
0.2274511384660693
0.8601862367550531
0.061694766143635234
0.7308627176128724
0.003357656639779938
0.6977945396543392
0.7512174576340304
0.9827494351194499
0.7451235426965664
0.7245981145968827
0.4019333622338288
0.4713559646897614
0.2974801277467843
0.17583020904892543
0.1253936036179158
0.8827032033847223
0.728613411181617
0.15969013378804947
0.6180864554980993
0.8226306710773715
0.45531808113182076
0.35781930486307695
0.8601862367550531
0.18888506630277047
0.061694766143635234
0.446134141844104
0.21221706053638853
0.36080600012683556
0.27184398462545567
0.287744268002373
0.3461234397934871
0.19581495874416963
0.44881337335193794
0.8878246841493922
0.40850497270695135
0.4700209114461653
0.39567593934326617
0.4354957705757823
0.07541839883406957
0.42972658389015744
0.5377764143520032
0.21888587671522522
0.5377764143520032
0.12939192979028855
0.27720109540102417
0.3508188105791993
0.7427961079611493
0.570080680412284
0.4700209114461653
0.49610825320019064
0.35781930486307695
0.12939192979028855
0.40000800134442493
0.6187876543297163
0.7556007388857985
0.7427961079611493
0.42396544403886494
0.4345335313324305
0.1253936036179158
0.3461234397934871
0.7741325776751055
0.1965243082426801
0.7741325776751055
0.7542229022096042
0.32153242438882407
0.8417057616429497
0.1437075843943268
0.49610825320019064
0.28515304188731305
0.44881337335193794
0.0021094795037469027
0.37862354627724626
0.4646782578528134
0.19723745031270434
0.31199858900025307
0.8644639988850682
0.4806363097522922
0.6269452333965242
0.17583020904892543
0.42550411636059804
0.05134762835592627
0.7603052624319919
0.08099377917039827
0.22773320026977628
0.2727816287525306
0.4390603043487529
0.7538072535100198
0.16585937732811135
0.05134762835592627
0.7706827114631536
0.7531516380778834
0.31100517819848905
0.4011377522201708
0.0021094795037469027
0.446134141844104
0.543581497760593
0.6269452333965242
0.854050639779261
0.7481836804064653
0.7850386038584576
0.42972658389015744
0.7633943129900648
0.5669733787534064
0.7774680139099074
0.4713559646897614
0.4117433034586571
0.7706827114631536
0.07717297079698637
0.5638257107349367
0.674032567852975
0.816043912511934
0.8226306710773715
0.08099377917039827
0.445993819331326
0.6753433177286351
0.12716239729824413
0.2274511384660693
0.07717297079698637
0.48035837563866485
0.9827494351194499
