0.30020644844160915
0.7368720116338633
0.30020644844160915
0.7368720116338634
0.30020644844160915
0.30020644844160915
0.30020644844160915
0.30020644844160915
0.30020644844160915
0.30020644844160915
0.30020644844160915
0.30020644844160915
0.7368720116338634
0.7368720116338633
0.7368720116338634
0.30020644844160915
0.30020644844160915
0.30020644844160915
0.30020644844160915
0.7368720116338634
0.30020644844160915
0.7368720116338633
0.7368720116338633
0.30020644844160915
0.30020644844160915
0.30020644844160915
0.30020644844160915
0.30020644844160915
0.30020644844160915
0.30020644844160915
0.30020644844160915
0.30020644844160915
0.30020644844160915
0.7368720116338634
0.30020644844160915
0.30020644844160915
0.30020644844160915
0.30020644844160915
0.30020644844160915
0.30020644844160915
0.7368720116338633
0.30020644844160915
0.30020644844160915
0.30020644844160915
0.30020644844160915
0.30020644844160915
0.30020644844160915
0.7368720116338634
0.7368720116338634
0.30020644844160915
0.30020644844160915
0.30020644844160915
0.7368720116338634
0.30020644844160915
0.30020644844160915
0.30020644844160915
0.30020644844160915
0.30020644844160915
0.7368720116338634
0.7368720116338634
0.30020644844160915
0.7368720116338634
0.30020644844160915
0.30020644844160915
0.30020644844160915
0.30020644844160915
0.30020644844160915
0.30020644844160915
0.30020644844160915
0.7368720116338634
0.30020644844160915
0.30020644844160915
0.30020644844160915
0.30020644844160915
0.30020644844160915
0.30020644844160915
0.7368720116338633
0.30020644844160915
0.30020644844160915
0.30020644844160915
0.30020644844160915
0.7368720116338634
0.7368720116338633
0.30020644844160915
0.30020644844160915
0.7368720116338633
0.7368720116338634
0.30020644844160915
0.30020644844160915
0.30020644844160915
0.30020644844160915
0.3070686080438003
0.30020644844160915
0.30020644844160915
0.30020644844160915
0.3378578899396036
0.30020644844160915
0.7368720116338634
0.30020644844160915
0.7810490388347191
0.30020644844160915
0.30020644844160915
0.30020644844160915
0.30020644844160915
0.30020644844160915
0.30020644844160915
0.547236841381481
0.30020644844160915
0.30020644844160915
0.30020644844160915
0.30020644844160915
0.30020644844160915
0.30020644844160915
0.7368720116338634
0.1962533828941418
0.30020644844160915
0.30020644844160915
0.7368720116338634
0.30020644844160915
0.30020644844160915
0.7368720116338634
0.30020644844160915
0.30020644844160915
0.7368720116338634
0.7368720116338634
0.7368720116338634
0.30020644844160915
0.30020644844160915
0.30020644844160915
0.7368720116338634
0.30020644844160915
0.7368720116338634
0.30020644844160915
0.30020644844160915
0.30020644844160915
0.7368720116338633
0.7368720116338633
0.9827494351194499
0.7368720116338633
0.7368720116338634
0.30020644844160915
0.30020644844160915
0.30020644844160915
0.30020644844160915
0.30020644844160915
0.7368720116338633
0.30020644844160915
0.30020644844160915
0.7368720116338634
0.7368720116338634
0.30020644844160915
0.7368720116338634
0.7368720116338633
0.30020644844160915
0.30020644844160915
0.30020644844160915
0.30020644844160915
0.30020644844160915
0.30020644844160915
0.30020644844160915
0.30020644844160915
0.30020644844160915
0.30020644844160915
0.7368720116338634
0.3378578899396036
0.30020644844160915
0.30020644844160915
0.3070686080438003
0.30020644844160915
0.30020644844160915
0.7368720116338634
0.30020644844160915
0.7368720116338633
0.30020644844160915
0.30020644844160915
0.30020644844160915
0.30020644844160915
0.7368720116338633
0.30020644844160915
0.30020644844160915
0.30020644844160915
0.30020644844160915
0.30020644844160915
0.30020644844160915
0.7368720116338634
0.30020644844160915
0.30020644844160915
0.30020644844160915
0.30020644844160915
0.30020644844160915
0.7368720116338633
0.1962533828941418
0.13989596636392726
0.30020644844160915
0.7368720116338633
0.7368720116338634
0.30020644844160915
0.30020644844160915
0.30020644844160915
0.30020644844160915
0.30020644844160915
0.30020644844160915
0.30020644844160915
0.30020644844160915
0.30020644844160915
0.7368720116338633
0.7368720116338634
0.7368720116338634
0.30020644844160915
0.30020644844160915
0.30020644844160915
0.7368720116338634
0.13989596636392726
0.30020644844160915
0.30020644844160915
0.30020644844160915
0.7368720116338634
0.30020644844160915
0.7368720116338634
0.7368720116338634
0.7368720116338634
0.30020644844160915
0.30020644844160915
0.7368720116338634
0.30020644844160915
0.547236841381481
0.7368720116338633
0.7368720116338633
0.7810490388347191
0.7368720116338634
0.30020644844160915
0.7368720116338634
0.7368720116338634
0.7368720116338634
0.30020644844160915
0.30020644844160915
0.7368720116338634
0.30020644844160915
0.7368720116338633
0.7368720116338634
0.7368720116338634
0.7368720116338634
0.30020644844160915
0.30020644844160915
0.7368720116338634
0.30020644844160915
0.7368720116338634
0.30020644844160915
0.30020644844160915
0.9827494351194499
