0.825929802657203
0.5578674823130424
0.20789327037007335
0.23984054143838962
0.7496035684094968
0.29983003287925886
0.2707945446670963
0.7712317290030252
0.48200159075664134
0.8186442161001993
0.45772179972485894
0.7035704415124692
0.015569190148267908
0.23984054143838962
0.7924355460343088
0.8031931886861936
0.8110281898297158
0.520799352958543
0.2933558500330369
0.7783506419732948
0.42497764600309784
0.7780029988782314
0.7972607887912809
0.20750980623746706
0.5032089155824906
0.8098465903750725
0.23836665427199388
0.30698996162135755
0.5229664898756347
0.7708623036926986
0.8017621981496833
0.7708623036926986
0.7824924360178794
0.26862152900384284
0.4489906349930356
0.8269601426054388
0.7784286414508577
0.8321980421638512
0.8100415685653592
0.5615506491032759
0.7964631927710535
0.015569190148267908
0.7988092544702123
0.772796629494491
0.21188877848848542
0.5032089155824906
0.8186442161001993
0.8055185349729846
0.7952478290713714
0.7924355460343088
0.1938777772234099
0.42497764600309784
0.1514514431810307
0.793125094759055
0.7712317290030252
0.16949619083919187
0.8280247903678103
0.5578674823130424
0.24133415006661738
0.8084828952130705
0.7798466167106604
0.7868041674210157
0.793558888505939
0.8451252203375771
0.8139411792889147
0.7784286414508577
0.26862152900384284
0.79556908080374
0.48200159075664134
0.7723434966192563
0.8051893421792955
0.7988690846692732
0.7956902374917755
0.29036361662277216
0.8321980421638512
0.4489906349930356
0.7878065619875286
0.24055897124105274
0.4959306067635089
0.8064382591730777
0.8100415685653592
0.5615506491032759
0.8472929483962218
0.4508981530855547
0.7824924360178794
0.24710325582381726
0.765634191943076
0.793125094759055
0.8028576538489771
0.5187455247799748
0.801326405370924
0.4489906349930356
0.35922665041066837
0.21625256238918492
0.43808668233349596
0.8045294640640481
0.5992128850916032
0.8051884988693307
0.7708623036926986
0.8219175700368669
0.7347657069965908
0.3071179051027729
0.8043391979020688
0.8139411792889147
0.39066485358320013
0.20750980623746706
0.24055897124105274
0.7988092544702123
0.12535287281505114
0.2933558500330369
0.8056144143179088
0.23836665427199388
0.8360685017836423
0.1514514431810307
0.8031931886861936
0.36784824678759265
0.015569190148267908
0.16786767949572512
0.7712317290030252
0.20750980623746706
0.791309353159114
0.8055185349729846
0.232911412317145
0.2508114847229662
0.793125094759055
0.7494256644137204
0.42497764600309784
0.5257885839611699
0.5615506491032759
0.520799352958543
0.8054631082880715
0.7375672791944814
0.5253522927988606
0.5257885839611699
0.7935188999179733
0.5174517324049059
0.29036361662277216
0.23984054143838962
0.5134551887881768
0.47084271395355515
0.6972461943719811
0.8098591999782512
0.7878065619875286
0.8269601426054388
0.30698996162135755
0.8280247903678103
0.21188877848848542
0.7971562379648338
0.45772179972485894
0.520799352958543
0.7375672791944814
0.4051505010161369
0.504227263859819
0.2898448313991561
0.5229664898756347
0.809461221252227
0.8279016542277693
0.2933558500330369
0.46906332479218726
0.5598858039547845
0.7924355460343088
0.7879318201634216
0.7783506419732948
0.29983003287925886
0.8268967627375058
0.7351546239991947
0.3691914044273607
0.8054631082880715
0.23836665427199388
0.7887596123494713
0.7988670031383482
0.833537989912028
0.17519259726169473
0.7988670031383482
0.17150994163547761
0.7678057410616383
0.8051884988693307
0.30154923542031825
0.2398722653869284
0.8186442161001993
0.5179692493549335
0.4595619969565252
0.48200159075664134
0.735405778778897
0.8002565220186377
0.1865477611546622
0.46906332479218726
0.79556908080374
0.7670869287408782
0.7813185271919437
0.7798466167106604
0.8093499253567074
0.48896609876007513
0.7100096168002189
0.8002565220186377
0.7496035684094968
0.7347657069965908
0.7962020335181026
0.8098465903750725
0.8084828952130705
0.7678057410616383
0.25395526492631876
0.7971562379648338
0.8110281898297158
0.5032089155824906
0.735405778778897
0.28329297684799265
0.8064382591730777
0.25229359309342114
0.45772179972485894
0.5174517324049059
0.2707945446670963
0.7606552493836128
0.7303066478534141
0.5578674823130424
0.8219175700368669
0.3372651570901637
0.36784824678759265
0.3847110610708695
0.7496035684094968
0.8279016542277693
0.1763380938501904
0.25229359309342114
0.584093690968591
0.7745681137743063
0.8502807524725329
0.7783506419732948
0.3372651570901637
0.16949619083919187
0.7817431517309934
0.8106780881179615
0.8248705888159975
0.8269601426054388
0.818768353299403
0.8093499253567074
0.40029070820294244
0.8057520014612303
0.39066485358320013
0.8186442161001993
0.015569190148267908
0.5458304510958427
0.1938777772234099
0.29983003287925886
0.4206344582144317
0.8106780881179615
0.801326405370924
0.1514514431810307
0.7574708568217224
0.7935188999179733
0.20789327037007335
