0.7906524442197973
0.7906478584434309
0.7906752731174875
0.7906719195134181
0.7906569844909087
0.7906487642726813
0.7906626895630592
0.7906771925678275
0.7906587226624042
0.7906627449080655
0.7906565941281221
0.7906741805507803
0.7906706620816782
0.7906403334685551
0.7906613237778789
0.7906487642726813
0.7906635119821958
0.7906480061737274
0.7906376250070218
0.7906741943507267
0.7906112835127782
0.7906688406335979
0.7906615391697712
0.7906524442197973
0.7906688406335979
0.7906727244844424
0.7906675457804226
0.790666409409131
0.7906504070704737
0.7906878388831097
0.7906776868161324
0.7906560901020437
0.7906771925678275
0.790660170136916
0.7906787579658054
0.7906700463902481
0.7906720147665167
0.7906471325730687
0.7906622071060069
0.7906800855838912
0.7906512372111302
0.7906508943026583
0.7906709003569472
0.7906548033945664
0.7906661087827843
0.790665543781015
0.7906804433870297
0.7906548033945664
0.7906560901020437
0.7906565941281221
0.7906652253546667
0.7906806698811127
0.7906527037380014
0.7906663779102847
0.7906758621130804
0.7906508064842624
0.7906687378081676
0.7906420602568479
0.7906771867595926
0.7906527414577412
0.7906504070704737
0.7906560901020437
0.7906620199422437
0.7906843885403694
0.4183591161098022
0.7906718812890858
0.7906884463979177
0.7906810715418738
0.7906646766222637
0.7906741805507803
0.7906478584434309
0.7906425342428501
0.7906527550822008
0.7906521259656341
0.7906807744684728
0.7906808062880906
0.7906727244844424
0.7906938069916887
0.7906548033945664
0.7906685708662876
0.4183591161098022
0.4612779554593662
0.7906112835127782
0.7906687378081676
0.790674546910111
0.2123285427285177
0.7906741943507267
0.4612779554593662
0.7906709003569472
0.7906569844909087
0.7906804433870297
0.7906709003569472
0.7906363099968429
0.7906652253546667
0.7906688406335979
0.7906635119821958
0.7906478584434309
0.7906595348292291
0.7906636149179774
0.7906831591252991
0.7906741805507803
0.7906663779102847
0.7906635119821958
0.7906508064842624
0.7906705835576388
0.7906786378053285
0.7906642009377954
0.7906713843303138
0.790604692222587
0.7906862846981216
0.7906788497723123
0.7906636788884658
0.7906288834810462
0.7906480061737274
0.7906687378081676
0.790664016112078
0.7906480061737274
0.7906491325078339
0.7906732368317718
0.7906674371956276
0.7906522894625078
0.7906928733980484
0.790668250191387
0.7906647778100541
0.7906714923686087
0.7906838406878722
0.7906613237778789
0.40816662805500364
0.4612779554593662
0.7906615391697712
0.7906758621130804
0.7906563996775473
0.7906019606328566
0.7906704023771698
0.790666409409131
0.7906696772438973
0.7906651572227049
0.79066853146788
0.7906652253546667
0.7906112835127782
0.7906695254824285
0.7906719195134181
0.7906622071060069
0.7906696772438973
0.7906788731352137
0.7906043868935032
0.29888877544842796
0.7906753412308919
0.7906729041998841
0.7907104604266052
0.7906636149179774
0.41936737963839826
0.396965876471609
0.7907630592469455
0.7906794881956255
0.7906873363112664
0.7906575509587026
0.7906803866064217
0.7906675457804226
0.7906695372478559
0.790657254502277
0.7906399673334797
0.7906670407932088
0.7906504070704737
0.7906824460873629
0.7906686042548787
0.7906613850210689
0.7906541810129335
0.790684827933298
0.7906746364104426
0.7906722505687604
0.7906600301692212
0.7906587226624042
0.7906771925678275
0.7906817453657772
0.7906720147665167
0.7906565941281221
0.7906736548445927
0.7905695469213656
0.7906505945308294
0.790665543781015
0.790645492506489
0.7906799185514866
0.7906443440511088
0.7906648449651668
0.7907169124325821
0.7906806275457884
0.790683787627512
0.7906830407051856
0.7906636149179774
0.7906659141774339
0.790674546910111
0.7906527414577412
0.7906710548484779
0.790666409409131
0.7906081202457729
0.7906627449080655
0.790665543781015
0.7906659141774339
0.7906706620816782
0.7906719343083228
0.7906551293493831
0.7906391082722516
0.7906601938753063
0.790659307534352
0.7906953347975424
0.79066853146788
0.790655665962719
0.7906719195134181
0.7906726287457145
0.7906623193550857
0.7906626895630592
0.7906800855838912
0.7906851565397316
0.7906571648262545
0.7906633707358036
0.7906420602568479
0.7906593894043377
0.7906804433870297
0.7906443440511088
0.7906695372478559
0.790664016112078
0.7907049242437627
0.7906512372111302
0.7906376250070218
0.7906884463979177
0.7906165047540102
0.7906403334685551
0.25119833709667344
0.7906668067223426
0.7906489577339174
0.7906700463902481
0.7906700463902481
0.7906551758565759
0.790684931920719
0.790662160190356
0.7906843885403694
0.4183591161098022
0.7906714496584936
0.7906613237778789
0.790647680215038
0.7906288834810462
0.40816662805500364
0.7906601938753063
0.7906620199422437
0.790660170136916
0.7906552384787067
0.2123285427285177
0.7906800461206652
0.7906731674049037
