0.825929802657203
0.7451262516834318
0.8083343484091995
0.7839957465927633
0.8016761169908762
0.49683684416148743
0.796843848571771
0.28654578776007317
0.16786767949572512
0.8186442161001993
0.31010676879708354
0.5732105969684509
0.7688171083275446
0.4051505010161369
0.8321980421638512
0.7970071855126921
0.7847095872419978
0.7975902854832291
0.7975902854832291
0.7451262516834318
0.29036361662277216
0.833537989912028
0.806252022525829
0.8186442161001993
0.5179692493549335
0.7829804948285553
0.23836665427199388
0.30016591230600065
0.5229664898756347
0.8013992289310997
0.8017621981496833
0.7956902374917755
0.33894465959835657
0.26862152900384284
0.514846305584376
0.8502807524725329
0.21625256238918492
0.28654578776007317
0.8321980421638512
0.5276603613876741
0.28654578776007317
0.015569190148267908
0.4691346455153722
0.7784269812622476
0.21188877848848542
0.5179692493549335
0.38246181170243365
0.8013992289310997
0.8002565220186377
0.5044060764542222
0.1764202452661466
0.4812065020575833
0.18916450107468463
0.7303066478534141
0.7688171083275446
0.16786563881729166
0.39066485358320013
0.5578674823130424
0.25775114901596424
0.7975902854832291
0.7901960675394275
0.49683684416148743
0.7785124939403808
0.8451252203375771
0.8222431289892864
0.015569190148267908
0.26862152900384284
0.8208448458739902
0.5038696386710125
0.7948831120853566
0.806252022525829
0.7741394613742015
0.7956902374917755
0.29036361662277216
0.8321980421638512
0.514846305584376
0.7847095872419978
0.33894465959835657
0.4691346455153722
0.7857647198733286
0.14958981277849753
0.6012221137489598
0.8472929483962218
0.4508981530855547
0.813018878202822
0.2508114847229662
0.19746928108406933
0.7975415595402291
0.8028576538489771
0.5187455247799748
0.7956902374917755
0.38246181170243365
0.35922665041066837
0.21625256238918492
0.4051505010161369
0.8045294640640481
0.5992128850916032
0.8083343484091995
0.7590836020475221
0.8502807524725329
0.6188102702457069
0.4174825644444065
0.8050894541895013
0.8233783753593551
0.39066485358320013
0.22985661105706962
0.1665996380048086
0.8019119472946926
0.16786767949572512
0.30016591230600065
0.806252022525829
0.23836665427199388
0.8360685017836423
0.49683684416148743
0.833537989912028
0.3509854325043158
0.015569190148267908
0.16786767949572512
0.796843848571771
0.21625256238918492
0.7916132766460376
0.8222431289892864
0.232911412317145
0.2508114847229662
0.7975415595402291
0.6973213845568017
0.4914812541361024
0.5257885839611699
0.5992128850916032
0.520799352958543
0.8019119472946926
0.7778131738321612
0.5253522927988606
0.5257885839611699
0.7970071855126921
0.5171929739298922
0.29036361662277216
0.22738748978335807
0.5134551887881768
0.47084271395355515
0.604671102233138
0.8098240394882102
0.7957296038920328
0.9256579142771548
0.31010676879708354
0.8482130906399694
0.21188877848848542
0.7839957465927633
0.39992414116608027
0.520799352958543
0.6973213845568017
0.4051505010161369
0.5044060764542222
0.2898448313991561
0.5229664898756347
0.7879318201634216
0.4691346455153722
0.5416077422769883
0.4689920040690023
0.5598858039547845
0.7847095872419978
0.7879318201634216
0.17906699646867386
0.31010676879708354
0.7582107188110665
0.7582107188110665
0.35592099715228775
0.3401569301296486
0.23836665427199388
0.787614595452954
0.7937645323381015
0.833537989912028
0.22503232170833834
0.8039694739385949
0.17150994163547761
0.7839957465927633
0.8168181092327224
0.30154923542031825
0.18024574820935274
0.8186442161001993
0.5179692493549335
0.4595619969565252
0.5038696386710125
0.6693432958581242
0.8002565220186377
0.15988550903852913
0.4691346455153722
0.7858765504762645
0.7670869287408782
0.7590836020475221
0.8016761169908762
0.813018878202822
0.08283806613437716
0.7100096168002189
0.8002565220186377
0.604671102233138
0.6188102702457069
0.7975902854832291
0.8017621981496833
0.8785455366234801
0.7829804948285553
0.2528723615810171
0.8060737383706384
0.20596248180457283
0.2528723615810171
0.7858435962352813
0.28329297684799265
0.8016761169908762
0.3068785371717206
0.5168657636821605
0.5171929739298922
0.2904284647757242
0.7725844947873884
0.7303066478534141
0.5578674823130424
0.7651912051655348
0.36619260245712587
0.3847110610708695
0.3847110610708695
0.7451262516834318
0.8451252203375771
0.20308637492188325
0.19746928108406933
0.28654578776007317
0.7745681137743063
0.8502807524725329
0.15988550903852913
0.3068785371717206
0.17112674286109208
0.7557345488349551
0.7879260246168919
0.8248705888159975
0.8270235224733719
0.8543159661702934
0.8056809725105928
0.40029070820294244
0.8097418047727772
0.39066485358320013
0.8186442161001993
0.015569190148267908
0.5458304510958427
0.18024574820935274
0.20308637492188325
0.4206344582144317
0.796843848571771
0.7924248122702299
0.12381024343547398
0.8208448458739902
0.7970071855126921
0.11354135892453898
