0.8066135927770807
0.7924234688177642
0.41984062677860495
0.7882080361412306
0.17121846617285974
0.4883022732208731
0.2993872497664869
0.7913111356429205
0.7926237542533201
0.7871092687466992
0.7918447618518069
0.7900594233352659
0.7873469155444476
0.7926237542533201
0.5289945641064564
0.7922718821093168
0.7915836601179702
0.16806753911075034
0.3784275451723385
0.7918749927972952
0.7914845499000157
0.7915836601179702
0.7922101202535881
0.43633322216992076
0.7926237542533201
0.7915836601179702
0.7954710801948002
0.7912737996302709
0.7907036641054564
0.7952974618542953
0.7922718821093168
0.3114992851679054
0.7883854354104699
0.78833832304498
0.25651274797768736
0.7920019719383296
0.7976457602775973
0.788799036018502
0.7924072749624006
0.7920019719383296
0.788799036018502
0.7943245759359705
0.7960928075857291
0.7871092687466992
0.7900594233352659
0.7911737195295961
0.7900014110377233
0.79029713097534
0.7921639304534573
0.7860646396186721
0.1963821992124482
0.7935434542918016
0.16806753911075034
0.5021993237116642
0.7916255164948037
0.7912737996302709
0.282203657578541
0.5393334176357927
0.7935434542918016
0.7922429680462194
0.7895716654196435
0.7912998421088527
0.7944355135105328
0.7942992006560198
0.7922718821093168
0.7934757696859165
0.2718935529204851
0.79029713097534
0.7926237542533201
0.7936393676043626
0.7924234688177642
0.7897456318075996
0.7807816901345082
0.24188312602671003
0.5289945641064564
0.7909870819904912
0.7931879026766693
0.25651274797768736
0.7889407574050306
0.757446727970177
0.12338376077890417
0.4883022732208731
0.7865973875224185
0.7916255164948037
0.2912674428060335
0.3114992851679054
0.7900594233352659
0.5615506491032759
0.7981740829865971
0.7889407574050306
0.8026950719996007
0.7918447618518069
0.2636090128919764
0.790485226502966
0.7860077753597098
0.7919005388877398
0.7812546366979078
0.7878411741222862
0.7926671194505664
0.7954710801948002
0.7754811767460404
0.2780271623974415
0.7896879870793722
0.7887541145406441
0.43633322216992076
0.20194600272495764
0.7860646396186721
0.7957642039467802
0.7904801225959228
0.2993872497664869
0.7892082872481936
0.2780271623974415
0.3114992851679054
0.16806753911075034
0.7897456318075996
0.3784275451723385
0.7871092687466992
0.22577190617678383
0.8026950719996007
0.7957642039467802
0.2993872497664869
0.7912421803630493
0.7917203751578015
0.7932030407602735
0.7867483866611722
0.7900014110377233
0.7913111356429205
0.5021993237116642
0.4897781428891126
0.5331553960767095
0.7775573068908442
0.7932736688874102
0.7991760798869475
0.7903364700133362
0.7957642039467802
0.78833832304498
0.7956924053844071
0.7914771917897281
0.12338376077890417
0.7952974618542953
0.4883022732208731
0.7918638023076277
0.7914845499000157
0.7923780267764492
0.7918447618518069
0.14624124893115326
0.282203657578541
0.8085957028022068
0.7901135842438523
0.2110806715583023
0.7918346937349535
0.3510068547937866
0.396965876471609
0.24188312602671003
0.791488007283306
0.7883854354104699
0.7737671371880435
0.22577190617678383
0.7954710801948002
0.786715264558437
0.7894457716465353
0.7953513285102852
0.7922101202535881
0.7934757696859165
0.7923780267764492
0.41984062677860495
0.7934464096517821
0.7852841394812055
0.26433455505448267
0.7859077774367981
0.7977457396333576
0.7951168456368793
0.2110806715583023
0.7944565921570456
0.22956732277464043
0.7924234688177642
0.7807898701740488
0.7922101202535881
0.7755803164168402
0.7931879026766693
0.7903104518910989
0.7922429680462194
0.43633322216992076
0.7879047964487689
0.7797210981129621
0.13199824284211334
0.7968940519868212
0.7907036641054564
0.7859889420650111
0.7924072749624006
0.7782867099507467
0.7882080361412306
0.34048464527374267
0.7860077753597098
0.7892589621161675
0.7903806198959601
0.7786166079937082
0.4519644029437996
0.7860646396186721
0.7936393676043626
0.7858067324079495
0.26433455505448267
0.7933495874132586
0.7895716654196435
0.7917203751578015
0.7933495874132586
0.7963909045894234
0.7952974618542953
0.79126077839098
0.7914771917897281
0.506239667548889
0.3701024706192453
0.791488007283306
0.792099638063361
0.7782867099507467
0.7943560190631388
0.7668481234029969
0.43326892592944244
0.78833832304498
0.7871098918898378
0.7942992006560198
0.790244244509392
0.17121846617285974
0.788799036018502
0.7889447404763754
0.7968940519868212
0.7873469155444476
0.2636090128919764
0.17121846617285974
0.7922429680462194
0.25651274797768736
0.7919039164383626
0.7972768796519127
0.7909892564866071
0.798490139041052
0.300795219586566
0.7934395337034914
0.41984062677860495
0.7937067703914278
0.18027821708989453
0.5289945641064564
0.1963821992124482
0.396965876471609
0.7943245759359705
0.792099638063361
0.7934745674322484
0.16806753911075034
0.7916255164948037
0.7882080361412306
0.1607043149650347
