0.4364702457147039
0.5961949125482822
0.9133757757333207
0.23728853527552604
0.09369633322391255
0.12187375211848907
0.14328158643204184
0.3995968937393261
0.43032959980209035
0.14328158643204184
0.32272366428509414
0.32272366428509414
0.7828982521226667
0.7736489633876074
0.8888863889609331
0.8866115371223264
0.728516308298582
0.5217507237137009
0.605831793323778
0.5217507237137009
0.5138049896069726
0.7978768142525211
0.2625761833460699
0.8991386484957931
0.5138049896069726
0.9010375162769835
0.21601325591056078
0.8584157003901647
0.3369787096215499
0.7233437474792712
0.5138049896069726
0.7233437474792712
0.7736489633876074
0.3781195910335476
0.8030776075518731
0.30651354208902654
0.8318560049740485
0.2586314051622354
0.6596926068932005
0.4287235067208613
0.24940044222535018
0.8587406126538182
0.5138049896069726
0.9133757757333207
0.16025920272055375
0.5138049896069726
0.3781195910335476
0.7317322825032813
0.8888863889609331
0.6655858092084499
0.5384522416435347
0.5138049896069726
0.07493954799823033
0.05576747707200591
0.7722455988270757
0.2276440205722232
0.24940044222535018
0.5260369508197106
0.16025920272055375
0.8030776075518731
0.13677854084757923
0.4689481243283093
0.2388520014712501
0.8552653690673258
0.12187375211848907
0.4118317080631322
0.5670453973869196
0.49923436717495584
0.43032959980209035
0.605831793323778
0.08363428797502781
0.5960885195818472
0.8991386484957931
0.7262223429167235
0.8616968483506433
0.4890390612672753
0.9309217873993794
0.4890390612672753
0.9133757757333207
0.490240555674374
0.1301833669772321
0.9133757757333207
0.0735085419731013
0.5560558377215964
0.8051730004494951
0.27726580027878006
0.006548272046504322
0.3369787096215499
0.6456597535975863
0.4689481243283093
0.3995968937393261
0.3781195910335476
0.09269024801882363
0.1702678157422468
0.47511846553047044
0.7086647836454163
0.5931899482326464
0.8839187254884694
0.7233437474792712
0.8471860804181649
0.5545082778128849
0.3526221748596723
0.4116447169950078
0.8051730004494951
0.4287235067208613
0.23425793573176923
0.13811150792868998
0.8552653690673258
0.08283806613437716
0.8546393287946249
0.21601325591056078
0.33711702719898295
0.04407367105276583
0.23728853527552604
0.9500082228775099
0.43762326060134105
0.012645559801866768
0.9010375162769835
0.8561039541202449
0.9964488222099481
0.6984332563705067
0.32272366428509414
0.8839187254884694
0.184462160972224
0.7945050252213743
0.7722455988270757
0.34513020290132634
0.4364702457147039
0.5931899482326464
0.6340390039796234
0.2556707764568633
0.8319450988112088
0.5534771017252823
0.5961949125482822
0.877996928667987
0.7262223429167235
0.24819029110327429
0.85657284436037
0.5670453973869196
0.4287235067208613
0.5960885195818472
0.7914651458717225
0.184462160972224
0.9046445856032526
0.43032959980209035
0.8274733520660842
0.16025920272055375
0.8924156660416045
0.8392112989750958
0.6340390039796234
0.6596926068932005
0.2625761833460699
0.6285009819558686
0.3328739351045673
0.3369787096215499
0.8213778933274042
0.5560558377215964
0.6222421830731949
0.5258235498937035
0.5375135276380526
0.09369633322391255
0.7539358612855508
0.18528617134348993
0.07368544189741144
0.6562833847927259
0.8051426334481945
0.37070751568299154
0.1702678157422468
0.7599928040763735
0.9699494655922165
0.5260369508197106
0.8888863889609331
0.21310237699470147
0.09369633322391255
0.13811150792868998
0.7258675339480685
0.6308433518615154
0.14629619213557077
0.23728853527552604
0.8866115371223264
0.5138049896069726
0.33711702719898295
0.49753871771433167
0.7346502616617369
0.7945050252213743
0.9875880525896151
0.4444782896025271
0.7514127885416708
0.8304179111708577
0.6596926068932005
0.2583548973253892
0.8063993728761352
0.08283806613437716
0.728516308298582
0.877996928667987
0.5375135276380526
0.09269024801882363
0.5138049896069726
0.9010375162769835
0.1068682702327095
0.7828982521226667
0.19945053196102924
0.09934123634613368
0.2690775344261923
0.24819029110327429
0.7599928040763735
0.2388520014712501
0.8255746717700707
0.25258471416258177
0.4685271798387356
0.5258235498937035
0.0014632288013284311
0.8044023303521438
0.7736489633876074
0.15096176603878536
0.8370950607973707
0.9060092516273105
0.49923436717495584
0.30651354208902654
0.5961949125482822
0.9184924037849089
0.3995968937393261
0.7438865159459411
0.24940044222535018
0.8255746717700707
0.8866115371223264
0.17934226333804337
0.9060092516273105
0.14658070104158766
0.24974116968253457
0.7317322825032813
0.7914651458717225
0.8570424445942053
0.3954884737090919
0.7317322825032813
0.8030776075518731
0.143540678392435
0.8720703292535532
0.5097623191280997
0.01849282049466905
0.490240555674374
0.2586314051622354
0.09607312186724154
0.5217507237137009
0.9466712429510572
0.2625761833460699
0.12381024343547398
0.8587406126538182
0.2690775344261923
0.14328158643204184
