0.8066135927770807
0.7763506740539531
0.3551689044651359
0.7972588914723828
0.7908488693093461
0.7635227325182845
0.3933718854205254
0.7962626752788383
0.7954547967393433
0.778157228507926
0.4110237914372948
0.7983172698588147
0.2767671574405138
0.28367613285784254
0.7980406477507317
0.7952297211327524
0.3159596011956952
0.520799352958543
0.7952050729549285
0.8005791363313088
0.7983172698588147
0.3159596011956952
0.7908488693093461
0.787840968185514
0.5001045070029743
0.7797977034175623
0.5289945641064564
0.7861646921854254
0.7894123235479706
0.28757109038785894
0.7443957389527323
0.7972588914723828
0.7414344349823268
0.7965834883792492
0.7923060314743134
0.3551689044651359
0.7673886380578891
0.7851030383932417
0.790324069110602
0.5506139753799815
0.787840968185514
0.8199723527412898
0.7974029692835168
0.7936336305149408
0.282203657578541
0.5001045070029743
0.7942868355943437
0.8085633412345742
0.797028552736804
0.16806753911075034
0.19081839569993875
0.4542735875255525
0.16806753911075034
0.5273915740338131
0.7938575708313875
0.7894123235479706
0.282203657578541
0.5578674823130424
0.27399641568264826
0.797323023429852
0.7770550051343617
0.797028552736804
0.7903292054861087
0.43971167222818264
0.800457574767477
0.7939978526812763
0.26862152900384284
0.8084082907748532
0.7923570160462186
0.8036888078423073
0.8013939209213187
0.7936336305149408
0.7635227325182845
0.29036361662277216
0.5289945641064564
0.7923060314743134
0.7878065619875286
0.29143455711764776
0.7965046206120446
0.7743355517045816
0.1047234836858389
0.5506139753799815
0.8085633412345742
0.787840968185514
0.3159596011956952
0.2820738946487295
0.28757109038785894
0.5615506491032759
0.8013939209213187
0.7894601407155815
0.8026129132428779
0.7942868355943437
0.5111268966519592
0.7912726096789919
0.36895835760637735
0.7980406477507317
0.7313639348108786
0.8048827307649565
0.7974029692835168
0.7897772059093038
0.7797977034175623
0.2760418659484642
0.7908488693093461
0.8139411792889147
0.43633322216992076
0.20750980623746706
0.7732727779300977
0.7988092544702123
0.7851030383932417
0.28367613285784254
0.2781525283194466
0.24243423603706032
0.8008786408085471
0.16806753911075034
0.7936336305149408
0.36784824678759265
0.7861646921854254
0.16786767949572512
0.8048827307649565
0.20750980623746706
0.3159596011956952
0.7935855528073771
0.7443957389527323
0.2508114847229662
0.7962626752788383
0.7770550051343617
0.7996518856182162
0.5273915740338131
0.5506139753799815
0.520799352958543
0.7775573068908442
0.791884171808459
0.8076380870260556
0.7899210839518276
0.7952297211327524
0.4948622192701054
0.29036361662277216
0.7885296563141568
0.1047234836858389
0.7414344349823268
0.41691309923510056
0.8036888078423073
0.790324069110602
0.2100992475407523
0.7952241452266464
0.14624124893115326
0.282203657578541
0.8085957028022068
0.7901313886808595
0.520799352958543
0.7953567387386596
0.4542735875255525
0.4809916338786918
0.2898448313991561
0.8166603892883189
0.8011227364127866
0.7974029692835168
0.28367613285784254
0.7913017550844774
0.7763506740539531
0.7662510033210556
0.8034657821284614
0.8084082907748532
0.3034099972503082
0.7897772059093038
0.3933718854205254
0.7922375979031105
0.5111268966519592
0.24243423603706032
0.769092484977925
0.7972588914723828
0.7961229630966093
0.17519259726169473
0.7899210839518276
0.22956732277464043
0.7678057410616383
0.7953004343135174
0.3551689044651359
0.7414344349823268
0.7991504933720168
0.7953567387386596
0.3551689044651359
0.43633322216992076
0.7685221600254156
0.7923570160462186
0.13199824284211334
0.8026574593343728
0.7986927058458124
0.778157228507926
0.7938950395823094
0.7901313886808595
0.7909865983299937
0.34048464527374267
0.7704593472364397
0.7892589621161675
0.7922375979031105
0.769092484977925
0.7980406477507317
0.7797977034175623
0.797323023429852
0.7835375823507332
0.24650181780212677
0.7939978526812763
0.7954547967393433
0.7889725094523541
0.7685221600254156
0.8026574593343728
0.797028552736804
0.34048464527374267
0.7923060314743134
0.4948622192701054
0.2707945446670963
0.7835375823507332
0.7909865983299937
0.7635227325182845
0.7891185435152616
0.319914798478393
0.4110237914372948
0.3283124319014559
0.7847134169524383
0.798938894302507
0.7851030383932417
0.22956732277464043
0.7847134169524383
0.778157228507926
0.801675119685738
0.7746421207058113
0.27512526583764935
0.1886947306046326
0.7996518856182162
0.7965834883792492
0.8024318447179002
0.8120506417377423
0.7983172698588147
0.8093499253567074
0.300795219586566
0.7938575708313875
0.4110237914372948
0.7937649738975558
0.14624124893115326
0.5289945641064564
0.19081839569993875
0.29983003287925886
0.7952050729549285
0.791884171808459
0.7937649738975558
0.16806753911075034
0.7948101694199855
0.7945778259637529
0.1886947306046326
