0.7906638016341413
0.7906638016341403
0.7906638016341402
0.7906638016341403
0.7906638016341411
0.7906638016341409
0.7906638016341386
0.7906638016341391
0.7906638016341412
0.7906638016341402
0.7906638016341397
0.79066380163414
0.7906638016341413
0.7906638016341403
0.7906638016341415
0.7906638016341412
0.7906638016341393
0.7906638016341391
0.7906638016341393
0.7906638016341406
0.7906638016341384
0.7906638016341403
0.7906638016341404
0.7906638016341407
0.7906638016341394
0.7906638016341386
0.7906638016341384
0.7906638016341403
0.7906638016341406
0.7906638016341399
0.7906638016341411
0.7906638016341404
0.7906638016341409
0.79066380163414
0.7906638016341397
0.7906638016341397
0.79066380163414
0.7906638016341412
0.7906638016341411
0.7906638016341413
0.7906638016341403
0.7906638016341382
0.79066380163414
0.7906638016341399
0.7906638016341394
0.7906638016341402
0.7906638016341402
0.7906638016341392
0.7906638016341475
0.7906638016341413
0.7906638016341393
0.7906638016341394
0.7906638016341244
0.7906638016341404
0.7906638016341391
0.7906638016341393
0.7906638016341413
0.7906638016341434
0.7906638016341402
0.7906638016341395
0.7906638016341391
0.7906638016341409
0.7906638016341395
0.7906638016341402
0.7906638016341412
0.7906638016341397
0.7906638016341415
0.7906638016341407
0.7906638016341406
0.7906638016341403
0.7906638016341399
0.7906638016341386
0.7906638016341393
0.7906638016341443
0.7906638016341403
0.7906638016341397
0.7906638016341407
0.7906638016341397
0.7906638016341371
0.7906638016341407
0.7906638016341407
0.7906638016341422
0.7906638016341402
0.7906638016341403
0.7906638016341412
0.7906638016341462
0.7906638016341399
0.7906638016341402
0.7906638016341389
0.7906638016341371
0.7906638016341395
0.79066380163414
0.7906638016341394
0.7906638016341402
0.79066380163414
0.7906638016341412
0.7906638016341397
0.7906638016341404
0.7906638016341397
0.7906638016341415
0.790663801634138
0.7906638016341416
0.7906638016341404
0.7906638016341411
0.7906638016341413
0.7906638016341395
0.7906638016341488
0.7906638016341395
0.7906638016341391
0.7906638016341394
0.7906638016341391
0.7906638016341395
0.7906638016341403
0.79066380163414
0.7906638016341404
0.7906638016341411
0.7906638016341403
0.7906638016341397
0.7906638016341389
0.7906638016341411
0.7906638016341396
0.7906638016341389
0.7906638016341406
0.7906638016341411
0.7906638016341413
0.7906638016341407
0.790663801634141
0.790663801634141
0.7906638016341422
0.7906638016341402
0.7906638016341416
0.7906638016341411
0.790663801634141
0.7906638016341406
0.7906638016341407
0.7906638016341402
0.7906638016341384
0.790663801634138
0.7906638016341418
0.7906638016341413
0.7906638016341411
0.7906638016341426
0.79066380163414
0.7906638016341418
0.7906638016341371
0.7906638016341409
0.7906638016341416
0.7906638016341406
0.7906638016341404
0.7906638016341403
0.7906638016341402
0.7906638016341373
0.7906638016341397
0.7906638016341391
0.7906638016341475
0.7906638016341386
0.7906638016341371
0.7906638016341384
0.7906638016341402
0.7906638016341375
0.79066380163414
0.7906638016341418
0.7906638016341311
0.7906638016341381
0.7906638016341411
0.7906638016341403
0.7906638016341389
0.7906638016341385
0.7906638016341416
0.7906638016341386
0.7906638016341399
0.7906638016341416
0.790663801634141
0.7906638016341411
0.7906638016341416
0.7906638016341404
0.7906638016341413
0.790663801634141
0.7906638016341375
0.79066380163414
0.7906638016341406
0.7906638016341399
0.7906638016341399
0.7906638016341399
0.7906638016341411
0.7906638016341422
0.7906638016341404
0.7906638016341402
0.7906638016341397
0.7906638016341411
0.7906638016341413
0.7906638016341399
0.7906638016341406
0.790663801634142
0.7906638016341407
0.7906638016341389
0.7906638016341403
0.7906638016341397
0.7906638016341393
0.7906638016341403
0.7906638016341412
0.7906638016341407
0.7906638016341391
0.7906638016341391
0.7906638016341496
0.7906638016341412
0.7906638016341403
0.7906638016341409
0.7906638016341393
0.79066380163414
0.7906638016341397
0.7906638016341403
0.7906638016341389
0.7906638016341409
0.7906638016341311
0.7906638016341395
0.7906638016341403
0.7906638016341401
0.7906638016341389
0.7906638016341374
0.7906638016341402
0.7906638016341373
0.790663801634138
0.7906638016341403
0.7906638016341404
0.7906638016341415
0.7906638016341403
0.7906638016341404
0.7906638016341399
0.79066380163414
0.7906638016341409
0.7906638016341406
0.79066380163414
0.7906638016341384
0.7906638016341389
0.7906638016341395
0.7906638016341406
0.790663801634147
0.7906638016341399
0.7906638016341404
0.7906638016341402
0.7906638016341376
0.790663801634147
0.7906638016341384
0.7906638016341397
0.7906638016341399
0.7906638016341244
0.7906638016341404
0.790663801634142
0.79066380163414
