0.27677750713171806
0.2760488729792827
0.2773910132051331
0.2764186643258868
0.2763776212256939
0.2747307673373216
0.2770187167551366
0.2772842031327503
0.2746521665047341
0.2780094005090649
0.2735848599940389
0.2766472208329433
0.27687929084406426
0.27700195773654623
0.278342154065299
0.2823032047152184
0.2747307673373216
0.27713318234372536
0.2775717109352608
0.27772236074940504
0.27560643032425064
0.2748066885468409
0.27563277508256206
0.28025936107771204
0.27638618874739646
0.27644722361184576
0.27762741281530645
0.27556250189809894
0.2791827455468021
0.2778691899456804
0.27699908368449
0.2771833171450103
0.2772121780524683
0.2755910042844251
0.27571624198092987
0.27713318234372536
0.27671812486298636
0.2786211396757125
0.274533559758775
0.2749211812266624
0.2761982905896659
0.2775717109352608
0.2763776212256939
0.27797067303885187
0.2795899583755003
0.27687929084406426
0.2742836063203054
0.2734365141959753
0.27459947631840903
0.2791827455468021
0.2786211396757125
0.27624772384340984
0.2823032047152184
0.2740218765413855
0.27745934085313945
0.27805903276156396
0.27222298786172444
0.2795380526989102
0.27671812486298636
0.27644722361184576
0.2754824797923146
0.2808058997376344
0.27647080500897586
0.27364015164085037
0.27431422658880983
0.27710971684537905
0.2777923606065582
0.27577770095492266
0.27679772100851974
0.2753014724502766
0.2773635922116108
0.27609067684753585
0.27687929084406426
0.2787523019338376
0.2731372065107502
0.27560643032425064
0.2774150525633454
0.2751592604443917
0.2742348650297098
0.2777923606065582
0.2781903798296903
0.27328502209537536
0.2770448161332112
0.2749211812266624
0.2794388770654697
0.2768380958701631
0.2766472208329433
0.2781671954967397
0.2780094005090649
0.28673742490492365
0.2761859618628526
0.27609067684753585
0.2808261397314499
0.27524513495291375
0.2743107887741227
0.2746521665047341
0.2770187167551366
0.2756074300774869
0.2773630701237598
0.2823032047152184
0.27749061541767045
0.2768359787365542
0.27581050869587215
0.2787523019338376
0.2770187167551366
0.2764199596302445
0.2778691899456804
0.2780743980779553
0.2763776212256939
0.2778028690668853
0.27697562108488755
0.2712569585863356
0.2745408585595876
0.27626956959935883
0.27699908368449
0.27821899767082214
0.27787640176616396
0.2758837353783379
0.27710971684537905
0.2743107887741227
0.27403411045053216
0.2786211396757125
0.2770523540465768
0.2757158390814136
0.27698901695574785
0.2802347885653975
0.2747307673373216
0.2780094005090649
0.2761982905896659
0.2772842031327503
0.26844659711806673
0.27730089395823576
0.27632518120749944
0.27329608240967296
0.2808261397314499
0.2795899583755003
0.27679772100851974
0.2772121780524683
0.2749977881827448
0.28025936107771204
0.2672059219164144
0.2755918452744163
0.27803738483630014
0.27556250189809894
0.2757014457444908
0.2734365141959753
0.2734232571930886
0.26718774368141013
0.2760488729792827
0.27571624198092987
0.2751752457704315
0.27577770095492266
0.28065232385512845
0.2755291227030192
0.28103623362339386
0.27805903276156396
0.2744419560764455
0.2770130060421379
0.27427298920336907
0.2791827455468021
0.2742348650297098
0.3097630318278288
0.2772325882886704
0.2750904496650032
0.2761016076491678
0.26844659711806673
0.28025936107771204
0.27638618874739646
0.27606678007248514
0.27918151684673714
0.2741672035294308
0.27772236074940504
0.27730172514265217
0.2773630701237598
0.27638618874739646
0.2755291227030192
0.2765577258638481
0.2742836063203054
0.2776267223998436
0.2771833171450103
0.27556250189809894
0.2780743980779553
0.2727858780551322
0.27762741281530645
0.2735848599940389
0.2789908313718883
0.2773499800186812
0.2765985204947092
0.2774150525633454
0.27772236074940504
0.27664378279059676
0.28601950438033774
0.27772406258623006
0.27702765466015
0.2741519381818083
0.2764199596302445
0.2764828382651101
0.2744133332286375
0.2734365141959753
0.27624772384340984
0.27478821566519845
0.2777802936786938
0.2794015955552736
0.2773910132051331
0.27647080500897586
0.2751592604443917
0.2758902039630217
0.27730089395823576
0.288770987368679
0.28492233220068497
0.2772325882886704
0.2746521665047341
0.275047492782412
0.2793665952702683
0.27448002062412247
0.28470711324390985
0.2774431920779729
0.27918151684673714
0.2778367477486309
0.2775717109352608
0.28065232385512845
0.27579015194420703
0.2772183311064862
0.2697941603396004
0.2760102755251684
0.27579015194420703
0.2772183311064862
0.27691478899093597
0.27763892193041473
0.27679772100851974
0.2746109063055002
0.28222715721138336
0.27459947631840903
0.27522392125619755
0.2825566653743189
0.2764186643258868
0.2735467489653204
0.2764186643258868
0.2746109063055002
0.278342154065299
0.27560044748627854
0.2752947028428796
0.27563277508256206
0.27797067303885187
0.2773499800186812
0.273984816282184
0.27762741281530645
0.2761016076491678
0.2778028690668853
0.27644722361184576
