0.5686423685010795
0.579469018677675
0.22815557443650117
0.21895740353204973
0.22411353495628983
0.21974861131345583
0.2622415572077115
0.21911351196400267
0.5589885851352198
0.1654398046186901
0.5500108208696565
0.21891782190040912
0.21403248405016223
0.22318830019014796
0.21757143231677775
0.20479211033852565
0.5490086609561786
0.5996219250984504
0.5633638908292258
0.2594367576379195
0.579469018677675
0.5633638908292258
0.21231699223741707
0.22867264356348932
0.22867264356348932
0.23163062693159722
0.5716039967390165
0.22250538764102734
0.509809611885845
0.2182893258502691
0.22499925402330045
0.2110722322133941
0.5386006196687749
0.21946929172911248
0.20133111385890481
0.5964179384953087
0.22230069419623633
0.5241469415189919
0.26490413655741635
0.5636278835870674
0.5698768643678086
0.5964179384953087
0.5578292074898985
0.5718410975929326
0.21754542238475533
0.21636711541390807
0.5996219250984504
0.5718410975929326
0.22236348480393758
0.21757143231677775
0.5609480528912354
0.2143910677545241
0.577542001511526
0.2405424801344943
0.21911351196400267
0.22815557443650117
0.5681066379145338
0.5593083880520013
0.21895740353204973
0.1847397671547426
0.2809183446136043
0.1651717380393089
0.5681066379145338
0.6016816398720272
0.22052933998164337
0.2106491757372905
0.22867264356348932
0.5884326471996013
0.21866049959897846
0.55223970596866
0.5655376792161693
0.2104560841665315
0.18345197845591105
0.18380004812277745
0.5861829295231697
0.21974861131345583
0.5797084237474868
0.22230069419623633
0.5667324567886728
0.8696602761523624
0.22264777155602675
0.22236348480393758
0.12367293120126195
0.21909282457676638
0.22382351278966361
0.5490086609561786
0.21403248405016223
0.2104560841665315
0.2386950326751182
0.5706375434716068
0.5503909690232719
0.22052933998164337
0.18858456914664334
0.5729062478824138
0.5593083880520013
0.23787682121216758
0.5594800097692453
0.22435475161748464
0.577542001511526
0.22499925402330045
0.22448143530041134
0.22258859205212095
0.21895740353204973
0.5665995885671826
0.5772049026283003
0.21757143231677775
0.5964179384953087
0.21835504644930467
0.22411353495628983
0.5921920195446806
0.21031343303888075
0.20820501934574692
0.1654398046186901
0.20673773930423434
0.24463325197483973
0.2243191507635538
0.2809183446136043
0.2510211292133651
0.5655376792161693
0.1696594905021945
0.24166374389418754
0.20479211033852565
0.5438173173868643
0.505096410742621
0.22629476319916875
0.5649650621415875
0.22896213012291738
0.8313285900050547
0.579469018677675
0.26490413655741635
0.21031343303888075
0.1642187297585676
0.5386006196687749
0.22597993915312461
0.21231699223741707
0.7957022089972998
0.5746731472639353
0.24523891665960823
0.5705894829175935
0.21754542238475533
0.5793478297719323
0.5456031365984979
0.2970838058580697
0.1696057368643964
0.21636711541390807
0.21906756116780143
0.5609480528912354
0.20095532548453723
0.5382519949953447
0.1905443520541651
0.2314255737259837
0.23163062693159722
0.20861577309090895
0.5438173173868643
0.5852036152279142
0.5927871437163065
0.5456031365984979
0.5470127793649863
0.5498397153784471
0.24489897863118754
0.5531712055743128
0.5748249725041155
0.1654398046186901
0.18345197845591105
0.22132879595963023
0.2614387483122268
0.23502681162950875
0.21364952400297318
0.21911351196400267
0.5894023546799069
0.235574320858802
0.5686423685010795
0.22629476319916875
0.5726028594702389
0.5736712358118676
0.5642447272421633
0.25111746272578955
0.21891782190040912
0.22250538764102734
0.21866049959897846
0.6016816398720272
0.2246968349775833
0.21231699223741707
0.55223970596866
0.2405424801344943
0.21891782190040912
0.5705894829175935
0.8940360715281143
0.21632997451512762
0.6071284614020831
0.21576483948495775
0.23181071003653062
0.20479211033852565
0.2101379407005441
0.22411353495628983
0.20846237175816854
0.5386006196687749
0.5734769915924425
0.5490086609561786
0.5667324567886728
0.24166374389418754
0.5628919834783713
0.5292628473992838
0.5735480335738836
0.18882093227946864
0.5727551078321803
0.22036686128745164
0.5022359196806037
0.20256275491382683
0.2143910677545241
0.2406758516118671
0.5578292074898985
0.2297889616739539
0.2101379407005441
0.2182893258502691
0.577542001511526
0.2182893258502691
0.2970838058580697
0.5674171050798784
0.2246968349775833
0.21499372586518425
0.21403248405016223
0.8512269521670304
0.2143910677545241
0.5566399729053191
0.5736712358118676
0.5382519949953447
0.5748249725041155
0.21636711541390807
0.2828193705212354
0.21758210144180712
0.23181071003653062
0.8708786032648586
0.2314255737259837
0.21974861131345583
0.5500108208696565
0.5480384462404417
0.22133436360196537
0.2243191507635538
0.22570789237512945
0.2110722322133941
0.21946929172911248
0.22036686128745164
0.5539134493713487
0.19811870564580897
0.5735480335738836
0.5547550305476574
0.23280523001347803
0.5500108208696565
0.1713223798295067
