0.386421806035116
0.3834166671296034
0.38394345484147524
0.38586702562356484
0.3838667597869622
0.3831690190267478
0.383799293646155
0.383799293646155
0.3830050434930756
0.38309184686823783
0.38586702562356484
0.3815391892226911
0.3787445428544353
0.38632839311267625
0.3863974122705089
0.3832503162982051
0.3831707730923046
0.38253628474448464
0.3853447098902576
0.382807358803302
0.38296523514223924
0.3893261259363993
0.39411338752618424
0.3836118264792788
0.3832470867396192
0.3819398577679021
0.3848640862691786
0.38391796998121946
0.38632839311267625
0.38463482899248724
0.38586702562356484
0.38672743477432286
0.3807810508365605
0.38350660657769775
0.3839270139326687
0.38747051557848594
0.38822920513167575
0.38632839311267625
0.38104272933107913
0.3841461607857903
0.3858496535789129
0.38672743477432286
0.38453961831175554
0.3889298918517931
0.3823226004021313
0.383799293646155
0.3814399500515712
0.38439999342702186
0.3855765040263697
0.382807358803302
0.38394345484147524
0.37718092121113483
0.38455101520624885
0.379974254528718
0.38076973179626533
0.38380790871832277
0.38150478636827745
0.38252266206581376
0.38380790871832277
0.3879194749801631
0.3855765040263697
0.38440858153991714
0.3839912933487859
0.3831690190267478
0.38311021621438757
0.3894751041174415
0.3797799135039668
0.3826474708981662
0.38702543693601926
0.38638620372512766
0.3832232263912398
0.3825907953339735
0.3818397271605137
0.3800480581409336
0.3863974122705089
0.38669509024390175
0.3852843342917633
0.3814275041919543
0.39820953639224566
0.38309184686823783
0.38253614248697687
0.3872888818253839
0.38396195959053997
0.39411338752618424
0.38394345484147524
0.38341714287034323
0.3830050434930756
0.38494826939770116
0.3889697450881881
0.3815369457705317
0.38076973179626533
0.3831253679263755
0.38379062590738394
0.37814433458841074
0.38245459233250917
0.39411338752618424
0.38204625992621494
0.3855171396998895
0.3833300148061423
0.38391796998121946
0.3831896019970074
0.3842451782871623
0.38416993121557075
0.3838886399494228
0.3830842610397622
0.38410585146537174
0.38365111844886535
0.3830280304294312
0.3800480581409336
0.38481483605286604
0.3787445428544353
0.3940293992303077
0.38176488465837594
0.3829995552994416
0.38139539772411907
0.3831264022318365
0.37734504645943384
0.3851085855083234
0.38379062590738394
0.38169306479872245
0.383810586095972
0.3828439591266997
0.3830050434930756
0.379974254528718
0.3832470867396192
0.37923491028491557
0.38336978358401175
0.3846004131543809
0.38328725594888097
0.38416993121557075
0.3943709191905618
0.38439999342702186
0.3815300789331808
0.3787445428544353
0.3837751394784124
0.3819111184415269
0.38245494906065325
0.3807810508365605
0.3795089620742709
0.3841000303409572
0.38987599070235807
0.381033094158723
0.3769517162279223
0.3838886399494228
0.38379485605485736
0.37644615825270217
0.3814275041919543
0.3827680826591384
0.38339920374711967
0.38440858153991714
0.38122554446390894
0.3824813867118188
0.38186944372726384
0.3819398577679021
0.38253628474448464
0.3839506351490041
0.38350660657769775
0.37814433458841074
0.38307241454219154
0.38441868900908965
0.3829995552994416
0.38807162845847554
0.383383695885781
0.3832228941333571
0.38482847035836965
0.3790794671891424
0.3780038481732133
0.38672743477432286
0.383075086339169
0.3865703608231014
0.3841979075645682
0.38309184686823783
0.3863105852911559
0.3950132602549023
0.3831709610560677
0.3853447098902576
0.38218575598382043
0.38396195959053997
0.3819111184415269
0.3824813867118188
0.38450274193144657
0.3851085855083234
0.3831690190267478
0.38252266206581376
0.38278315799504203
0.3746250466969168
0.38356526852808986
0.3820493050564153
0.38296523514223924
0.38752361208067926
0.3860843367530538
0.38341714287034323
0.3853447098902576
0.3858496535789129
0.3850324945659429
0.38076973179626533
0.38563738447998686
0.38263601703641936
0.3824694093560587
0.39137279503922123
0.3842449925160824
0.38122853367465925
0.3834166671296034
0.38436383515706396
0.38688146145977886
0.3897939603927705
0.38104272933107913
0.38242318808134473
0.3822680188618652
0.3819324520265337
0.386087154658567
0.3839270139326687
0.3832503162982051
0.3825907953339735
0.38987599070235807
0.3616147408803633
0.3832470867396192
0.3840955470104503
0.3837953027961325
0.38758648392534867
0.3789273713882461
0.3814399500515712
0.3807810508365605
0.3838667597869622
0.38476170205823873
0.3823226004021313
0.38440858153991714
0.37905157698039027
0.3842355393540082
0.3831707730923046
0.3798770528648308
0.3828439591266997
0.38476170205823873
0.3832503162982051
0.38400794241748
0.38463482899248724
0.3752236495910483
0.3838667597869622
0.38731556741546325
0.3874637678038176
0.3815391892226911
0.3863974122705089
0.3790794671891424
0.383383695885781
0.3832228941333571
0.38014224669789587
0.38669509024390175
0.38697545907292474
0.38463482899248724
0.38543909917760105
