0.38451046136899325
0.38371010972498426
0.3838069220904066
0.383740124921991
0.3835816407783157
0.38378001072055395
0.3836336157132625
0.383596055208216
0.3836554101259127
0.38365634670597126
0.3838028710965327
0.3835793436083019
0.3836349721581868
0.38346524176308044
0.3838712788334318
0.38357983600027606
0.38373284049955353
0.383695540379129
0.3835892779098416
0.3837419159739304
0.3834027732850533
0.38373284049955353
0.38355872335384317
0.38367972910210546
0.3837099196544533
0.3834167544920779
0.3836305977176402
0.38375998384343046
0.38361730626182683
0.3840229591447659
0.383740124921991
0.3834446405024808
0.38351961277738106
0.38367771375746823
0.3837325898533969
0.3852981945100184
0.38385408872239496
0.38378770928065636
0.3837111368551944
0.3835459579503328
0.38364256923534984
0.3836735635094286
0.3836735635094286
0.3835895381426358
0.3836055163007476
0.3835414041671736
0.38358248228866515
0.3837144639858478
0.3836903447503737
0.38366864489437785
0.383559649726982
0.38350863917115113
0.3836903447503737
0.38339402368459535
0.3836554101259127
0.3835816407783157
0.38371010972498426
0.3840832449489597
0.3838329071896391
0.38391229401319266
0.383873127859869
0.38346524176308044
0.38300905780344463
0.3836529654569612
0.3836284961927627
0.3843488390444487
0.3833699676528414
0.3836336157132625
0.3835962462777625
0.3835761438213089
0.3837144639858478
0.3837130570605714
0.38358109366723336
0.3836348842323465
0.3842238796253072
0.38371667934625403
0.38375998384343046
0.38403071165240465
0.38451046136899325
0.383253722916332
0.3837419159739304
0.3836226821245101
0.38350863917115113
0.38365634670597126
0.3835793436083019
0.38476295962323936
0.3839850531809642
0.383740124921991
0.3839850531809642
0.3841253126365989
0.3835892779098416
0.38376464377295555
0.3842238796253072
0.38403071165240465
0.38401443867407853
0.38355872335384317
0.3839821635769885
0.3852981945100184
0.38370113489258256
0.3840697032806042
0.3838674771813475
0.38366196950611453
0.3837645367647854
0.3833022788810439
0.38309775407683794
0.3837419159739304
0.3840721067692054
0.38382096453599296
0.38350300206844995
0.38346524176308044
0.3836978683940255
0.38707908625887727
0.38340964630696334
0.3838265551379337
0.3835428623866069
0.383521050615641
0.38360522768395505
0.3836349721581868
0.38361730626182683
0.3834027732850533
0.3835861007642731
0.3836305977176402
0.38369010204445203
0.3835679743712544
0.3834586932927509
0.3838712788334318
0.38367972910210546
0.3835861007642731
0.3835925674387914
0.3840051690215131
0.38378770928065636
0.38354717232869096
0.3835962462777625
0.38369318628922144
0.38400641808054226
0.38358248228866515
0.38367007413045345
0.3834167544920779
0.383559649726982
0.3836957405456291
0.38366864489437785
0.38426850705115934
0.38367007413045345
0.38356795081472095
0.3835816407783157
0.38382443223240603
0.3834907495496212
0.38350950958241425
0.3837077986248534
0.3838069220904066
0.38369318628922144
0.38326234828718214
0.38339402368459535
0.38380507552401205
0.3837098105474379
0.3846028718706531
0.3835761438213089
0.383702000650331
0.3835793436083019
0.38353743639497856
0.38350300206844995
0.38349983513361785
0.3834649653326338
0.383635181144206
0.38371135165615256
0.38370113489258256
0.38356941841037845
0.3839763523454809
0.3834746918671907
0.3837076576015297
0.38324552625870445
0.3836465092949084
0.38351961277738106
0.38377067052931846
0.3831769234806962
0.38354717232869096
0.3840356758917103
0.38342841530341665
0.3838672567439332
0.38371010972498426
0.3839821635769885
0.3830633261651565
0.38378001072055395
0.38377598254055173
0.3833313796655511
0.3833313796655511
0.38342576119283023
0.38361730626182683
0.3836349721581868
0.3834493640904946
0.383703364935317
0.3836403011010445
0.3836336157132625
0.383635121897207
0.38375358509429597
0.3836554101259127
0.3838708476422045
0.38379828985559516
0.3837076576015297
0.3838471381790547
0.3838712788334318
0.38383048129986064
0.3842817302951143
0.38371667934625403
0.38378001072055395
0.383758307356052
0.38383775741684606
0.38372853638064175
0.3838056668437269
0.38316926884725444
0.38356795081472095
0.38348021474595123
0.38335757056044134
0.3835067745217058
0.3836978683940255
0.38379929648258343
0.38359027300230536
0.3836465092949084
0.38476295962323936
0.3837742140133609
0.3832374537759398
0.3849685014126566
0.3837645367647854
0.38354794904528694
0.3838600762574888
0.38365634670597126
0.3837178533343781
0.38340828002178373
0.383559649726982
0.3836959028527969
0.38260433507835767
0.383635181144206
0.38424080197319715
0.38394388887286646
0.3834611618581436
0.3841573330356649
0.38346982185403783
0.38366864489437785
0.3838028710965327
0.3838672567439332
0.3830729324872497
0.3835892779098416
0.38368862874507764
0.38254703586567085
0.3838329071896391
0.38516914470198543
0.38391229401319266
0.3837891582407588
0.38383775741684606
0.3852981945100184
