0.2767610478506745
0.27679775477929164
0.27674100643669175
0.2769081876832054
0.2767016930587855
0.2769171064280467
0.27687709973770563
0.2767157220026096
0.27695813275096587
0.27701397336746164
0.2767214668221061
0.27680207036227306
0.27702730232916645
0.2767737312587622
0.27695813275096587
0.27683146225357086
0.2771530698272305
0.2768954919326541
0.2767737312587622
0.27676728813094925
0.2769454693592622
0.27671552290730106
0.27670108047745695
0.2772486964058231
0.27691431867156197
0.2769623838861071
0.2769413096400503
0.27702730232916645
0.2765760482435628
0.2769797501199387
0.2770956474748652
0.27682327572825793
0.27656159362168864
0.276700668874927
0.2768692003276834
0.27697970240706615
0.27762138455766056
0.2769700103796009
0.276736437433825
0.276918926467069
0.2770205727296982
0.276736437433825
0.27639196962500007
0.2767610478506745
0.2769411936116539
0.27679539403817405
0.27677157601570546
0.2767535536155312
0.2763693232652222
0.2767762861194068
0.2768282386534613
0.27691431867156197
0.27711770119643386
0.27656039812351546
0.276700668874927
0.27708752014500015
0.27716095380686884
0.2768988545003768
0.27677349559851544
0.276986738271793
0.27662880143900537
0.27686904962526926
0.2767440477617031
0.2767246444901192
0.2766221351095581
0.276706811962659
0.2774816283882721
0.27649653090448784
0.27691431867156197
0.27687308983261055
0.2767925795947395
0.2767632914361338
0.27691449108098487
0.27711770119643386
0.276736437433825
0.27694209004970644
0.27678056300162074
0.2767214668221061
0.2765637594012586
0.2772900049976583
0.2769768570461255
0.2770862883215334
0.276015735651594
0.27692972228492985
0.2768102640301329
0.2770199863654561
0.2771857809205179
0.2767016930587855
0.2769790432869082
0.27670108047745695
0.2774816283882721
0.27675786900408805
0.2768959281679148
0.27659902272780323
0.2765760482435628
0.27671552290730106
0.277102099275743
0.27595595915424276
0.27680207036227306
0.2774297342268989
0.2768976648728536
0.2768148567160507
0.27675918231228785
0.27696437609195734
0.2767487264302369
0.27695813275096587
0.2768527154099844
0.2768983808961108
0.2766548466102259
0.2768940773501128
0.2767622287650983
0.2769171064280467
0.27694065517658806
0.2767632914361338
0.2767543192212903
0.27717241605724674
0.27662133083562646
0.2765543671329509
0.27679775477929164
0.27732269612222876
0.27682064419661684
0.2767440477617031
0.27682327572825793
0.27648054806684264
0.27700211121652046
0.2769542432748741
0.27747599437921583
0.2770405570790379
0.27679209492658485
0.27703049671618796
0.276836312021936
0.2765950026382662
0.27701397336746164
0.27702721500302196
0.2760233252025085
0.27697970240706615
0.27679775477929164
0.27676728813094925
0.2772486964058231
0.2769442107435171
0.27595595915424276
0.2772486964058231
0.27656159362168864
0.2769786046264908
0.27706628699738783
0.2769171064280467
0.27680583141940085
0.2765289369022523
0.2770199863654561
0.27696437609195734
0.2767157220026096
0.2769498466509683
0.2766696158390957
0.2766064109587654
0.27675786900408805
0.2767714805168224
0.277401735320095
0.2767163715119437
0.2766064109587654
0.27671552290730106
0.2767458744482502
0.27714388671181617
0.27681681242273626
0.27697480093264015
0.2772623072197223
0.27688495408584757
0.2769442107435171
0.27681669882965604
0.27728867438393073
0.2767973550962734
0.27762138455766056
0.2765760482435628
0.2767228563675009
0.27775704212041363
0.2772786092518108
0.27700182883474556
0.27679209492658485
0.27677649315308805
0.27631834047164205
0.2768677880500692
0.2767246444901192
0.2767737312587622
0.2774297342268989
0.27683146225357086
0.27697970240706615
0.27674100643669175
0.2765123470339385
0.27671459427253087
0.27682327572825793
0.27682044613781137
0.2768093580376945
0.27781444041366005
0.2766535498742995
0.2768282386534613
0.27673533003381134
0.27626575533163994
0.27662880143900537
0.2767467006541961
0.2767016930587855
0.27639196962500007
0.2769797501199387
0.2767387879875786
0.2768677880500692
0.27677649315308805
0.27684985043474847
0.2766535498742995
0.27705094328455454
0.27674100643669175
0.27686571669263665
0.2767264257767524
0.27680207036227306
0.27708752014500015
0.2769976859606557
0.2771530698272305
0.27671690581484437
0.2767157220026096
0.2774816283882721
0.27683320304964426
0.2770862883215334
0.2766696158390957
0.27687191203341716
0.27705094328455454
0.27679056577239103
0.27687191203341716
0.2767387879875786
0.27702730232916645
0.2765752815304214
0.27680362685154897
0.27717443296262434
0.2770956474748652
0.27676728813094925
0.2765609075027382
0.27651901024067194
0.27684483029961854
0.2769411936116539
0.27670735505820554
0.27687388105263677
0.2765543671329509
0.2765438357311419
0.277102099275743
0.27694209004970644
0.27688405561303525
0.276700668874927
0.2769454693592622
0.2768214225660078
0.27668552304310173
0.2769081876832054
0.2769790432869082
0.27669603087252104
0.27662133083562646
