0.24106017967390614
0.7064232455927248
0.7064232455927248
0.7064232455927248
0.24106017967390614
0.7064232455927248
0.7064232455927248
0.7064232455927248
0.7064232455927248
0.7064232455927248
0.24106017967390614
0.7064232455927248
0.7064232455927248
0.7064232455927248
0.7064232455927248
0.24106017967390614
0.7064232455927248
0.7064232455927248
0.7064232455927248
0.7064232455927248
0.7064232455927248
0.7064232455927248
0.7064232455927248
0.7064232455927248
0.24106017967390614
0.24106017967390614
0.7064232455927248
0.7064232455927248
0.7064232455927248
0.7064232455927248
0.7064232455927248
0.7064232455927248
0.24106017967390614
0.7064232455927248
0.7064232455927248
0.7064232455927248
0.7064232455927248
0.7064232455927248
0.7064232455927248
0.7064232455927248
0.7064232455927248
0.7064232455927248
0.7064232455927248
0.7064232455927248
0.7064232455927248
0.7064232455927248
0.7064232455927248
0.24106017967390614
0.7064232455927248
0.7064232455927248
0.24106017967390614
0.7064232455927248
0.7064232455927248
0.7064232455927248
0.7064232455927248
0.24106017967390614
0.7064232455927248
0.17659242301020456
0.7064232455927248
0.9225679808434012
0.7064232455927248
0.24897528986449513
0.7064232455927248
0.7064232455927248
0.7064232455927248
0.7064232455927248
0.7064232455927248
0.7064232455927248
0.7064232455927248
0.7064232455927248
0.7064232455927248
0.7064232455927248
0.7064232455927248
0.7064232455927248
0.7064232455927248
0.7064232455927248
0.24106017967390614
0.7064232455927248
0.7064232455927248
0.7064232455927248
0.23530303098959882
0.7064232455927248
0.7064232455927248
0.7064232455927248
0.06375291764762325
0.7064232455927248
0.24106017967390614
0.24106017967390614
0.7064232455927248
0.7064232455927248
0.24106017967390614
0.7064232455927248
0.7064232455927248
0.7064232455927248
0.24106017967390614
0.24106017967390614
0.7064232455927248
0.7064232455927248
0.6451523918196482
0.18694972687359696
0.24106017967390614
0.7064232455927248
0.24106017967390614
0.24106017967390614
0.7064232455927248
0.24106017967390614
0.24106017967390614
0.7064232455927248
0.7064232455927248
0.7110825799195233
0.7064232455927248
0.049506292163211174
0.7064232455927248
0.7064232455927248
0.7064232455927248
0.7064232455927248
0.8732291045199867
0.7064232455927248
0.24106017967390614
0.8732291045199867
0.24106017967390614
0.7064232455927248
0.24106017967390614
0.6700412714372072
0.7064232455927248
0.7349040949345649
0.7064232455927248
0.4360872127896296
0.7064232455927248
0.7064232455927248
0.24106017967390614
0.7064232455927248
0.7064232455927248
0.7064232455927248
0.24106017967390614
0.7064232455927248
0.24897528986449513
0.24106017967390614
0.24106017967390614
0.7064232455927248
0.24106017967390614
0.24106017967390614
0.7780664148615721
0.24106017967390614
0.7064232455927248
0.7064232455927248
0.7064232455927248
0.7064232455927248
0.7064232455927248
0.9343879532863995
0.7064232455927248
0.7064232455927248
0.7064232455927248
0.7064232455927248
0.7064232455927248
0.4966006890062115
0.8732291045199867
0.6700412714372072
0.7064232455927248
0.24106017967390614
0.7064232455927248
0.7064232455927248
0.7064232455927248
0.7064232455927248
0.7064232455927248
0.9343879532863995
0.7064232455927248
0.7064232455927248
0.7064232455927248
0.7064232455927248
0.7064232455927248
0.7064232455927248
0.7064232455927248
0.24106017967390614
0.9225679808434012
0.7064232455927248
0.7064232455927248
0.24106017967390614
0.6915696466552481
0.13307499261404349
0.7064232455927248
0.7064232455927248
0.24106017967390614
0.8732291045199867
0.24106017967390614
0.7064232455927248
0.6451523918196482
0.7064232455927248
0.7064232455927248
0.7064232455927248
0.4966006890062115
0.7064232455927248
0.24106017967390614
0.24106017967390614
0.7064232455927248
0.7064232455927248
0.7064232455927248
0.18694972687359696
0.7064232455927248
0.7064232455927248
0.7064232455927248
0.7064232455927248
0.24106017967390614
0.7064232455927248
0.43179952666150073
0.7064232455927248
0.24106017967390614
0.7064232455927248
0.7064232455927248
0.7064232455927248
0.7437167666506717
0.7064232455927248
0.7064232455927248
0.13307499261404349
0.7349040949345649
0.7064232455927248
0.7780664148615721
0.24106017967390614
0.7064232455927248
0.24897528986449513
0.23530303098959882
0.7064232455927248
0.6915696466552481
0.7064232455927248
0.24106017967390614
0.24106017967390614
0.7110825799195233
0.7064232455927248
0.7064232455927248
0.24106017967390614
0.7437167666506717
0.7064232455927248
0.24106017967390614
0.7064232455927248
0.7064232455927248
0.7064232455927248
0.8732291045199867
0.7064232455927248
0.24106017967390614
0.7064232455927248
0.049506292163211174
0.4360872127896296
0.7110825799195233
0.17659242301020456
0.7064232455927248
0.7064232455927248
0.24106017967390614
0.5008370537631731
0.7064232455927248
0.7064232455927248
