0.13184864301628696
0.7558265890350698
0.13184864301628696
0.4909762771300318
0.4909762771300318
0.6366251281733096
0.7408398223790567
0.1463840788260687
0.323889405116427
0.2987838563404184
0.6366251281733096
0.6738915753717735
0.8856385472259201
0.661606063506317
0.323889405116427
0.11218632009568585
0.604108636772025
0.6366251281733096
0.5048893725581847
0.7408398223790567
0.5640356013424477
0.2987838563404184
0.7546646627192407
0.733007950775876
0.17969737967659702
0.8421846676599207
0.6603467853468854
0.7558265890350698
0.1463840788260687
0.06215585923895256
0.4838103926880571
0.16739334279732856
0.14401531011338395
0.09272713188358232
0.25080855162628746
0.3220241694741254
0.7408398223790567
0.6115291815454627
0.8491463960080171
0.4652909476624985
0.7420657794175624
0.4838103926880571
0.6603467853468854
0.6603467853468854
0.8856385472259201
0.15399613163986325
0.6982240436074443
0.5411676070336667
0.284698918845814
0.9358083916783857
0.09272713188358232
0.9117216545491837
0.07237990394605776
0.10812495708517422
0.6951734202039974
0.604108636772025
0.30810258056714135
0.17659242301020456
0.9458618172848574
0.9225679808434012
0.09272713188358232
0.35888493715998887
0.16358880271623408
0.6761418401901985
0.396326105146636
0.6556605018877013
0.17892108597726444
0.17107420240672058
0.7856149697382437
0.661606063506317
0.6213714328721506
0.48774096107550524
0.4909762771300318
0.8605763251727728
0.7520638405728727
0.9240864937010471
0.5909860229012764
0.6546664326618381
0.7373011588407253
0.5650609623061499
0.23710327597230935
0.9098449646148599
0.3785753237038276
0.5909860229012764
0.06375291764762325
0.4552485242487386
0.34068679478828107
0.1841526323866526
0.7420657794175624
0.10812495708517422
0.5620922337763821
0.4652909476624985
0.3473367830416012
0.14401531011338395
0.2770193800790137
0.396326105146636
0.8435770133295399
0.5650609623061499
0.5957703963040959
0.15102800768618133
0.30810258056714135
0.6759934088235711
0.19638542649195875
0.19638542649195875
0.3220241694741254
0.10753970919663121
0.11218632009568585
0.15399613163986325
0.6625284741745521
0.9117216545491837
0.2987838563404184
0.049506292163211174
0.6619508313327778
0.5650609623061499
0.17892108597726444
0.6992409180752599
0.8819009127366122
0.661606063506317
0.3220241694741254
0.8643930901126406
0.3769757727861025
0.5447644553591807
0.16235108786542796
0.17107420240672058
0.35888493715998887
0.7871031781509676
0.734775246407068
0.4177908580094955
0.7496080941555662
0.7856149697382437
0.7591438097954057
0.6264050880582941
0.7679045423713773
0.9240864937010471
0.060803315447060025
0.284698918845814
0.3915923929447548
0.6433345912574349
0.5671592480220341
0.8524099162255329
0.3769757727861025
0.21550459963545965
0.8524099162255329
0.09272713188358232
0.8046595708109396
0.24176461682624173
0.6792190202983049
0.8055896689792899
0.5863275933022324
0.9343879532863995
0.17664100120502468
0.7558265890350698
0.6542227076897781
0.5639238852362601
0.7167795707778574
0.4966006890062115
0.8819009127366122
0.6213714328721506
0.2479594403641779
0.396326105146636
0.48774096107550524
0.6542227076897781
0.9653874090758913
0.7461455480507239
0.6772132662982725
0.9343879532863995
0.09110526317572465
0.7588802925689859
0.323889405116427
0.9633297929946818
0.6947175720575882
0.661069619181085
0.09076990988202455
0.3769757727861025
0.9225679808434012
0.8605763251727728
0.7679045423713773
0.1789494135765654
0.6915696466552481
0.1377845424414923
0.5640356013424477
0.6761418401901985
0.23710327597230935
0.8679605197649537
0.6213714328721506
0.6059885626865305
0.5957703963040959
0.7679045423713773
0.36137356210362703
0.20998122300142358
0.4966006890062115
0.7336541944138637
0.2987838563404184
0.20998122300142358
0.6941126376818395
0.16358880271623408
0.8435770133295399
0.15102800768618133
0.6556605018877013
0.7408398223790567
0.24176461682624173
0.061498110112654034
0.8754818148389265
0.25080855162628746
0.43179952666150073
0.6894821738283512
0.15082467276683523
0.6556605018877013
0.3972769426188416
0.733007950775876
0.8046595708109396
0.6982240436074443
0.6433345912574349
0.09110526317572465
0.5430449325809181
0.5437586490293247
0.7471248199312757
0.3223762413329516
0.6625284741745521
0.2830532556034963
0.06215585923895256
0.6653122259989802
0.6915696466552481
0.6619508313327778
0.2479594403641779
0.3769757727861025
0.7546646627192407
0.6456478416561023
0.06179671502914523
0.26029326930094554
0.7856149697382437
0.061498110112654034
0.3972769426188416
0.8055896689792899
0.7017279206964804
0.36137356210362703
0.8679605197649537
0.9458618172848574
0.8969835572949374
0.734775246407068
0.049506292163211174
0.4177908580094955
0.38648259856311595
0.17659242301020456
0.7211507715965981
0.7408398223790567
0.2633473088123953
0.5008370537631731
0.8140457028896588
0.767127626730608
