0.2350792490664065
0.7051702943680509
0.23512569622067464
0.70520219806462
0.7044236695725775
0.7054084864588296
0.7052211727883808
0.7052485606197485
0.23205274311260538
0.7054341431215856
0.7052128175127997
0.7051666576090656
0.23258179435170312
0.705255939918346
0.23558875580483382
0.7054700372816414
0.23694912728154727
0.705143844899126
0.2324086507138131
0.7052675039564944
0.7051702943680509
0.7052931237024994
0.7052211727883808
0.7049951780685566
0.705126944934436
0.705143844899126
0.7034282926566122
0.7051666576090656
0.2324086507138131
0.23646654595205757
0.7052021980646199
0.7051739311270362
0.7050784891945405
0.7054341431215856
0.23340229010575694
0.23036643544307114
0.7052670810532866
0.7050784891945405
0.23414848115591563
0.23568716059991623
0.23558875580483382
0.7056755502609731
0.7050660016511221
0.2303959317605992
0.23414848115591563
0.23054046813792256
0.23609733640824407
0.22768277556744967
0.7051537775561226
0.7050660016511221
0.22854867305317908
0.23221539320959553
0.23036643544307114
0.7054700372816414
0.6819673671203246
0.7057487737988635
0.251544276312907
0.17659242301020456
0.2340095430396631
0.9225679808434012
0.09134437643346532
0.36974483458852436
0.7057488656163291
0.7052648528262985
0.22986872551091825
0.22986872551091825
0.705476950372709
0.23036643544307114
0.704878907648419
0.7054341431215856
0.7052463573085336
0.43261938782798737
0.593421078567766
0.7367184493800825
0.7061401377456601
0.7052763506097379
0.2286905869844227
0.23646654595205757
0.7052485606197485
0.7048668181003274
0.2285611415495994
0.7051680088960657
0.7057488656163291
0.7044588799282435
0.06375291764762325
0.7051702943680509
0.7035324972421129
0.22975684319797626
0.7034763601535686
0.7051668118672124
0.7052128175127997
0.23568716059991623
0.23065836516956112
0.7050784891945405
0.22975890250286132
0.2348941746320436
0.704985543828884
0.7048901285231901
0.6451523918196482
0.1624193178638485
0.2576416689872695
0.7052211727883808
0.2290125151751868
0.2290125151751868
0.7046227765190078
0.22854867305317908
0.23221539320959553
0.1977555862327739
0.7060480613519569
0.8233525401725246
0.7109918912367392
0.049506292163211174
0.7048901285231901
0.7048668181003274
0.7054084864588296
0.23609733640824407
0.8732291045199867
0.705551273729874
0.251544276312907
0.8732291045199867
0.3769757727861025
0.593421078567766
0.2576416689872695
0.5799625772261343
0.36974483458852436
0.7574737362895978
0.7109918912367392
0.4360872127896296
0.7367184493800825
0.7049865327801852
0.7056755502609731
0.7060480613519569
0.7514997509983298
0.7052763506097379
0.23002761524009804
0.23054046813792256
0.2998548527178934
0.23237804330658568
0.2286905869844227
0.8524099162255329
0.3769757727861025
0.1977555862327739
0.8524099162255329
0.22759515769164318
0.7050599533936197
0.6927207151739231
0.7047403779019871
0.7905655047694791
0.7035324972421129
0.9343879532863995
0.7034763601535686
0.7056755502609731
0.7061401377456601
0.7053621245753211
0.7052349024978867
0.4966006890062115
0.8732291045199867
0.5799625772261343
0.7057487737988635
0.22986872551091825
0.43261938782798737
0.6938217705311193
0.7050629433227752
0.7140259515772098
0.7048638546865816
0.9343879532863995
0.23347403898339214
0.7050629433227752
0.23609733640824407
0.7053079200519146
0.7044236695725775
0.6938217705311174
0.704985543828884
0.3769757727861025
0.9225679808434012
0.7054170202745363
0.7514997509983298
0.2293443464923625
0.6915696466552481
0.13307499261404349
0.704724056261794
0.7052648528262985
0.2348941746320436
0.8732291045199867
0.23329466678930413
0.6819673671203246
0.6451523918196482
0.7514997509983298
0.2516129060617287
0.20184594104012035
0.4966006890062115
0.7905655047694791
0.2290125151751868
0.20184594104012035
0.7051271840064
0.2293443464923625
0.704724056261794
0.1624193178638485
0.7051668118672124
0.7043764475080381
0.6927207151739231
0.2296395656370599
0.23329466678930413
0.23340229010575694
0.43179952666150073
0.7048849524224647
0.22975684319797626
0.7047853512353361
0.7140259515772098
0.7049951780685566
0.7564689107452026
0.23449031211731358
0.7049921619451619
0.13307499261404349
0.7574737362895978
0.6318151672915591
0.7034282926566122
0.43261938782798737
0.7060480613519569
0.2998548527178934
0.09134437643346532
0.2303959317605992
0.6915696466552481
0.7055140489040345
0.23366347970018203
0.3769757727861025
0.7645754403628199
0.6318151672915591
0.23439614662440633
0.2350792490664065
0.7564689107452026
0.2296395656370599
0.23262508026117565
0.7905655047694791
0.7060053791267589
0.2516129060617287
0.8732291045199867
0.6938217705311193
0.22975890250286132
0.7044236695725775
0.049506292163211174
0.4360872127896296
0.7645754403628199
0.17659242301020456
0.7052670810532866
0.7052349024978867
0.23262508026117565
0.5008370537631731
0.7050599533936197
0.7043764475080381
