0.13184864301628696
0.25080855162628746
0.13184864301628696
0.5623062038433732
0.4652909476624985
0.6669051988462149
0.8407923219903014
0.5125293889789674
0.4844923482674969
0.5639238852362601
0.5639238852362601
0.16358880271623408
0.8856385472259201
0.6590776547009554
0.323889405116427
0.5201694053997501
0.6622857451486409
0.7050727722849288
0.5048893725581847
0.3915923929447548
0.5640356013424477
0.323889405116427
0.7546646627192407
0.09582053815309632
0.17969737967659702
0.8407923219903014
0.6603467853468854
0.7790471343574215
0.23061229841318484
0.06215585923895256
0.49307011520083643
0.16739334279732856
0.18609658292435405
0.17903439637446822
0.25080855162628746
0.34068679478828107
0.7211507715965981
0.5573852009716251
0.8856385472259201
0.4652909476624985
0.7472788703565336
0.49307011520083643
0.6603467853468854
0.6603467853468854
0.8856385472259201
0.15399613163986325
0.6992409180752599
0.5411676070336667
0.29213526709293103
0.9358083916783857
0.09110526317572465
0.9780589146450649
0.07237990394605776
0.10812495708517422
0.6951734202039974
0.52103022700387
0.30810258056714135
0.17659242301020456
0.9458618172848574
0.9225679808434012
0.08299753777753055
0.35888493715998887
0.16358880271623408
0.7015388154250451
0.3519491515396149
0.35382484060636876
0.19288872630881349
0.14925967850462768
0.34068679478828107
0.6735536938741683
0.6669523923880496
0.48774096107550524
0.49814216157200647
0.8605763251727728
0.7520638405728727
0.9240864937010471
0.6273407139019549
0.6559850552962048
0.7373011588407253
0.5822666489845152
0.23710327597230935
0.9098449646148599
0.3519491515396149
0.554631331900598
0.06375291764762325
0.5125293889789674
0.34068679478828107
0.1331100583605046
0.7368526884785911
0.10812495708517422
0.558428930856626
0.4652909476624985
0.3473367830416012
0.18609658292435405
0.2770193800790137
0.43657951106121873
0.8309003203990656
0.5125293889789674
0.6622857451486409
0.1440142926385468
0.30810258056714135
0.6735536938741683
0.19638542649195875
0.19638542649195875
0.34068679478828107
0.10753970919663121
0.13326737701564706
0.15399613163986325
0.5950285021394158
0.9780589146450649
0.8822118935536877
0.049506292163211174
0.2006641295970304
0.657667713685196
0.17852449958705127
0.6992409180752599
0.8750953790695796
0.6609165278533955
0.34068679478828107
0.8750953790695796
0.3769757727861025
0.5447644553591807
0.15987565816381574
0.19288872630881349
0.35888493715998887
0.7871031781509676
0.7998766750068788
0.4177908580094955
0.7496080941555662
0.6950200392454625
0.7790471343574215
0.6891582598960506
0.06215585923895256
0.9240864937010471
0.060803315447060025
0.29382704314415775
0.3915923929447548
0.6433345912574349
0.5671592480220341
0.8558183324140702
0.3769757727861025
0.21550459963545965
0.8558183324140702
0.08299753777753055
0.8140457028896588
0.24176461682624173
0.6792190202983049
0.8591154973857071
0.5863275933022324
0.9343879532863995
0.17664100120502468
0.7790471343574215
0.6891582598960506
0.5639238852362601
0.7703178829768479
0.4966006890062115
0.8958413057082706
0.6267489209978364
0.2479594403641779
0.43657951106121873
0.48774096107550524
0.6533478100274714
0.9653874090758913
0.6950200392454625
0.6808728387223767
0.9343879532863995
0.09110526317572465
0.7588802925689859
0.323889405116427
0.9633297929946818
0.6950200392454625
0.6533478100274714
0.09076990988202455
0.3769757727861025
0.9225679808434012
0.8605763251727728
0.7837452441698818
0.17903439637446822
0.6915696466552481
0.1377845424414923
0.5640356013424477
0.7015388154250451
0.23710327597230935
0.8750953790695796
0.5822666489845152
0.6164256762023627
0.5959893434374937
0.7520638405728727
0.40680309700149014
0.20998122300142358
0.4966006890062115
0.7336541944138637
0.2736783075644097
0.20998122300142358
0.6922978345545937
0.16358880271623408
0.8407923219903014
0.15804172273381586
0.6656731621193002
0.8036774474852086
0.24176461682624173
0.06179671502914523
0.8754818148389265
0.25080855162628746
0.43179952666150073
0.7050727722849288
0.13326737701564706
0.35382484060636876
0.3972769426188416
0.7547974226097196
0.7952734387322205
0.6951734202039974
0.6433345912574349
0.09110526317572465
0.4844923482674969
0.5437586490293247
0.7481040918118274
0.3223762413329516
0.5950285021394158
0.2830532556034963
0.06215585923895256
0.6992409180752599
0.6915696466552481
0.6780334037321145
0.2479594403641779
0.3769757727861025
0.7546646627192407
0.6631285982742036
0.06179671502914523
0.26029326930094554
0.9202379154551042
0.06119950519616284
0.3972769426188416
0.7520638405728727
0.7017279206964804
0.315944027205764
0.8429885121987627
0.9458618172848574
0.8969835572949374
0.7998766750068788
0.049506292163211174
0.4177908580094955
0.455549492610118
0.17659242301020456
0.7211507715965981
0.6669051988462149
0.2633473088123953
0.5008370537631731
0.8140457028896588
0.8036774474852086
