0.14409805596965652
0.8022478658668266
0.6035937864724358
0.6109115759822854
0.6233755332858083
0.6210600023157825
0.19225128231864297
0.07528168347469111
0.9140095428386821
0.95209563333095
0.49725877028432997
0.4381230640603926
0.12559539023342248
0.5479073092306966
0.06865265553487443
0.7604591789234305
0.7002512440180962
0.7975442938298603
0.48960933971661935
0.8181957784829629
0.5951236664367371
0.25041014582959464
0.8928204099799618
0.08698547052959293
0.27865422459648215
0.8310654030244178
0.5788353896586638
0.7825580941582577
0.21868781161849982
0.06192429874031924
0.4929237256731571
0.044354633713927005
0.21417976564850383
0.12050346356644237
0.2160003683428271
0.29589562664771396
0.1843679461524017
0.49371039962746766
0.5060944613368172
0.4045223677306692
0.7681312341124188
0.43689161017861367
0.6911139557156106
0.7364519159516695
0.9875373327993113
0.15528874266489812
0.10465560577659971
0.5411676070336667
0.29213526709293103
0.9358083916783857
0.8498749054263006
0.9901186228051632
0.07237990394605776
0.0293887587201207
0.6780899291446951
0.4983018049784155
0.3008615515669205
0.23286063786800038
0.9922955173495638
0.9850263041589365
0.040438332309477465
0.3753440039201442
0.22279446578674256
0.6068040710240207
0.29251826898904676
0.17019570673651463
0.8751568897502738
0.18166111441923116
0.11646389448046368
0.5434066164435807
0.6262563335281687
0.5548572473364075
0.4719289762381522
0.7185123919197185
0.804420450966524
0.3910994793931384
0.2689019633234171
0.6112845351883684
0.7642759314201086
0.8863902076274696
0.2354838392825369
0.925796594677031
0.2673187920180111
0.554631331900598
0.06375291764762325
0.5787405951112221
0.29241387080065295
0.01612050744824045
0.6825351302244493
0.2899912232994696
0.5429198389096372
0.8563145882297192
0.41162031047970604
0.11184756817974684
0.2770193800790137
0.44843793475730354
0.6213919000989104
0.21734578172716257
0.7515222822243575
0.8956034355286725
0.3802770733051296
0.6443964853955871
0.960097865338866
0.17739199651888948
0.32881077296547245
0.11122939607224502
0.11187528598696594
0.12449145656974592
0.646650748022479
0.9659992064849667
0.7883671190919661
0.015114161725648279
0.2006641295970304
0.657667713685196
0.23164836307256376
0.971424560444518
0.8148335529790676
0.2844005045790925
0.40083574059871774
0.5764356843913435
0.9536324254741816
0.522956769885963
0.9724483110248833
0.11725259069958471
0.3424258703998335
0.7871031781509676
0.9760566680154092
0.3386183264252054
0.7496080941555662
0.7383651713353623
0.7280411822362725
0.5312179613470288
0.514014595996489
0.9223763927250632
0.03259193739957145
0.29382704314415775
0.410937431054353
0.6422860319875618
0.5570675088771548
0.8520895975677877
0.469505790397455
0.21550459963545965
0.8595470672603527
0.05587459407511952
0.8756527974076248
0.25148038967492803
0.7226534471033433
0.8591154973857071
0.5863275933022324
0.9495910785054967
0.12144288613307819
0.8054037763074466
0.9973332233440411
0.6000531900442425
0.7224399874707329
0.4782548741460857
0.9580790856243437
0.6364290342261041
0.30954745450688004
0.40181139346468475
0.420624674814603
0.700685575404041
0.9653874090758913
0.7349425698546802
0.7297085324146797
0.9191848280673023
0.4900973650923789
0.7573014062145415
0.31537300534833745
0.9860248234596746
0.6419358311230822
0.6362444856790906
0.19441328733626606
0.28444575517475
0.8601096575278658
0.9383048498012483
0.15505285710803962
0.22921822981790207
0.6388843734545115
0.1377845424414923
0.5047338391491947
0.7977383638395432
0.23872271266208178
0.3795190661282234
0.691751196137573
0.5006139734711693
0.6442972085931369
0.7469364402022929
0.3304952140602938
0.1840980601729436
0.5149465038663373
0.6697640949978673
0.32816042431871717
0.2851779685410498
0.7382001309811167
0.09498395957388506
0.7918578728259459
0.16864462475199704
0.18052053580369554
0.06077756537008405
0.2413032221683683
0.8843418334979408
0.9487157638110263
0.24767786421111537
0.4317995266615008
0.28175780514720283
0.38728711962111095
0.3267271488090592
0.42230653040252664
0.8383177660231499
0.7577289104173436
0.698794364179901
0.6443831505273078
0.1314124895780724
0.20323032230960003
0.5814228367218321
0.7569705721323766
0.3223762413329516
0.6537642456920579
0.29163084679006857
0.06238741973758588
0.7094494668616488
0.7442549198559848
0.7125916466796368
0.2791657123812116
0.05718698426296287
0.7080788045460633
0.631632743908729
0.06170525235144564
0.23484787055070655
0.9202379154551042
0.08264640541562185
0.07293633506204078
0.18732074780396513
0.7084009694013741
0.315944027205764
0.899298430638153
0.8994281172201509
0.8969835572949374
0.8440941585469287
0.08389842260077407
0.4969633895937856
0.43320960877737014
0.12032420815240874
0.740762727768151
0.925440079411471
0.2633473088123953
0.5008370537631731
0.8042878277887306
0.8074782199635385
