0.13184864301628696
0.17664100120502468
0.13184864301628696
0.49307011520083643
0.4759145813341573
0.6656731621193002
0.4759145813341573
0.2830532556034963
0.49307011520083643
0.697613918926755
0.5661834768301203
0.16855794601934201
0.1288505629310344
0.7481040918118274
0.3204137415856562
0.7588802925689859
0.6656731621193002
0.6707622898094935
0.48960933971661935
0.7491795326065602
0.5476814782818505
0.2728362693158867
0.7546646627192407
0.09582053815309632
0.22802311055768584
0.8309003203990656
0.5788353896586638
0.7825580941582577
0.21868781161849982
0.06215585923895256
0.49307011520083643
0.1440142926385468
0.1331100583605046
0.17852449958705127
0.2318391162769712
0.7368526884785911
0.656167517676854
0.5573852009716251
0.52103022700387
0.4759145813341573
0.7472788703565336
0.49307011520083643
0.6626583222013404
0.7364519159516695
0.9357629913322145
0.15399613163986325
0.704121915520775
0.5411676070336667
0.29213526709293103
0.9358083916783857
0.08299753777753055
0.9780589146450649
0.07237990394605776
0.10812495708517422
0.691105922332735
0.52103022700387
0.30810258056714135
0.17659242301020456
0.9458618172848574
0.9225679808434012
0.08299753777753055
0.35888493715998887
0.15668954391468204
0.7269529407581986
0.739237611491278
0.35382484060636876
0.17664100120502468
0.14925967850462768
0.34662480569968535
0.6645942741582758
0.6669523923880496
0.48774096107550524
0.46671943452649195
0.8012505208924181
0.7832880176526854
0.9240864937010471
0.2689019633234171
0.6559850552962048
0.7373011588407253
0.8863902076274696
0.23710327597230935
0.9098449646148599
0.2673187920180111
0.554631331900598
0.06375291764762325
0.5556682980957895
0.34662480569968535
0.1331100583605046
0.7368526884785911
0.10812495708517422
0.5429198389096372
0.47591458133415737
0.41162031047970604
0.13426855604721444
0.2770193800790137
0.40579818580582483
0.8309003203990656
0.4846705127037107
0.739237611491278
0.1440142926385468
0.30810258056714135
0.6645942741582758
0.19638542649195875
0.19638542649195875
0.32881077296547245
0.10753970919663121
0.13326737701564706
0.15399613163986325
0.5950285021394158
0.9780589146450649
0.8822118935536877
0.049506292163211174
0.2006641295970304
0.657667713685196
0.17852449958705127
0.9406347625296889
0.8336035257921975
0.625857474847317
0.34662480569968535
0.5764356843913435
0.3769757727861025
0.5447644553591807
0.16855794601934201
0.14925967850462768
0.35888493715998887
0.7871031781509676
0.7998766750068788
0.4177908580094955
0.7496080941555662
0.6575018068957856
0.7491795326065602
0.5950285021394158
0.06215585923895256
0.9240864937010471
0.053252308539481194
0.29382704314415775
0.410937431054353
0.6422860319875618
0.5570675088771548
0.8520895975677877
0.3769757727861025
0.21550459963545965
0.8595470672603527
0.08299753777753055
0.7952734387322205
0.24176461682624173
0.7226534471033433
0.8591154973857071
0.5863275933022324
0.9343879532863995
0.17664100120502468
0.8054037763074466
0.9973332233440411
0.5661834768301203
0.7703178829768479
0.4966006890062115
0.9580790856243437
0.6364290342261041
0.2943565834440458
0.40579818580582483
0.48774096107550524
0.6559850552962048
0.9653874090758913
0.7349425698546802
0.6808728387223767
0.9343879532863995
0.09921298857391873
0.7588802925689859
0.3204137415856562
0.9633297929946818
0.6419358311230822
0.6397966589225066
0.11938396052509653
0.3769757727861025
0.9225679808434012
0.8697776853468332
0.7842024706870783
0.22921822981790207
0.6915696466552481
0.1377845424414923
0.5047338391491947
0.7269529407581986
0.23710327597230935
0.8336035257921975
0.6669523923880496
0.6164256762023627
0.6442972085931369
0.7832880176526854
0.3204137415856562
0.14095532707437888
0.4966006890062115
0.7336541944138637
0.2728362693158867
0.2851779685410498
0.6575018068957856
0.15668954391468204
0.8309003203990656
0.1440142926385468
0.6656731621193002
0.8036774474852086
0.24176461682624173
0.06438072402629805
0.8754818148389265
0.23183911627697124
0.43179952666150073
0.7373011588407253
0.13326737701564706
0.35382484060636876
0.42230653040252664
0.8383177660231499
0.7952734387322205
0.697613918926755
0.6443831505273078
0.09921298857391873
0.20323032230960003
0.5437586490293247
0.7481040918118274
0.3223762413329516
0.5950285021394158
0.2830532556034963
0.06215585923895256
0.697613918926755
0.6915696466552481
0.7125916466796368
0.2943565834440458
0.3769757727861025
0.7546646627192407
0.6631285982742036
0.06438072402629805
0.23484787055070655
0.9202379154551042
0.06358249410943606
0.07293633506204078
0.7832880176526854
0.7017279206964804
0.315944027205764
0.8429885121987627
0.9458618172848574
0.8969835572949374
0.7998766750068788
0.049506292163211174
0.4177908580094955
0.455549492610118
0.17659242301020456
0.740762727768151
0.6707622898094935
0.2633473088123953
0.5008370537631731
0.8328179670470972
0.8036774474852086
