0.2970319755875518
0.2358094327148159
0.27304738734665684
0.3543589818162533
0.28173506897500367
0.07287604389880235
0.16761543857446562
0.17576146337538473
0.10491268857151288
0.10740583498328805
0.288337546187891
0.14642830743894983
0.1456828197087556
0.19522009320595266
0.13139361714132858
0.15285620871915698
0.3692566246411112
0.2731699139960571
0.21251409337482416
0.2516303889436709
0.12142974492851177
0.09848915902413463
0.052212973985482705
0.10918608462605942
0.25920782731685876
0.18203616612388937
0.06700045026776495
0.0886535483049991
0.07073389984969218
0.25825742818487246
0.1049424288262303
0.08211899087590792
0.052374316014507684
0.040194169008408456
0.08158177733660889
0.08538462951778947
0.13723524683400345
0.17748582344496144
0.31639617573057427
0.2944961171027117
0.2467433659122955
0.25796709985406047
0.078517359564136
0.08544449056354127
0.19101045207189218
-0.14489422016908515
-0.24517163986667015
0.21420690008485915
0.11409490045456491
0.22570287717598742
0.4033142966850079
0.11919641692251094
0.33384407508116687
0.19981667675527462
0.2102515314281024
0.04217934281110233
0.1763692957046588
0.2887030737951203
0.23171446715424251
0.014094894319886097
0.42568294435639037
0.11621189432319473
0.13592556481689466
0.03784524130817011
0.32313247482620855
0.06676870336635181
0.22522455134577368
0.28862215540265096
0.16590391482890068
0.08388783406018556
0.14055753143785438
0.21487662193166063
0.19632064826519285
0.3052546907087032
0.20677402841779066
0.003069312717191662
0.33469758930356897
0.03463166382631039
0.1463346204553963
0.1999750223220778
0.2677431936071064
0.010064906102638846
0.23257232614484633
0.27801977424114577
-0.014407416235249734
0.3183121594541315
0.18886537197030795
0.1478001753541519
0.10203884860037266
0.3793582260902528
0.04229850322282166
0.08271926793938689
0.15200186113264802
0.18545233028910335
0.2298062630931936
0.2080438766709552
0.03410615456004562
0.2544573392439314
0.23427980658439082
0.24287927519080177
0.1800329247499281
0.03099035682750877
0.07515533824576077
0.10967505690922622
0.234129978552567
0.32269381610763326
0.1076831890335564
0.08405502752581782
0.28648123975434525
0.032414019355207165
0.3063559240334986
0.1703021463546347
0.1390749461021939
0.2500511877338465
0.06993920533670717
0.2273357913799656
0.2098466654075723
-0.06175233513332261
0.30796917260653567
0.13690342664269908
0.16074507111494682
0.13016111915241435
0.2105298138495946
0.2686138625160207
0.0912089354652764
0.22320432240365978
0.2880104201139962
0.1660114135452689
0.17174072556997674
0.05210142794242801
0.20211451548552037
0.08802550756764196
0.15612626288650358
0.32763389041217905
0.17550793766407938
0.060311918946680185
-0.01016373286661164
0.01853571772503993
0.11929392350475988
0.18893236718612164
0.18971765677933106
0.16434713030543574
0.3269575926642902
0.061461033033485185
0.2948328316690274
0.3735283317643696
0.11433978453789076
-0.06565515834522793
0.2554006140735107
-0.09398604047587476
0.08268880886394947
0.20304149453814915
0.024443962686526023
0.2349506287469056
0.17598234492131226
0.10683055091063391
0.20637267482504873
0.1821327126287054
0.31290657389256926
0.1341397732733937
0.263884520659291
0.14225877659132918
-0.012515177054686062
0.3202652781068121
0.07477140029972335
-0.0420267862106125
0.18663777296993697
0.3642009938491352
0.026880613655649442
0.24759595946657592
-0.05545030742708695
0.08216630793699564
0.19445640557660646
0.1421289453456895
0.06033587536683063
0.06714933751787329
0.23912620747244806
-0.16524882584529765
0.22712764390430087
-0.053554769609115246
0.30943070520216764
0.1576913211840698
0.20341304807713473
0.08797898821833122
-0.05081925158666503
0.09970805898731408
0.2887735619948784
0.049786961302760446
0.11519989689671711
0.06123236709745584
0.3473895864105918
0.18050342438973105
0.2168718962211187
0.19155824353101078
0.10166569872710576
0.3128728536772684
0.23139855271669812
0.03594293941458755
0.0643321052600338
0.3724391929594386
0.14896570879275925
-0.006361733061447627
0.1163137715936867
0.2503619021201015
0.2782853119951485
0.084045723131285
0.02865056220022465
0.053888538206190294
0.33593610538615765
-0.008762389105918412
0.19838804797171986
0.11839515202476672
0.07934878395338875
-0.1368770840155239
0.1452381040267305
0.041550405453989914
0.21127778837145322
0.3371819027525059
0.1581476815262496
0.07800851552689266
-0.12321971088798497
0.15453659822322957
0.07077019676385102
0.2448966412018229
-0.06025879357205342
0.1948886331803268
-0.02453724674688783
-0.05057685502261694
-0.07568826243753339
0.13711740452581875
-0.269425119602312
0.2310282306336402
0.13807859828476676
0.19615475080113473
0.30768502828696315
0.12369806134152836
-0.13955739263827205
-0.007197062136947435
0.08388767103765761
0.24136825737479767
0.2312005801800576
0.020889975283232578
0.12030304770735605
-0.07229080618062712
0.13867826049906382
0.15763823368437754
0.15142208371612306
0.20117383835754313
0.35878815719477186
0.20218193978305246
