0.2823952453581443
0.7417290213844274
0.7417290213844275
0.7417290213844296
0.2823952453581443
0.7417290213844252
0.7417290213844228
0.2823952453581443
0.7417290213844285
0.2823952453581443
0.2823952453581443
0.2823952453581443
0.2823952453581443
0.2823952453581443
0.2823952453581443
0.7417290213844231
0.2823952453581443
0.2823952453581443
0.2823952453581443
0.2823952453581443
0.7417290213844295
0.2823952453581443
0.2823952453581443
0.2823952453581443
0.7417290213844296
0.2823952453581443
0.7417290213844241
0.7417290213844282
0.7417290213844279
0.7417290213844264
0.741729021384429
0.2823952453581443
0.2823952453581443
0.2823952453581443
0.2823952453581443
0.2823952453581443
0.2823952453581443
0.741729021384444
0.7417290213844263
0.2823952453581443
0.2823952453581443
0.7417290213844303
0.7417290213844264
0.7417290213844291
0.2823952453581443
0.7417290213844304
0.741729021384427
0.4954779912998837
0.7417290213844288
0.7417290213844291
0.7417290213844361
0.2823952453581443
0.2823952453581443
0.2823952453581443
0.7417290213844283
0.2823952453581443
0.7417290213844322
0.2823952453581443
0.2823952453581443
0.2823952453581443
0.7417290213844246
0.2823952453581443
0.2823952453581443
0.7417290213844304
0.7417290213844363
0.2823952453581443
0.2823952453581443
0.7417290213844296
0.7417290213844285
0.7417290213844231
0.2823952453581443
0.2823952453581443
0.7417290213844283
0.2823952453581443
0.2823952453581443
0.2823952453581443
0.2823952453581443
0.2823952453581443
0.7417290213844285
0.7417290213844288
0.2823952453581443
0.2823952453581443
0.2823952453581443
0.2823952453581443
0.7417290213844283
0.2823952453581443
0.2823952453581443
0.2823952453581443
0.7417290213844285
0.741729021384426
0.2823952453581443
0.7417290213844281
0.2823952453581443
0.4954779912998837
0.7417290213844263
0.7417290213844295
0.7417290213844292
0.2823952453581443
0.7417290213844316
0.7417290213844281
0.7417290213844303
0.2823952453581443
0.2823952453581443
0.7417290213844266
0.2823952453581443
0.7417290213844294
0.2823952453581443
0.531924853877898
0.7417290213844275
0.2823952453581443
0.7417290213844283
0.2823952453581443
0.2823952453581443
0.2823952453581443
0.2823952453581443
0.4954779912998837
0.7417290213844301
0.7417290213844281
0.2823952453581443
0.7417290213844276
0.2823952453581443
0.7417290213844281
0.2823952453581443
0.2823952453581443
0.7417290213844274
0.2823952453581443
0.2823952453581443
0.2823952453581443
0.2823952453581443
0.2823952453581443
0.2823952453581443
0.2823952453581443
0.741729021384429
0.741729021384427
0.7417290213844282
0.2823952453581443
0.2823952453581443
0.7417290213844263
0.2823952453581443
0.7417290213844301
0.531924853877898
0.2823952453581443
0.2823952453581443
0.7417290213844272
0.741729021384431
0.7417290213844288
0.7417290213844292
0.2823952453581443
0.2823952453581443
0.2823952453581443
0.2823952453581443
0.2823952453581443
0.7417290213844282
0.7417290213844293
0.2823952453581443
0.7417290213844312
0.9508979574693155
0.7417290213844308
0.7417290213844293
0.7417290213844289
0.7417290213844332
0.2823952453581443
0.2823952453581443
0.2823952453581443
0.7417290213844298
0.7417290213844239
0.2823952453581443
0.2823952453581443
0.741729021384428
0.741729021384429
0.2823952453581443
0.2823952453581443
0.7417290213844268
0.7417290213844241
0.2823952453581443
0.4954779912998837
0.7417290213844404
0.2823952453581443
0.7417290213844291
0.7417290213844252
0.741729021384428
0.2823952453581443
0.7417290213844248
0.2823952453581443
0.7417290213844305
0.7417290213844268
0.7417290213844404
0.7417290213844312
0.7417290213844276
0.2823952453581443
0.2823952453581443
0.741729021384433
0.7417290213844295
0.2823952453581443
0.2823952453581443
0.2823952453581443
0.2823952453581443
0.7417290213844285
0.7417290213844266
0.2823952453581443
0.7417290213844289
0.7417290213844294
0.2823952453581443
0.2823952453581443
0.7417290213844223
0.741729021384429
0.7417290213844292
0.2823952453581443
0.7417290213844285
0.7417290213844223
0.2823952453581443
0.741729021384428
0.2823952453581443
0.2823952453581443
0.2823952453581443
0.2823952453581443
0.2823952453581443
0.741729021384428
0.2823952453581443
0.7417290213844274
0.7417290213844294
0.2823952453581443
0.2823952453581443
0.2823952453581443
0.2823952453581443
0.2823952453581443
0.7417290213844256
0.2823952453581443
0.2823952453581443
0.7417290213844274
0.2823952453581443
0.2823952453581443
0.2823952453581443
0.7417290213844303
0.2823952453581443
0.7417290213844268
0.7417290213844194
0.7417290213844295
0.7417290213844274
0.7417290213844295
0.2823952453581443
0.9508979574693155
0.2823952453581443
0.7417290213844299
0.2823952453581443
0.7417290213844294
0.7417290213844303
0.7417290213844363
0.2823952453581443
0.2823952453581443
