0.295189819865238
0.2285546919264314
0.2609205639236708
0.34431219915674066
0.27514553384908064
0.08071287583228602
0.16491860380617554
0.16630619805829294
0.09527448637015634
0.10516139917650782
0.28281680218948785
0.14735183059890122
0.14667835237564603
0.19389764260312917
0.13399472484114247
0.15147659514098932
0.37866825766399537
0.26295580686000286
0.14146996804741774
0.25985309483411895
0.11522750624273466
0.09097710821868489
0.050951609008262365
0.09587204268301006
0.26234954429228313
0.17287608781898364
0.06796440110557175
0.08882257393988856
0.06201051093782999
0.2600534020240754
0.0882386858563055
0.08673477450338458
0.05916840677705528
0.033777908409501574
0.08206648385169275
0.08659362850689165
0.1347201385641695
0.16026363452288056
0.24746947899264216
0.27650072451573776
0.25891107618120673
0.24057633693077846
0.08219668488559356
0.08230697698860322
0.1952986638283192
-0.14379443290801588
-0.24514768803326242
0.21198604170124977
0.10509359510759998
0.2157204297263722
0.4031790468719114
0.11315345747915244
0.3315375152899521
0.21920143057793764
0.2147022059045129
0.046639598588528036
0.1619682447660317
0.29083169554569244
0.22703339646378531
0.012676333114249856
0.42649227507029386
0.09275131189119432
0.1471585158774512
0.035115479395758695
0.3152885903348726
0.0485684558770337
0.2192322594590885
0.290381608285281
0.16640822625704646
0.10026771340653069
0.1407222630720926
0.23592602750233213
0.19357508478248286
0.3101187294862034
0.1887703404713006
-0.014064642004047796
0.3394695017519134
0.033577228197252146
0.14647786370056523
0.18350907010657197
0.2620581891990732
0.028485932207200932
0.23959365575348304
0.2772568443879175
-0.0021254214789720883
0.3314986723550009
0.19094928686707455
0.14814018914312002
0.09444228847198348
0.3591501017599572
0.04550519560994636
0.0828568068044951
0.14733704492148436
0.19873477724745509
0.22883319061317267
0.2139053846951216
0.059823811822098075
0.2733771885276679
0.22207044352642205
0.2616109587007618
0.18212317462836564
0.03275301076141689
0.07316623169718577
0.10092606822467173
0.2249105673857208
0.3283383848253216
0.10893081917242167
-0.02613627902106504
0.29414132030969764
0.03452683054014602
0.3052681791371328
0.17332603147686929
0.1489598823978713
0.2470457776224637
0.07154569952588892
0.20843225864505496
0.20694915879903572
-0.05697910066277203
0.30783881938512975
0.14682290634721792
0.15889818190345228
0.12462051059874622
0.17875433590877923
0.2699319047462113
0.09158985033326614
0.2428396339139818
0.2890914764987777
0.17116971714001755
0.17328308454805114
0.04479297031621377
0.2063240836341638
0.06553990333784944
0.15643472329898067
0.32621140753990135
0.16418859498552082
0.06268868991474931
-0.011700466927088272
0.012148704018058343
0.1141399014310551
0.14560965052777394
0.21620506313231933
0.1556654539845768
0.33047754964695414
0.06067984656754068
0.28842588916185125
0.3750781086676899
0.21700170150524112
-0.06161496908146458
0.27701907691462346
-0.09526032780227084
0.0904270382547957
0.20771179345538207
0.02795125948307892
0.22954715067502263
0.17796231284387662
0.1275393140846598
0.20292860012667766
0.08742215090402297
0.30974459193773324
0.13819090861759775
0.2559586900034094
0.13927176668481345
-0.013283095402711451
0.3111378865913921
0.08502550630582337
-0.042037458323860216
0.19910205254070568
0.3660987786170141
0.026933330919445303
0.2493805061192903
-0.05680609525690351
0.07574015617517144
0.17073012996027181
0.139064623698416
0.05016211810359698
0.06555452152681199
0.22712850472257506
-0.15946108363502356
0.24937217697171443
-0.047359572931559756
0.31325453059183855
0.15060953455378012
0.2059437530868141
0.11474267426522555
-0.049240960828495814
0.09689836828957492
0.2730216714608476
0.030014270828212553
0.11873767082571468
0.05040563000132907
0.3438476358759924
0.1874446940946468
0.1972546507220374
0.20627223065746997
0.12402693632379692
0.2935707136974853
0.2276346152579874
0.03879851453315014
0.06123819595030278
0.37222994118049274
0.16511640766412747
0.002592820121976788
0.11339880226989515
0.2490333646067418
0.27052894043787373
0.08118986533516212
0.023819200881368036
0.05989661247157709
0.33747349254076575
-0.00010790910603491674
0.19909611329371854
0.12662569275196559
0.07878939132498214
-0.11461860514080915
0.18523293875995583
0.045551703297122395
0.20144387775455425
0.3313140670054871
0.14835247025882853
0.07778567859292845
-0.1237836109620911
0.15235953644818195
0.07389086319723995
0.2359129714341875
-0.06949028414987274
0.19766147646679819
-0.03939689201806056
-0.08827511153563833
-0.07646614756122937
0.14248818143904518
-0.26460100932125125
0.2243860176353593
0.12557792170344642
0.19720078179890393
0.3322652868230264
0.11889307563987322
-0.13979142318773194
-0.0033872945593957037
0.08407463337431081
0.23208814044006804
0.2335884583421024
0.020804216758111654
0.118612908002113
-0.07250988040037334
0.1333466930193629
0.1544186685630555
0.15375857279862468
0.20731600334881586
0.34033629904172163
0.19368637595507235
