0.3577521575932552
0.7053639153633426
0.6770297085481229
0.8066909157212099
0.18124424873742656
0.8683911918038912
0.6728279047116191
0.3930780235951552
0.8356656292150821
0.0652479550724363
0.19876238704073007
0.15638817342941755
0.19226849611857122
0.23767561092792494
0.6379902878997867
0.6882082190628691
0.08853322995337712
0.41217104412937394
0.1129084092224999
0.46118249153170504
0.8822328472765493
0.10672468385796503
0.33384372967614073
0.08853322995337712
0.7809987674982607
0.353350623980798
0.8712619199965974
0.6065604170896931
0.6041889760182426
0.8037038308865847
0.9281240230151669
0.04076053563325455
0.4509754975254906
0.1966803736454012
0.027949245387971833
0.07297029549992617
0.4551112473148118
0.6065604170896931
0.7776834848054937
0.3417101174696292
0.07917022488388667
0.5569308030428275
0.9542849285649495
0.8826839361716907
0.25539305065956
0.9951556022865811
0.9617989437374371
0.6123523009452378
0.5988789907117535
0.6123523009452378
0.6770297085481229
0.3712014983538883
0.3870908726621865
0.4840855246908171
0.36852207386807634
0.1656766773295169
0.36160127785153495
0.25539305065956
0.36122569991768305
0.05624470562277334
0.6324255035511798
0.06884626723287723
0.3002026400751312
0.9147831991461983
0.6789368059235418
0.36091880763334094
0.5569308030428275
0.6850938182755453
0.6788352374299944
0.5410697337973419
0.10854669862671237
0.4694821082765153
0.6710890779777732
0.19328390754706853
0.27077222812446294
0.3997057756960469
0.14052701026268455
0.2288299326242052
0.6943100211387158
0.6990125458961804
0.15049462524735002
0.6031131992255442
0.18216546543536177
0.3164020721487475
0.8785200269567272
0.6379902878997867
0.3002026400751312
0.31094027118698014
0.7427475270612325
0.49977077534456144
0.5199488305006846
0.9617989437374371
0.1966803736454012
0.4551112473148118
0.8037038308865847
0.48922842882858064
0.6642991269007682
0.4233569352026214
0.7435408211952088
0.6829230560595227
0.7466544503253658
0.1736224691415269
0.10854669862671237
0.7269437691413074
0.46118249153170504
0.8483029863047165
0.0652479550724363
0.5199277678547303
0.6291810629042813
0.47792388681460707
0.771960499802345
0.21884370214438043
0.4501383395749263
0.23163528248301132
0.1656766773295169
0.4694821082765153
0.7269437691413074
0.9054770780486388
0.18800911090253464
0.8785200269567272
0.23163528248301132
0.9116887869556544
0.4641404784763114
0.405501096042054
0.8197218989307558
0.19226849611857122
0.33384372967614073
0.15638817342941755
0.2288299326242052
0.05536582983618632
0.4016582360784118
0.41217104412937394
0.7481688564961846
0.6992617686122046
0.596622229920025
0.4115301443590879
0.07335851995689885
0.6548641169969011
0.2364779618162362
0.49977077534456144
0.6648523933461163
0.19328390754706853
0.3577521575932552
0.8066909157212099
0.831250924849101
0.6807208552676178
0.6137413044026823
0.27077222812446294
0.42559291870566834
0.5027157441725306
0.4641404784763114
0.28556187545992257
0.6324255035511798
0.6291810629042813
0.5389658603138823
0.7053639153633426
0.9496446177610298
0.8905571327426421
0.8799994166043705
0.8438462112813375
0.7466544503253658
0.4570927401772709
0.4570927401772709
0.2006095959039141
0.8683911918038912
0.5093914103512891
0.23767561092792494
0.31094027118698014
0.9370095833121114
0.6779791765174434
0.05536582983618632
0.405501096042054
0.6789368059235418
0.7208934469959865
0.32575030194143473
0.44367294799177953
0.727962591506171
0.21884370214438043
0.7427475270612325
0.9220811433515231
0.8562799833435936
0.4233569352026214
0.7103622889820367
0.14052701026268455
0.5431684484614273
0.556967706024059
0.7809987674982607
0.7358707911756651
0.9734566101395242
0.3712014983538883
0.4115301443590879
0.6116953137627688
0.7986111125939752
0.1129084092224999
0.5199488305006846
0.4016582360784118
0.2550276560025584
0.8113573927429896
0.7776834848054937
0.18800911090253464
0.5904380182969138
0.5864900929601734
0.04482580746639092
0.2550276560025584
0.8320781332215589
0.8799994166043705
0.9873548411240523
0.07917022488388667
0.6990125458961804
0.831250924849101
0.4022607281467882
0.8956307472181837
0.08892380148609003
0.10672468385796503
0.26310896772157155
0.29220703766435174
0.3870908726621865
0.7731667632574525
0.44367294799177953
0.6035310372362026
0.9147831991461983
0.08160960710209042
0.10294745437087216
0.18124424873742656
0.08160960710209042
0.353350623980798
0.9054770780486388
0.05568382324291776
0.04482580746639092
0.6561069295692336
0.027949245387971833
0.3840555265559652
0.4149967439304877
0.8320781332215589
0.26310896772157155
0.8562799833435936
0.7435408211952088
0.9587621420229504
0.596622229920025
0.7481688564961846
0.36122569991768305
0.9534046368858857
0.5027157441725306
0.8197218989307558
0.07335851995689885
0.8483029863047165
0.9496446177610298
0.6779791765174434
0.5389658603138823
0.19876238704073007
