0.3577521575932552
0.7066135087680161
0.6770297085481229
0.8066909157212099
0.18124424873742656
0.8360475113452379
0.6728279047116191
0.39639189964560106
0.8445798495978344
0.06074633034760482
0.21762017442848314
0.15638817342941755
0.19226849611857122
0.23767561092792494
0.6379902878997867
0.7708511445217279
0.08853322995337712
0.41217104412937394
0.10292388079185646
0.46118249153170504
0.8803764371166383
0.10672468385796503
0.33384372967614073
0.08853322995337712
0.7809987674982607
0.353350623980798
0.8712619199965974
0.5984992176933035
0.6041889760182426
0.8951662199550937
0.8982576074095291
0.04076053563325455
0.5316638992353642
0.1966803736454012
0.027949245387971833
0.09293935236121303
0.4551112473148118
0.6065604170896931
0.7959018631892315
0.2619377914524955
0.07917022488388667
0.6065234791786844
0.8951662199550937
0.8940805071101647
0.24878111406065267
0.9951556022865811
0.9617989437374371
0.5316638992353642
0.5988789907117535
0.6123523009452378
0.6770297085481229
0.3712014983538883
0.3870908726621865
0.45483922169824276
0.37628880021202077
0.1656766773295169
0.36160127785153495
0.28589756140415373
0.36122569991768305
0.06074633034760482
0.6786901652706004
0.06884626723287723
0.3002026400751312
0.9147831991461983
0.678886021676768
0.36091880763334094
0.5569446416607893
0.6447814720705465
0.678886021676768
0.5421190911293846
0.10854669862671237
0.4694821082765153
0.617511435200039
0.19328390754706853
0.27077222812446294
0.39639189964560106
0.14052701026268455
0.2288299326242052
0.6886165385991192
0.6990125458961804
0.24878111406065267
0.6031131992255442
0.2619377914524955
0.28589756140415373
0.8785200269567272
0.6379902878997867
0.3002026400751312
0.31094027118698014
0.7427475270612325
0.49977077534456144
0.5199488305006846
0.9617989437374371
0.1966803736454012
0.4551112473148118
0.8037038308865847
0.5833244231816752
0.6642991269007682
0.37455361857202807
0.7435408211952088
0.6886165385991192
0.7466544503253658
0.1736224691415269
0.10854669862671237
0.7269437691413074
0.46118249153170504
0.8483029863047165
0.0652479550724363
0.5199277678547303
0.6571374405899133
0.4640311131947667
0.7959018631892315
0.21884370214438043
0.4640311131947667
0.23163528248301132
0.1656766773295169
0.4694821082765153
0.7269437691413074
0.9085829325021466
0.18800911090253464
0.8803764371166383
0.23163528248301132
0.9085829325021466
0.4641404784763114
0.405501096042054
0.8197218989307558
0.19226849611857122
0.24216917746174538
0.15638817342941755
0.2288299326242052
0.05536582983618632
0.4019594821126
0.41217104412937394
0.7481688564961846
0.6992617686122046
0.596622229920025
0.4115301443590879
0.07335851995689885
0.617511435200039
0.21762017442848314
0.49977077534456144
0.6019091268299993
0.19328390754706853
0.3577521575932552
0.8066909157212099
0.831250924849101
0.6786901652706004
0.6137413044026823
0.27077222812446294
0.45483922169824276
0.5027157441725306
0.4641404784763114
0.28556187545992257
0.6447814720705465
0.620438188333525
0.5389658603138823
0.7078631021726897
0.9496446177610298
0.8905571327426421
0.8799994166043705
0.8438462112813375
0.7466544503253658
0.4570927401772709
0.4570927401772709
0.19968599147232208
0.8982576074095291
0.5093914103512891
0.23767561092792494
0.31094027118698014
0.9552330967258178
0.6779791765174434
0.05536582983618632
0.405501096042054
0.6789368059235418
0.676659475273583
0.37455361857202807
0.44367294799177953
0.727962591506171
0.21884370214438043
0.7427475270612325
0.9220811433515231
0.7936435024152109
0.4233569352026214
0.7066135087680161
0.12173723231677835
0.5421190911293846
0.5569446416607893
0.7809987674982607
0.7358707911756651
0.9552330967258178
0.3712014983538883
0.4115301443590879
0.620438188333525
0.7986111125939752
0.10292388079185646
0.5199488305006846
0.4016582360784118
0.2550276560025584
0.8445798495978344
0.7776834848054937
0.18800911090253464
0.5984992176933035
0.5833244231816752
0.04482580746639092
0.2550276560025584
0.8320781332215589
0.8799994166043705
0.9873548411240523
0.07917022488388667
0.6990125458961804
0.831250924849101
0.4019594821126
0.7708511445217279
0.08892380148609003
0.10672468385796503
0.26310896772157155
0.3536018907974197
0.3870908726621865
0.7936435024152109
0.44367294799177953
0.6050272582074435
0.9147831991461983
0.08160960710209042
0.12173723231677835
0.18124424873742656
0.08160960710209042
0.353350623980798
0.8940805071101647
0.05568382324291776
0.04482580746639092
0.6050272582074435
0.027949245387971833
0.37628880021202077
0.3536018907974197
0.8320781332215589
0.26310896772157155
0.8562799833435936
0.7435408211952088
0.9587621420229504
0.596622229920025
0.7481688564961846
0.36122569991768305
0.9534046368858857
0.5027157441725306
0.8197218989307558
0.07335851995689885
0.8483029863047165
0.9496446177610298
0.6779791765174434
0.6019091268299993
0.19968599147232208
