0.2985547433418485
0.21578557023595665
0.2710781523916374
0.3636399028161569
0.27386431398871824
0.0731376732201575
0.12039538513813958
0.14316544069266884
0.10439728963656386
0.1405752720052399
0.2763766418237374
0.1455764058391308
0.149203386245895
0.19019941677569452
0.14763372949986237
0.06818447129814327
0.38716487858313814
0.24526893955743032
0.14097845856263908
0.2604535786351407
0.10592425384233373
0.10814242708819659
0.06429227579026434
0.08974594257124617
0.2565299916226833
0.1825446415042924
0.054857348261315636
0.07606636517590606
0.09899235478544158
0.3302802313046865
0.020397968309181575
0.08749835244495359
0.0012578532870776856
0.04921490668118172
-0.005873520485343416
0.050715612390750266
0.1127290562742773
0.15438344989383143
0.25838975523105806
0.211083599745466
0.2584931233229144
0.19594379039188872
0.02213423780760884
0.08358710734561914
0.18886423501991295
-0.16697459469570947
-0.26402426060481404
0.27857963123219853
0.09928651823760992
0.17570031637416164
0.37659584207323726
0.09782022530381493
0.2298185767533094
0.21210277391511506
0.20232058647448886
0.052759008211318265
0.15248512192356034
0.2507842027575336
0.21570510694260162
-0.022056801507618806
0.37485106865200307
0.08184773943200406
0.13238295642959982
0.033048653719337746
0.2943953848969833
0.02957714301387764
0.21706691688518023
0.2954618138980923
0.16858208294575358
0.13960134647033293
0.14816891086506676
0.1976843510980442
0.20430274443699453
0.2997032464307734
0.1755527361173398
-0.02408357934670331
0.3251233877638696
0.03531404265214044
0.13950190679121965
0.19391540981545666
0.2159963187335814
0.020820256597850955
0.20162402569578214
0.2618467187610528
-0.0077871883338859315
0.3383654449666884
0.20300593623493104
0.11000660124989843
0.12383579243791956
0.27342217054891577
0.024050828402971843
0.0738291822849127
0.14081268680585818
0.1972027984407244
0.26108643976311513
-0.07141330719500869
0.060413875180282336
0.22451539582706262
0.20784352618654328
0.27462093084406
0.17815472370324104
0.09911412152398134
0.059517459343544445
0.07427807733915662
0.22710081866976567
0.3318093286418896
0.11761592562350219
-0.04035356992411081
0.26398649521950185
0.015562654924805774
0.2759607061827609
0.17412139099339025
0.11505788814969162
0.2344669538530637
0.05979596518968143
0.21615624930957233
0.208960940121362
-0.059837177885494065
0.30403499618652424
0.14006226911844583
0.18841110353172466
0.10972810118585494
0.1765891438306397
0.2619177216817033
0.09727454504167539
0.2206313868277956
0.29804459931173216
0.151546475368032
0.1690305196063965
0.04945929342374095
0.19550089449208996
0.1698440549906944
0.1691552441832267
0.31870800708945485
0.2045089949490149
0.04904311989249644
-0.01691030346398302
0.04952716090901958
0.10141158164247258
0.11100939977792357
0.206448885424679
0.16330339580855033
0.33342314551687263
0.07013023637327405
0.2774104565823544
0.37509064274384585
0.20842475444864975
-0.07496849383080734
0.2963613311331906
-0.1004035860577707
0.10095326164084233
0.1823322145268474
0.04720628307279341
0.227188672504792
0.20635591851330765
0.1370508934341774
0.20160860641358735
0.07766299441676096
0.2821537815304103
0.10947295650669801
0.2503521309853813
0.1798582137354898
0.013681576423698192
0.3121729393859139
0.09762695651479636
-0.17224367653412756
0.18404569511803417
0.34071490176672387
0.06110660898852148
0.24884701360911593
-0.04892561705912381
0.05501806586595501
0.1528112605374829
0.070392226795754
0.08123016520285069
0.042266006987864285
0.2175314942579646
-0.19938868578458732
0.22568881903559015
-0.14277628165187292
0.24658644730569518
0.17378301792643933
0.23078138763476377
0.12387356445323722
-0.029622180302657012
0.09944635630274688
0.2723225500516692
0.04889305628781914
0.11407593606369837
0.04542336734025856
0.3300846219104529
0.18935231369677122
0.17514559132835394
0.19953875404276533
0.14417521110428758
0.27027334961894445
0.20794473870146735
0.06646798058447587
0.07049024793694855
0.35100560720204776
0.12102859520851944
0.04359974564841235
0.10783909139558384
0.21751542621798303
0.2584751605974047
0.08510347271618281
0.015457137885814954
0.04964533404403595
0.34485397659588707
-0.018836786533183835
0.18506953622252423
0.012440001591003998
-0.023125520982000946
-0.103911240422683
0.16796294375944326
0.034259838872335864
0.18819996957875604
0.31454783253660906
0.15186524299156973
0.06840828167778049
-0.13728756735616288
0.1370770878146847
0.06287356594254352
0.21509666466237093
-0.07815623104525596
0.19810659008726622
-0.04173881104242389
-0.11972103268105666
-0.0714076208684412
0.07446184637149521
-0.2562844705737386
0.2108335932143606
0.04096791459772265
0.1688392615921792
0.33128960121560574
0.14580653631968743
-0.1261137071236038
0.016407107749066025
0.05907347319086685
0.23024733948306841
0.1914999745838788
0.011348612689683353
0.10836746925368328
-0.07271610874452533
0.1137294019483069
0.15150137820166737
0.15154946712127051
0.18609588694363005
0.17144704913150113
0.18070573789978203
