0.19942879981703843
0.11685340791881485
0.4301079051415013
0.8319415836879527
0.6650622563232471
0.8684646330290617
0.32971313525041335
0.5239721507717028
0.7294852511314491
0.6198986367755048
0.5944310511167139
0.710880189283549
0.09462342540621028
0.318852671704458
0.4371074545345165
0.4664598613312853
0.710880189283549
0.4344167134243083
0.22792727621710723
0.1381795037145364
0.4344167134243083
0.48629690315032237
0.10484605050299343
0.8319415836879527
0.8698297543176879
0.506052653749963
0.21741985278021966
0.7493834018143712
0.055153484601235925
0.23908928645824212
0.7493834018143712
0.020135000071242935
0.8333202793795474
0.8687276747733058
0.033574169664431136
0.14471937269958096
0.7281654155220793
0.7790225254353127
0.18282660772463244
0.9083605072834003
0.49011337882099804
0.8787401771550696
0.10875424707005815
0.8590862129027489
0.26241857828784787
0.44255524362184395
0.18597830461822573
0.48629690315032237
0.09462342540621028
0.8590862129027489
0.34647703430415067
0.9450528987529243
0.860150356862911
0.7783703059483806
0.043821979131872774
0.12601051294235116
0.4424815420419898
0.6862913383984154
0.2400556496635447
0.4301079051415013
0.5607123953953184
0.8333202793795474
0.5147804862366943
0.5147804862366943
0.7413542890718033
0.412560461626616
0.3612811304273144
0.8481003793849611
0.7117589984599784
0.569779545773252
0.8687276747733058
0.6093597167884446
0.5294489771337763
0.5682221988671898
0.8481003793849611
0.42694499333640185
0.1260127633045195
0.4664598613312853
0.6093598133680678
0.6906380417693898
0.4981351648605726
0.1381795037145364
0.18282660772463244
0.8698297543176879
0.11830468295211172
0.860150356862911
0.6198986367755048
0.10325728248728214
0.21741985278021966
0.6650622563232471
0.33808029356436675
0.829545135695748
0.5239721507717028
0.7771865474760142
0.4981351648605726
0.39458825883798254
0.5336060645436089
0.8396701151602532
0.46177426965695145
0.6709136326690076
0.6039326448838406
0.6906380417693898
0.728994792608553
0.01945753671282757
0.7372136976785195
0.21118506872795492
0.8882051725070601
0.34014181863134707
0.829545135695748
0.6705817275443992
0.7916939835160419
0.8396701151602532
0.18155922680731112
0.19942879981703843
0.6145851635106148
0.5336060645436089
0.8813243056550931
0.18597830461822573
0.42694499333640185
0.033821757716725506
0.27122355768919404
0.23588869160462894
0.5944310511167139
0.6039326448838406
0.8568001671134089
0.11922569724213863
0.6126336307522604
0.2400556496635447
0.7062505105973349
0.40291017252036293
0.7390128536258673
0.5946306654394311
0.7769793126868452
0.9199404709477537
0.41436707545416085
0.11283696103328172
0.9590111858332079
0.318852671704458
0.562123128747389
0.5705435060919972
0.10875424707005815
0.5946306654394311
0.7281654155220793
0.5582695838377131
0.6149900138982365
0.5024983480662021
0.2945045382504878
0.5582695838377131
0.4344174050123294
0.7294852511314491
0.41436707545416085
0.34014181863134707
0.9199404709477537
0.10484605050299343
0.4371074545345165
0.055153484601235925
0.3773122773950768
0.40291017252036293
0.7916939835160419
0.11685340791881485
0.6709136326690076
0.4573220233709328
0.7790225254353127
0.09452285264004182
0.11922569724213863
0.33366522494709694
0.5735616752768126
0.8817160530756789
0.7062505105973349
0.1298317507441481
0.08475356266726392
0.8882051725070601
0.22792727621710723
0.7413542890718033
0.22788184551300594
0.4573220233709328
0.3684239185484969
0.8729796173557773
0.033573699480961644
0.18155922680731112
0.9392009664727783
0.033821757716725506
0.22784699830676947
0.5705435060919972
0.7390128536258673
0.39458825883798254
0.3684239185484969
0.21118506872795492
0.8560860219158435
0.43708880304091985
0.666569916659345
0.1512575423191555
0.2093997995452231
0.6191213261077652
0.6145851635106148
0.24422260772246043
0.33808029356436675
0.7372136976785195
0.23908928645824212
0.5292610068435297
0.6149900138982365
0.10325728248728214
0.49011337882099804
0.9083605072834003
0.7413504491326519
0.5024983480662021
0.6587973968040235
0.033573699480961644
0.8787401771550696
0.27122355768919404
0.5607123953953184
0.5292610068435297
0.412560461626616
0.8813243056550931
0.2945045382504878
0.12601051294235116
0.9392009664727783
0.10607301058260987
0.3773122773950768
0.7783703059483806
0.4424815420419898
0.14471937269958096
0.26241857828784787
0.33366522494709694
0.020135000071242935
0.562123128747389
0.8729796173557773
0.7117589984599784
0.614989424237843
0.08475356266726392
0.6587973968040235
0.043821979131872774
0.8817160530756789
0.9450528987529243
0.03479114406879273
0.8560860219158435
0.32971313525041335
0.11283696103328172
0.6191213261077652
0.17786967349821958
0.6093598133680678
0.7769793126868452
0.34647703430415067
0.5735616752768126
0.3945599002570765
0.12537997918698357
0.6862913383984154
0.3612811304273144
0.1512575423191555
0.03479114406879273
