0.3805003079516034
0.385015341395421
0.5150879816615829
0.45659310311342227
0.3879744656764791
0.24896008240988649
0.15018265621030671
0.2910612460759607
0.23901234356581602
0.4023261413731667
0.3851104782073535
0.38426317172253
0.3612268769933164
0.39371033457945964
0.39022157043639644
0.34082426966474944
0.4946350248125143
0.4045574148813314
0.32969102315571697
0.44908101128355316
0.35229521255603186
0.2839891527514104
0.23942480251432485
0.46860913955005373
0.4231406725420123
0.47910388114583924
0.3084643752960131
0.25875091403668593
0.21921432119426823
0.4133568699886165
0.3672919880403744
0.3742316865004738
0.2226121453434356
0.12632676651780603
0.36454854150336735
0.324924593637108
0.35215746853595775
0.29356154666953516
0.34039870020008567
0.3954560148165011
0.43105653927619525
0.31139936304606736
0.3667597777007453
0.20550113012234603
0.3017312473966652
0.18377495011560932
-0.13258771696801439
0.17369454249617275
0.2695918559582461
0.35253437435099677
0.47143327603695795
0.20196101821002257
0.4377140107103297
0.300218144349274
0.24055025151239345
0.2268134969407617
0.21988976639719104
0.4336710429500286
0.5212930726942089
0.19622669597246872
0.5796355788183621
0.3615106573489969
0.36503493964659156
0.21874908550983402
0.3197785389503374
0.2441214477607554
0.3878665089288298
0.43671970752137385
0.31279494392926355
0.2546636108321871
0.35762106221901413
0.3551142514180653
0.3154012621670995
0.4322498305376809
0.41148807122036873
0.17921689772544497
0.502855848464598
0.13414153319763603
0.1698106338944804
0.196490848856966
0.45673342751113644
0.3502018487609967
0.367608110236323
0.4102888296005317
0.23674593190371804
0.40549225246276327
0.2689755905150975
0.25371168092195145
0.22428123176955303
0.35970172651888777
0.7409698483082138
0.09808846317078845
0.2854249292248279
0.15746646697237637
0.4004516725479343
0.6486511040018328
0.2898394004522253
0.4457825001012371
0.25685015926623483
0.36639230258244754
0.1840552046634263
0.2650473950343399
0.3041927490568929
0.2063385770021567
0.30136073152089216
0.4172792590381565
0.38843053805880945
0.1414278714663503
0.5129528997271946
0.31320191733453945
0.36004520619656416
0.4635185853545184
0.3131697587602461
0.3950016440137933
0.2520700027177499
0.19090419111571574
0.3548046801057125
0.2039693779546828
0.5016163554919151
0.2757517616232804
0.2859047121942738
0.40283635642261667
0.30805619957018676
0.435463153007906
0.28829964294723276
0.4060088506598723
0.48139210483358336
0.4104787163713306
0.3342654397821717
0.355994388329522
0.39137103267545437
0.45518676560827054
0.22160622768968483
0.35165802627545223
0.31181097233114224
0.3236570288105404
0.19283925027525547
0.40397058056385293
0.20895189465272132
0.32978000672319063
0.19767586607294127
0.3199043663894352
0.5003051858765862
0.21636068470537495
0.3089531981131311
0.5647697066315237
0.34546663283886603
0.1047578153032333
0.39088833705246234
0.3491006517569632
0.39122047515444947
0.30553719309754623
0.11805634039644407
0.3290441558644812
0.32909806100749234
0.20391972873475947
0.1909778033722294
0.33544842515504336
0.4777823716215143
0.33213752188243745
0.37248265722087176
0.3355543569197347
0.15959155704341127
0.49316766192706196
0.3740169922858964
0.2859055244350597
0.22874153482908868
0.37746173331896066
0.3771396254374014
0.3936577260362349
0.2550911989346351
0.34882159148666214
0.16493876924482243
0.19902821986538616
0.293748260488739
0.10541742123871105
0.4382771832676789
0.010087810145934949
0.36824108353517565
0.07091107600348262
0.39259195367276495
0.4569845341023989
0.2265658258436827
0.3043412996965615
0.15981289858123054
0.36244771252280417
0.37585868620673696
0.12019433576531663
0.3285271136430081
0.25106190329562866
0.557267949109369
0.2144414216689841
0.33564842472430656
0.3836514860622203
0.47482406039955594
0.5586780466704323
0.3937122289955259
0.19294420366299392
0.17388093361921336
0.49936930953534203
0.4386437102224974
0.3243660997626014
0.4085635932128644
0.3444302116511815
0.4414790595659262
0.3056600440161342
0.30691217200757154
0.2408493878147684
0.4962528440953017
-0.02611884237051855
0.2081731590583315
0.24521087211326506
0.20123071849846266
0.14095662989152027
0.34288195893573736
0.285976450078501
0.3464942304123598
0.45219200937197335
0.2763873634849933
0.25031142512706894
0.18116034022733438
0.2214228192919839
0.3510135534286367
0.34233064159895193
0.15104822041072924
0.3176527023971797
0.09642900355827734
0.23962497753945602
0.14883912166009375
0.15363562166198005
0.11016409043563073
0.32603002794804914
0.4050955950745601
0.27646214922968887
0.5069326362792382
0.34558478595301817
0.0053774545570968455
0.2478594867898048
0.18699544447684538
0.3675078071221303
0.3032674160625125
0.06278018128972512
0.25767083652812645
0.20655432606358282
0.48669211119595107
0.3118897650146139
0.44951223037581994
0.18837329888820725
0.30210635851899814
0.2744105412481813
