0.2986931735706427
0.23699363779958973
0.27634160953068904
0.3540425280758916
0.283411194709428
0.07068436084007707
0.15365376132000333
0.17897123150343486
0.09851077965582232
0.10418121581094769
0.2996584723991414
0.14795052684264978
0.14534955130446903
0.20103397853284807
0.1343548394951039
0.15671719098323186
0.3535799490492234
0.2661715340629011
0.21760207779909374
0.26317502953122157
0.12130016904904384
0.09774076922776559
0.051649130803005046
0.10917708816700604
0.2575055887892213
0.15032490173663218
0.07259751814249528
0.079736931595918
0.055908824614412454
0.2509530926996323
0.09397583175931268
0.07343447232608251
0.08292285277766069
0.09242955469675376
0.048103296955850264
0.08580509496305921
0.13593471307659175
0.17035338747951356
0.3155155987428195
0.2974260208424825
0.248806772097712
0.25344331432581374
0.08459931776040289
0.08902760151936832
0.19522513883413847
-0.14755350359080557
-0.2526838874756175
0.19394321892394253
0.10312155415352856
0.20944387595029287
0.4033899895125992
0.11933729285206283
0.2829471599974958
0.19547671049080267
0.1862483617002115
0.016858513334795627
0.18039454861721993
0.2914023751658305
0.2323910405724396
0.007747891317780668
0.4224211849062045
0.11989571434074595
0.12835891876886782
0.04106823840515227
0.32258141259312395
0.06110390013513079
0.23012898976186769
0.28469877167898233
0.1808343729663451
0.08170427968589514
0.14178410112071674
0.20142887439195983
0.18748223742326448
0.3062263174716072
0.20826505808071646
0.003545689112501655
0.337226300981396
0.02611085813198874
0.14859384861441077
0.19813915794317868
0.2605078245878273
0.009201214057342633
0.23304226400176273
0.2762520983316183
-0.0008146488919181424
0.3131453346731187
0.1795062617815339
0.13725429919968493
0.10119188029293198
0.3817339952788117
0.04324271968839113
0.07875112234552843
0.14900865882158826
0.1825809973311848
0.23876544609378908
0.17727824511617163
0.048231133139274865
0.2652692735307995
0.23375798669933487
0.24239238584049455
0.18367114501470025
0.03137399549730153
0.06543310795951877
0.10177706255527659
0.23724107004263056
0.3373535398683152
0.103540873738458
0.08286003947860208
0.28454400030918964
0.04626188303662903
0.2964102890263081
0.16864190363967732
0.14167217592000605
0.25023021652897165
0.071884100765891
0.21259360089329515
0.213326949877084
-0.06352999776307994
0.3092474897966959
0.14086390636795154
0.1526991383910321
0.1308582522292735
0.20509230874180184
0.2579260953004281
0.08348588102653927
0.22474049125903423
0.2836121223322446
0.16437624990398664
0.1675103703286994
0.06255641519642424
0.19910235994277822
0.0884762683916574
0.16964570331684875
0.32735893611103595
0.16054386360287473
0.046389046288755474
-0.02175476498488201
0.034924601176519125
0.12170014131462857
0.19350882978260422
0.19957387090137454
0.16392174338072918
0.3506231999754094
-0.01114873742089754
0.2831979331646565
0.3713270608188106
0.14194528116491797
-0.07657909827533856
0.2949293450589633
-0.08450568304459796
0.06085866521124464
0.2143085281576456
0.011235773342987098
0.22113544613794345
0.24369935859249187
0.11386740216551729
0.2216430391299323
0.18036835366556028
0.3147419873646982
0.12953955722763966
0.2724836618491228
0.14109577540330556
-0.015810445552043324
0.32286931862765944
0.06788106866304251
-0.034891720126366044
0.17700196864264614
0.3674408318688436
0.016980483471165854
0.25012235233957525
-0.0579308820260273
0.06060546124089577
0.1867392945152553
0.13822051099571575
0.058500393744823694
0.07207311929177786
0.23574991172814017
-0.17027717795925382
0.2297883684447019
-0.06373720758687891
0.3071431069592108
0.22088399345241583
0.21544658531008717
0.0938087211971713
-0.04556336343258724
0.09222363193178933
0.2825645220265967
0.04394736476421762
0.12564132238662892
0.0729081560819388
0.3386692581670439
0.17227449732228658
0.21464936103123736
0.18928337482159527
0.08385492218876774
0.2718692734807139
0.21282314143518105
0.0245680121095835
0.06475739770367096
0.3621748728149157
0.14357935527579763
0.03579302034325285
0.11194476929809115
0.24614403035725058
0.26923726862462205
0.09803904637190765
0.1473416284482817
0.06160285901981553
0.3366549216472734
0.0031393937825540674
0.19253090836509626
0.10500152908338757
0.07547290035682987
-0.13542971845821056
0.14649046305605531
0.03248748359471995
0.22337736268360747
0.3440465923515481
0.15269659667829333
0.08484001673407075
-0.1173787701319558
0.15431607986225476
0.05504050887271607
0.22177347812316825
-0.06247427161231313
0.1768196994689574
-0.03714731532204821
-0.047277198531312445
-0.07693930351454309
0.12565431667630425
-0.2348099113029513
0.2304574510969574
0.14137251185710753
0.1933836322118833
0.2721214671047681
0.13763079824117444
-0.13048104344888156
-0.014754478929031839
0.06936908357606124
0.24774150489108593
0.2299681736557138
0.018941231460540386
0.12035427282646625
-0.07464240534833608
0.12942426098783166
0.15718220083338194
0.15015048132999773
0.19951774790875404
0.3506099986407854
0.2051541870724006
