0.31074373544068834
0.24837827078585226
0.28101930208527187
0.35709471882222865
0.2925870756186172
0.05802690072096858
0.13383591948541693
0.17220671371912238
0.10232747731569711
0.11019778630390963
0.2883712369648991
0.09385340944059063
0.08967658195351745
0.20843463482196076
0.1420072667805922
0.14542988532721465
0.367895244547087
0.27168115061880777
0.20641573635512536
0.2507298112318672
0.11961902412342144
0.09785516649620767
0.07282590740473834
0.12496112939268907
0.2668719000455435
0.14909963538745544
0.07181188259166014
0.05217798065548871
0.0937732293335816
0.29241492041596695
0.09435406580029675
0.10543609452640501
0.1041341103851236
0.08724534673991848
0.02372096903444597
0.10481110781867704
0.13276803245959232
0.1766062912157375
0.29047796430461836
0.2901960758952961
0.26511916993818224
0.2484274756714018
0.09175018972272045
0.1003262284257944
0.1874513642023544
-0.149715673272874
-0.2561975218648961
0.20420056118130175
0.1078661935398053
0.25789611863281464
0.36292309857781807
0.1417922261229408
0.2924127689756116
0.23125840722651683
0.2054958807939889
0.020918942781577465
0.16796347304740764
0.3141150931654709
0.24765561720741808
0.02512534702992792
0.4105123556480022
0.12738028345890837
0.1325866125104094
0.04637692956945062
0.32438848352371535
0.0810604053278491
0.23431083012185022
0.2964970348639267
0.1778471483075456
0.07212008046266437
0.11891707467597151
0.16523407378382726
0.19190844197804174
0.3024230221601764
0.20801560521714732
-0.014820390497768206
0.3673389814899106
0.03916142898454442
0.1411895038323891
0.20719316330442838
0.23341652700570406
-0.01759199706222589
0.24296378846882954
0.2944889794652878
0.006685636335348238
0.3253227783627988
0.20545576190759812
0.13793340693006692
0.12473623846653113
0.4088273324805049
0.015247686485719876
0.06653379182749403
0.16533744367400108
0.21850346271087925
0.254648104864693
0.15570132340464946
0.04068996179599151
0.2906345502442309
0.2199432192522792
0.24785890691937643
0.20385458206839288
0.133720824118754
0.07990688523376024
0.0967575354968511
0.2535876480168213
0.33541236064905766
0.11051490226924303
0.07900888115087654
0.2766561085118934
0.16344922625098904
0.28889389571094104
0.1727724638817715
0.11080581625479095
0.2426037431598187
0.09501170883910531
0.26850110721520665
0.1908574924244399
-0.05837894381851046
0.31143894269522054
0.14223113408367402
0.13718386189572154
0.1301926797451416
0.2182837947701187
0.2583458669401244
0.1105266662722416
0.232239404811965
0.28692904148418774
0.19136014708999477
0.17312358848116735
0.05710636718839527
0.2009929139595563
0.1392817012064746
0.15643326904786115
0.2892214396189506
0.1928490660403554
0.12912929783212174
-0.025302862624062512
0.013968399154846475
0.09416903039329502
0.17816903326835734
0.2017199447069053
0.16123555148982038
0.37673194290126244
-0.018084454100570017
0.30517415916346663
0.373687035576823
0.15091240889002636
-0.09209936116051087
0.2804044987795504
0.0446151805517939
0.12467887934855836
0.2051300608938438
0.013901185044677194
0.19531222293211079
0.26111540085123847
0.12038868416086507
0.22239911085328842
0.1867907451859032
0.31211305422636665
0.2923885562450144
0.25700335109996486
0.16332689191919172
0.0006119998194548155
0.3206006429804746
0.08512689448055917
0.014797424504214432
0.18033885946434833
0.35269318618142154
0.036590952726377114
0.24961549848060544
-0.056053967009954235
0.0812339588210928
0.17984398430337956
0.1413503055176139
0.0577244360776086
0.08647976837644133
0.2253077465767421
-0.16959923627872686
0.2506483014196345
-0.06580082397966816
0.3155366241479617
0.2296084413946137
0.2454348428757518
0.08972865330997298
-0.048462545401470276
0.1118735539149944
0.26994301549346267
0.04567047120513967
0.1273046983140853
0.09175155905130329
0.27703664559127705
0.14961255145949678
0.22765588790064686
0.19844905549879138
0.07232377185139799
0.26783595125260556
0.21199444979682247
0.010559701545469168
0.05748020200626796
0.3656168447110892
0.13754225331124464
0.04813768342851024
0.13565692513740543
0.23694235393208743
0.27728875306539835
0.10076508842077712
0.14825280283326786
0.05788092976709379
0.34102777281383423
-0.01790471209678359
0.18584662806029917
0.1084294171223055
0.06861775602463992
-0.131388163851232
0.16049262253557117
0.046373445264536045
0.252476227974073
0.33416729933524997
0.18145747166109927
0.0957412564188058
-0.11114837539172245
0.1556141800140923
0.04685442323401585
0.2099630144721841
-0.030728268590338965
0.17315783060074863
-0.017645987924115564
-0.06571239787389536
-0.06694183051712464
0.12053494409522975
-0.2109119560415415
0.2387897600236574
0.154314119837561
0.18969852686607655
0.35460649265308714
0.13444133973314948
-0.14197306977229215
-0.01894858409701023
0.06517456452183826
0.2564425415934207
0.2149431555792305
0.01286422868267413
0.18229069481569565
-0.07033509179865749
0.11940765121318905
0.15255557715666423
0.15417576360216345
0.21510659560647044
0.3427156966100696
0.2207676505932513
