0.30229867889116674
0.26911245376000104
0.29812316041806364
0.3059121158013536
0.2824909126109943
0.06512585182890636
0.13255327121420227
0.18293965527882036
0.12045830083874141
0.11841132039609281
0.2879378445303746
0.11327677894224492
0.08934963008337359
0.1606398739904825
0.12727747250781649
0.1495245294574542
0.37062948631164433
0.26926962513025493
0.19326898181715738
0.31376485410890637
0.15040673236020574
0.1128390186700934
0.06981215451509194
0.12421482783881385
0.2869741979837869
0.16577120129926556
0.0954049886874755
0.06740058186887823
0.07798509344214312
0.2826522507867833
0.08638814100057092
0.11392458300327463
0.13758816318938594
0.08216753363566166
0.020971856791193157
0.11116490034790871
0.13732606809845194
0.15553819789445136
0.2911977843084759
0.26897925434143716
0.2585401802738082
0.24676897727040353
0.0974637031806614
0.09398085471929742
0.1812959584145279
-0.14766604889209473
-0.2570119436225953
0.1474375062969257
0.10153471582288574
0.2394524943371411
0.3613442818451332
0.11757936621039819
0.29054309381093374
0.23375378825384382
0.21316801470002764
0.03709085599559888
0.17636135224860724
0.31918487534502077
0.24170497305309652
0.11613559439483694
0.42479455770501257
0.1546391147998678
0.11968019399407699
0.04588266315132982
0.29218123722661965
0.06926188729994513
0.24568415078828545
0.29770924813316485
0.18411837467496023
0.04500228012666249
0.1431441358101401
0.17620424497101328
0.1927586173739015
0.2914189440238697
0.2300590927539363
-0.018795463366991477
0.3471934443187304
0.03428166782734031
0.1280912685664728
0.19018811407694805
0.23584535242263754
-0.01294253003517696
0.22758170220586685
0.2965092507952242
0.013271311404498491
0.326342438729669
0.19804043257635373
0.15564000910218878
0.12551055913150352
0.39168988145376926
0.03358277451779926
0.08298587665646608
0.17325529257260863
0.21580895498931807
0.27017755561674656
0.16065127192554993
0.05737248854947178
0.29528154019715763
0.22148318397318434
0.2606734058690527
0.19749984025005954
0.11546472346184929
0.08867101741025873
0.10275415222416319
0.25983554479359633
0.323274275374493
0.10413884394481886
0.07794853496471613
0.3045805747335434
0.16710052346013296
0.31800666803914357
0.16767159781104396
0.11317278156863673
0.25918221976637196
0.10094448100871281
0.18412958230500423
0.19053046875964413
-0.036439382033564005
0.3040434090217647
0.12875513029887292
0.1481201483701892
0.16994097183547466
0.2309540926556456
0.24529290437523135
0.09842563366528642
0.2277683194367623
0.27058569600191196
0.198888681737864
0.17472026177344724
0.06840853959845697
0.1751236138398213
0.2362232061781411
0.12644509341159166
0.3061935202079335
0.19881598403692607
0.11964371093968328
-0.024741356692874077
0.012155185030050935
0.11245206172472826
0.17431581112101371
0.170341538293278
0.14305659744574648
0.3608704511154799
0.008856970378584005
0.29786519853115107
0.37365886293708755
0.1733908801374871
-0.09296698407068262
0.324719743256585
0.115914382662846
0.14340114257072395
0.21805770869648117
0.02512476944596758
0.20505729923064958
0.30075426798976984
0.1366983372522723
0.2039324317512435
0.18474783020012633
0.3033923447905583
0.29924797839001926
0.2786361422098074
0.14424192301752395
0.004425349149077352
0.3291359637302107
0.0879164112856886
0.007231458334344502
0.17506423648542072
0.328525250294931
0.054512971736100015
0.2693017103919724
-0.021898446445926575
0.09629693444881542
0.13102874461056518
0.10775844261587338
0.07100450007718033
0.08143277067895492
0.2301061255075557
-0.14319358681172076
0.22113082446127505
-0.07195077851686839
0.3248637211842483
0.22935847186135136
0.22685793854691755
0.0911580393549035
-0.004357892739572574
0.13095322305614604
0.28270729019952384
0.06676953342297053
0.12262766396270244
0.06582303020980097
0.3830488229207928
0.18933580732258867
0.2399734845957875
0.17605226557955608
0.05055729611626218
0.30364662383475666
0.18870664115513713
0.06962112120219514
0.04740005538424759
0.38851439897441725
0.15516131318878845
0.05138188254912301
0.13406040065111513
0.20841773071256794
0.27792773871377313
0.09105796345851211
0.1299026412107413
0.02915319676399777
0.34026556860725854
-0.0024550227964074793
0.19068753337924205
0.16113623966942278
0.10910302623217837
-0.13445866366156595
0.1612729972831416
0.05171158131931008
0.2426944634871704
0.3697441705922577
0.17963705955061585
0.11886146621581264
-0.10776105217787549
0.15319503635380782
0.029995977130463362
0.21380264240983432
-0.02555999876732008
0.17801439552390558
-0.03499524963028958
-0.051141338453411574
-0.07107869330063399
0.11994558378293704
-0.21259546675935867
0.23252924322274837
0.16402406760229726
0.18632291441838375
0.3599812897738806
0.12948021171898938
-0.1395043097859289
-0.018842875072554045
0.057746864127288446
0.256518416509109
0.20467694052354388
0.013275681927748948
0.19829794903836465
-0.07868868529433974
0.12074106608877713
0.2614995359348013
0.16315322406257363
0.20406607718909556
0.3482923002076582
0.2117115595595434
