0.3263402280836432
0.2616443812624487
0.32144690978161256
0.3225951233140945
0.27349921500197893
0.07434606828071816
0.14690684686115965
0.17856823450471535
0.06901382891246563
0.26528152060402244
0.28586776728784713
0.11318387236384098
0.11981902978879051
0.1550313103480921
0.17091343610826115
0.17130995724778988
0.3922515135064182
0.2378703825010877
0.17239638391130083
0.2543602525680921
0.1540398286072724
0.1788705357806254
0.09095707023479548
0.12099855567381215
0.3029034445969486
0.1940790793381444
0.08876942619942195
0.05664580493330888
0.059931953216027005
0.30489164224536663
0.07604582523643169
0.1514926063713184
0.08629727647400424
0.10792042729954018
0.030447753233065974
0.11643566744535193
0.09022784191905829
0.1552123876732591
0.2610624992602431
0.27666314186073065
0.25439609101220867
0.25157645928601
0.09842694142599243
0.09283293368762988
0.18186028016899597
-0.1545591637484605
-0.2423131373115993
0.20703215901428274
0.12807803838106901
0.2394204515718125
0.3587854706709058
0.11213450043143021
0.3292845091582683
0.19624080923651466
0.19932625960579428
0.050990515250760815
0.14210950474423445
0.36121706959769373
0.2821769582478616
0.19639607916118806
0.35706475863506876
0.196691174583596
0.15738927344975565
0.15602615969708525
0.32148418790632705
0.06895976177383392
0.24516067236150724
0.2668782300141223
0.18359483517833966
0.07115680141428861
0.14546836084987771
0.27336678309911766
0.19175183054161077
0.3005596013362928
0.24135501232264014
0.027057938438285266
0.4046509352851086
0.03421074367171234
0.13624484505409407
0.18830357086025573
0.27485648706152577
0.00047521417307569555
0.25336129471373686
0.30493471067470085
-0.01173472430453381
0.3281839770121133
0.25677205433630723
0.17576911567290002
0.11173855418886439
0.3774968711151925
0.011720469821628882
0.0930482441446709
0.16334974934117522
0.1947535633148087
0.26333033262414623
0.26146352685545804
0.0814480816857838
0.3300089454744526
0.2154495190024318
0.2847157663547927
0.1848345414439498
0.19983646825932022
0.08924812689810943
0.10371145516278002
0.22426435119443505
0.3225632063041759
0.11646929307554857
0.15429282296847333
0.28516773872236867
0.18647126710412612
0.2809330902199708
0.17449179185857616
0.15704265085693903
0.26891990298755436
0.11248939273603456
0.2576418488558428
0.1895579718676292
-0.03233986150584241
0.37923447325153137
0.1346104674901651
0.12672945940625926
0.1829612191956317
0.2378091012739887
0.24191606053116443
0.1171177442761436
0.25583651757303305
0.31449303982776705
0.21504997286309463
0.2308178252930929
0.09694330650922185
0.18760531083196816
0.3193814589968862
0.12045291160656414
0.30740765286504645
0.22125961090735127
0.1256602927709286
0.0023767815788993426
0.08336983570242783
0.2251298364066097
0.15821771734586168
0.15849481126891812
0.1786921751843811
0.3659315227930676
0.010446853654400283
0.3036251768828224
0.35608045568001784
0.20984319816601057
-0.10119343490461674
0.2913346757135268
0.15357904136682188
0.13028613651377496
0.17762120409080295
0.06661512227104514
0.18424970141810126
0.2849213566504397
0.13523121973915375
0.20902665563991377
0.21085837366958368
0.2997145159513078
0.30765824798277513
0.25332885155025936
0.1961532627628105
-0.004012967035097693
0.37044300859341206
0.07413761579440355
0.02277551585040329
0.1568426117203424
0.35623738198578664
0.1515083978521751
0.2829165074876098
-0.021609293720466174
0.0687031481900435
0.18161000483926262
0.10203197728074292
0.13539119886199694
0.08362576957509987
0.20970564704352054
-0.1518928897289318
0.2334517529415259
-0.06069121501787177
0.3287328643662509
0.2298442260110652
0.24355065991463326
0.09889955927414179
0.035155185665679635
0.1430899252703898
0.2488608777929969
0.08134619542055682
0.13652363339455692
0.1079061458473279
0.415377450296099
0.1255455963662382
0.21467136112595378
0.174081988735388
0.10728506777441467
0.28587366259580904
0.2285202588580243
0.09296695637065838
0.049894919036098107
0.3760372940468841
0.17095283140117606
0.10252903668634088
0.154241688088017
0.20191913858440183
0.31535748718310896
0.07348769399140762
0.14176825444161406
0.023987737200595532
0.3525615136222442
0.00524961289288782
0.1367812047288372
0.18826427384251718
0.13190736501460806
-0.0764301913496753
0.17222717627120213
0.05356611334542232
0.2634591959961881
0.35860875662655795
0.2142135848322261
0.10462174813671288
-0.10872994850413573
0.1692075066021097
0.02597147303151513
0.19013209123806427
-0.043620693091950366
0.23545087270999074
-0.020034469472310468
-0.05927948444674855
-0.0703286378835916
0.11799723886416719
-0.17854553063375087
0.2303594848843052
0.2379500063774535
0.19065687370640236
0.3197885845750756
0.1455738008929918
-0.1246384222578757
-0.019909567213519275
0.0685534520122654
0.27815294878541025
0.21394871163034593
0.03943912475567947
0.1753791004793978
-0.059636444123946176
0.12719153649550158
0.27454278868498827
0.14028846642390758
0.1905622697719916
0.3138260704923773
0.2015795332172514
