0.2750103268559132
0.7070040067069765
0.676589372451682
0.8022276939381012
0.1846266798199806
0.8667835251237892
0.6773212710996468
0.39431439074943486
0.8512601049573179
0.06149353566016595
0.22838812279939258
0.08539172225474877
0.13587420530632166
0.16430031559249503
0.6379902878997867
0.7435420974529792
0.08853322995337712
0.39358279307028743
0.1815716371889372
0.4683754718766666
0.8667835251237892
0.10672468385796503
0.3242368773690533
0.08853322995337712
0.7809987674982607
0.37772560919638587
0.8512604107598063
0.5984992176933035
0.5530354036591019
0.8257552700020796
0.8958512090761269
0.08539172225474877
0.43607009930141255
0.2750154988130996
0.0643675513263606
0.08977061183931259
0.45497525542257466
0.6422697968035682
0.7381316880819424
0.2591378335322445
0.09386873838619893
0.6055260023362772
0.8948891170026942
0.8940805071101647
0.2596633131601825
0.9769588721547657
0.9617989437374371
0.5460270703178796
0.62183023139115
0.6936939904193699
0.676589372451682
0.3712014983538883
0.38361882354476584
0.45497521359047977
0.43607009930141255
0.18180396050531522
0.4437883192192033
0.33585942639486
0.36122569991768305
0.06149353566016595
0.6773212710996468
0.08463700795853642
0.30060312372211506
0.9147831991461983
0.6781239162484591
0.4691542375126063
0.4691542375126063
0.6407859442138808
0.6781239162484591
0.5421190911293846
0.10854669862671237
0.4941067500569712
0.6182431234834105
0.20795897055020607
0.27104262762757414
0.39431439074943486
0.30727428372331456
0.2288299326242052
0.6996874129383899
0.6990125458961804
0.18344255126503767
0.5798859825990561
0.2596633131601825
0.3794317950681846
0.8741971804027439
0.6379902878997867
0.30060312372211506
0.3118627096557266
0.6996874129383899
0.5530354036591019
0.519941919319981
0.9617989437374371
0.19855888478722675
0.45497525542257466
0.862892487119054
0.5624258075369406
0.8009523283264222
0.30727428372331456
0.7597356495914146
0.6743604885088222
0.7466544503253658
0.18863459721006304
0.10854669862671237
0.7435420974529792
0.42058184721797925
0.8483029863047165
0.06072178199586409
0.5569614613982578
0.6407859442138808
0.3794317950681846
0.7598018870794723
0.21884370214438043
0.4941067500569712
0.22838812279939258
0.18180396050531522
0.45675024763251293
0.7896040652650289
0.9085829325021466
0.19054946163564349
0.8741971804027439
0.16430031559249503
0.9085829325021466
0.42058184721797925
0.39213500633614684
0.8197218989307558
0.2750103268559132
0.3242368773690533
0.18863459721006304
0.2288299326242052
0.05536582983618632
0.39358279307028743
0.4683754718766666
0.7481688564961846
0.7598018870794723
0.596622229920025
0.33585942639486
0.07335851995689885
0.6182431234834105
0.1905690167844573
0.5459878443053345
0.5574897514954977
0.18726407814224755
0.3935790742949943
0.8948858569679602
0.831526661006124
0.7317053274976337
0.5459878443053345
0.27104906571098153
0.45497521359047977
0.45675024763251293
0.43783531141769966
0.3759369625990322
0.62183023139115
0.6407852125662234
0.42846614279302575
0.7214764487352169
0.9508979383448692
0.8009523283264222
0.8799994166043705
0.7317053274976337
0.7466544503253658
0.4570927401772709
0.4570927401772709
0.19855888478722675
0.8958512090761269
0.5798859825990561
0.20795897055020607
0.3118627096557266
0.9552330967258178
0.7381316880819424
0.05536582983618632
0.39213500633614684
0.6779825860880911
0.6780531710074245
0.3759369625990322
0.4437876445336628
0.6936939904193699
0.21884370214438043
0.6743604885088222
0.862892487119054
0.7896040652650289
0.37772818567028965
0.7070040067069765
0.09972480473234971
0.5421190911293846
0.5600104450998025
0.7809987674982607
0.7214764487352169
0.9552330967258178
0.3712014983538883
0.43783531141769966
0.5569614613982578
0.8022276939381012
0.08463700795853642
0.519941919319981
0.42846614279302575
0.27104906571098153
0.8512601049573179
0.8257552700020796
0.1846266798199806
0.5984992176933035
0.5624258075369406
0.04482580746639092
0.2591378335322445
0.8441790582825762
0.8799994166043705
0.8948891170026942
0.09386873838619893
0.6990125458961804
0.8315266609075131
0.37772818567028965
0.7822473234684694
0.16420935110290524
0.10672468385796503
0.1815716371889372
0.3536018907974197
0.38361882354476584
0.7822473234684694
0.4437883192192033
0.6055259909210171
0.9147831991461983
0.08977061183931259
0.09972480473234971
0.18726407814224755
0.13587420530632166
0.2750154988130996
0.8940805071101647
0.09970867841177503
0.04482580746639092
0.6055260023362772
0.0643675513263606
0.4111112410163407
0.3536018907974197
0.831526661006124
0.2176194389218588
0.8441790582825762
0.7597356495914146
0.9769588721547657
0.596622229920025
0.7481688564961846
0.36122569991768305
0.9508979957182079
0.4111112410163407
0.8197218989307558
0.07335851995689885
0.8483029863047165
0.9508979383448692
0.6422697968035682
0.6071147348844805
0.2176194389218588
