0.2773510338499297
0.2037774599777509
0.005199536993444928
0.4039097057068991
0.30724965637892826
0.06706504901789995
0.10820515799366372
0.14196852413650057
0.10688348191677229
0.1354524466169599
0.2741282847054789
0.15704514319616722
0.03307271448144459
0.19401968156104452
0.1855115880352409
0.08187737105653513
0.3793454069196896
0.25130234268842416
0.17742684581152204
0.252591213896948
0.08501154387719055
0.09935603499870194
0.07532337328527165
0.1065382173398128
0.2525047617041365
0.19640941162796416
0.03994907519605797
0.06281392614154875
0.08913417476320552
0.31127204939929387
0.01800176391543839
0.08923255870054013
0.042107603608823437
0.04642884251746124
-0.00592197371579103
0.04616350190939485
0.058017039296573744
0.0935973157278004
0.24838595755018733
0.21429828550261756
0.27219168462314597
0.18606450840235986
0.02932496123994545
0.0872549391087442
0.1750987659207527
-0.16812687353060904
-0.24188627889258954
0.25432890014553267
0.08325221996816351
0.15800759596841737
0.3210220175196093
0.03852917381807115
0.2391755090940718
0.22573624191938352
0.17065748305738293
0.0639000828901194
0.15096632398080306
0.2593387388153901
0.2301227936485871
-0.017543635709967035
0.3344708087044312
0.08648416559589894
0.11230371461749697
0.01031651520639036
0.2533120235216407
0.026962113366780505
0.2057345306316266
0.2688640455247784
0.16054327887519443
0.1287220219255241
0.14564278704412956
0.21567645304957878
0.21594162601232408
0.2883795214978901
0.19550071683257134
-0.05370728816300283
0.3389639341479829
0.023979504363857956
0.15341918799161341
0.19993765566799132
0.22511084345830354
0.03833067698545935
0.19113009616503077
0.2552449097102336
0.005689932789463472
0.30536218867110226
0.18058053238214883
0.10515177479297244
0.08766234087257756
0.3253202405004334
0.015923395250343295
0.021247026668125207
0.16646391743089972
0.18947027022311808
0.2704855592581921
-0.08679690666002196
0.05448205185026968
0.2513677351257032
0.20922759192984172
0.2723962990517424
0.1700585880366116
0.09175660371234462
0.04128380201070838
0.07817595570363323
0.21341448583582395
0.3055153233072053
0.12562078043673866
-0.008592389328407272
0.16671666285150877
-0.012821527378654007
0.28016488246317794
0.17296127538198464
0.11574938968325539
0.24669443370346236
0.02635698122155362
0.1494979586115175
0.13307142672733652
-0.07357641052834997
0.29879682291962156
0.14920656676195532
0.18142445660020318
0.0913906286528082
0.1919165596316836
0.28142475461404814
0.08999000110656945
0.25845834557168085
0.2916187815097653
0.14367408177964705
0.15995870465508769
0.0460427047488038
0.20071882532477517
0.15821237223198018
0.15989989605541605
0.3148027737342511
0.1976508185961352
0.04342452952570885
-0.07576997212987471
0.06120445845601614
0.09260842557058123
0.14815051361018713
0.21941504898768527
0.1413889867853957
0.33198085910560127
-0.022747642070434605
0.35953878134703393
0.3732787452143161
0.20496102076173434
-0.15475232293085203
0.30850972114908787
-0.06720818654654713
0.07286283686218797
0.17396635618858433
0.017049228949844807
0.20956457106598392
0.24141182626586954
0.1229133254481047
0.2017909968150926
0.06919847714854607
0.29743890561839986
0.13045215030110846
0.2663160173072882
0.17809871040804381
0.065716620871562
0.2849677038378085
0.0896539882248019
-0.19092891696466596
0.19622745283128212
0.2965000061844711
0.05720906960955755
0.17596314681359945
-0.03469935793137181
0.044365117106771955
0.1246826592136395
0.08767396656365764
0.08917862211096188
0.04529895234952083
0.2312935907585806
-0.19562011509994104
0.14601716084383298
-0.1445144537772493
0.2529038453714778
0.17577472667793823
0.2310641133094143
0.13385678509571566
-0.023392399574950325
0.09335771088295422
0.2690766474340815
0.016983369098854794
0.11448745952966106
0.04693110116417082
0.3424163817807901
0.19391755250706558
0.14087752685074353
0.18570713885930146
0.13919412655824298
0.272893362395612
0.18400319658770972
0.07619798708062664
0.061005461271852225
0.3348276492497037
0.18822974918336086
0.033795526137391264
0.08902966493878563
0.21979082511258574
0.1576498086481417
0.061102332579521426
0.01530790994420822
0.03788456739032087
0.32994949696100934
-0.10252133056194954
0.16335037305954903
0.01710944988987507
-0.031523861479757116
-0.11327859036290157
0.15564752088648595
0.03542086199655699
0.19956090897857534
0.30035547806634255
0.13156555367464653
0.058454424125445575
-0.14217327060078958
0.13304369273997227
0.05882261013551141
0.16538043923394014
-0.06825552156928237
0.2198601509418339
-0.03142945268792208
-0.13051347785200687
-0.06096326795847115
0.057837147003040594
-0.2656456390402693
0.222132297316834
0.05695969826089651
0.18877970592563145
0.3098262040717691
0.1549316474704456
-0.14734307386326978
0.027706414840160988
0.05111930777549958
0.23820544428053475
0.17797936876656376
0.0029195690788223175
0.08571337421195445
-0.08633663425147332
0.13251228372110097
0.12475085747612084
0.1359381548710175
0.11982533485761196
0.15051940274608863
0.18681264951997226
