0.19942879981703843
0.11685340791881485
0.4301079051415013
0.8319415836879527
0.6650622563232471
0.8685961539011837
0.32971313525041335
0.5110536578161377
0.7294852511314491
0.6198986367755048
0.5944310511167139
0.710880189283549
0.09459828221466818
0.318852671704458
0.5038254803132569
0.4652884634127018
0.710880189283549
0.4344167134243083
0.22792727621710723
0.1381795037145364
0.4344167134243083
0.48629690315032237
0.10484605050299343
0.8319415836879527
0.8698297543176879
0.5020939093052678
0.21741985278021966
0.7493834018143712
0.055153484601235925
0.2334681423825058
0.7493834018143712
0.019965634231639093
0.8333202793795474
0.8686619143372447
0.03357393457269639
0.14471937269958096
0.7281654155220793
0.7790225254353127
0.18282660772463244
0.9083605072834003
0.49011337882099804
0.8787401771550696
0.10600576477867014
0.8590862129027489
0.26241857828784787
0.44255524362184395
0.19270355221763208
0.48629690315032237
0.09459828221466818
0.8590862129027489
0.34647703430415067
0.9450528987529243
0.860150356862911
0.7783703059483806
0.043821979131872774
0.12732476667489645
0.4424815420419898
0.6784365329714073
0.24109738917827364
0.4301079051415013
0.5607123953953184
0.8333202793795474
0.541501342551942
0.6005359123175549
0.7413529690927201
0.412560461626616
0.3612811304273144
0.8481003793849611
0.7117589984599784
0.5701615259326246
0.8686619143372447
0.6093597650782562
0.5267105639527395
0.541501342551942
0.8481003793849611
0.42694499333640185
0.12720549364122583
0.4652884634127018
0.6093597892231619
0.6906380417693898
0.5110536578161377
0.1381795037145364
0.18282660772463244
0.8698297543176879
0.11352946501108493
0.860150356862911
0.6198986367755048
0.10325728248728214
0.21741985278021966
0.6650622563232471
0.33808029356436675
0.829545135695748
0.5267105639527395
0.7771865474760142
0.5020939093052678
0.39458116919275604
0.5336060645436089
0.8396701151602532
0.46411706549411835
0.6709136326690076
0.6039326448838406
0.6906380417693898
0.728994792608553
0.01979626839203525
0.7372136976785195
0.21118506872795492
0.8882051725070601
0.34014181863134707
0.829545135695748
0.6784365329714073
0.7916939835160419
0.8396701151602532
0.18155922680731112
0.19270355221763208
0.6145851635106148
0.5336060645436089
0.8813243056550931
0.1976890520817244
0.42694499333640185
0.033821757716725506
0.27122355768919404
0.2048774710285185
0.5944310511167139
0.6352512807715928
0.8568001671134089
0.11922569724213863
0.6126336307522604
0.24109738917827364
0.7062505105973349
0.40291017252036293
0.7390128536258673
0.5946306654394311
0.7769793126868452
0.9199404709477537
0.41436707545416085
0.11283696103328172
0.9590111858332079
0.318852671704458
0.562123128747389
0.5701615259326246
0.11352946501108493
0.5946306654394311
0.7281654155220793
0.5582695838377131
0.6149898664831381
0.5024983480662021
0.2945045382504878
0.5582695838377131
0.4344174050123294
0.7294852511314491
0.41436707545416085
0.34014181863134707
0.9199404709477537
0.10484605050299343
0.43709812878771814
0.055153484601235925
0.3773122773950768
0.40291017252036293
0.7916939835160419
0.11685340791881485
0.6709136326690076
0.4573220233709328
0.7790225254353127
0.09457313902312606
0.11922569724213863
0.33366522494709694
0.5735616752768126
0.8817160530756789
0.7062505105973349
0.12732476667489645
0.0954132866249369
0.8882051725070601
0.22792727621710723
0.7413530890908187
0.23188526855881744
0.4573220233709328
0.3684239185484969
0.8729796173557773
0.03357381702682902
0.18155922680731112
0.9392009664727783
0.033821757716725506
0.2334681423825058
0.5038254803132569
0.7390128536258673
0.39457762437014277
0.3684239185484969
0.21118506872795492
0.8560860219158435
0.43709812878771814
0.6352512807715928
0.13863402763075333
0.1976890520817244
0.6191213261077652
0.6145851635106148
0.24213912869300258
0.33808029356436675
0.7372136976785195
0.23908928645824212
0.5292610068435297
0.6149898664831381
0.10600576477867014
0.49011337882099804
0.9083605072834003
0.7413529690927201
0.5024983480662021
0.6587973968040235
0.03357381702682902
0.8787401771550696
0.27122355768919404
0.5607123953953184
0.5292610068435297
0.412560461626616
0.8813243056550931
0.2945045382504878
0.13863402763075333
0.9392009664727783
0.0954132866249369
0.3773122773950768
0.7783703059483806
0.4424815420419898
0.14471937269958096
0.26241857828784787
0.33366522494709694
0.019965634231639093
0.562123128747389
0.8729796173557773
0.7117589984599784
0.6149897190680398
0.08475356266726392
0.6587973968040235
0.043821979131872774
0.8817160530756789
0.9450528987529243
0.03479114406879273
0.8560860219158435
0.32971313525041335
0.11283696103328172
0.6191213261077652
0.2048774710285185
0.6093597892231619
0.7769793126868452
0.34647703430415067
0.5735616752768126
0.39457762437014277
0.12537997918698357
0.6005359123175549
0.3612811304273144
0.1512575423191555
0.03479114406879273
