0.7863649710309165
0.2800582561583903
0.26439860488093664
0.7177788751194936
0.6638546592076151
0.34288168276592085
0.46211692369854246
0.7201884629455991
0.5220341398062447
0.4635113121787673
0.4455731876421636
0.8582599957951691
0.47850468643452054
0.037511791055523824
0.5444384653203544
0.16269551948975947
0.19280678338615698
0.4065215655823377
0.9443308900338159
0.07916035130503743
0.9882497173179043
0.7392623818944974
0.9882497173179043
0.6090017671408582
0.8248049117014586
0.620031261559008
0.06385718936416074
0.24359988161428991
0.6935801604628871
0.16444825959852521
0.7786084622875492
0.4457554285753209
0.6594548794625051
0.6594548794625051
0.24359988161428991
0.3613004685346714
0.4455731876421636
0.6164364487229378
0.19280678338615698
0.08878052032056255
0.3473167281112327
0.2465660483253962
0.789810592572472
0.19595361697934682
0.7111427262848815
0.26953693239508847
0.3703003676616122
0.620897426306497
0.5485978287198485
0.41788527139991305
0.4817018756806107
0.2801813744796625
0.028535915241080567
0.6579419988800661
0.8341422820931879
0.2398204514006087
0.3404476875581385
0.7745201930696197
0.16444825959852521
0.3703003676616122
0.8458317220444098
0.43608044415661107
0.3928722478536273
0.47316293400107995
0.5379438085642972
0.23875960676135188
0.25829069923178616
0.8419123598487486
0.8580478887373436
0.8584048846535375
0.34288168276592085
0.009199848893640894
0.9741016262990572
0.0999509959398377
0.35227504187005365
0.7170796684192129
0.851835486911114
0.05375060312025115
0.3177985722577854
0.14979678575186048
0.9540915533566899
0.47567028379889587
0.9734246349169171
0.5347000890331051
0.22974408888395498
0.05493561786758472
0.6529670269006305
0.1633418593350121
0.6339355234670936
0.6638546592076151
0.9466538589466933
0.8366581562300794
0.9741016262990572
0.36303256964792224
0.2607900254913199
0.10682997422492815
0.14866965786291475
0.47316293400107995
0.612651307582138
0.33126077426090506
0.23875960676135188
0.08060268812566523
0.48111092064366967
0.9540915533566899
0.6579419988800661
0.6339355234670936
0.5220341398062447
0.3775852363681315
0.05375060312025115
0.5533642096817274
0.4711617784227496
0.2801813744796625
0.7638939384959141
0.25062598153467175
0.9958484230629996
0.620897426306497
0.9337563015155115
0.3928722478536273
0.3549200558156662
0.8341422820931879
0.9302837010064322
0.46387108270496114
0.04459386015278877
0.9443308900338159
0.7300374639815911
0.49378756922731315
0.5485978287198485
0.48953118761368164
0.46211692369854246
0.8458317220444098
0.4711617784227496
0.2888919498098258
0.08424410283583228
0.7344885386942762
0.47167423581489154
0.26778942826138197
0.598852573725762
0.7177788751194936
0.4385783415088952
0.46387108270496114
0.22974408888395498
0.7183692553807944
0.7006888749918592
0.8093718957465672
0.9486070367298759
0.8584048846535375
0.5154669185658439
0.35227504187005365
0.17096430451895972
0.8450506680299965
0.12268034585031545
0.8095915444802639
0.12630833118017526
0.8088702168733155
0.05211758635941258
0.6736675442353584
0.19595361697934682
0.851139540552131
0.7055799117111569
0.11989611441250414
0.04348569824283732
0.9736131463795785
0.8248049117014586
0.3376995788381436
0.08060268812566523
0.2555046716571407
0.39967572425591613
0.9277750098571196
0.5741830637586434
0.26439860488093664
0.49453713477016015
0.6197539525754905
0.7392623818944974
0.05725100661648916
0.08322843329447788
0.612651307582138
0.18480359517696432
0.5450215664079585
0.26890336282266036
0.3613004685346714
0.2555046716571407
0.6736675442353584
0.47167423581489154
0.10682997422492815
0.5741830637586434
0.25829069923178616
0.851139540552131
0.598852573725762
0.7170823415938898
0.7708656356514605
0.007395653301815797
0.3642218490109339
0.5347000890331051
0.26741479170986804
0.5450215664079585
0.0999509959398377
0.6408101319958984
0.9302837010064322
0.11383449269214024
0.7201884629455991
0.9131637241329612
0.7188244594521173
0.9802882651495751
0.8582599957951691
0.20330748630071782
0.8419123598487486
0.9602214934928502
0.7750856769085384
0.37675434688970844
0.9947427217538548
0.037117943331315656
0.05725100661648916
0.037117943331315656
0.2387035739085046
0.5180679906169775
0.6368602256483473
0.7745201930696197
0.9041344943073385
0.7183692553807944
0.8093718957465672
0.3376995788381436
0.8361439045904387
0.7111427262848815
0.8482610712447073
0.8095915444802639
0.15771763121633797
0.05631431203248505
0.9337563015155115
0.495862282977666
0.3473167281112327
0.004231768439122097
0.05211758635941258
0.20900297705006377
0.2465660483253962
0.9802882651495751
0.08878052032056255
0.9277750098571196
0.9586593268497161
0.8908360382263346
0.495862282977666
0.3177985722577854
0.07916035130503743
0.4817018756806107
0.39967572425591613
0.26778942826138197
0.7708656356514605
0.7170796684192129
0.7750856769085384
0.47567028379889587
0.11383449269214024
