0.791775744812017
0.2762612402325043
0.27259715600936335
0.7917112099437902
0.7311808940750063
0.3024007922219222
0.2736459912873207
0.7917752813731286
0.28113767173079396
0.2806197112250069
0.2786975844587898
0.789094861071658
0.2793003281973338
0.27667258244236714
0.3559880344424454
0.2737347980390191
0.3236283824399621
0.27876166235882494
0.7917757955109632
0.40515592800461786
0.7917757997229637
0.7917099933830312
0.7917675560599973
0.4567303782248028
0.791775805676267
0.7917758073228488
0.2749660200598837
0.3467654241015534
0.7311808940750185
0.27769820249476596
0.7917642205849869
0.47896136801729217
0.7917757713909472
0.7917112099437902
0.3467654241015534
0.27521918822846536
0.2744069373744156
0.2746163456382599
0.2739139977256495
0.2730424455753141
0.27367511277273515
0.27819224594505265
0.7917757808031471
0.2848563153405773
0.4567303782248028
0.2792103693367588
0.2882831328754013
0.7917521512440283
0.4382562757426012
0.2733152183890313
0.27258488244773904
0.2882831328754013
0.2793902870579088
0.7915194987071601
0.7917758129091287
0.2744069373744156
0.4382562757426012
0.7810503779607012
0.27413165379618654
0.2730424455753141
0.7917755447037738
0.2736459912873207
0.4715318774316177
0.2773872540654955
0.40515592800461786
0.28530147560762453
0.2751899040252689
0.7917738693415097
0.7917449636357018
0.7917758050788013
0.3024007922219222
0.2749660200598837
0.7890948595938203
0.2820284261958124
0.27413165379618654
0.7917758146455129
0.791775744812017
0.273536568057441
0.28113767173079396
0.2739139977256495
0.7917099933830312
0.2775452318498087
0.7916441633337572
0.7912493620728975
0.32867282950520904
0.3559880344424454
0.7917758650917415
0.2793003281973338
0.31745498147165785
0.7311808940750185
0.7917757845491336
0.7917757757680405
0.7917752837618015
0.2737227839574741
0.27876166235882494
0.3084625458556709
0.2930977316134143
0.3693274166313269
0.7917757764980946
0.2744700914536091
0.2737383165481678
0.28225270571899336
0.7917747499233809
0.7917747499233809
0.3217534944874717
0.7917680636129829
0.3147396220283111
0.3973855571555935
0.27870602652914045
0.7890948581159826
0.2763551465783448
0.3693274166313269
0.7917521512440283
0.2747288059741334
0.7917757865195088
0.7917758064169272
0.7917680991083846
0.42568466069234295
0.2744700914536091
0.7917757677237982
0.7917757680008618
0.27751796328742795
0.42551473459718436
0.7917526792960936
0.7917757985706215
0.2769718256820498
0.2819473686619586
0.27784491003170764
0.2806197112250069
0.7917758098744696
0.27667250895497536
0.27787314092806364
0.2820284261958124
0.7890948595938203
0.28467250428377544
0.27819224594505265
0.49128231446957804
0.7917758129091287
0.425691528441287
0.4715318774316177
0.2747288059741334
0.791775753082923
0.7917716697611497
0.7917449783692887
0.7917752837618015
0.791775808223911
0.7917719553868061
0.2737383165481678
0.31745498147165785
0.7917757962950063
0.40216853481486414
0.7917680929228976
0.3217534944874717
0.7917675549731658
0.27788009796759644
0.7917747718407441
0.2819700325708759
0.7917758064727936
0.7917747345591738
0.3243691029958093
0.27363984293258725
0.7917758116553937
0.7917642205849869
0.2775181289139772
0.2748992488794356
0.2775452318498087
0.28467250428377544
0.7917755447037738
0.47095416818392527
0.2744814414105502
0.7917757954086555
0.3147396220283111
0.7917757618738801
0.2786975844587898
0.3243691029958093
0.2848563153405773
0.31432705626872437
0.32128231918693784
0.2930977316134143
0.27870602652914045
0.27363984293258725
0.7917758064727936
0.7917099622444255
0.2769718256820498
0.47095416818392527
0.2748992488794356
0.7912109549852606
0.49128231446957804
0.7917757865195088
0.7917738693415097
0.40216853481486414
0.2738737575950436
0.7917099854260681
0.27521918822846536
0.4567303782248028
0.27472439218905487
0.7917752813731286
0.7917758037322434
0.2739012906789514
0.7912109549852606
0.7917757677237982
0.425691528441287
0.7917757900707167
0.7917716697611497
0.27372879099824665
0.7917757955703638
0.7917719389600557
0.7917428812218081
0.28225270571899336
0.7917757808031471
0.3084625458556709
0.32128231918693784
0.27667250895497536
0.27787314092806364
0.2738737575950436
0.31432705626872437
0.7810503779607012
0.7916476480468364
0.791775753082923
0.3166172340810143
0.47896136801729217
0.7917758563935696
0.7311808940750063
0.7917719553868061
0.7917757095218751
0.2778807242557748
0.2820061645172983
0.7917141425449452
0.47896136801729217
0.3166172340810143
0.28485640578780785
0.27769820249476596
0.3236283824399621
0.27473321975921194
0.7917757955703638
0.27372879099824665
0.7917752807415674
0.7910979736291843
0.7917428812218081
0.2773872540654955
0.2762612402325043
0.2819700325708759
0.27258488244773904
0.3973855571555935
0.2819473686619586
0.7917593196837187
0.7917757954086555
0.7917680636129829
0.27784491003170764
0.2739012906789514
