0.797617593952116
0.2626746177556639
0.2626746177556639
0.7210531281984174
0.617748710672513
0.34288168276592085
0.4678686957098481
0.7262171844382252
0.5733619296816428
0.4625853510786181
0.4455731876421636
0.8664402286175525
0.40405079341020633
0.04918281444258965
0.5379462392281598
0.18602931171830306
0.2125765403012853
0.40405079341020633
0.8736746142616683
0.07952093551019437
0.960354684287346
0.7403354500451004
0.9324596512567878
0.5186739220125358
0.7865087283441135
0.6499981212403882
0.07667069590605283
0.2331157346758393
0.6943812378781289
0.1793632279275657
0.8185066734705433
0.5186739220125358
0.6530750404636523
0.6530750404636523
0.2331157346758393
0.3613004685346714
0.4455731876421636
0.5692352942645913
0.18880518928156065
0.10298289699217206
0.3916985861339219
0.31053563114976623
0.8962003991422312
0.19595361697934682
0.6943812378781289
0.33948560022725205
0.3684008305832752
0.6273468700960726
0.5485978287198485
0.4171063923111656
0.4817018756806107
0.3033478533333926
0.15989499457363116
0.6585211175516172
0.7214201773285362
0.15989499457363116
0.3817820554615424
0.7745201930696197
0.12731004572909166
0.3684008305832752
0.8458317220444098
0.3916985861339219
0.3928722478536273
0.48451260848937294
0.5002075382355947
0.18751242821962996
0.29562489138787607
0.8450867155467279
0.7703271096446022
0.9193103526869641
0.34288168276592085
0.07667069590605283
0.9743187167767541
0.10298289699217206
0.3322213655643827
0.7703271096446022
0.8868027232241407
0.0560819265425503
0.29562489138787607
0.1793632279275657
0.9643136803055705
0.47567028379889587
0.9840836783353859
0.5379462392281598
0.17702742413639388
0.08433204967626491
0.789849279543674
0.23225505642828773
0.5575232220553816
0.6499981212403882
0.9250087030900312
0.8362604930163209
0.9743187167767541
0.23225505642828773
0.26198861999139356
0.21485848272735739
0.2125765403012853
0.4678686957098481
0.612651307582138
0.2946976807922196
0.1411226525020946
0.08060268812566523
0.5575232220553816
0.9643136803055705
0.6585211175516172
0.6731951726000629
0.5692352942645913
0.37029768534674024
0.09422959391889194
0.6087136280428763
0.5049151527014427
0.2801813744796625
0.7722877423053823
0.21485848272735739
0.9749699882098448
0.6273468700960726
0.9083403835272588
0.3928722478536273
0.4171063923111656
0.960354684287346
0.9253110083977982
0.46387108270496114
0.16648409118688168
0.8868027232241407
0.7575908965236635
0.5049151527014427
0.5485978287198485
0.4920341611919209
0.4625853510786181
0.8458317220444098
0.33948560022725205
0.37803090955415997
0.08433204967626491
0.7865087283441135
0.43567498003540384
0.26621560985606646
0.611689022195275
0.7210531281984174
0.37803090955415997
0.46387108270496114
0.17702742413639388
0.7183692553807944
0.7120989188313501
0.7680699912043449
0.9250358408465897
0.8185066734705433
0.5599548836451356
0.3322213655643827
0.1134840035445688
0.8404649318567758
0.04918281444258965
0.8208420870213823
0.09422959391889194
0.797617593952116
0.05339152881943161
0.6563270872274477
0.19595361697934682
0.7841096044856719
0.7680699912043449
0.06275999928526595
0.1411226525020946
0.9235575581279205
0.9250358408465897
0.34628120110229205
0.07970122761277285
0.2555046716571407
0.43567498003540384
0.9332786881136732
0.5733619296816428
0.2946976807922196
0.4920341611919209
0.545714094195191
0.7262171844382252
0.0560819265425503
0.06642265129957298
0.612651307582138
0.18880518928156065
0.5450215664079585
0.2682527364041427
0.3613004685346714
0.2555046716571407
0.6563270872274477
0.545714094195191
0.12731004572909166
0.617748710672513
0.3140160214223106
0.9021426311435623
0.6233225931170346
0.7211782916027718
0.8362604930163209
0.07405290935113791
0.37029768534674024
0.537946164930245
0.2682527364041427
0.5450215664079585
0.05339152881943161
0.6233225931170346
0.9253110083977982
0.11349993486945842
0.7213027960783935
0.8430207404711192
0.7213027960783935
0.9193103526869641
0.8664402286175525
0.18602931171830306
0.8404649318567758
0.8962003991422312
0.7575908965236635
0.3140160214223106
0.9840836783353859
0.0372164052623677
0.05608876326812889
0.0372164052623677
0.14998205322587715
0.5599548836451356
0.611689022195275
0.7745201930696197
0.9206744643546225
0.7183692553807944
0.8430207404711192
0.34628120110229205
0.789849279543674
0.6087136280428763
0.8450867155467279
0.8208420870213823
0.07405290935113791
0.14998205322587715
0.9083403835272588
0.48451260848937294
0.31053563114976623
0.06275999928526595
0.06642265129957298
0.1565000538233737
0.18680227782878256
0.9802882651495751
0.1565000538233737
0.9332786881136732
0.9021426311435623
0.8736746142616683
0.5002075382355947
0.3033478533333926
0.07970122761277285
0.4817018756806107
0.3817820554615424
0.26621560985606646
0.6731951726000629
0.7841096044856719
0.7722877423053823
0.47567028379889587
0.11349993486945842
