0.797617593952116
0.26525956487572483
0.2621689793302181
0.7157639537235654
0.6086094344446713
0.34288168276592085
0.4625526700986128
0.7120989188313501
0.5220341398062447
0.4625962447386198
0.4455731876421636
0.8583324402243533
0.4167123711250934
0.03731486719341974
0.537971574817103
0.18074418038421075
0.19987202664362966
0.40943426805941563
0.9443308900338159
0.07916035130503743
0.9882497173179043
0.7403354500451004
0.9882497173179043
0.5186739220125358
0.7738573721874292
0.653553938231727
0.06624331901665845
0.2436248380167796
0.6842057116546243
0.1793632279275657
0.8185066734705433
0.5186739220125358
0.6530750404636523
0.6530750404636523
0.24359988161428991
0.3613004685346714
0.4455731876421636
0.5692352942645913
0.18880518928156065
0.10298289699217206
0.3916985861339219
0.31053563114976623
0.8962003991422312
0.19595361697934682
0.7045567641016336
0.26953693239508847
0.3703003676616122
0.6273468700960726
0.5485978287198485
0.41788527139991305
0.4817018756806107
0.2801813744796625
0.15989499457363116
0.6585211175516172
0.7252547328133715
0.15989499457363116
0.37241280917612235
0.7745201930696197
0.12731004572909166
0.367261108336273
0.8458317220444098
0.3916985861339219
0.3928722478536273
0.47316293400107995
0.5002075382355947
0.198792841278662
0.25829069923178616
0.8450867155467279
0.8268950505952333
0.8583324402243533
0.34288168276592085
0.08697851794017084
0.9741016262990572
0.10298289699217206
0.36451469437988104
0.713759168693971
0.8868027232241407
0.055500804868370154
0.3276392055375262
0.1793632279275657
0.9749699882098448
0.47567028379889587
0.9840836783353859
0.537971574817103
0.22974408888395498
0.08433204967626491
0.789849279543674
0.26198861999139356
0.5575232220553816
0.6842057116546243
0.9372144344019064
0.8456259354374084
0.9741016262990572
0.20340464827236598
0.26198861999139356
0.18609212743793518
0.20340464827236598
0.47316293400107995
0.612651307582138
0.3276392055375262
0.1411226525020946
0.08060268812566523
0.5575232220553816
0.9540915533566899
0.6585211175516172
0.6337963138856482
0.5692352942645913
0.3726479195030319
0.09422959391889194
0.6086094344446713
0.5049151527014427
0.2801813744796625
0.7722877423053823
0.2436248380167796
0.9749699882098448
0.6273468700960726
0.9337563015155115
0.3928722478536273
0.4167123711250934
0.8766695851956712
0.92934294182544
0.46387108270496114
0.06097422262141414
0.8868027232241407
0.7504515498165258
0.5049151527014427
0.5485978287198485
0.4920341611919209
0.4625962447386198
0.8458317220444098
0.40943426805941563
0.3477067576960817
0.08433204967626491
0.7738573721874292
0.43567498003540384
0.26769576912350346
0.611689022195275
0.7252547328133715
0.3881389601735194
0.46387108270496114
0.22974408888395498
0.7183692553807944
0.7120989188313501
0.7661408642099835
0.9239080328851972
0.8185066734705433
0.5599548836451356
0.29992803674888435
0.11332469029567271
0.8404649318567758
0.06097422262141414
0.8208420870213823
0.09422959391889194
0.797617593952116
0.05339152881943161
0.653553938231727
0.19595361697934682
0.7841096044856719
0.7661408642099835
0.06275999928526595
0.1411226525020946
0.9217699595371672
0.9239080328851972
0.3246395432697835
0.08060268812566523
0.2555046716571407
0.43567498003540384
0.9372144344019064
0.5890551170959767
0.2621689793302181
0.4920341611919209
0.545714094195191
0.7403354500451004
0.055500804868370154
0.06648242872721116
0.612651307582138
0.18880518928156065
0.5450215664079585
0.2682527364041427
0.3613004685346714
0.2555046716571407
0.6591002362231684
0.545714094195191
0.12731004572909166
0.5890551170959767
0.26525956487572483
0.8456259354374084
0.6198313528608301
0.7220239757369051
0.8268950505952333
0.061280378902795835
0.367261108336273
0.5378954937523588
0.2682527364041427
0.5450215664079585
0.05339152881943161
0.6198313528608301
0.929656528219104
0.11332469029567271
0.7195064611988582
0.8430207404711192
0.7195064611988582
0.9802882651495751
0.8745480170107518
0.18074418038421075
0.8404649318567758
0.8962003991422312
0.7694898077022263
0.36451469437988104
0.9840836783353859
0.037117943331315656
0.05725100661648916
0.03731486719341974
0.14998205322587715
0.5599548836451356
0.611689022195275
0.7745201930696197
0.9041344943073385
0.7183692553807944
0.8430207404711192
0.3881389601735194
0.789849279543674
0.6088872840398847
0.8450867155467279
0.8208420870213823
0.08697851794017084
0.14998205322587715
0.882924465539006
0.495862282977666
0.31053563114976623
0.06275999928526595
0.06648242872721116
0.1565000538233737
0.18609212743793518
0.9802882651495751
0.1565000538233737
0.92934294182544
0.9586593268497161
0.832179304791612
0.5002075382355947
0.3246395432697835
0.07916035130503743
0.4817018756806107
0.3726479195030319
0.26769576912350346
0.7504515498165258
0.7841096044856719
0.7722877423053823
0.47567028379889587
0.11383449269214024
