0.7599229985797327
0.19449355929836953
0.221238031577296
0.803673748102046
0.7874423838614111
0.4281150405767459
0.38966600823603814
0.7768487385013035
0.45166227360678246
0.3686478711152016
0.31404860397382683
0.7926697458728269
0.21934811390352665
0.2156425028273861
0.6311548184780391
0.2428954974950816
0.4406662633800546
0.4571917654275389
0.8148639554252908
0.19449355929836953
0.8071416403646923
0.8242084232163893
0.7891183292963098
0.4406662633800546
0.7916098061270824
0.7633947218994798
0.21567882558619522
0.3925095893689967
0.6871734810622636
0.20344862994304275
0.7860984165554503
0.4802591694862578
0.7543958564796558
0.7922687104453654
0.21547095342087044
0.25051413284213764
0.31404860397382683
0.5881652214065117
0.19738956589359333
0.19585005018898444
0.26240026896648444
0.21180815832654837
0.7956255469003706
0.21167632095893885
0.6311548184780391
0.21475152431140354
0.2327261667600338
0.7436981077754095
0.4364711156948261
0.473986088651145
0.22004021418292014
0.2856913392408277
0.221238031577296
0.780332059730546
0.7889218329981341
0.22550974637328597
0.5186941121031308
0.7874423838614111
0.20344862994304275
0.3686478711152016
0.8120976020837163
0.2520298813511519
0.4802591694862578
0.23170029791294844
0.30605888314698215
0.2109983255501733
0.27481932129329534
0.7663698474207902
0.7889218329981341
0.7932635404861945
0.4281150405767459
0.19406323409510523
0.8174195087052077
0.21557081118689916
0.2428954974950816
0.7768487385013035
0.7599229985797327
0.22550974637328597
0.2136263785168565
0.2257803815611444
0.7827994469707634
0.4136942958242821
0.8242084232163893
0.803673748102046
0.2230230730728192
0.20362791781065914
0.8055912398983078
0.20362791781065914
0.4571917654275389
0.6871734810622636
0.8187727175816621
0.8250841257977991
0.7827994469707634
0.26240026896648444
0.21032032838574238
0.2510535262378939
0.2058031800804333
0.4741550651805184
0.776559393282155
0.2136263785168565
0.2109983255501733
0.2197173534583013
0.7436981077754095
0.784247721875505
0.43307068442747154
0.7911490949063003
0.4891421596927511
0.43307068442747154
0.21960273475579511
0.7935191531712065
0.4510886991575759
0.2220445017461493
0.8115128852129212
0.2327261667600338
0.9268165481046557
0.8071416403646923
0.8115143872555759
0.500159218954936
0.31469383719525135
0.7900681155503801
0.7932635404861945
0.47398608861658775
0.4364711156948261
0.8148639554252908
0.787629198610161
0.4510886991575759
0.31469383719525135
0.3925095893689967
0.38966600823603814
0.8120976020837163
0.2413722918870947
0.21167632095893885
0.2220445017461493
0.7935191531712065
0.2197173534583013
0.21154741410805844
0.4891421596927511
0.7916098061270824
0.5186941121031308
0.47398608861658775
0.2230230730728192
0.788757706583004
0.8187727175816621
0.7426102379601465
0.7911490949063003
0.7860984165554503
0.7922687104453654
0.42630879906523333
0.19406323409510523
0.7926697458728269
0.21844652198633718
0.7926700701651949
0.21934811390352665
0.7893148836592518
0.19689076288842244
0.7881996067328206
0.2520298813511519
0.784247721875505
0.7872171236901478
0.22132561820278066
0.23439609380223503
0.7956255469003706
0.776559393282155
0.21934811324731157
0.23170029791294844
0.18821711204632058
0.39171519189136983
0.8187727169985575
0.45166227360678246
0.4136942958242821
0.6070998646790837
0.5079260107345587
0.7872171236901478
0.19176304566434121
0.21475152431140354
0.45596533602004374
0.20131719830735512
0.4281150405767459
0.2058031800804333
0.21551719632629907
0.18821711204632058
0.7906692008608397
0.7633947218994798
0.22583323460730903
0.4891421596927511
0.2510535262378939
0.8250841257977991
0.4891421596927511
0.7900681155503801
0.7881996067328206
0.21844652198633718
0.2856913392408277
0.7891183292963098
0.25051413284213764
0.4741550651805184
0.21551719632629907
0.7908243251794158
0.7906692008608397
0.19738956589359333
0.8187727180647735
0.7860984165554503
0.500159218954936
0.829519679744332
0.7908243251794158
0.30605888314698215
0.7663698474207902
0.7426102379601465
0.7876687676151315
0.2257803815611444
0.829519679744332
0.20131719830735512
0.19176304566434121
0.2413722918870947
0.27481932129329534
0.5079260107345587
0.6070998646790837
0.8331049298469311
0.780332059730546
0.7599229985797327
0.5186941121031308
0.6231416311898093
0.8055912398983078
0.6231416311898093
0.788757706583004
0.8174195087052077
0.227761959028738
0.2156425028273861
0.7543958564796558
0.5881652214065117
0.2156805876875168
0.21547095342087044
0.19689076288842244
0.21567882558619522
0.23439609380223503
0.829519679744332
0.19585005018898444
0.9268165481046557
0.7436981077754102
0.7876687676151315
0.45596533602004374
0.2136263749456403
0.227761959028738
0.4510886991575759
0.39171519189136983
0.19689076288842244
0.787629198610161
0.8331049298469311
0.8115143872555759
0.42630879906523333
0.2058031800804333
