0.26687877946161953
0.6920710655441606
0.4269223130377977
0.6313838818211464
0.7645857312239513
0.20900546880890536
0.2211419668489769
0.7343252020805388
0.20542758389612123
0.2211419668489769
0.5944283685824168
0.7645857312239513
0.22520918529024198
0.7240127449167794
0.15781892885150367
0.23691252561310966
0.1833725951686498
0.1892785459315347
0.8862803540116904
0.7084251368559363
0.7227683630875908
0.20900546880890536
0.2043642932957268
0.7549501164080574
0.7895400533931047
0.1892785459315347
0.15812020411035901
0.21441582931036818
0.22340302848897176
0.17781913414432818
0.19773822799986984
0.20558117061664646
0.19614649239911708
0.6887678192258747
0.754709062301226
0.2624462115231736
0.7790056908025913
0.48745703708276117
0.21066457805444858
0.15326982050462967
0.16675891761659595
0.13838866819264012
0.21852485451000087
0.24608273392362343
0.7254751321079461
0.8779811484008724
0.15722689056607606
0.20195872135297882
0.2564747525112672
0.21760472214850457
0.6887678192258747
0.6920710655441606
0.2029394196640102
0.22520918529024198
0.726909140769282
0.2069131988090931
0.8866721076786536
0.5906406627932516
0.870621868443596
0.17639667008731716
0.46117461017402667
0.19644340055682488
0.18328450828246626
0.7790056908025913
0.1978206473967988
0.23345931265146103
0.2233920831762221
0.8436209070127918
0.15210566604670725
0.15722689056607606
0.7479330149342199
0.20771700731771436
0.22935568780913274
0.2233920831762221
0.5376641379348359
0.8862803540116904
0.33448781270216715
0.7239811233682293
0.19644340055682488
0.5606492312677461
0.1890781220735727
0.8044014365272492
0.15812020411035901
0.14384818789893106
0.03305254018555581
0.7790056908025913
0.16360882250027298
0.7556529814457686
0.5679191137894446
0.7679265960960153
0.5944283685824168
0.15559812942047446
0.6769144557711533
0.19773822799986984
0.4269223130377977
0.2097601093061929
0.4467757706797877
0.15326982050462967
0.19504713085475167
0.8044014365272492
0.2460895956545087
0.2043642932957268
0.7728460479740442
0.2452996414807468
0.5944283685824168
0.6887678192258747
0.21201251427655413
0.20900546880890536
0.2246903447441192
0.17729940394166444
0.20558117061664646
0.13423491741221166
0.7131798126537727
0.15326982050462967
0.7367085797331618
0.16675891761659595
0.4745365403224586
0.18935008406320053
0.5944283685824168
0.4745365403224586
0.6634898337941114
0.20978220579217277
0.7645857312239513
0.2246903447441192
0.5134136193835339
0.9658119874098087
0.7239811233682293
0.5956482505494176
0.5906406627932516
0.7227683630875908
0.21201251427655413
0.15628412807222036
0.684398982721971
0.8862803540116904
0.21852485451000087
0.2564747525112672
0.15722689056607606
0.21201251427655413
0.33448781270216715
0.8436209070127918
0.6634898337941114
0.264507644840198
0.6269338775978063
0.17082377898047318
0.31791872654588604
0.2243837429309821
0.5574183299146058
0.12365504583195873
0.19241473211794338
0.15241212302711446
0.7600424405680368
0.796364759949793
0.9343817481763297
0.6669438584977643
0.7955760065874293
0.870621868443596
0.5679191137894446
0.6940905889317978
0.24809087523293016
0.2097601093061929
0.726909140769282
0.28200073023475475
0.48745703708276117
0.6920710655441606
0.46041896882566147
0.1950901806487345
0.26572629053576746
0.48745703708276117
0.16360882250027298
0.797049477923003
0.626650671813809
0.7479330149342199
0.4467757706797877
0.7999301936106447
0.22340302848897176
0.13950683594538388
0.5376641379348359
0.20824448684258065
0.862805228342156
0.7625934218615613
0.23317741113779292
0.7343252020805388
0.6864743325091487
0.4745365403224586
0.8551027371716966
0.1488565410250942
0.19504713085475167
0.5376641379348359
0.15559812942047446
0.16393393294821573
0.21441582931036818
0.24337216743871692
0.2211419668489769
0.16393393294821573
0.588284161130805
0.20824448684258065
0.442097331113364
0.578175614074722
0.7679265960960153
0.8135224463047672
0.195169552017733
0.6269338775978063
0.8535293314323046
0.20978220579217277
0.5134136193835339
0.28239811802725245
0.8551027371716966
0.6313838818211464
0.6204639962581634
0.7220832009919326
0.15241212302711446
0.1700129199426714
0.7728460479740442
0.26572629053576746
0.19732353513962553
0.2386970612803362
0.7227683630875908
0.1488565410250942
0.9180511353712921
0.7549501164080574
0.684398982721971
0.1700129199426714
0.5956482505494176
0.18154693132401786
0.24337216743871692
0.8061484908814979
0.2624462115231736
0.7408343221821546
0.13286988961839832
0.26687877946161953
0.8955205692892132
0.15628412807222036
0.6204639962581634
0.5376641379348359
0.22103484463121548
0.13286988961839832
0.4745365403224586
0.26572629053576746
0.19614649239911708
0.7999301936106447
0.13423491741221166
0.12365504583195873
0.264507644840198
0.548754176890214
0.4467757706797877
0.7766623726560138
0.17082377898047318
0.9392275066962755
0.503101660308968
0.7469156687427296
