0.2673344982736924
0.8091954733139106
0.20168580293673866
0.8306870565617481
0.20759069571366895
0.4097714859458538
0.3449480951367745
0.1659704153109656
0.5420102086551298
0.25556282816180387
0.6268499472492315
0.8805616261373268
0.29232770884936304
0.8072320365629846
0.8355049644647604
0.3178435832862253
0.25267008159946525
0.899944439758777
0.5859444024728784
0.0818539883879183
0.8806965652791139
0.8107922592782166
0.39900531604529843
0.5637559131890879
0.6539778586071896
0.4802219264570707
0.6212266559568544
0.18221330024627527
0.10829938983054128
0.9111538618517094
0.5378488053221528
0.8687508958063905
0.06658097412375957
0.9128706593066871
0.28000880662118344
0.2673344982736924
0.6804216051706056
0.08528809592222297
0.047097344728626714
0.8805616261373268
0.3555517417267601
0.8456157293148437
0.8687508958063905
0.7340405080264014
0.23545888583994337
0.5622325656881741
0.890242479054228
0.3554599933639666
0.79327327809588
0.2713382625232632
0.4560031158677866
0.9345980513483859
0.8329687413781671
0.18221330024627527
0.8962506922898457
0.20168580293673866
0.9670374726504765
0.8710612183892285
0.9491390318429926
0.6035154339342441
0.42180467411275535
0.1882036361743208
0.8805616261373268
0.0864850807055041
0.28797684798758405
0.2464037060428979
0.5184419319249775
0.8962506922898457
0.21939280988624388
0.5295249191814411
0.8455248165409996
0.5017668899986871
0.46005998656840813
0.9111538618517094
0.2975329321117176
0.0818539883879183
0.5626686960201165
0.6299124765114121
0.7143567075259328
0.24343338632359338
0.8971707021257445
0.8120879747983561
0.5295249191814411
0.5017668899986871
0.5637559131890879
0.1882036361743208
0.8297289206020535
0.39885399853727177
0.10953765182368
0.8526676963403892
0.5804775454727149
0.7143567075259328
0.15309279505397433
0.7340405080264014
0.8430308197387515
0.90419858528572
0.6147339191755398
0.3178435832862253
0.8645287190094935
0.6586066867902358
0.79327327809588
0.06658099112481745
0.90419858528572
0.11802063056796361
0.7851667206155023
0.42180467411275535
0.8297290581763317
0.6246773750908415
0.5804972774590953
0.3012762975804435
0.22604801557988202
0.8511709390449782
0.21939280988624388
0.28913526786664456
0.8003017074236616
0.6586066867902358
0.5299983678758213
0.24343338632359338
0.8120879747983561
0.8355049644647604
0.29756327333049853
0.47200671781386605
0.47200671781386605
0.3146743734330086
0.6035154339342441
0.900871488818499
0.13488937692563296
0.3449480951367745
0.15309279505397433
0.3939697527490708
0.5049537531513781
0.39885399853727177
0.8003017074236616
0.22604801557988202
0.6268499472492315
0.34439396186067583
0.3216220555805864
0.4802219264570707
0.5378488053221528
0.6171777947868128
0.8439339932922971
0.28000880662118344
0.6572818644860761
0.06831628539921634
0.2265915589298444
0.30858494535605197
0.2302220663226185
0.7937018704076493
0.7851667206155023
0.31568431318143675
0.20759069571366895
0.8430308197387515
0.4053308956761551
0.6212266559568544
0.39900531604529843
0.23274678574003713
0.8655169499083931
0.9373925343742171
0.6246773750908415
0.154645976060083
0.5649257492979869
0.8236873103339308
0.22724479576342532
0.25556282816180387
0.13488937692563296
0.2302220663226185
0.5420102086551298
0.29232770884936304
0.8194787215583478
0.5649257492979869
0.2464037060428979
0.9008965563535394
0.25267008159946525
0.4957281300580899
0.8133836903184957
0.34439396186067583
0.890242479054228
0.07929726689481957
0.9670374726504765
0.8071958547378087
0.30858494535605197
0.08528809592222297
0.611002383117017
0.15009222300725328
0.6479386419429589
0.42690210094319053
0.5814470806821026
0.13416323371049438
0.11802063056796361
0.07929726689481957
0.8439339932922971
0.8655169499083931
0.900871488818499
0.8306870565617481
0.9491390318429926
0.154645976060083
0.6154819207189111
0.559667191098937
0.3012762975804435
0.28797684798758405
0.13778878038737677
0.6621763396699918
0.8297289206020535
0.8511709390449782
0.8455248165409996
0.0864850807055041
0.5299983678758213
0.5804972774590953
0.28913526786664456
0.29756327333049853
0.5095812117159495
0.8091954733139106
0.6163571062688051
0.5095812117159495
0.6147339191755398
0.8806965652791139
0.27810650550339017
0.6804216051706056
0.2713382625232632
0.6713939029777913
0.6286691527253349
0.4608408552678056
0.9671166797460131
0.5184419319249775
0.8971707021257445
0.3146743734330086
0.8329687413781671
0.4560031158677866
0.8526676963403892
0.2975329321117176
0.8507855484670281
0.6154819207189111
0.047097344728626714
0.3605637227887756
0.5622325656881741
0.8071958547378087
0.5049537531513781
0.46005998656840813
0.559667191098937
0.3939697527490708
0.4608408552678056
0.4957281300580899
0.13416323371049438
0.9373925343742171
0.8805616261373268
0.3177041926782931
0.5814470806821026
0.899944439758777
0.9345980513483859
0.6621763396699918
