0.1041523142290312
0.3024220549223396
0.379207798904304
0.6566375160793723
0.20068767412792707
0.1041523142290312
0.23037697335416052
0.681413451222079
0.1041523142290312
0.5768950300746354
0.567731249468983
0.20068767412792707
0.23412690859305577
0.23115749421051124
0.20730128140809578
0.20405018620326607
0.6566375160793723
0.7859524312521706
0.8810596399478082
0.7799145476630835
0.26484213128103773
0.12888888413219685
0.19345946049815552
0.7904514423374271
0.8893933808780448
0.20182432961205432
0.1243805476549321
0.296675753593773
0.8494298321723892
0.5567891207444438
0.5691954215184314
0.307269267642552
0.8494298321723892
0.296675753593773
0.8017795985428384
0.29867806017816634
0.681413451222079
0.5265685951482783
0.23803862557269828
0.5567891207444438
0.5700658554382789
0.410814486231981
0.2589296170962667
0.19840861252236008
0.8061484908814979
0.8494298321723892
0.09466330056360266
0.19002712135627217
0.2589296170962667
0.5567891207444438
0.13644600062422763
0.7367085797331618
0.20730128140809578
0.23412690859305577
0.6847284119804752
0.2961584267152499
0.8874556150125801
0.5906406627932516
0.870621868443596
0.20068767412792707
0.46117461017402667
0.5521784330954947
0.21186459701477367
0.8347096713913008
0.25841414683863756
0.21521826444091052
0.6916919461527375
0.8436209070127918
0.8955205692892132
0.07553659986853278
0.8697947080041577
0.2688285837729771
0.20405018620326607
0.2624341971948116
0.5376641379348359
0.9065324646293554
0.33448781270216715
0.6068090937391585
0.20182432961205432
0.5691200294399975
0.7462979932044884
0.9065324646293554
0.1243805476549321
0.12641448795169263
0.03305254018555581
0.8347096713913008
0.18973928358715225
0.7261406292603989
0.5679191137894446
0.761925280475764
0.567731249468983
0.1337592790840137
0.7261406292603989
0.6025358300531217
0.379207798904304
0.11364132789445977
0.42932232060953107
0.792486979828022
0.22475013470406657
0.4659119766516364
0.3483691052239589
0.07553659986853278
0.21645851514605674
0.21645851514605674
0.13644600062422763
0.6062794341953982
0.1935708438549154
0.19002712135627217
0.2561464713976856
0.12178218712026888
0.5020195304967612
0.11307517425170578
0.792486979828022
0.8825321711597348
0.7367085797331618
0.17755697888869135
0.4745365403224586
0.08918005549464336
0.13644600062422763
0.4745365403224586
0.6634898337941114
0.3194506216701733
0.3483691052239589
0.2561464713976856
0.5134136193835339
0.9658119874098087
0.7132013400290291
0.5956482505494176
0.5906406627932516
0.8874556150125801
0.1935708438549154
0.12888888413219685
0.6566375160793723
0.9065324646293554
0.31876069527302664
0.4364628423143631
0.11969380539347527
0.1935708438549154
0.33448781270216715
0.8436209070127918
0.6634898337941114
0.30302279433361956
0.1297422855158645
0.17024809341374686
0.3904530758731257
0.5340627691835499
0.5580475390847678
0.11307517425170578
0.18973928358715225
0.022497468966825362
0.8710918834068113
0.796364759949793
0.9343817481763297
0.5768950300746354
0.681413451222079
0.870621868443596
0.5679191137894446
0.6022287466114249
0.11969380539347527
0.21521826444091052
0.8083143584506275
0.23565550018745063
0.45616779063034746
0.5521784330954947
0.46041896882566147
0.21186459701477367
0.26484213128103773
0.45616779063034746
0.2236311809773424
0.4659119766516364
0.6765207359584432
0.681413451222079
0.39116921764748636
0.8255611785482391
0.23145153953413233
0.07553659986853278
0.5376641379348359
0.21048946780613223
0.862805228342156
0.7859524312521706
0.26484213128103773
0.892021600572972
0.7462979932044884
0.4745365403224586
0.8377952740383852
0.23037697335416052
0.5373932288110168
0.5376641379348359
0.7582867524422565
0.10457321318797519
0.1805019952722502
0.3024220549223396
0.21645851514605674
0.296675753593773
0.5000475863031668
0.21048946780613223
0.42932232060953107
0.567731249468983
0.761925280475764
0.7609665083036832
0.16550214517353543
0.6847284119804752
0.8377952740383852
0.3194506216701733
0.5134136193835339
0.20729176314312237
0.8881442576989274
0.9180511353712921
0.6916919461527375
0.7904514423374271
0.19345946049815552
0.09466330056360266
0.6978884699874691
0.23565550018745063
0.1371893205121893
0.2386970612803362
0.8874556150125801
0.06733610869602791
0.9180511353712921
0.7733957327108623
0.6439151600050448
0.2688285837729771
0.5956482505494176
0.08918005549464336
0.3024220549223396
0.8061484908814979
0.29867806017816634
0.7065825089073868
0.6562554839319212
0.8015662212002429
0.8955205692892132
0.12888888413219685
0.5691954215184314
0.5376641379348359
0.3290187941606194
0.014082126710757703
0.4745365403224586
0.23565550018745063
0.20732429546941122
0.8255611785482391
0.17655440373322345
0.11307517425170578
0.25841414683863756
0.5432011779148674
0.5020195304967612
0.7974678078112495
0.17024809341374686
0.9392275066962755
0.5265685951482783
0.7195321288124089
