0.2019277118132189
0.2019277118132189
0.2019277118132189
0.2019277118132189
0.2019277118132189
0.2019277118132189
0.2019277118132189
0.2019277118132189
0.2019277118132189
0.2019277118132189
0.2019277118132189
0.2019277118132189
0.2019277118132189
0.2019277118132189
0.2019277118132189
0.2019277118132189
0.2019277118132189
0.2019277118132189
0.2019277118132189
0.2019277118132189
0.2019277118132189
0.2019277118132189
0.2019277118132189
0.2019277118132189
0.2019277118132189
0.2019277118132189
0.2019277118132189
0.2019277118132189
0.2019277118132189
0.2019277118132189
0.2019277118132189
0.2019277118132189
0.2019277118132189
0.2019277118132189
0.2019277118132189
0.2019277118132189
0.2019277118132189
0.5272992703098127
0.2019277118132189
0.2019277118132189
0.2019277118132189
0.2019277118132189
0.2019277118132189
0.2019277118132189
0.2019277118132189
0.2019277118132189
0.2019277118132189
0.2019277118132189
0.2019277118132189
0.2019277118132189
0.2019277118132189
0.2019277118132189
0.2019277118132189
0.2019277118132189
0.2019277118132189
0.2019277118132189
0.2019277118132189
0.6657127043743689
0.2019277118132189
0.2019277118132189
0.2019277118132189
0.2019277118132189
0.2019277118132189
0.2019277118132189
0.2019277118132189
0.2019277118132189
0.2019277118132189
0.2019277118132189
0.2019277118132189
0.2019277118132189
0.2019277118132189
0.2019277118132189
0.2019277118132189
0.2019277118132189
0.2019277118132189
0.2019277118132189
0.2019277118132189
0.2019277118132189
0.2019277118132189
0.2019277118132189
0.2019277118132189
0.2019277118132189
0.2019277118132189
0.2019277118132189
0.03305254018555581
0.2019277118132189
0.2019277118132189
0.2019277118132189
0.2019277118132189
0.2019277118132189
0.2019277118132189
0.2019277118132189
0.2019277118132189
0.2019277118132189
0.2019277118132189
0.2019277118132189
0.2019277118132189
0.2019277118132189
0.2019277118132189
0.2019277118132189
0.2019277118132189
0.2019277118132189
0.2019277118132189
0.2019277118132189
0.2019277118132189
0.2019277118132189
0.2019277118132189
0.2019277118132189
0.2019277118132189
0.2019277118132189
0.2019277118132189
0.2019277118132188
0.2019277118132189
0.2019277118132189
0.2019277118132189
0.2019277118132189
0.5399816004547984
0.2019277118132189
0.2019277118132189
0.5399816004547984
0.6657127043743689
0.2019277118132189
0.2019277118132189
0.2019277118132189
0.2019277118132189
0.9525197470530421
0.2019277118132189
0.2019277118132189
0.6657126986110594
0.2019277118132189
0.2019277118132189
0.2019277118132189
0.2019277118132189
0.2019277118132189
0.2019277118132189
0.2019277118132189
0.2019277118132189
0.2019277118132189
0.2019277118132189
0.2019277118132189
0.6657127101376784
0.2019277118132189
0.2019277118132189
0.2019277118132189
0.2019277118132189
0.2019277118132189
0.2019277118132189
0.2019277118132188
0.2019277118132189
0.2019277118132189
0.2019277118132189
0.2019277118132189
0.2019277118132189
0.2019277118132189
0.2019277118132189
0.2019277118132189
0.5399816004547984
0.2019277118132189
0.2019277118132189
0.2019277118132189
0.2019277118132189
0.2019277118132189
0.5272992703098127
0.2019277118132189
0.2019277118132189
0.2019277118132189
0.2019277118132189
0.5272992703098127
0.2019277118132189
0.2019277118132189
0.2019277118132189
0.2019277118132189
0.2019277118132189
0.6740586825864587
0.2019277118132189
0.2019277118132189
0.2019277118132189
0.2019277118132189
0.6350768256533179
0.6740586825864588
0.2019277118132189
0.2019277118132189
0.2019277118132189
0.5399816004547984
0.2019277118132189
0.2019277118132189
0.2019277118132189
0.2019277118132189
0.2019277118132189
0.2019277118132189
0.2019277118132189
0.2019277118132189
0.2019277118132189
0.2019277118132189
0.2019277118132189
0.2019277118132189
0.2019277118132189
0.2019277118132189
0.2019277118132189
0.2019277118132189
0.2019277118132189
0.2019277118132189
0.2019277118132189
0.2019277118132189
0.2019277118132189
0.2019277118132189
0.2019277118132189
0.2019277118132189
0.2019277118132189
0.2019277118132189
0.2019277118132189
0.2019277118132189
0.2019277118132189
0.2019277118132189
0.2019277118132189
0.2019277118132189
0.2019277118132189
0.2019277118132189
0.2019277118132189
0.2019277118132189
0.2019277118132189
0.2019277118132189
0.6350768256533179
0.2019277118132189
0.2019277118132189
0.6740586825864587
0.2019277118132189
0.2019277118132189
0.2019277118132189
0.2019277118132189
0.2019277118132189
0.2019277118132189
0.2019277118132189
0.2019277118132189
0.2019277118132189
0.2019277118132189
0.5399816004547984
0.2019277118132189
0.2019277118132189
0.2019277118132189
0.20192771181321878
0.2019277118132188
0.2019277118132189
0.6350768256533179
0.2019277118132189
0.2019277118132189
0.2019277118132189
0.9525197470530421
0.2019277118132189
0.2019277118132189
