0.2019277118132189
0.2019277118132189
0.2019277118132189
0.2019277118132189
0.2019277118132189
0.2019277118132189
0.2019277118132189
0.2019277118132189
0.2019277118132189
0.2019277118132189
0.2019277118132189
0.2019277118132189
0.2019277118132189
0.2019277118132189
0.2019277118132189
0.2019277118132189
0.2019277118132189
0.2019277118132189
0.2019277118132189
0.2019277118132189
0.2019277118132189
0.2019277118132189
0.2019277118132189
0.2019277118132189
0.2019277118132189
0.2019277118132189
0.2019277118132189
0.2019277118132189
0.2019277118132189
0.2019277118132189
0.2019277118132189
0.2019277118132189
0.2019277118132189
0.2019277118132189
0.2019277118132189
0.2019277118132189
0.2019277118132189
0.2019277118132189
0.2019277118132189
0.2019277118132189
0.2019277118132189
0.2019277118132189
0.2019277118132189
0.2019277118132189
0.2019277118132189
0.2019277118132189
0.2019277118132189
0.2019277118132189
0.2019277118132189
0.2019277118132189
0.2019277118132189
0.2019277118132189
0.2019277118132189
0.2019277118132189
0.2019277118132189
0.2019277118132189
0.2019277118132189
0.6692895521795506
0.2019277118132189
0.2019277118132189
0.2019277118132189
0.2019277118132189
0.2019277118132189
0.2019277118132189
0.2019277118132189
0.2019277118132189
0.2019277118132189
0.2019277118132189
0.2019277118132189
0.2019277118132189
0.2019277118132189
0.2019277118132189
0.2019277118132189
0.2019277118132189
0.2019277118132189
0.2019277118132189
0.2019277118132189
0.2019277118132189
0.2019277118132189
0.2019277118132189
0.2019277118132189
0.2019277118132189
0.2019277118132189
0.2019277118132189
0.03305254018555581
0.2019277118132189
0.2019277118132189
0.2019277118132189
0.2019277118132189
0.2019277118132189
0.2019277118132189
0.2019277118132189
0.2019277118132189
0.2019277118132189
0.2019277118132189
0.2019277118132189
0.2019277118132189
0.2019277118132189
0.2019277118132189
0.2019277118132189
0.2019277118132189
0.2019277118132189
0.2019277118132189
0.2019277118132189
0.2019277118132189
0.2019277118132189
0.2019277118132189
0.2019277118132189
0.2019277118132189
0.2019277118132189
0.2019277118132189
0.20192771181321878
0.2019277118132189
0.2019277118132189
0.2019277118132189
0.2019277118132189
0.5399816004547984
0.2019277118132189
0.2019277118132189
0.5399816004547984
0.6692895521795506
0.2019277118132189
0.2019277118132189
0.2019277118132189
0.2019277118132189
0.9525197470530421
0.2019277118132189
0.2019277118132189
0.6692895521795506
0.2019277118132189
0.2019277118132189
0.2019277118132189
0.2019277118132189
0.2019277118132189
0.2019277118132189
0.2019277118132189
0.2019277118132189
0.2019277118132189
0.2019277118132189
0.2019277118132189
0.6692895521795506
0.2019277118132189
0.2019277118132189
0.2019277118132189
0.2019277118132189
0.2019277118132189
0.2019277118132189
0.20192771181321878
0.2019277118132189
0.2019277118132189
0.2019277118132189
0.2019277118132189
0.2019277118132189
0.2019277118132189
0.2019277118132189
0.2019277118132189
0.5399816004547984
0.2019277118132189
0.2019277118132189
0.2019277118132189
0.2019277118132189
0.2019277118132189
0.2019277118132189
0.2019277118132189
0.2019277118132189
0.2019277118132189
0.2019277118132189
0.2019277118132189
0.2019277118132189
0.2019277118132189
0.2019277118132189
0.2019277118132189
0.2019277118132189
0.6692895521795506
0.2019277118132189
0.2019277118132189
0.2019277118132189
0.2019277118132189
0.6350768256533179
0.6692895521795506
0.2019277118132189
0.2019277118132189
0.2019277118132189
0.5399816004547984
0.2019277118132189
0.2019277118132189
0.2019277118132189
0.2019277118132189
0.2019277118132189
0.2019277118132189
0.2019277118132189
0.2019277118132189
0.2019277118132189
0.2019277118132189
0.2019277118132189
0.2019277118132189
0.2019277118132189
0.2019277118132189
0.2019277118132189
0.2019277118132189
0.2019277118132189
0.2019277118132189
0.2019277118132189
0.2019277118132189
0.2019277118132189
0.2019277118132189
0.2019277118132189
0.2019277118132189
0.2019277118132189
0.2019277118132189
0.2019277118132189
0.2019277118132189
0.2019277118132189
0.2019277118132189
0.2019277118132189
0.2019277118132189
0.2019277118132189
0.2019277118132189
0.2019277118132189
0.2019277118132189
0.2019277118132189
0.2019277118132189
0.6350768256533179
0.2019277118132189
0.2019277118132189
0.6692895521795506
0.2019277118132189
0.2019277118132189
0.2019277118132189
0.2019277118132189
0.2019277118132189
0.2019277118132189
0.2019277118132189
0.2019277118132189
0.2019277118132189
0.2019277118132189
0.5399816004547984
0.2019277118132189
0.2019277118132189
0.2019277118132189
0.20192771181321878
0.20192771181321886
0.2019277118132189
0.6350768256533179
0.2019277118132189
0.2019277118132189
0.2019277118132189
0.9525197470530421
0.2019277118132189
0.2019277118132189
