0.18871568930291072
0.19184611774562643
0.7936443146838407
0.19616049684605988
0.19415397880784066
0.21327180434247886
0.19907593034610818
0.21327180434247886
0.19204743560243845
0.1916260827999682
0.1848802577881578
0.7774837253269983
0.21151543706965012
0.7523821014335453
0.19325059627270372
0.19184611774562643
0.20382851714738398
0.193652618379199
0.8103200712679745
0.184363248146484
0.21327180434247886
0.7792695100578919
0.1908269765558687
0.7124114138100892
0.7792695100578919
0.19184611774562643
0.17811925229321984
0.7724733912901431
0.22361575697937142
0.1806610673931195
0.19415397880784066
0.1888673416125196
0.806034371967689
0.5513863520390861
0.7356846259313485
0.22720760810936888
0.44573611744280467
0.48745703708276117
0.1686370800505297
0.16819380637014691
0.16675891761659595
0.17644171818912002
0.22711952970757113
0.23709966682466113
0.17574308261184127
0.806034371967689
0.1761229933807976
0.22711952970757113
0.243734422760133
0.22838092480479444
0.7160030413274548
0.6968157927841832
0.22871079694043286
0.21151543706965012
0.726909140769282
0.2069131988090931
0.8103200712679745
0.5906406627932516
0.870621868443596
0.178087916042737
0.5513863520390861
0.18776081932476
0.18918734446560037
0.8544726916860146
0.20471702951596357
0.6804517729145937
0.19325059627270372
0.22871079694043286
0.21763994352295402
0.1993158130862022
0.7160030413274548
0.19844766237560624
0.21916469857183657
0.1916260827999682
0.553284095249221
0.8862803540116904
0.33448781270216715
0.19325059627270372
0.18776081932476
0.7231040215636065
0.18871568930291072
0.8044014365272492
0.15812020411035901
0.18835325653224877
0.03305254018555581
0.19907593034610818
0.7645857312239513
0.805922625132122
0.2161611938582612
0.7615057775724772
0.5660462532586263
0.16819380637014691
0.6806567192465621
0.20090043451520126
0.4269223130377977
0.2097601093061929
0.44547620413355893
0.6968157927841832
0.19504713085475167
0.8044014365272492
0.2161770656540323
0.1993158130862022
0.7936443146838406
0.2325378509674406
0.5944283685824168
0.6887678192258747
0.21201251427655413
0.21713939259048112
0.2161611938582612
0.17729940394166444
0.22236657047689162
0.13423491741221166
0.6968157927841832
0.15288176901865555
0.7367085797331618
0.17674370464019998
0.4745365403224586
0.18935008406320053
0.6415980939041457
0.4745365403224586
0.6634898337941114
0.2260932043401628
0.7645857312239513
0.22382848546977105
0.5134136193835339
0.9658119874098087
0.7239811233682293
0.5956482505494176
0.5906406627932516
0.7229361923255987
0.7753472587012274
0.2161770656540323
0.7055431294747503
0.8862803540116904
0.19616049684605988
0.22720760810936888
0.20043857852547597
0.20747596697028214
0.33448781270216715
0.7936443146838407
0.6634898337941114
0.264507644840198
0.6269338775978063
0.5513863520390861
0.24994562691058367
0.20977664747435754
0.6180409779470398
0.12365504583195873
0.193652618379199
0.17644171818912002
0.7600424405680368
0.7724733912901431
0.8544726916860146
0.7055431294747503
0.7752630614977434
0.870621868443596
0.6906650406372563
0.6940905889317978
0.20043857852547597
0.20471702951596357
0.726909140769282
0.7811450362531399
0.48745703708276117
0.6715322079252684
0.46041896882566147
0.18918734446560037
0.22654524839924217
0.48745703708276117
0.17674370464019998
0.7774837253269983
0.7198821055625388
0.7811450362531399
0.44573611744280467
0.7999301936106447
0.22361575697937142
0.1776307504830656
0.5660462532586263
0.19883787086951343
0.862805228342156
0.7625934218615613
0.22654524839924217
0.7065170450691504
0.7400593235964946
0.4745365403224586
0.664614057804763
0.7523821014335453
0.19504713085475167
0.553284095249221
0.1761229933807976
0.16393393294821573
0.19021674703258384
0.24455184438727023
0.23445137798094443
0.16393393294821573
0.6031625695389224
0.20953934364833116
0.44547620413355893
0.664614057804763
0.7615057775724772
0.683788538064467
0.20977664747435754
0.6269338775978063
0.7510525015348041
0.2260932043401628
0.5134136193835339
0.21763994352295402
0.805922625132122
0.6804517729145937
0.6715322079252684
0.7124114138100892
0.17644171818912002
0.17677497038506174
0.7400593235964946
0.2533332574743451
0.19204743560243845
0.22838092480479444
0.7229361923255987
0.19844766237560624
0.1806610673931195
0.7752630614977434
0.7065170450691504
0.17677497038506174
0.5956482505494176
0.18154693132401786
0.24455184438727023
0.8064637864739781
0.2634769281816858
0.7588958381247285
0.13286988961839832
0.23285832516556648
0.8955205692892132
0.15628412807222036
0.6409238717082819
0.5281928777790945
0.19616049684605988
0.13286988961839832
0.4745365403224586
0.25590451222969546
0.20471702951596357
0.7999301936106447
0.13423491741221166
0.12365504583195873
0.2634769281816858
0.548754176890214
0.44573611744280467
0.683788538064467
0.17082377898047318
0.9392275066962755
0.5281928777790945
0.6906650406372563
