0.19923789930455182
0.19174758669489675
0.18871568930291072
0.6868704733897705
0.1913544047959538
0.19679093994091726
0.19298852540778638
0.7629456768413724
0.18933970096443098
0.7636967865562229
0.2013060002489959
0.813158351069042
0.21171007664783625
0.7523821014335453
0.19157202373947296
0.19184611774562643
0.190286110893792
0.193652618379199
0.7944346624687397
0.7615057775724772
0.19298852540778638
0.721705617650677
0.1981746915187479
0.7038977670033163
0.7792695100578919
0.19194677667403243
0.1856849242829618
0.813158351069042
0.22330346035375148
0.1981746915187479
0.1913544047959538
0.19298852540778638
0.20753415605923542
0.6181367685084714
0.7356846259313485
0.20753415605923542
0.7629456768413724
0.18926352271501568
0.1686370800505297
0.18422791762556556
0.17175131112839798
0.17644171818912002
0.22711952970757113
0.23709966682466113
0.20589848707112468
0.7629582387651139
0.18599882854222816
0.7503984102444314
0.23547101543475094
0.22838092480479444
0.5847615602737788
0.6968157927841832
0.22871079694043286
0.21085459778018492
0.7629456768413724
0.2069131988090931
0.8103200712679745
0.5906406627932516
0.870621868443596
0.19067359592611177
0.5847615602737788
0.18793966789185798
0.18926352271501568
0.8544726916860146
0.5477563912057134
0.6804517729145937
0.6630339603969095
0.22871079694043286
0.19157202373947296
0.1958746637036587
0.7033340409823556
0.19174758669489675
0.20735225992317663
0.19479079094669716
0.5477563912057134
0.6585244576154299
0.33448781270216715
0.1856849242829618
0.19679093994091726
0.20113230066644283
0.18871568930291072
0.830995663940064
0.15812020411035901
0.19157202373947296
0.03305254018555581
0.813158351069042
0.7645857312239513
0.8059784985499054
0.20753415605923542
0.7615057775724772
0.6034850624834541
0.18422791762556556
0.6935868821578562
0.20090043451520126
0.4269223130377977
0.19923789930455182
0.4455411824608704
0.7506086146557162
0.19250541258810322
0.7506086146557162
0.2161770656540323
0.1993158130862022
0.7503984102444314
0.721705617650677
0.6456220806833
0.6887678192258747
0.19538282207683558
0.21444495088138682
0.2161611938582612
0.19174758669489675
0.22299116372813152
0.12953275226543262
0.6456220806833
0.15288176901865555
0.6630339603969095
0.17175131112839798
0.47022283792065944
0.18926871426440045
0.6415980939041457
0.4729679212672589
0.6634898337941114
0.2260932043401628
0.7645857312239513
0.22382848546977105
0.5134136193835339
0.9658119874098087
0.7706887439714629
0.5956482505494176
0.5906406627932516
0.7038977670033163
0.20589848707112468
0.18802909217540695
0.7055431294747503
0.7944346624687397
0.19710970920305312
0.21171007664783625
0.1958746637036587
0.20747596697028214
0.33448781270216715
0.7936443146838407
0.6634898337941114
0.26399228651094186
0.6269338775978063
0.5847615602737788
0.24994562691058367
0.20952468746008152
0.6868704733897705
0.12953275226543262
0.193652618379199
0.19386474443955762
0.7600424405680368
0.20589848707112468
0.8544726916860146
0.7055431294747503
0.7752630614977434
0.870621868443596
0.7033340409823556
0.6793523233682803
0.20043857852547597
0.20471702951596357
0.7501515394027976
0.7811450362531399
0.48745703708276117
0.6715322079252684
0.47022283792065944
0.18926871426440045
0.23993925293679363
0.48745703708276117
0.190286110893792
0.7501515394027976
0.7629582387651139
0.7811450362531399
0.4456061607881818
0.7999301936106447
0.22330346035375148
0.1940113657701439
0.5575381479190228
0.19883787086951343
0.862805228342156
0.7625934218615613
0.22654524839924217
0.7065170450691504
0.7400593235964946
0.4729679212672589
0.6719831905865217
0.7523821014335453
0.19250541258810322
0.5575381479190228
0.18599882854222816
0.16393393294821573
0.19021674703258384
0.24455184438727023
0.23445137798094443
0.18966009559622427
0.6181367685084714
0.20953934364833116
0.4455411824608704
0.6719831905865217
0.7636967865562229
0.683788538064467
0.20952468746008152
0.6585244576154299
0.7506164406745557
0.2260932043401628
0.5134136193835339
0.21763994352295402
0.805922625132122
0.6804517729145937
0.6715322079252684
0.7038977670033163
0.19386474443955762
0.1766119761339957
0.7400593235964946
0.2246537260541932
0.19194677667403243
0.22838092480479444
0.7229361923255987
0.1989716780715129
0.1806610673931195
0.7752630614977434
0.6935868821578562
0.1766119761339957
0.5956482505494176
0.20902076743152942
0.24455184438727023
0.8064637864739781
0.2634769281816858
0.7636967865562229
0.13286988961839832
0.2346001186783561
0.8955205692892132
0.18802909217540695
0.19061544521529986
0.5477563912057134
0.19710970920305312
0.13286988961839832
0.4721836117396591
0.21872572177685667
0.20471702951596357
0.7706887439714629
0.13070829355212737
0.12365504583195873
0.26399228651094186
0.548754176890214
0.44573611744280467
0.683788538064467
0.19061544521529986
0.9392275066962755
0.5281928777790945
0.7803532856804279
