0.2019277118132189
0.2019277118132189
0.2019277118132189
0.2019277118132189
0.2019277118132189
0.2019277118132189
0.2019277118132189
0.2019277118132189
0.2019277118132189
0.2019277118132189
0.2019277118132189
0.2019277118132189
0.2019277118132189
0.2019277118132189
0.2019277118132189
0.2019277118132189
0.2019277118132189
0.2019277118132189
0.2019277118132189
0.2019277118132189
0.2019277118132189
0.2019277118132189
0.2019277118132189
0.2019277118132189
0.2019277118132189
0.2019277118132189
0.2019277118132189
0.2019277118132189
0.2019277118132189
0.2019277118132189
0.2019277118132189
0.2019277118132189
0.2019277118132189
0.2019277118132189
0.2019277118132189
0.2019277118132189
0.2019277118132189
0.2019277118132189
0.2019277118132189
0.2019277118132189
0.2019277118132189
0.2019277118132189
0.2019277118132189
0.2019277118132189
0.2019277118132189
0.2019277118132189
0.2019277118132189
0.2019277118132189
0.2019277118132189
0.2019277118132189
0.2019277118132189
0.2019277118132189
0.2019277118132189
0.2019277118132189
0.2019277118132189
0.2019277118132189
0.2019277118132189
0.663149410982764
0.2019277118132189
0.2019277118132189
0.2019277118132189
0.2019277118132189
0.2019277118132189
0.2019277118132189
0.2019277118132189
0.2019277118132189
0.2019277118132189
0.2019277118132189
0.2019277118132189
0.2019277118132189
0.2019277118132189
0.2019277118132189
0.2019277118132189
0.2019277118132189
0.2019277118132189
0.2019277118132189
0.2019277118132189
0.2019277118132189
0.2019277118132189
0.2019277118132189
0.2019277118132189
0.2019277118132189
0.2019277118132189
0.2019277118132189
0.03305254018555581
0.2019277118132189
0.2019277118132189
0.2019277118132189
0.2019277118132189
0.2019277118132189
0.2019277118132189
0.2019277118132189
0.2019277118132189
0.2019277118132189
0.2019277118132189
0.2019277118132189
0.2019277118132189
0.2019277118132189
0.2019277118132189
0.2019277118132189
0.2019277118132189
0.2019277118132189
0.2019277118132189
0.2019277118132189
0.2019277118132189
0.2019277118132189
0.2019277118132189
0.2019277118132189
0.2019277118132189
0.2019277118132189
0.2019277118132189
0.2019277118132189
0.2019277118132189
0.2019277118132189
0.2019277118132189
0.2019277118132189
0.5399816004547984
0.2019277118132189
0.2019277118132189
0.5399816004547984
0.663149410982764
0.2019277118132189
0.2019277118132189
0.2019277118132189
0.2019277118132189
0.9525197470530421
0.2019277118132189
0.2019277118132189
0.663149410982764
0.2019277118132189
0.2019277118132189
0.2019277118132189
0.2019277118132189
0.2019277118132189
0.2019277118132189
0.2019277118132189
0.2019277118132189
0.2019277118132189
0.2019277118132189
0.2019277118132189
0.663149410982764
0.2019277118132189
0.2019277118132189
0.2019277118132189
0.2019277118132189
0.2019277118132189
0.2019277118132189
0.2019277118132189
0.2019277118132189
0.2019277118132189
0.2019277118132189
0.2019277118132189
0.2019277118132189
0.2019277118132189
0.2019277118132189
0.2019277118132189
0.5399816004547984
0.2019277118132189
0.2019277118132189
0.2019277118132189
0.2019277118132189
0.2019277118132189
0.2019277118132189
0.2019277118132189
0.2019277118132189
0.2019277118132189
0.2019277118132189
0.2019277118132189
0.2019277118132189
0.2019277118132189
0.2019277118132189
0.2019277118132189
0.2019277118132189
0.663149410982764
0.2019277118132189
0.2019277118132189
0.2019277118132189
0.2019277118132189
0.663149410982764
0.663149410982764
0.2019277118132189
0.2019277118132189
0.2019277118132189
0.5399816004547984
0.2019277118132189
0.2019277118132189
0.2019277118132189
0.2019277118132189
0.2019277118132189
0.2019277118132189
0.2019277118132189
0.2019277118132189
0.2019277118132189
0.2019277118132189
0.2019277118132189
0.2019277118132189
0.2019277118132189
0.2019277118132189
0.2019277118132189
0.2019277118132189
0.2019277118132189
0.2019277118132189
0.2019277118132189
0.2019277118132189
0.2019277118132189
0.2019277118132189
0.2019277118132189
0.2019277118132189
0.2019277118132189
0.2019277118132189
0.2019277118132189
0.2019277118132189
0.2019277118132189
0.2019277118132189
0.2019277118132189
0.2019277118132189
0.2019277118132189
0.2019277118132189
0.2019277118132189
0.2019277118132189
0.2019277118132189
0.2019277118132189
0.663149410982764
0.2019277118132189
0.2019277118132189
0.663149410982764
0.2019277118132189
0.2019277118132189
0.2019277118132189
0.2019277118132189
0.2019277118132189
0.2019277118132189
0.2019277118132189
0.2019277118132189
0.2019277118132189
0.2019277118132189
0.5399816004547984
0.2019277118132189
0.2019277118132189
0.2019277118132189
0.2019277118132189
0.2019277118132189
0.2019277118132189
0.663149410982764
0.2019277118132189
0.2019277118132189
0.2019277118132189
0.9525197470530421
0.2019277118132189
0.2019277118132189
