0.6724449489363888
0.7678776758223194
0.866848696066042
0.34250217523685333
0.587051176835962
0.866848696066042
0.35708935676258713
0.15344946938002296
0.2718015030721434
0.2619019114081241
0.16022841442302035
0.7250966709519197
0.587051176835962
0.16315244104515925
0.668663122750852
0.6713813530826787
0.6715313155482767
0.6932806777959336
0.7508346137421821
0.843655669118907
0.5069121377743164
0.6895420609117131
0.60600795824109
0.3645094904690668
0.8448394551649532
0.23851509020714412
0.3646911428744394
0.22984785104918165
0.8975923304581461
0.447933026992097
0.15234999096931948
0.12420228737626798
0.3443132196803652
0.1812165703780736
0.35713335689907055
0.10754192999165238
0.7344404546212668
0.14788440364499167
0.10423945106159431
0.6412421244935436
0.9535227380503519
0.2573311866280449
0.54554197028654
0.16429725933813466
0.8958167012180949
0.06755787515701456
0.1728938773494283
0.9532941256848209
0.8481402473529269
0.24397742960751959
0.2758862881369162
0.37508683648252883
0.6884332096703252
0.5606841466750289
0.7053090252435034
0.8179482417123554
0.6724449489363888
0.31228070005699027
0.36331740233825305
0.7250966709519197
0.9118026123180881
0.4457906306913062
0.35708935676258713
0.39786252506530834
0.1812165703780736
0.7583674495706274
0.5841120619600088
0.21358727710473258
0.48194867569108685
0.16856805278472559
0.25433098071082344
0.21585352606876515
0.6142185542659546
0.454059360967091
0.2619019114081241
0.772491649930857
0.1728938773494283
0.09520868857068363
0.8822253260368471
0.24397742960751959
0.06755787515701456
0.6067407373983313
0.3443132196803652
0.06757282640891343
0.5375229280292291
0.1187930681780361
0.427006564455544
0.8373976459812302
0.08407585835773254
0.67306094897356
0.06874441636235198
0.4148597357150198
0.6837523330862015
0.8481402473529269
0.60600795824109
0.050950492146697314
0.5489689423955576
0.6895420609117131
0.6802792949068515
0.8822253260368471
0.8591110203263134
0.5953305645774334
0.34777152492532654
0.6713813530826787
0.16022841442302035
0.04643308168644244
0.8670092437047756
0.6884332096703252
0.9985186491845411
0.7025416612623854
0.16856805278472559
0.8187665158116997
0.050950492146697314
0.851807519272467
0.9535227380503519
0.05953317359287563
0.024723675092962305
0.8245474270471774
0.7583674495706274
0.4382967946314966
0.5082089498069514
0.07890550381111157
0.9439776625461923
0.6052584874838611
0.2758862881369162
0.17254288175397867
0.6142185542659546
0.6412421244935436
0.8351037776763002
0.4382967946314966
0.3646911428744394
0.20764552761882635
0.24706337422701372
0.447933026992097
0.3835791875922282
0.21175893129194878
0.309081323082367
0.6802792949068515
0.22984785104918165
0.1984951282717876
0.8900417230131771
0.5360835649139928
0.2690222992667861
0.5841120619600088
0.32559959398527727
0.6837523330862015
0.27659066724265724
0.5489689423955576
0.7199515183631094
0.30926876085647803
0.3648381201957461
0.583195258051419
0.8375140395515459
0.255106232588675
0.1782693031427844
0.7635464849061497
0.5953305645774334
0.14788440364499167
0.1187930681780361
0.08407585835773254
0.6233195309402982
0.5360835649139928
0.31228070005699027
0.8958167012180949
0.10255733863931293
0.4457906306913062
0.1612811656179751
0.05953317359287563
0.10109460617374268
0.8351037776763002
0.1782693031427844
0.36331740233825305
0.6538946715145697
0.7451440455584242
0.8373976459812302
0.3704814702834317
0.6067407373983313
0.12420228737626798
0.34250217523685333
0.024723675092962305
0.6356041484569104
0.16089043649632037
0.1418999847426363
0.48194867569108685
0.772491649930857
0.8375140395515459
0.21175893129194878
0.7053090252435034
0.2718015030721434
0.17146261106136984
0.454059360967091
0.446205735599222
0.39786252506530834
0.4256299810676078
0.12157407298873701
0.7344404546212668
0.7699952942449759
0.06874441636235198
0.27659066724265724
0.9008628806138775
0.20481344698564202
0.13149848640322476
0.7451440455584242
0.5069121377743164
0.16700735946601775
0.1418999847426363
0.3835791875922282
0.427006564455544
0.7678776758223194
0.24706337422701372
0.39606451349657334
0.1984951282717876
0.6377295557491176
0.446205735599222
0.9247302729724947
0.06760272891271119
0.8179482417123554
0.851807519272467
0.8670092437047756
0.6538946715145697
0.04643308168644244
0.10423945106159431
0.7223334302058148
0.10255733863931293
0.30926876085647803
0.4148597357150198
0.255106232588675
0.9118026123180881
0.7680999331243181
0.9121167576275838
0.7635464849061497
0.7914557746175708
0.6932806777959336
0.8510094891911582
0.12280468775959894
0.309081323082367
0.17146261106136984
0.21585352606876515
0.9121167576275838
0.6885320513582935
0.8050608877146035
0.8245474270471774
0.39606451349657334
0.8975923304581461
0.10109460617374268
0.6233195309402982
0.16429725933813466
0.6052584874838611
0.6356041484569104
0.8050608877146035
