0.7302377351990459
0.7302377351990459
0.7302377351990459
0.23879795342257928
0.7302377351990459
0.7302377351990459
0.2387974346034421
0.23879799131658466
0.2387978441454868
0.23879773122693843
0.23879812341700463
0.7302377351990459
0.23879745853920753
0.2387980646376273
0.7302377351990459
0.7302377351990459
0.7302377351990459
0.7302377351990459
0.7302377351990459
0.7302377351990459
0.23879816784698676
0.7302377351990459
0.7302377351990459
0.23879795512140056
0.7302377351990459
0.23879758847796986
0.23879816600395537
0.23879803267198224
0.7302377351990459
0.23879782452520915
0.23879765031867412
0.23879799131658466
0.23879823111494972
0.23879785915585647
0.2387980952197529
0.2387978441454868
0.7302377351990459
0.2387980008476076
0.2387980243761742
0.7302377351990459
0.7302377351990459
0.2387978887795236
0.7302377351990459
0.23879765828542027
0.7302377351990459
0.2387978321516201
0.23879792176846687
0.7302377351990459
0.7302377351990459
0.23879807515116902
0.23879823403332454
0.23879745853920753
0.7302377351990459
0.7302377351990459
0.7302377351990459
0.7302377351990459
0.7302377351990459
0.2387976057322572
0.23879790926736041
0.7302377351990459
0.7302377351990459
0.23879829784533455
0.23879778706739285
0.7302377351990459
0.23879792088008583
0.7302377351990459
0.7302377351990459
0.2387980354701811
0.7302377351990459
0.238797615503318
0.2387980646376273
0.2387979632228198
0.7302377351990459
0.23879794305098148
0.23879782640841302
0.7302377351990459
0.2387979699570679
0.23879814401517294
0.7302377351990459
0.23879820115011782
0.23879777895332846
0.7302377351990459
0.23879811437270237
0.2387981309299655
0.7302377351990459
0.23879773122693843
0.23879886780774143
0.7302377351990459
0.23879759853538784
0.7302377351990459
0.2387978887795236
0.2387979699570679
0.7302377351990459
0.7302377351990459
0.7302377351990459
0.23879781983614462
0.7302377351990459
0.7302377351990459
0.7302377351990459
0.7302377351990459
0.7302377351990459
0.7302377351990459
0.2387978253883841
0.7302377351990459
0.23879780680882579
0.23879782655025872
0.7302377351990459
0.7302377351990459
0.7302377351990459
0.7302377351990459
0.23879759853538784
0.7302377351990459
0.23879783790083467
0.7302377351990459
0.7302377351990459
0.22149636405358636
0.23879756499206672
0.7302377351990459
0.7302377351990459
0.2387978253883841
0.7302377351990459
0.23879776917988674
0.7302377351990459
0.7302377351990459
0.23879822477402635
0.23879819321270795
0.7302377351990459
0.7302377351990459
0.7302377351990459
0.23879805112749697
0.2387980341690695
0.23879814401517294
0.23879757196453968
0.23879693706742652
0.2387980952197529
0.23879802597688166
0.2387977978630506
0.7302377351990459
0.23879809860402634
0.2387977375236528
0.7302377351990459
0.7302377351990459
0.2387980341690695
0.7302377351990459
0.23879805171399657
0.7302377351990459
0.23879837347393595
0.7302377351990459
0.7302377351990459
0.2387985305102247
0.23879754082565652
0.7302377351990459
0.7302377351990459
0.23879823111494972
0.23879800672069054
0.7302377351990459
0.7302377351990459
0.23879780680882579
0.23879791393725414
0.2387979541569844
0.7302377351990459
0.7302377351990459
0.23879770064295414
0.7302377351990459
0.2387981309299655
0.23879820918228253
0.2387977978630506
0.22149636405358636
0.2387978533143384
0.7302377351990459
0.2387977375236528
0.23879801505752815
0.7302377351990459
0.7302377351990459
0.7302377351990459
0.23879822293082753
0.7302377351990459
0.23879815854081698
0.23879795342257928
0.23879777710161895
0.7302377351990459
0.23879795306785676
0.23879783790083467
0.7302377351990459
0.7302377351990459
0.7302377351990459
0.23879867270299215
0.7302377351990459
0.23879832523421132
0.2387978697859489
0.23879788718001216
0.7302377351990459
0.238798112763146
0.23879812447143972
0.23879801672084228
0.7302377351990459
0.7302377351990459
0.23879803267198224
0.2387986416899285
0.7302377351990459
0.23879783813998173
0.2387985305102247
0.7302377351990459
0.7302377351990459
0.23879795512140056
0.2387978987000504
0.23879822477402635
0.23879816784698676
0.7302377351990459
0.23879790926736041
0.23879831151425895
0.23879770064295414
0.7302377351990459
0.2387978697859489
0.7302377351990459
0.23879774999041048
0.7302377351990459
0.7302377351990459
0.7302377351990459
0.7302377351990459
0.23879789940737628
0.23879797722791649
0.7302377351990459
0.23879765828542027
0.23879853198652778
0.23879773436709328
0.2387980354701811
0.7302377351990459
0.7302377351990459
0.7302377351990459
0.7302377351990459
0.7302377351990459
0.7302377351990459
0.7302377351990459
0.238798139566948
0.23879805752310754
0.2387980008476076
0.23879807515116902
0.7302377351990459
0.7302377351990459
0.7302377351990459
0.7302377351990459
0.23879805112749697
0.7302377351990459
0.23879808259843305
0.7302377351990459
0.23879803776985198
0.7302377351990459
0.7302377351990459
0.7302377351990459
