0.6721075943951189
0.7685444477283155
0.843655669118907
0.34250217523685333
0.587051176835962
0.8900417230131771
0.35708935676258713
0.17854157347821556
0.28927202543346336
0.2690222992667861
0.16350878534139948
0.8124637861547217
0.587051176835962
0.2067549663768341
0.7006563942779234
0.6713813530826787
0.6251970800340819
0.6921359341925932
0.7508346137421821
0.843655669118907
0.5069121377743164
0.6895420609117131
0.60600795824109
0.3645094904690668
0.8593827923718027
0.23851509020714412
0.3645094904690668
0.20236451547031842
0.8975923304581461
0.447933026992097
0.12157407298873701
0.21358727710473258
0.4256299810676078
0.19363168741906653
0.4512702555050184
0.10754192999165238
0.7465474790367189
0.19363168741906653
0.10093697213153624
0.6372423985065971
0.9535227380503519
0.31010263233251356
0.5398531241077802
0.16487695202241862
0.8958167012180949
0.06754292390511567
0.19122953071894874
0.9532941256848209
0.8514410395409007
0.20380007598700384
0.2758862881369162
0.37508683648252883
0.6729437450660962
0.5606841466750289
0.7053090252435034
0.8124637861547217
0.6718289488992177
0.31228070005699027
0.36331740233825305
0.6377295557491176
0.9118026123180881
0.440311005877594
0.35708935676258713
0.39786252506530834
0.1688014533370807
0.7583674495706274
0.5841120619600088
0.21358727710473258
0.48194867569108685
0.16856805278472559
0.16089043649632037
0.22406152451870395
0.583195258051419
0.4554539136981272
0.25478152354946204
0.7465474790367189
0.15455822397990782
0.08343685336456552
0.8822253260368471
0.20380007598700384
0.06754292390511567
0.6729437450660962
0.2629964582931227
0.06869696816028968
0.5351927319506781
0.11478144859647327
0.4169059513134129
0.8373976459812302
0.08407585835773254
0.7508346137421821
0.06874441636235198
0.4148597357150198
0.6710580264339994
0.858839248280824
0.60600795824109
0.08321288983995663
0.5291169558315385
0.6895420609117131
0.6946249270402696
0.8822253260368471
0.858839248280824
0.5953305645774334
0.4062710244171897
0.6713813530826787
0.09320594522226118
0.04643308168644244
0.8670092437047756
0.7288105500660951
0.9985186491845411
0.7025416612623854
0.16856805278472559
0.818971060917389
0.018688094453437998
0.851807519272467
0.9535227380503519
0.05953317359287563
0.024723675092962305
0.8245474270471774
0.7583674495706274
0.4382967946314966
0.5082089498069514
0.07890550381111157
0.9439776625461923
0.5398531241077802
0.2758862881369162
0.1822945210350665
0.6452418504804901
0.6452418504804901
0.8514410395409007
0.4382967946314966
0.36454416555313274
0.20764552761882635
0.24706337422701372
0.447933026992097
0.2629964582931227
0.15455822397990782
0.309081323082367
0.6946249270402696
0.20236451547031842
0.19217680955793318
0.8900417230131771
0.5351927319506781
0.2690222992667861
0.5841120619600088
0.32559959398527727
0.6025560288149914
0.27659066724265724
0.575674873177612
0.7199515183631094
0.30926876085647803
0.4455214571634568
0.583195258051419
0.8375140395515459
0.255106232588675
0.2733257164456122
0.7635464849061497
0.5953305645774334
0.09320594522226118
0.12280468775959894
0.08407585835773254
0.6233195309402982
0.5369743978773075
0.31228070005699027
0.8958167012180949
0.06869696816028968
0.4512702555050184
0.20098825824721317
0.05953317359287563
0.10698052377680173
0.818971060917389
0.08321288983995663
0.36331740233825305
0.6538946715145697
0.6251970800340819
0.8373976459812302
0.3704814702834317
0.5405377297305664
0.07586169299855729
0.34250217523685333
0.024723675092962305
0.5971939933618199
0.16089043649632037
0.1260293124355858
0.48194867569108685
0.8593827923718027
0.8375140395515459
0.26895963860398975
0.7053090252435034
0.28927202543346336
0.07586169299855729
0.4526648082360547
0.446205735599222
0.39786252506530834
0.4256299810676078
0.12157407298873701
0.7223334302058148
0.7699952942449759
0.06874441636235198
0.27659066724265724
0.9008628806138775
0.20481344698564202
0.08070245177138302
0.8183476853571932
0.5069121377743164
0.2067549663768341
0.11526574444464086
0.4100250182853858
0.43710717759767515
0.7667663893123255
0.24706337422701372
0.39606451349657334
0.20481344698564202
0.6377295557491176
0.446205735599222
0.9984510567538311
0.0665084896651327
0.823432697269989
0.851807519272467
0.8670092437047756
0.6538946715145697
0.04643308168644244
0.10754192999165238
0.7223334302058148
0.10795846621425376
0.30926876085647803
0.4148597357150198
0.255106232588675
0.9118026123180881
0.7685444477283155
0.9121167576275838
0.7635464849061497
0.7914557746175708
0.6921359341925932
0.8426361860105136
0.12280468775959894
0.309081323082367
0.2670635291241824
0.20764552761882635
0.9121167576275838
0.6372423985065971
0.8050608877146035
0.8245474270471774
0.39606451349657334
0.8975923304581461
0.10698052377680173
0.6233195309402982
0.19217680955793318
0.6718289488992177
0.5971939933618199
0.8050608877146035
