0.6873614088765893
0.7774347398082656
0.8667148968599309
0.242036868343801
0.4973772509534469
0.8667148968599309
0.2859255734689693
0.12298676917393207
0.33278597375045993
0.2305253162610663
0.10757221279830637
0.7914557746175708
0.6431196559480734
0.13541072209343438
0.7006563942779234
0.6903012936441764
0.5478524988057785
0.7712202500681802
0.7227344629977133
0.8205964413778832
0.4428955535352018
0.6895420609117131
0.5937978894670289
0.30497672048317637
0.9007967335696663
0.2305253162610663
0.46276286151359924
0.21885551175809864
0.8275931415496094
0.403986711200997
0.2613368702447284
0.09164068477301823
0.4594403996703704
0.26471888208795996
0.4594403996703704
0.13360723057206614
0.7165340205234316
0.2678450781362566
0.12298676917393207
0.709557375200514
0.9891714440571044
0.33851672392946086
0.5089272472495247
0.07993746999705037
0.8665010250353996
0.056279733415243116
0.19992994839040906
0.9532941256848209
0.8478765140978681
0.15985117327397425
0.28356687394280866
0.4208676814337911
0.6041307068633186
0.5606841466750289
0.6735237450079127
0.8039929071528011
0.6715503034033166
0.31228070005699027
0.36331740233825305
0.6176708887726822
0.9118026123180881
0.440311005877594
0.4208676814337911
0.39786252506530834
0.051001168351087985
0.8302754149818365
0.5841120619600088
0.32999782861472327
0.4065282261706856
0.11238660055857798
0.22512895416011458
0.21885551175809864
0.583195258051419
0.5797719743653973
0.19726607907733018
0.7705976235047843
0.14609456788944225
0.03634951254009311
0.8465766200300946
0.15985117327397425
0.0281592464237016
0.692685221911799
0.2629964582931227
0.12945298236627484
0.5089272472495247
0.034549056965216596
0.4169059513134129
0.7496058880718746
0.08407585835773254
0.7789347644866509
0.056279733415243116
0.4148597357150198
0.5478524988057785
0.8478765140978681
0.6905082136190116
0.08321288983995663
0.5291169558315385
0.6895420609117131
0.658268696097541
0.8465766200300946
0.7705976235047843
0.5756129195209119
0.33278597375045993
0.6417682520480326
0.13541072209343438
0.04643308168644244
0.8670092437047756
0.68640085006401
0.9985186491845411
0.6249236238030251
0.2247495050108732
0.7549038294546401
0.018688094453437998
0.8474349375534824
0.9891714440571044
0.05953317359287563
0.024723675092962305
0.8614018504402347
0.8302754149818365
0.5829916810850237
0.5082089498069514
0.0029656372004011056
0.9439776625461923
0.5606841466750289
0.2575007790608398
0.19992994839040906
0.62954626403497
0.4950762438816815
0.9196961720068784
0.36364997195288046
0.28356687394280866
0.18252911304748842
0.2859255734689693
0.403986711200997
0.2629964582931227
0.1630218800703734
0.33851672392946086
0.7399293892600887
0.07993746999705037
0.2411197866376044
0.8936491126052166
0.5578948847985726
0.26471888208795996
0.5841120619600088
0.35826126024287586
0.6572595588242044
0.4100250182853858
0.5291169558315385
0.6431196559480734
0.29293792772767874
0.5265680989419128
0.583195258051419
0.8474349375534824
0.255106232588675
0.30813634268408036
0.7399293892600887
0.5373552858727254
0.051001168351087985
0.1628198870800811
0.08407585835773254
0.6233195309402982
0.5405377297305664
0.31228070005699027
0.9131294157693575
0.08659562132190353
0.440311005877594
0.2613368702447284
0.05953317359287563
0.13052419418903793
0.7549038294546401
0.08321288983995663
0.36331740233825305
0.6927411333951844
0.7006563942779234
0.8461123608537253
0.2796459222352732
0.5405377297305664
0.09164068477301823
0.4213637228452465
0.024723675092962305
0.6176708887726822
0.01791416752685049
0.10757221279830637
0.5489855830311532
0.9007967335696663
0.8275931415496094
0.26895963860398975
0.8055963030981022
0.3100329125038543
0.08040245943506147
0.4190284846130573
0.5489855830311532
0.39786252506530834
0.3918195624648452
0.08659562132190353
0.7165340205234316
0.7699952942449759
0.08120909930946085
0.30497672048317637
0.9131294157693575
0.32999782861472327
0.08070245177138302
0.8817915412597463
0.6560569449484682
0.2411197866376044
0.12291345428604743
0.4100250182853858
0.4428955535352018
0.7489858051524255
0.20820117498505814
0.36883371646179136
0.18673146475266872
0.6576680276969653
0.4797560750839195
0.9984510567538311
0.0454569509546493
0.8453705195005237
0.8535686073982249
0.8670092437047756
0.6927411333951844
0.04643308168644244
0.08147662941123861
0.7281328398881979
0.058770578578587584
0.29293792772767874
0.4148597357150198
0.255106232588675
0.9118026123180881
0.7774347398082656
0.9215848741896441
0.8279310761212506
0.7914557746175708
0.7712202500681802
0.9181454554643396
0.1630218800703734
0.2796459222352732
0.2678450781362566
0.22926753727930926
0.9026486410655236
0.6022538085962136
0.9076938633858983
0.8614018504402347
0.36883371646179136
0.9675915193666829
0.13052419418903793
0.6233195309402982
0.20653019495947356
0.6715503034033166
0.4973772509534469
0.7229708632624252
