0.6726648853869213
0.7703225061443055
0.843655669118907
0.34250217523685333
0.587051176835962
0.8904000123859992
0.360782086073794
0.07890550381111157
0.22684992456497205
0.23851509020714412
0.11141897862147361
0.8014948750394545
0.587051176835962
0.1698603138779223
0.7006563942779234
0.6690377651075523
0.5478524988057785
0.6323276448146923
0.7508346137421821
0.843655669118907
0.5129436173101127
0.6895420609117131
0.5989642981651737
0.3644748153850008
0.9008628806138775
0.23851509020714412
0.4455214571634568
0.22684992456497205
0.8975923304581461
0.447933026992097
0.1698603138779223
0.2561461748248949
0.4256299810676078
0.26628198011210824
0.4498757027739822
0.10754192999165238
0.7465474790367189
0.2670635291241824
0.12296844045196091
0.6421571521985019
0.9535227380503519
0.37969220268162596
0.5089272472495247
0.10795846621425376
0.8666079609476652
0.06754292390511567
0.19122953071894874
0.9532941256848209
0.8837863430523732
0.1646590936797239
0.2758862881369162
0.37969220268162596
0.5989642981651737
0.5606841466750289
0.7395600240530074
0.823432697269989
0.6715503034033166
0.31228070005699027
0.36331740233825305
0.6377295557491176
0.9118026123180881
0.440311005877594
0.35339662745138023
0.39786252506530834
0.0713209265620531
0.7967833807781455
0.5841120619600088
0.24863298073124962
0.48194867569108685
0.16856805278472559
0.22512895416011458
0.22406152451870395
0.583195258051419
0.4554539136981272
0.25478152354946204
0.7465474790367189
0.15455822397990782
0.03634951254009311
0.8822253260368471
0.2429410582942838
0.06754292390511567
0.7516103679172714
0.2629964582931227
0.06213153267481876
0.5334110660240486
0.11478144859647327
0.4169059513134129
0.8557247596623072
0.08407585835773254
0.7508346137421821
0.06874441636235198
0.4148597357150198
0.5478524988057785
0.8885963454583976
0.6608013894082208
0.08321288983995663
0.5291169558315385
0.6895420609117131
0.6946249270402696
0.8822253260368471
0.8290821511032505
0.5756129195209119
0.4062710244171897
0.6690377651075523
0.09320594522226118
0.04643308168644244
0.8670092437047756
0.7288105500660951
0.9985186491845411
0.7044269282468474
0.16856805278472559
0.7549038294546401
0.018688094453437998
0.8505017724758537
0.9535227380503519
0.05953317359287563
0.024723675092962305
0.8226660415654521
0.7199515183631094
0.4382967946314966
0.5082089498069514
0.07890550381111157
0.9439776625461923
0.5606841466750289
0.2758862881369162
0.1822945210350665
0.637953522810658
0.6421571521985019
0.8837863430523732
0.4382967946314966
0.28356687394280866
0.19122953071894874
0.24706337422701372
0.447933026992097
0.2629964582931227
0.15455822397990782
0.33851672392946086
0.6946249270402696
0.1778791063756648
0.19217680955793318
0.8904000123859992
0.5334110660240486
0.26471888208795996
0.5841120619600088
0.35826126024287586
0.6572595588242044
0.27659066724265724
0.5291169558315385
0.7199515183631094
0.29293792772767874
0.4455214571634568
0.583195258051419
0.8375140395515459
0.255106232588675
0.30813634268408036
0.7635464849061497
0.6150482096339549
0.09320594522226118
0.1308279269227246
0.08407585835773254
0.6233195309402982
0.5405377297305664
0.31228070005699027
0.9131294157693575
0.07963936063607455
0.4498757027739822
0.2613368702447284
0.05953317359287563
0.13052419418903793
0.7549038294546401
0.08321288983995663
0.36331740233825305
0.6927411333951844
0.7006563942779234
0.8085934522415863
0.2796459222352732
0.5405377297305664
0.07586169299855729
0.34250217523685333
0.024723675092962305
0.5971939933618199
0.07666244481014244
0.11141897862147361
0.48194867569108685
0.8290821511032505
0.8375140395515459
0.26895963860398975
0.7395600240530074
0.3100329125038543
0.07586169299855729
0.4554539136981272
0.4861404467812543
0.39786252506530834
0.4256299810676078
0.07963936063607455
0.7223334302058148
0.7699952942449759
0.06874441636235198
0.27659066724265724
0.9008628806138775
0.25478152354946204
0.08070245177138302
0.8817915412597463
0.5767170979509576
0.24863298073124962
0.11526574444464086
0.4100250182853858
0.4428955535352018
0.7632102724803456
0.24706337422701372
0.36883371646179136
0.15484537042182203
0.6377295557491176
0.4062710244171897
0.9984510567538311
0.06213153267481876
0.823432697269989
0.8505017724758537
0.8670092437047756
0.6150482096339549
0.04643308168644244
0.10754192999165238
0.7223334302058148
0.10795846621425376
0.29293792772767874
0.4148597357150198
0.255106232588675
0.9118026123180881
0.7703225061443055
0.9121167576275838
0.7635464849061497
0.7914557746175708
0.7712202500681802
0.8557247596623072
0.11478144859647327
0.2796459222352732
0.2670635291241824
0.22406152451870395
0.9121167576275838
0.6323276448146923
0.8050608877146035
0.8264288125289028
0.4232953105313554
0.8975923304581461
0.13052419418903793
0.6233195309402982
0.19217680955793318
0.6715503034033166
0.5971939933618199
0.8050608877146035
