0.7119006482846857
0.6116259749378357
0.8213861871292969
0.5794171911391641
0.406250923504726
0.8961332197317106
0.6226859019268991
0.7618327927502013
0.3259858014855841
0.5931740401500352
0.13739559252238798
0.16356937484791073
0.9169132861106573
0.2934258379635658
0.21970625713585357
0.6333680903607304
0.13739559252238798
0.8515984586267908
0.012917144506397134
0.32442542439820665
0.6554810107773479
0.023427161837418456
0.6033582266543285
0.5116274214414995
0.5281495580825699
0.8515984586267908
0.33789214261889045
0.33789214261889045
0.865838071062832
0.7255859718593118
0.865838071062832
0.865838071062832
0.82158922309374
0.4105523438831301
0.6127869265728918
0.711130819210696
0.5171329080361999
0.2885805941113251
0.6554810107773479
0.060158633719099186
0.7054065002011236
0.43787210605974813
0.49036845482310654
0.2926643463266443
0.5942309970411237
0.4105523438831301
0.6226859019268991
0.9731465254911905
0.3533061715076474
0.8215890285400271
0.40397933762515825
0.5171329080361999
0.16356937484791073
0.2793054473801283
0.5029598481252705
0.8869643801784184
0.21970625713585357
0.7255859718593118
0.5029598481252705
0.30538466093987104
0.11485885590654521
0.9026479335866202
0.6226859019268991
0.611964640814352
0.5942309970411237
0.8768001794158522
0.865838071062832
0.2245017441446947
0.9090175708205952
0.785661855186603
0.25818463685956905
0.3494447229808937
0.1846023331778413
0.6033582266543285
0.045322036168517016
0.9731465254911905
0.8768001794158522
0.8215888339863142
0.8961332197317106
0.9083927728280858
0.7618327927502013
0.9169132861106573
0.263603885449075
0.1846023331778413
0.16188380752480436
0.36046505394357564
0.711130819210696
0.060158633719099186
0.9048071815994869
0.7133351183984217
0.2245017441446947
0.814121041698032
0.9169132861106573
0.3455708936683459
0.550240864351567
0.9169132861106573
0.5942309970411237
0.3494447229808937
0.5281495580825699
0.611964640814352
0.43787210605974813
0.16356937484791073
0.9026479335866202
0.25818463685956905
0.6116259749378357
0.9169132861106573
0.785661855186603
0.3455708936683459
0.43787210605974813
0.7618327927502013
0.7119006482846857
0.033937179168439774
0.13739559252238798
0.6226859019268991
0.060158633719099186
0.26287162352900584
0.012917144506397134
0.814121041698032
0.16188380752480436
0.8515984586267908
0.5794171911391641
0.16356937484791073
0.8457454096231709
0.16874627399565578
0.045322036168517016
0.16874627399565578
0.36235032947339996
0.263603885449075
0.2934258379635658
0.023427161837418456
0.1846023331778413
0.5794171911391641
0.5794171911391641
0.8896185058768009
0.4012534345696769
0.550240864351567
0.060158633719099186
0.5915240469053452
0.8213861836189654
0.8213861836189654
0.060158633719099186
0.9048071815994869
0.8973532896525991
0.5931740401500352
0.16188380752480436
0.9090175708205952
0.4471690846367944
0.6554810107773479
0.5116274214414995
0.8215890285400271
0.550240864351567
0.18452713614116412
0.11485885590654521
0.6333680903607304
0.2648462314039186
0.6333680903607304
0.36235032947339996
0.5281495580825699
0.5190286224481884
0.8973532896525991
0.501430276363583
0.6554810107773479
0.6333680903607304
0.16874627399565578
0.5794171911391641
0.2793054473801283
0.8768001794158522
0.060158633719099186
0.4471690846367944
0.7947568215410843
0.6554810107773479
0.7109768533958981
0.08194065380354165
0.8781606116128222
0.060158633719099186
0.18452713614116412
0.16188380752480436
0.2926643463266443
0.11485885590654521
0.8213861820323852
0.6226859019268991
0.2926643463266443
0.3661208805330487
0.821386180108634
0.21970625713585357
0.814121041698032
0.36046505394357564
0.26287162352900584
0.9083927728280858
0.9169132861106573
0.36235032947339996
0.501430276363583
0.29833582867794384
0.6333680903607304
0.2648462314039186
0.9405939372067619
0.814121041698032
0.29833582867794384
0.8781606116128222
0.6127869265728918
0.6033582266543285
0.6226859019268991
0.40397933762515825
0.5794171911391641
0.5942309970411237
0.9405939372067619
0.8457454096231709
0.4012534345696769
0.49036845482310654
0.7618327927502013
0.7054065002011236
0.1846023331778413
0.9169132861106573
0.08194065380354165
0.5915240469053452
0.3661208805330487
0.8228254165144311
0.2793054473801283
0.5190286224481884
0.7618327927502013
0.033937179168439774
0.7618327927502013
0.26287162352900584
0.9048071815994869
0.11485885590654521
0.3259858014855841
0.3533061715076474
0.7947568215410843
0.1846023331778413
0.5116274214414995
0.16356937484791073
0.8869643801784184
0.8896185058768009
0.9026479335866202
0.11485885590654521
0.3455708936683459
0.8869643801784184
0.30538466093987104
0.406250923504726
0.2926643463266443
0.6554810107773479
0.5931740401500352
0.32442542439820665
0.8228254165144311
0.8896185058768009
0.263603885449075
0.7133351183984217
0.2885805941113251
0.5794171911391641
0.7618327927502013
