0.5117479334820634
0.5788371255230687
0.7664037669465673
0.5624942591139213
0.43247284956004595
0.8110942102947443
0.5838635351905914
0.4209473385396858
0.3660872878703444
0.5624942591139213
0.13431323667349482
0.2174778844572352
0.9194548469304049
0.23638762573271582
0.30855615818238624
0.641173565594179
0.13431323667349482
0.8811252808298495
0.1972544892763321
0.5847833482122362
0.627800453949727
0.11435606252998637
0.6362004812886283
0.5499601571275048
0.5561920662483975
0.8463423911117756
0.28969372209771216
0.4209473385396858
0.8858426175867851
0.5870791990192563
0.8924428306196384
0.8858426175867851
0.8110942102947443
0.3660872878703444
0.6207152309357928
0.6380174602951876
0.5398430656848742
0.28969372209771216
0.5026364792284645
0.08725368750519755
0.5920470114451537
0.4279062700602796
0.44575824715259066
0.27747010374700315
0.6176764255621638
0.5026364792284645
0.6299405073675135
0.8673788343432327
0.3402801071333405
0.8110942102947443
0.6276819447724425
0.7151464387220297
0.1908241149392766
0.2338389279683994
0.6299405073675135
0.8811252808298495
0.3356497843287248
0.8110942102947443
0.3499111519814547
0.2809446571691424
0.23638762573271582
0.8858426175867851
0.5870791990192563
0.7723331689957346
0.714254854998978
0.8858426175867851
0.8144148799012485
0.3089604013203311
0.8547926779562338
0.6176764255621638
0.2298227327886096
0.22255798722332332
0.1972544892763321
0.5398430656848742
0.11435606252998637
0.8673788343432327
0.6386278557903693
0.8110942102947443
0.8858426175867851
0.8673788343432327
0.8144148799012485
0.8646763057072608
0.23383800777270217
0.08458082207762618
0.1437820879133124
0.1908241149392766
0.6380174602951876
0.08725368750519755
0.8924428306196384
0.5920470114451537
0.1908241149392766
0.7886287635784265
0.8924428306196384
0.17218864163276515
0.45195390071382396
0.9194548469304049
0.6176764255621638
0.21861017388360127
0.5788371255230687
0.6362004812886283
0.5502316202020494
0.1908241149392766
0.8110942102947443
0.21861017388360127
0.6165126822564839
0.9194548469304049
0.8110942102947443
0.3178185610009458
0.5838635351905914
0.633045883027376
0.5788371255230687
0.11435606252998637
0.17218864163276515
0.3499111519814547
0.20523754966197805
0.30855615818238624
0.08458082207762618
0.8144148799012485
0.17218864163276515
0.714254854998978
0.5117479334820634
0.1908241149392766
0.8962292325535988
0.11435606252998637
0.24233284388662793
0.20523754966197805
0.3539074413832848
0.08725368750519755
0.3165325287520945
0.1576290131252706
0.2952625941755127
0.7391219315650001
0.5847833482122362
0.8110942102947443
0.5561920662483975
0.634383502282069
0.2174778844572352
0.6243769493678497
0.8110942102947443
0.7664037669465673
0.08725368750519755
0.7391219315650001
0.8704926463711827
0.5624942591139213
0.45195390071382396
0.8110942102947443
0.5920470114451537
0.6212785722330325
0.3920953041155064
0.7696984433519218
0.634383502282069
0.20670734342780028
0.11435606252998637
0.7723331689957346
0.23383777432377678
0.627800453949727
0.641173565594179
0.5502316202020494
0.8110942102947443
0.8924428306196384
0.6176764255621638
0.6299405073675135
0.7573907677052337
0.20670734342780028
0.7147006468605038
0.2338389279683994
0.8704926463711827
0.08458082207762618
0.4636102242449017
0.818144643020287
0.6212785722330325
0.5920470114451537
0.09904574086212967
0.8858426175867851
0.21098220972817894
0.20670734342780028
0.2200949470699738
0.2809446571691424
0.09904574086212967
0.714254854998978
0.5499601571275048
0.3089604013203311
0.3402801071333405
0.8463423911117756
0.2200949470699738
0.8547926779562338
0.4279062700602796
0.3920953041155064
0.627800453949727
0.8858426175867851
0.3356497843287248
0.5920470114451537
0.1576290131252706
0.35173770038943986
0.2952625941755127
0.8858426175867851
0.7886287635784265
0.35173770038943986
0.8858426175867851
0.6207152309357928
0.633045883027376
0.5561920662483975
0.43247284956004595
0.6386278557903693
0.7696984433519218
0.9194548469304049
0.6276819447724425
0.44575824715259066
0.4636102242449017
0.6165126822564839
0.7488723477020516
0.21098220972817894
0.8858426175867851
0.1437820879133124
0.634383502282069
0.3539074413832848
0.7147006468605038
0.22255798722332332
0.8110942102947443
0.6386278557903693
0.24233284388662793
0.7151464387220297
0.2924994991019803
0.8646763057072608
0.11435606252998637
0.5561920662483975
0.2924994991019803
0.818144643020287
0.17218864163276515
0.6299405073675135
0.2298227327886096
0.7573907677052337
0.9194548469304049
0.8962292325535988
0.21098220972817894
0.3178185610009458
0.8811252808298495
0.27747010374700315
0.43247284956004595
0.3089604013203311
0.6243769493678497
0.3178185610009458
0.3165325287520945
0.7488723477020516
0.8110942102947443
0.23383777432377678
0.7151464387220297
0.2298227327886096
0.6380174602951876
0.7151464387220297
