0.7031802881076595
0.6116259749378357
0.8227233684357416
0.5773249980567894
0.406250923504726
0.8896185058768009
0.6226859019268991
0.7616315988590701
0.28930894521223427
0.5764072968363494
0.13739559252238798
0.1655132461127386
0.9165878369066849
0.26370559455863174
0.21970625713585357
0.6320489842451562
0.13739559252238798
0.8869643801784184
0.012917144506397134
0.32396353123437405
0.609640473001948
0.012917144506397134
0.603864578262562
0.5197851375038329
0.5281495580825699
0.8193093687944604
0.33211585243788866
0.3494447229808937
0.8679210514682512
0.7255859718593118
0.8679210514682512
0.8679210514682512
0.8234192987819022
0.4105523438831301
0.6127869265728918
0.7030716326009121
0.5171329080361999
0.2793054473801283
0.6550163258886195
0.0715278609343942
0.7054065002011236
0.43787210605974813
0.4471690846367944
0.2893089452122406
0.5942309970411237
0.4105523438831301
0.6226859019268991
0.9731465254911905
0.3533061715076474
0.7911379633009135
0.406250923504726
0.5171329080361999
0.16225079839614603
0.2793054473801283
0.5008372539609067
0.8869643801784184
0.21970625713585357
0.7255859718593118
0.5020232987662592
0.3267348902173699
0.11485885590654521
0.905905290514075
0.6226859019268991
0.5171329080361999
0.5942309970411237
0.8768001794158522
0.7627518269917941
0.26534446207795714
0.905905290514075
0.785661855186603
0.25117703474604436
0.3494447229808937
0.18446880574722413
0.603864578262562
0.05617579879918586
0.9731465254911905
0.8768001794158522
0.7911379633009135
0.905905290514075
0.9571964158095979
0.7627518269917941
0.9165878369066849
0.26370559455863174
0.18446880574722413
0.16113618242129346
0.36046505394357564
0.7030716326009121
0.0715278609343942
0.9048071815994869
0.7133351183984217
0.1655132461127386
0.8896185058768009
0.922467867890836
0.3455708936683459
0.550240864351567
0.922467867890836
0.5942309970411237
0.3494447229808937
0.5281495580825699
0.7030716326009121
0.43787210605974813
0.16225079839614603
0.905905290514075
0.25117703474604436
0.6116259749378357
0.9165878369066849
0.785661855186603
0.3455708936683459
0.43787210605974813
0.7627518269917941
0.7257204880343853
0.033937179168439774
0.13739559252238798
0.6226859019268991
0.05617579879918586
0.2591907138943169
0.012917144506397134
0.7257204880343853
0.16225079839614603
0.905905290514075
0.5776797016535056
0.1655132461127386
0.8457454096231709
0.16874627399565578
0.033937179168439774
0.16874627399565578
0.36046505394357564
0.2591907138943169
0.32396353123437405
0.033937179168439774
0.25474639274098876
0.5773249980567894
0.5773249980567894
0.8896185058768009
0.39898184869010905
0.550240864351567
0.05396701732956152
0.5949584974328668
0.821016368615101
0.8227233684357416
0.05723798753800265
0.9048071815994869
0.8973532896525991
0.6116259749378357
0.16113618242129346
0.905905290514075
0.4471690846367944
0.7031802881076595
0.5197851375038329
0.8234192987819022
0.550240864351567
0.18452713614116412
0.11485885590654521
0.6320489842451562
0.26637443717782916
0.6353467495340923
0.36046505394357564
0.5281495580825699
0.5335678250094187
0.8973532896525991
0.5020232987662592
0.6550163258886195
0.6320489842451562
0.16874627399565578
0.5847518208586063
0.2793054473801283
0.8768001794158522
0.05396701732956152
0.4471690846367944
0.7947568215410843
0.6550163258886195
0.7257204880343853
0.08194065380354165
0.8781606116128222
0.05723798753800265
0.18452713614116412
0.16113618242129346
0.28930894521223427
0.11485885590654521
0.821016368615101
0.6226859019268991
0.26534446207795714
0.3661208805330487
0.8193093687944604
0.21970625713585357
0.813683532095544
0.36046505394357564
0.2591907138943169
0.9571964158095979
0.9165878369066849
0.3661208805330487
0.5020232987662592
0.3267348902173699
0.6353467495340923
0.25474639274098876
0.9405939372067619
0.813683532095544
0.3267348902173699
0.8781606116128222
0.6127869265728918
0.609640473001948
0.6226859019268991
0.406250923504726
0.5847518208586063
0.5942309970411237
0.9405939372067619
0.8457454096231709
0.39898184869010905
0.5335678250094187
0.7616315988590701
0.7054065002011236
0.11485885590654521
0.9165878369066849
0.08194065380354165
0.5949584974328668
0.3661208805330487
0.8297144708593575
0.2793054473801283
0.5008372539609067
0.7627518269917941
0.033937179168439774
0.7602704437248196
0.2591907138943169
0.9048071815994869
0.11485885590654521
0.3533061715076474
0.3533061715076474
0.7947568215410843
0.18446880574722413
0.5008372539609067
0.16225079839614603
0.8869643801784184
0.8896185058768009
0.8896185058768009
0.11485885590654521
0.3455708936683459
0.8869643801784184
0.28930894521224104
0.406250923504726
0.2893089452122383
0.6550163258886195
0.5764072968363494
0.32396353123437405
0.8297144708593575
0.8896185058768009
0.26637443717782916
0.7133351183984217
0.33211585243788866
0.5776797016535056
0.7602704437248196
