0.703472607416546
0.550240864351567
0.8122916714032227
0.5752772512018851
0.406250923504726
0.89003062823574
0.6127869265728918
0.7623121764261953
0.2377160975987351
0.5752772512018851
0.13739559252238798
0.20054086982993688
0.9230534687057117
0.23775115805618102
0.2265662425911466
0.6271740268615115
0.13739559252238798
0.8869643801784184
0.012917144506397134
0.3194007573151302
0.6087895436008532
0.012917144506397134
0.703472607416546
0.536514484616609
0.5281495580825699
0.8176023689738197
0.31812798299659806
0.31812798299659806
0.8665572386587188
0.7255859718593118
0.8665572386587188
0.8688302600079394
0.813683532095544
0.4105523438831301
0.6127869265728918
0.7025843460599379
0.5234248986241148
0.31812798299659806
0.6086011549170636
0.09867058459272024
0.7065196354693078
0.43849474596347304
0.43849474596347304
0.24882010904873647
0.5942309970411237
0.4105523438831301
0.5453886303372099
0.9731465254911905
0.3194007573151302
0.8331550654682605
0.406250923504726
0.5234248986241148
0.16452703700625243
0.27992359147870105
0.5008372539609067
0.8869643801784184
0.2265662425911466
0.7255859718593118
0.5008372539609067
0.34698061452009454
0.11516506190666966
0.9075903983551996
0.6474453836727982
0.5045489268603693
0.5942309970411237
0.8688302600079394
0.7627518269917941
0.26504034995253833
0.9075903983551996
0.785661855186603
0.26504034995253833
0.592199774938525
0.16029466334733528
0.5045489268603693
0.0531734898129384
0.9731465254911905
0.8945584353110534
0.7491208611335665
0.9036624821504557
0.9571964158095979
0.7627518269917941
0.9075903983551996
0.2814190569890332
0.17425647485179963
0.15537610571241597
0.3599239330227121
0.7025843460599379
0.0594165583186371
0.9055427181895053
0.7491208611335665
0.16029466334733528
0.8899927980764704
0.9218822670759603
0.36432392220185583
0.550240864351567
0.9218822670759603
0.5942309970411237
0.23700960741413163
0.5281495580825699
0.7025843460599379
0.4366268262522984
0.16029466334733528
0.9075903983551996
0.23700960741413163
0.6775493756632769
0.9230534687057117
0.785661855186603
0.32441834384909446
0.4366268262522984
0.7627518269917941
0.6086011549170636
0.033937179168439774
0.13739559252238798
0.6022412102695303
0.0531734898129384
0.26869103745705114
0.012917144506397134
0.7222282657183725
0.16029466334733528
0.9036624821504557
0.5795092713337884
0.16029466334733528
0.8457454096231709
0.16874627399565578
0.033937179168439774
0.16874627399565578
0.3692638944727967
0.26869103745705114
0.33712801202048065
0.033937179168439774
0.24882010904873647
0.5765466451608741
0.5765466451608741
0.8888320913181926
0.43849474596347304
0.550240864351567
0.05396701732956152
0.5949584974328668
0.8331550654682605
0.8122916714032227
0.0594165583186371
0.9055427181895053
0.894623480140297
0.6087895436008532
0.15537610571241597
0.9075903983551996
0.3599239330227121
0.703472607416546
0.5008372539609067
0.8331550654682605
0.550240864351567
0.18452713614116412
0.11472440341324779
0.6271740268615115
0.25770953458711476
0.6374974660268766
0.34698061452009454
0.5281495580825699
0.536514484616609
0.894623480140297
0.5026163211689354
0.703472607416546
0.6374974660268766
0.16874627399565578
0.592199774938525
0.27992359147870105
0.8688302600079394
0.05396701732956152
0.5453886303372099
0.8568087104157578
0.6541420033612175
0.7222282657183725
0.07190269533003449
0.8781606116128222
0.0594165583186371
0.18452713614116412
0.17425647485179963
0.34698061452009454
0.09867058459272024
0.8331550654682605
0.6474453836727982
0.36432392220185583
0.36432392220185583
0.8176023689738197
0.2377160975987351
0.813683532095544
0.3599239330227121
0.23700960741413163
0.9571964158095979
0.9157056225069224
0.3692638944727967
0.5026163211689354
0.33712801202048065
0.6374974660268766
0.25770953458711476
0.9405939372067619
0.813683532095544
0.3030418118351509
0.8781606116128222
0.6127869265728918
0.6087895436008532
0.6022412102695303
0.406250923504726
0.5795092713337884
0.5942309970411237
0.9405939372067619
0.8457454096231709
0.3599239330227121
0.43849474596347304
0.7623121764261953
0.7065196354693078
0.11472440341324779
0.9157056225069224
0.07190269533003449
0.5949584974328668
0.36432392220185583
0.813683532095544
0.23775115805618102
0.5008372539609067
0.7627518269917941
0.033937179168439774
0.703472607416546
0.26869103745705114
0.9055427181895053
0.11516506190666966
0.3743968765182579
0.3743968765182579
0.8568087104157578
0.16029466334733528
0.5008372539609067
0.16452703700625243
0.8869643801784184
0.8888320913181926
0.8899927980764704
0.13739559252238798
0.32441834384909446
0.8869643801784184
0.3030418118351509
0.406250923504726
0.20054086982993688
0.6541420033612175
0.5752772512018851
0.3194007573151302
0.8457454096231709
0.89003062823574
0.2814190569890332
0.6775493756632769
0.3599239330227121
0.5795092713337884
0.8945584353110534
