0.5722424141037628
0.5776268072516781
0.8125879465114285
0.5604649369133387
0.43247284956004595
0.8122775535908089
0.5981772721869878
0.4209473385396858
0.3660872878703444
0.5604649369133387
0.13831357079699208
0.21304457988904774
0.9194548469304049
0.26448520311629686
0.3160785250897421
0.7381736050807394
0.13831357079699208
0.8463423911117756
0.16890563943342335
0.5471334321645266
0.6318517787226843
0.11445438816334505
0.6318517787226843
0.4636102242449017
0.713653948496731
0.8463423911117756
0.28969372209771216
0.4209473385396858
0.885216413655523
0.5981772721869878
0.8857905416549487
0.8852164737715075
0.8122775535908089
0.3660872878703444
0.6224166649022076
0.6941442116500458
0.516640057077375
0.28969372209771216
0.5026364792284645
0.09904574086212967
0.6039658451564509
0.41005429296796864
0.4636102242449017
0.28927634631183285
0.6180095961593819
0.5026364792284645
0.5981772721869878
0.8285074296260766
0.32880741970396177
0.812538347891002
0.6224166649022076
0.6278447711301505
0.18305841173889736
0.22722659807613688
0.6238053288013765
0.8920270565262591
0.32211446917371633
0.8125379379041686
0.3499111519814547
0.2526915732630919
0.22722659807613688
0.8866927427969034
0.5981772721869878
0.8285074296260766
0.6180095961593819
0.8866927427969034
0.8129266122537584
0.31880242882458015
0.8547926779562338
0.6095423673336835
0.18305841173889736
0.24676421579662866
0.16890563943342335
0.516640057077375
0.11445438816334505
0.8901148597481328
0.6748307271897933
0.8124079507409054
0.8866927427969034
0.894716083245499
0.8285074296260766
0.9194548469304049
0.2715779085317852
0.0839519125652565
0.13031290254999756
0.19958260597662417
0.5914869533559153
0.0839519125652565
0.8959709623811443
0.5556233828196404
0.19426532326201396
0.7488723477020516
0.8959709623811443
0.17554340581152544
0.5709817959456878
0.9194548469304049
0.6095423673336835
0.2715779085317852
0.5395417018149302
0.6221708659703931
0.5709817959456878
0.1887935040018946
0.7986513045842213
0.23098954956687578
0.6039658451564509
0.9194548469304049
0.8124079507409054
0.32211446917371633
0.5556233828196404
0.6318517787226843
0.6214334691799668
0.025981679938708355
0.17554340581152544
0.3499111519814547
0.18305841173889736
0.2833410142244102
0.0839519125652565
0.8122775535908089
0.1706041068790306
0.8129266122537584
0.5776268072516781
0.18305841173889736
0.8962292325535988
0.19426532326201396
0.26448520311629686
0.1887935040018946
0.3576781656658302
0.0839519125652565
0.3160785250897421
0.025981679938708355
0.1746482016793211
0.5914869533559153
0.5471334321645266
0.7986513045842213
0.5395417018149302
0.6318517787226843
0.21304457988904774
0.6221708659732352
0.8098726222367991
0.7381736050807394
0.0839519125652565
0.8857905416549487
0.8959709623811443
0.5722424141037628
0.34719121814621057
0.8098726222367991
0.5935389889187417
0.6318517787226843
0.3920953041155064
0.7696984433519218
0.6278447711301505
0.1887935040018946
0.11445438816334505
0.6941442116500458
0.21304457988904774
0.6278447711301505
0.5499480778809895
0.5499480778809895
0.8125879465114285
0.894716083245499
0.6224166649022076
0.6544284609845199
0.6214334691799668
0.19426532326201396
0.5709817959456878
0.19426532326201396
0.8463423911117756
0.0839519125652565
0.4636102242449017
0.818144643020287
0.6318517787226843
0.5935389889187417
0.09904574086212967
0.8852163835975306
0.16494424781194478
0.23098954956687578
0.1746482016793211
0.28927634631183285
0.09904574086212967
0.713653948496731
0.6363620834283643
0.31880242882458015
0.34719121814621057
0.8463423911117756
0.2833410142244102
0.8547926779562338
0.41005429296796864
0.3920953041155064
0.6278447711301505
0.8847764973962229
0.34719121814621057
0.6224166649022076
0.28927634631183285
0.45796566829130714
0.28927634631183285
0.8866927427969034
0.8122775535908089
0.26448520311629686
0.8852163835975306
0.6224166649022076
0.6318517787226843
0.5395417018149302
0.43247284956004595
0.6748307271897933
0.7696984433519218
0.9194548469304049
0.6363620834283643
0.4636102242449017
0.4636102242449017
0.6363620834283643
0.7488723477020516
0.16494424781194478
0.8847764973962229
0.13031290254999756
0.6221708659732352
0.3576781656658302
0.8547926779562338
0.1887935040018946
0.8125869254953186
0.6318517787226843
0.24676421579662866
0.8113326114330337
0.3114126881108926
0.8113326114330337
0.11445438816334505
0.45796566829130714
0.32880741970396177
0.818144643020287
0.1706041068790306
0.6544284609845199
0.19958260597662417
0.8920270565262591
0.9194548469304049
0.8962292325535988
0.2526915732630919
0.32211446917371633
0.8901148597481328
0.28927634631183285
0.43247284956004595
0.28927634631183285
0.6221708659697254
0.3114126881108926
0.3160785250897421
0.7488723477020516
0.8122775535908089
0.2715779085317852
0.6238053288013765
0.28969372209771216
0.6318517787226843
0.8113340430126307
