0.6265083062232479
0.5886997898670325
0.8120153546840456
0.5642864888023897
0.43247284956004595
0.8120153546840456
0.5955334793075961
0.49356616574204415
0.3660872878703444
0.5499480778809895
0.13831357079699208
0.21304457988904774
0.9194548469304049
0.26388180249520676
0.31849863312026305
0.7097602077404619
0.13831357079699208
0.8463423911117756
0.21304457988904774
0.516640057077375
0.6367773091313251
0.11445438816334505
0.6324135539493287
0.4727779201201202
0.5809655058816865
0.8463423911117756
0.28969372209771216
0.34832851133732745
0.8847764973962229
0.6058646969681558
0.8847764973962229
0.8847764973962229
0.8120153546840456
0.3660872878703444
0.6363620834283643
0.7097602077404619
0.516640057077375
0.28969372209771216
0.5026364792284645
0.0839519125652565
0.6082172189255228
0.5556233828196404
0.45961709290114966
0.28927634631183285
0.6176193917404097
0.5026364792284645
0.6082172189255228
0.8491212584910592
0.3439767508863767
0.8120153546840456
0.6082172189255228
0.5667494341933135
0.18623045816197503
0.22722659807613688
0.6176193917451073
0.8901148597481328
0.35051359699265894
0.8120153546840456
0.34900748446464824
0.28927634631183285
0.22722659807613688
0.8962292325535988
0.5955334793075961
0.8491212584910592
0.6176193917407287
0.8847764973962229
0.8120153546840456
0.34832851133732745
0.8547926779562338
0.6176193917400907
0.18623045816197503
0.24676421579662866
0.11445438816334505
0.516640057077375
0.11445438816334505
0.8901148597481328
0.690847325809658
0.8120153546840456
0.8847764973962229
0.8939392533043853
0.8120153546840456
0.9194548469304049
0.2715779085317852
0.0839519125652565
0.13031290254999756
0.21610680021435097
0.6044180866784509
0.0839519125652565
0.8977636468606378
0.5556233828196404
0.1918812802548568
0.7488723477020516
0.8977636468606378
0.21304457988904774
0.571160636302799
0.9194548469304049
0.5955334793075961
0.2715779085317852
0.5499480778809895
0.6324135539493287
0.571160636302799
0.18623045816197503
0.785287254484397
0.26388180249520676
0.5886997898670325
0.9194548469304049
0.8120153546840456
0.3251324412157035
0.5556233828196404
0.6044180866784509
0.6265083062232479
0.025981679938708355
0.13831357079699208
0.34900748446464824
0.18623045816197503
0.2774056821369876
0.0839519125652565
0.8120153546840456
0.18623045816197503
0.8463423911117756
0.5886997898670325
0.16145205723545608
0.8962292325535988
0.1974938960174547
0.2653903040479317
0.19150007284696663
0.3576781656658302
0.0839519125652565
0.31849863312026305
0.025981679938708355
0.17990256838749782
0.5809655058816865
0.5667494341933135
0.8120153546840456
0.4727779201201202
0.6281938969957205
0.21304457988904774
0.6159577327969821
0.8120153546840456
0.8120153546840456
0.0839519125652565
0.8847764973962229
0.8977636468606378
0.516640057077375
0.3439767508863767
0.8120153546840456
0.49356616574204415
0.6367773091313251
0.4727779201201202
0.7696984433519218
0.6839627082546538
0.19150007284696663
0.11445438816334505
0.6189035032144043
0.21304457988904774
0.6189035032144043
0.5499480778809895
0.5499480778809895
0.8120153546840456
0.8939392533043853
0.6176193917404097
0.690847325809658
0.6189035032144043
0.1974938960174547
0.5642864888023897
0.1918812802548568
0.8463423911117756
0.0839519125652565
0.49356616574204415
0.8253414670880288
0.6346690851879625
0.7097602077404619
0.1065926550105662
0.8847764973962229
0.16494424781194478
0.1974938960174547
0.17990256838749782
0.28927634631183285
0.1065926550105662
0.8463423911117756
0.6363620834283643
0.28927634631183285
0.35051359699265894
0.8463423911117756
0.28927634631183285
0.8547926779562338
0.26388180249520676
0.3114126881108926
0.6265083062232479
0.8847764973962229
0.35051359699265894
0.49356616574204415
0.28927634631183285
0.45796566829130714
0.28927634631183285
0.8847764973962229
0.8120153546840456
0.2653903040479317
0.8847764973962229
0.6409805367722918
0.6346690851879625
0.5955334793075961
0.43247284956004595
0.6839627082546538
0.7696984433519218
0.9194548469304049
0.6363620834283643
0.45961709290114966
0.43247284956004595
0.6363620834283643
0.7488723477020516
0.16494424781194478
0.8847764973962229
0.13031290254999756
0.6159577327969821
0.3576781656658302
0.8547926779562338
0.18623045816197503
0.785287254484397
0.6409805367722918
0.24676421579662866
0.8120153546840456
0.3114126881108926
0.7656359571446979
0.11445438816334505
0.45796566829130714
0.3114126881108926
0.8253414670880288
0.16145205723545608
0.6176193917451073
0.18623045816197503
0.8901148597481328
0.9194548469304049
0.8962292325535988
0.21610680021435097
0.3251324412157035
0.8901148597481328
0.28927634631183285
0.43247284956004595
0.28927634631183285
0.6058646969681558
0.3114126881108926
0.2774056821369876
0.7488723477020516
0.8120153546840456
0.2715779085317852
0.7656359571446979
0.28969372209771216
0.6281938969957205
0.8120153546840456
