0.6363385828169623
0.5600042415752509
0.8542993367721103
0.5583291766932923
0.43243088395789797
0.8119178322471015
0.6363385828161413
0.4530767162708518
0.3660872878703444
0.6363385828167916
0.13980833537645715
0.21841989826238262
0.9194548469304049
0.3223085803066863
0.34727569136447056
0.6363385828169371
0.13980833537645715
0.8468015898055821
0.15114287737536802
0.5743942013311976
0.6082353150907531
0.11576093108269009
0.6474739563784793
0.5533522522218356
0.5600042415752509
0.8468015898055821
0.2945273133750981
0.4530767162708518
0.8789301552012239
0.5551928870410722
0.8834510950741563
0.8789301552012239
0.8119178322471015
0.3660872878703444
0.636338582816381
0.711407957677332
0.5166533228129173
0.27946217077281843
0.5456774659510357
0.08469905626654692
0.7651063379887424
0.441386430776314
0.532525860787473
0.29230146421457526
0.5954808018354795
0.4595954925058935
0.5551928870410722
0.8656123716108108
0.34727569136447056
0.8119178322471015
0.39769229303671294
0.5583291766932923
0.19121512763602133
0.22767974291679471
0.614711062402271
0.8918390473001618
0.37693595853487394
0.8119178322471015
0.3223085803066863
0.29230146421457526
0.22767974291679471
0.9023156936726886
0.614711062402271
0.8542993367721103
0.5266363859278592
0.8789301552012239
0.8119178322471015
0.15114287737536802
0.8493828311289454
0.6332872487903702
0.19153167681791666
0.27946217077281843
0.11576093108269009
0.5166533228129173
0.11576093108269009
0.8918390473001618
0.690847325809658
0.8119178322471015
0.8867651484327215
0.8974945187290466
0.8119178322471015
0.9194548469304049
0.2620374299583904
0.08469905626654692
0.13031290254999756
0.21610680021435097
0.5743942013311976
0.08295572096353582
0.8994699308166123
0.7651063379887424
0.20264118647892349
0.7521934165453179
0.8994699308166123
0.21841989826238262
0.5914769531832902
0.9194548469304049
0.532525860787473
0.27946217077281843
0.5456774659510357
0.6363385828169371
0.5743942013311976
0.18680254259293438
0.8834510950741563
0.19153167681791666
0.6345577370699047
0.9194548469304049
0.8119178322471015
0.27946217077281843
0.441386430776314
0.6363385828171314
0.6363385828170147
0.025981679938708355
0.13980833537645715
0.37693595853487394
0.1926181522553257
0.34727569136447056
0.08469905626654692
0.8119178322471015
0.10269550188923991
0.8468015898055821
0.5600042415752509
0.15571763661173157
0.8867651484327215
0.20264118647892349
0.10269550188923991
0.1926181522553257
0.3576781656658302
0.08295572096353582
0.2880107650049468
0.025981679938708355
0.16494424781194478
0.6474739563784793
0.5583291766932923
0.8119178322471015
0.38635580401839265
0.5914769531832902
0.21841989826238262
0.5914769531832902
0.8119178322471015
0.8119178322471015
0.08295572096353582
0.8834510950741563
0.8974945187290466
0.4595954925058935
0.19486088896305087
0.8119178322471015
0.4941547824567092
0.5914769531832902
0.5533522522218356
0.7696984433519218
0.5855506409115934
0.18680254259293438
0.11576093108269009
0.636338582816852
0.2620374299583904
0.6363385828169807
0.5456774659510357
0.5456774659510357
0.7765673323050786
0.8974945187290466
0.5954808018354795
0.690847325809658
0.636338582816852
0.20264118647892349
0.5743942013311976
0.20264118647892349
0.8789301552012239
0.08469905626654692
0.5266363859278592
0.8119178322471015
0.6363385828170147
0.711407957677332
0.1065926550105662
0.8834510950741563
0.16494424781194478
0.191848225999812
0.19486088896305087
0.29230146421457526
0.1065926550105662
0.8468015898055821
0.6402776937370289
0.29230146421457526
0.3576781656658302
0.8119178322471015
0.2880107650049468
0.8493828311289454
0.3223085803066863
0.27946217077281843
0.7765673323050786
0.8867651484327215
0.3223085803066863
0.4941547824567092
0.2880107650049468
0.45796566829130714
0.2953672396103907
0.8867651484327215
0.8119178322471015
0.2953672396103907
0.8789301552012239
0.636338582816381
0.6363385828171314
0.5855506409115934
0.39769229303671294
0.7530591999959961
0.7696984433519218
0.9194548469304049
0.6402776937370289
0.38635580401839265
0.49328824379903596
0.6345577370699047
0.7193540820422943
0.16494424781194478
0.8867651484327215
0.13031290254999756
0.6363385828169874
0.3576781656658302
0.8656123716108108
0.191848225999812
0.6082353150907531
0.7530591999959961
0.3223085803066863
0.8119178322471015
0.2880107650049468
0.8119178322471015
0.11576093108269009
0.45796566829130714
0.34727569136447056
0.8119178322471015
0.15571763661173157
0.6332872487903702
0.19121512763602133
0.8918390473001618
0.9194548469304049
0.9023156936726886
0.21610680021435097
0.3576781656658302
0.8918390473001618
0.2953672396103907
0.43243088395789797
0.29230146421457526
0.6363385828167916
0.49328824379903596
0.2880107650049468
0.7521934165453179
0.8119178322471015
0.2620374299583904
0.7193540820422943
0.2945273133750981
0.6363385828171115
0.8119178322471015
