0.7144232241943353
0.6116259749378357
0.8209212047292211
0.5768661474465695
0.406250923504726
0.8896185058768009
0.6226859019268991
0.7618327927502013
0.3259858014855841
0.5907781595481567
0.13739559252238798
0.16356937484791073
0.916956078741513
0.26504001586823034
0.21970625713585357
0.6333680903607304
0.13739559252238798
0.8515984586267908
0.012917144506397134
0.32442542439820665
0.6559747384716212
0.023427161837418456
0.6053085519474085
0.5197851375038329
0.5281495580825699
0.8515984586267908
0.33211585243788866
0.3494447229808937
0.865838071062832
0.7255859718593118
0.865838071062832
0.865838071062832
0.8224825135121467
0.4105523438831301
0.6127869265728918
0.7144232241943353
0.5171329080361999
0.26880364852188976
0.6552341469302108
0.060367182685970036
0.7054065002011236
0.43787210605974813
0.4471690846367944
0.2915714261601462
0.5942309970411237
0.4105523438831301
0.6226859019268991
0.9731465254911905
0.3533061715076474
0.8215457282423917
0.406250923504726
0.5171329080361999
0.16356937484791073
0.2793054473801283
0.501430276363583
0.8869643801784184
0.21970625713585357
0.7255859718593118
0.501430276363583
0.3191978957195959
0.11485885590654521
0.9026479335866202
0.6226859019268991
0.5171329080361999
0.5942309970411237
0.8768001794158522
0.865838071062832
0.2558995105233486
0.9090175708205952
0.785661855186603
0.2558995105233486
0.3494447229808937
0.1846023331778413
0.6053085519474085
0.045322036168517016
0.9731465254911905
0.8768001794158522
0.8215457282423917
0.9026479335866202
0.9083927728280858
0.7618327927502013
0.916956078741513
0.26504001586823034
0.1846023331778413
0.16132195175043557
0.36046505394357564
0.7030716326009121
0.060367182685970036
0.9048071815994869
0.7133351183984217
0.16356937484791073
0.8076694969555931
0.9169560720506218
0.3455708936683459
0.550240864351567
0.9169560720506218
0.5942309970411237
0.3494447229808937
0.5281495580825699
0.7030716326009121
0.43787210605974813
0.16356937484791073
0.9026479335866202
0.2558995105233486
0.6116259749378357
0.9169560782642228
0.785661855186603
0.3455708936683459
0.43787210605974813
0.7618327927502013
0.7144232241943353
0.033937179168439774
0.13739559252238798
0.6226859019268991
0.06024493558595562
0.2583018496636512
0.012917144506397134
0.8076694969555931
0.16356937484791073
0.8515984586267908
0.5804376086162026
0.16356937484791073
0.8457454096231709
0.16874627399565578
0.045322036168517016
0.16874627399565578
0.36046505394357564
0.2583018496636512
0.32442542439820665
0.023427161837418456
0.1846023331778413
0.5768661474465695
0.5804376086162026
0.8896185058768009
0.39898184869010905
0.550240864351567
0.05982063186450573
0.5907781595481567
0.8211293796306727
0.8209212047292211
0.06024493576083141
0.9048071815994869
0.8973532896525991
0.5994575760681682
0.16132195175043557
0.9090175708205952
0.4471690846367944
0.6559747384716212
0.5197851375038329
0.8224825135121467
0.550240864351567
0.18452713614116412
0.11485885590654521
0.6333680903607304
0.26504001586823034
0.6333680903607304
0.36046505394357564
0.5281495580825699
0.5335678250094187
0.8973532896525991
0.501430276363583
0.6552341469302108
0.6333680903607304
0.16874627399565578
0.5804376086162026
0.2793054473801283
0.8768001794158522
0.05982063186450573
0.4471690846367944
0.7947568215410843
0.6552341469302108
0.7144232241943353
0.08194065380354165
0.8781606116128222
0.06024493558595562
0.18452713614116412
0.16132195175043557
0.2915714261601462
0.11485885590654521
0.8211293796306727
0.6226859019268991
0.2937572664931424
0.3661208805330487
0.8211293784394886
0.21970625713585357
0.813683532095544
0.36046505394357564
0.26880364852188976
0.9083927728280858
0.9168063114630536
0.3661208805330487
0.501430276363583
0.3191978957195959
0.6333680903607304
0.2748599972969864
0.9405939372067619
0.813683532095544
0.2748599972969864
0.8781606116128222
0.6127869265728918
0.5994575760681682
0.6226859019268991
0.406250923504726
0.5804376086162026
0.5942309970411237
0.9405939372067619
0.8457454096231709
0.39898184869010905
0.5335678250094187
0.7618327927502013
0.7054065002011236
0.1846023331778413
0.9168063114630536
0.08194065380354165
0.5907781595481567
0.3661208805330487
0.8297144708593575
0.2793054473801283
0.501430276363583
0.7618327927502013
0.033937179168439774
0.7618327927502013
0.2583018496636512
0.9048071815994869
0.11485885590654521
0.3259858014855841
0.3533061715076474
0.7947568215410843
0.1846023331778413
0.501430276363583
0.16356937484791073
0.8869643801784184
0.8896185058768009
0.9026479335866202
0.11485885590654521
0.3455708936683459
0.8869643801784184
0.2915714261601462
0.406250923504726
0.2937572664931424
0.6552341469302108
0.5907781595481567
0.32442542439820665
0.8297144708593575
0.8896185058768009
0.26504001586823034
0.7133351183984217
0.33211585243788866
0.5804376086162026
0.7618327927502013
