0.6363620834283643
0.6027281644816568
0.8491212584910592
0.5589992026460755
0.43243088395789797
0.8119178322471015
0.6363620834283643
0.4530767162708518
0.3660872878703444
0.6363620834283643
0.13980833537645715
0.22246432774525632
0.9194548469304049
0.26766248736594767
0.347255476013697
0.6363620834283643
0.13980833537645715
0.8463423911117756
0.18877593393362552
0.5818318277181278
0.6259987401410109
0.11445438816334505
0.6399470297068834
0.5542725696314539
0.5589992026460755
0.8463423911117756
0.2945273133750981
0.4530767162708518
0.8827328303200979
0.5542725696314539
0.8827328303200979
0.8827328303200979
0.8119178322471015
0.3660872878703444
0.6363620834283643
0.711407957677332
0.5166533228129173
0.27946217077281843
0.5456774659510357
0.0839519125652565
0.7422302100155184
0.441386430776314
0.5285995442143971
0.29189673999284593
0.5640033313114763
0.4595954925058935
0.5542725696314539
0.8491212584910592
0.347255476013697
0.8119178322471015
0.39769229303671294
0.5589992026460755
0.18570086253163154
0.22722659807613688
0.614711062402271
0.8886118242754273
0.3697142862089825
0.8119178322471015
0.347255476013697
0.29189673999284593
0.22722659807613688
0.9023156936726886
0.614711062402271
0.8491212584910592
0.5285995442143971
0.8827328303200979
0.8119178322471015
0.18877593393362552
0.8547926779562338
0.6151151508607833
0.18570086253163154
0.27946217077281843
0.11445438816334505
0.5166533228129173
0.11445438816334505
0.8918390473001618
0.690847325809658
0.8119178322471015
0.885112562845652
0.8982846835640732
0.8119178322471015
0.9194548469304049
0.2650321250636941
0.0839519125652565
0.13031290254999756
0.21610680021435097
0.6044180866784509
0.0839519125652565
0.8982846835640732
0.6866708265397478
0.18877593393362552
0.7521934165453179
0.8982846835640732
0.18877593393362552
0.5914769531832902
0.9194548469304049
0.5640033313114763
0.27946217077281843
0.5456774659510357
0.6259987401410109
0.5743942013311976
0.18570086253163154
0.8839226965828749
0.258234036566084
0.6363620834283643
0.9194548469304049
0.8119178322471015
0.2767900200199356
0.441386430776314
0.6044180866784509
0.6363620834283643
0.025981679938708355
0.13532404163806208
0.347255476013697
0.18570086253163154
0.347255476013697
0.0839519125652565
0.8119178322471015
0.18570086253163154
0.8463423911117756
0.5589992026460755
0.18570086253163154
0.885112562845652
0.19839915662432533
0.19318685143475953
0.19839915662432533
0.3576781656658302
0.0839519125652565
0.2889999222745939
0.025981679938708355
0.16494424781194478
0.6027281644816568
0.5589992026460755
0.8119178322471015
0.38635580401839265
0.5914769531832902
0.22246432774525632
0.6138044237028942
0.8119178322471015
0.8119178322471015
0.0839519125652565
0.8827328303200979
0.8982846835640732
0.4595954925058935
0.19486088896305087
0.8119178322471015
0.4941547824567092
0.5914769531832902
0.5542725696314539
0.7696984433519218
0.5818318277181278
0.18570086253163154
0.11445438816334505
0.6363620834283643
0.22246432774525632
0.6363620834283643
0.5456774659510357
0.5456774659510357
0.7765673323050786
0.8982846835640732
0.6151151508607833
0.690847325809658
0.6363620834283643
0.19839915662432533
0.5743942013311976
0.19318685143475953
0.8463423911117756
0.0839519125652565
0.5285995442143971
0.8253414670880288
0.6363620834283643
0.711407957677332
0.1065926550105662
0.8839226965828749
0.16494424781194478
0.19839915662432533
0.19486088896305087
0.29189673999284593
0.1065926550105662
0.8463423911117756
0.6363620834283643
0.29189673999284593
0.33999337298625826
0.8463423911117756
0.2912255261312998
0.8547926779562338
0.258234036566084
0.27946217077281843
0.7765673323050786
0.885112562845652
0.33999337298625826
0.4941547824567092
0.2767900200199356
0.45796566829130714
0.29189673999284593
0.885112562845652
0.8119178322471015
0.29189673999284593
0.8827328303200979
0.6363620834283643
0.6399470297068834
0.5818318277181278
0.39769229303671294
0.7530591999959961
0.7696984433519218
0.9194548469304049
0.6363620834283643
0.38635580401839265
0.49328824379903596
0.6363620834283643
0.7422302100155184
0.16494424781194478
0.885112562845652
0.13031290254999756
0.6138044237028942
0.3576781656658302
0.8547926779562338
0.18570086253163154
0.6866708265397478
0.7530591999959961
0.26766248736594767
0.8119178322471015
0.2767900200199356
0.7656359571446979
0.11445438816334505
0.45796566829130714
0.347255476013697
0.8253414670880288
0.13532404163806208
0.6363620834283643
0.18570086253163154
0.8886118242754273
0.9194548469304049
0.9023156936726886
0.21610680021435097
0.3697142862089825
0.8918390473001618
0.2912255261312998
0.43243088395789797
0.29189673999284593
0.6363620834283643
0.49328824379903596
0.2889999222745939
0.7521934165453179
0.8119178322471015
0.2650321250636941
0.7656359571446979
0.2945273133750981
0.6363620834283643
0.8119178322471015
