0.6341556083572224
0.5549068027075321
0.8007514818696995
0.581338664963736
0.3411035636742594
0.8942474235532212
0.6201405897261076
0.5269809950921784
0.36033624664101205
0.6293845788580442
0.13943242508916887
0.17083967660224156
0.9140011006714117
0.26445191003130436
0.3584835651352125
0.6696410547966494
0.13943242508916887
0.8463560299788595
0.0964488812595328
0.32442542439820665
0.6077402499246347
0.10346555383528727
0.6130004531512345
0.5461507886168437
0.6077402499246347
0.8463560299788595
0.24000794391421576
0.38424901964506997
0.8757533736494221
0.6996323561772231
0.8757533736494221
0.8757533736494221
0.8182886320552232
0.36033624664101205
0.6201405897261076
0.711407957677332
0.5171329080361999
0.36783116636905444
0.5428182935318311
0.06355082694894398
0.7193540820422943
0.46215948276861535
0.46215948276861535
0.29586510094467267
0.5461507886168437
0.5037242061769902
0.571858160590013
0.9521250682733682
0.3584835651352125
0.8326882254830605
0.4206133787840126
0.5171329080361999
0.1959396192994478
0.267604499987231
0.571858160590013
0.8909239220800369
0.21970625713585357
0.7193540820422943
0.38424901964506997
0.29054181180434024
0.19415204169690586
0.8989903199784661
0.6028922388063307
0.6388346567276992
0.6201405897261076
0.8757533736494221
0.8618060737815487
0.2245017441446947
0.8989903199784661
0.646097665089848
0.25942219530424726
0.2612993200753777
0.17083967660224156
0.5350331526175489
0.11890168861023404
0.9521250682733682
0.690847325809658
0.7987285883614743
0.8942474235532212
0.91126816325378
0.8198599938678637
0.9140011006714117
0.267604499987231
0.09177012225110762
0.15230342008194162
0.362149307065669
0.6696410547966494
0.06355082694894398
0.8996323078858968
0.7193540820422943
0.2245017441446947
0.7521934165453179
0.9104718537290886
0.3464014431919108
0.5475756750581047
0.9104718537290886
0.6028922388063307
0.2806398026570237
0.5475756750581047
0.6298252196812042
0.5350331526175489
0.17039698367384326
0.8631602819787074
0.25942219530424726
0.6341557219153561
0.9140011006714117
0.7987285883614743
0.29604665439980116
0.4206133787840126
0.6363094992463214
0.6435137017098529
0.025981679938708355
0.13943242508916887
0.6028922388063307
0.1959396192994478
0.3411035636742594
0.0964488812595328
0.8182886320552232
0.28015979516299555
0.8618060737815487
0.6341556083572224
0.1959396192994478
0.8631602819787074
0.1865198786086797
0.07531430656275653
0.1959396192994478
0.35473806413383946
0.10346555383528727
0.2959407482176429
0.025981679938708355
0.17695595653771773
0.581338664963736
0.581338664963736
0.8902443926249559
0.38424901964506997
0.5549068027075321
0.06073584019954241
0.6298252196812042
0.8103797302268834
0.8007514818696995
0.07531430656275653
0.8996323078858968
0.8996323078858968
0.5037242061769902
0.15230342008194162
0.8185890394605808
0.4941547824567092
0.6130004531512345
0.5461507886168437
0.8631602819787074
0.5549068027075321
0.17039698367384326
0.11284930292613085
0.6388346567276992
0.2579750986972811
0.6341556083572224
0.5428182935318311
0.5475756750581047
0.6996323561772231
0.8996323078858968
0.6996323561772231
0.690847325809658
0.6341556083572224
0.1865198786086797
0.581338664963736
0.1865198786086797
0.8757533736494221
0.06073584019954241
0.4189059566676028
0.8092651671754627
0.6435137017098529
0.711407957677332
0.1024697041771988
0.8757533736494221
0.06355082694894398
0.11890168861023404
0.17695595653771773
0.2955625118527919
0.1024697041771988
0.8326882254830605
0.5461507886168437
0.2955625118527919
0.36783116636905444
0.8092651671754627
0.21970625713585357
0.8182886320552232
0.2612993200753777
0.2806398026570237
0.91126816325378
0.9104718537290886
0.35473806413383946
0.4941547824567092
0.2959407482176429
0.47047107416938105
0.2579750986972811
0.9278446468578088
0.8182886320552232
0.29054181180434024
0.8757533736494221
0.6201405897261076
0.6363094992463214
0.6028922388063307
0.28015979516299555
0.7530591999959961
0.6201405897261076
0.9278446468578088
0.8631602819787074
0.362149307065669
0.5269809950921784
0.6341557219153561
0.7193540820422943
0.17695595653771773
0.8902443926249559
0.13943242508916887
0.6298252196812042
0.35473806413383946
0.8182886320552232
0.19415204169690586
0.6077402499246347
0.7530591999959961
0.26445191003130436
0.8185890394605808
0.2959558776722369
0.8198599938678637
0.11284930292613085
0.47047107416938105
0.3584835651352125
0.8092651671754627
0.09177012225110762
0.646097665089848
0.1959396192994478
0.8909239220800369
0.9140011006714117
0.9140011006714117
0.1024697041771988
0.3464014431919108
0.8909239220800369
0.29054181180434024
0.4189059566676028
0.2955625118527919
0.6293845788580442
0.5428182935318311
0.32442542439820665
0.7521934165453179
0.8902443926249559
0.2579750986972811
0.7193540820422943
0.24000794391421576
0.6363094992463214
0.8103797302268834
