0.5624942591139213
0.5788371255230687
0.7664037669465673
0.5624942591139213
0.43247284956004595
0.8111870153549259
0.6124533837522902
0.4209473385396858
0.3660872878703444
0.5624942591139213
0.13506329932165057
0.21716907825004444
0.9194548469304049
0.2556116168002503
0.3165325287520945
0.6426955247823176
0.13506329932165057
0.8716906073159781
0.1972544892763321
0.5847833482122362
0.6281808433477134
0.11435606252998637
0.6281808433477134
0.5486756633351746
0.6540416587957243
0.8463423911117756
0.28969372209771216
0.4209473385396858
0.8858547041014485
0.5870791990192563
0.8858550423140861
0.8858576762918873
0.8141284982742814
0.3660872878703444
0.6179110864927417
0.6390732309709288
0.5242634008491629
0.28969372209771216
0.5026364792284645
0.09904574086212967
0.5920470114451537
0.4279062700602796
0.44575824715259066
0.2846887596830009
0.6191637658848788
0.5026364792284645
0.6124533837522902
0.8652229478568595
0.3402801071333405
0.8111870153549259
0.633975510340993
0.7140899618166585
0.19082360232361845
0.22941128746834916
0.6266646051060805
0.8857550697325586
0.3356497843287248
0.8147533309149376
0.3499111519814547
0.2566227832141602
0.22561949880045612
0.8858615786009031
0.5870791990192563
0.7723331689957346
0.7140899618166585
0.8858576762918873
0.8141284982742814
0.3089604013203311
0.8547926779562338
0.6191637658848788
0.20322513254952457
0.21716907825004444
0.1972544892763321
0.5242634008491629
0.11435606252998637
0.8716906073159781
0.6435392195374763
0.8111870153549351
0.8858588846465276
0.8652229478568595
0.8147533309149376
0.8646763057072608
0.2556116168002503
0.0839519125652565
0.13356317402533907
0.19082458575300992
0.633975510340993
0.0839519125652565
0.8946429016305899
0.5920470114451537
0.19082419854312616
0.7664037669465673
0.8946429016305899
0.17228099141995518
0.4278053979580778
0.9194548469304049
0.6191637658848788
0.2404355091174264
0.5788371255230687
0.6426955247823176
0.5563804689532785
0.19082458575300992
0.809551134820039
0.2404355091174264
0.615481564158495
0.9194548469304049
0.811187015354957
0.3178185610009458
0.5563804689532785
0.633975510340993
0.5788371255230687
0.11435606252998637
0.1722809568770738
0.3499111519814547
0.20322513254952457
0.2833410142244102
0.0839519125652565
0.8141284982742814
0.1722809396056331
0.7140899618166585
0.4761024034695701
0.19082360232361845
0.8962292325535988
0.11435606252998637
0.23439668176098505
0.19446196084590445
0.3539074413832848
0.0839519125652565
0.3165325287520945
0.1576290131252706
0.1720655546403536
0.7391219315650001
0.5847833482122362
0.809551134820039
0.5563804689532785
0.632510756745922
0.21716907825004444
0.6301131088975995
0.8111870153548438
0.7664037669465673
0.0839519125652565
0.7391219315650001
0.8946429016305899
0.5624942591139213
0.4761024034695701
0.8111870153548438
0.5920470114451537
0.6227079707506806
0.3920953041155064
0.7696984433519218
0.632510756745922
0.20818568650917474
0.11435606252998637
0.7723331689957346
0.23143455024769208
0.6281808433477134
0.6426955247823176
0.5563804689532785
0.809551134820039
0.8946429016305899
0.615481564158495
0.6435392195374763
0.7573907677052337
0.19446196084590445
0.7140899618166585
0.22941128746834916
0.8463423911117756
0.0839519125652565
0.4636102242449017
0.818144643020287
0.6227079707506806
0.5920470114451537
0.09904574086212967
0.8858541932954578
0.20322513254952457
0.20818568650917474
0.17206555464035353
0.2846887596830009
0.09904574086212967
0.7140899618166585
0.5486756633351746
0.3089604013203311
0.3402801071333405
0.8463423911117756
0.2833410142244102
0.8547926779562338
0.4279062700602796
0.3920953041155064
0.6281808433477134
0.8858642114266029
0.3356497843287248
0.5920470114451537
0.1576290131252706
0.45796566829130714
0.4278053979580778
0.8858588846465276
0.811187015354957
0.2566227832141602
0.8858541932954578
0.6179110864927417
0.6281808433477134
0.5563804689532785
0.43247284956004595
0.6540416587957243
0.7696984433519218
0.9194548469304049
0.633975510340993
0.44575824715259066
0.4636102242449017
0.615481564158495
0.7488723477020516
0.1720655546403536
0.8858668442523028
0.13356317402533907
0.6301131088975995
0.3539074413832848
0.7140899618166585
0.22561949880045612
0.809551134820039
0.632510756745922
0.23439668176098505
0.811187015354847
0.3178185610009458
0.8646763057072608
0.11435606252998637
0.45796566829130714
0.2846887596830009
0.818144643020287
0.1722809396056331
0.6266646051060805
0.2283578544045437
0.7573907677052337
0.9194548469304049
0.8962292325535988
0.2566227832141602
0.3178185610009458
0.8857550697325586
0.2846887596830009
0.43247284956004595
0.3089604013203311
0.6179110864927417
0.3178185610009458
0.3165325287520945
0.7488723477020516
0.809551134820039
0.23143455024769208
0.6266646051060805
0.2283578544045437
0.6390732309709288
0.7140899618166585
