0.6334326209724488
0.5549068027075321
0.8007514818696995
0.581338664963736
0.3411035636742594
0.8928387701422442
0.6201405897261076
0.5269809950921784
0.36033624664101205
0.6295314591324308
0.13943242508916887
0.17083967660224156
0.9140011006714117
0.2641016222584237
0.35422629754308677
0.6696410547966494
0.13943242508916887
0.8463560299788595
0.0964488812595328
0.4592475016190939
0.6082353150907511
0.10346555383528727
0.6130004531512345
0.5525776316101361
0.6082353150907417
0.8463560299788595
0.24000794391421576
0.38424901964506997
0.8757533736494221
0.5591809291494181
0.8757533736494221
0.8757533736494221
0.8183744627424685
0.36033624664101205
0.6201405897261076
0.711407957677332
0.5171329080361999
0.36438512872995243
0.5428182935318311
0.06355082694894398
0.7193540820422943
0.46215948276861535
0.46215948276861535
0.2958045831262949
0.5461507886168437
0.4592475016190939
0.5591809291494181
0.9521250682733682
0.3640396045693558
0.8326882254830605
0.4206133787840126
0.5171329080361999
0.19556720729896304
0.2641016222584237
0.6082353150907605
0.8909239220800369
0.21970625713585357
0.7193540820422943
0.38424901964506997
0.29054181180434024
0.19488941745795435
0.897014113134614
0.6028922388063307
0.6392385106340948
0.5195232731968552
0.8757533736494221
0.8618060737815487
0.2245017441446947
0.8970141131346141
0.6331191274079778
0.2600479035612907
0.2600479035612907
0.17083967660224156
0.5350331526175489
0.11890168861023404
0.9521250682733682
0.690847325809658
0.7987285883614743
0.897014113134614
0.91126816325378
0.8198599938678637
0.9140011006714117
0.2665536366685888
0.09177012225110762
0.15230342008194162
0.36186107646092824
0.6696410547966494
0.06355082694894398
0.8996323078858968
0.7193540820422943
0.2245017441446947
0.7521934165453179
0.9104718537290886
0.3464014431919108
0.5475756750581047
0.9104718537290886
0.6028922388063307
0.2806398026570237
0.5475756750581047
0.6334326209724488
0.5350331526175489
0.17039698367384326
0.8631602819787074
0.2600479035612907
0.6341557219153561
0.9140011006714117
0.7987285883614743
0.2958045831262994
0.4206133787840126
0.6360292897708869
0.6366694606955285
0.025981679938708355
0.13943242508916887
0.6028922388063307
0.19576086153919414
0.3411035636742594
0.0964488812595328
0.8183744627424685
0.28015979516299555
0.8618060737815487
0.6334326209724488
0.19556720729896304
0.8631602819787074
0.1865198786086797
0.07531430656275653
0.19576086153919414
0.35473806413383946
0.10346555383528727
0.29580458312629704
0.025981679938708355
0.17695595653771773
0.581338664963736
0.581338664963736
0.8902443926249559
0.38424901964506997
0.5549068027075321
0.06073584019954241
0.6295314591324308
0.8097109923960311
0.8007514818696995
0.07531430656275653
0.8996323078858968
0.8996323078858968
0.459943483392693
0.15230342008194162
0.8183744627424685
0.4941547824567092
0.6130004531512345
0.5525776316101361
0.8631602819787074
0.5549068027075321
0.17039698367384326
0.11284930292613085
0.6392385106340948
0.2579750986972811
0.63415466640315
0.5428182935318311
0.5475756750581047
0.6996323561772231
0.8996323078858968
0.6996323561772231
0.690847325809658
0.63415466640315
0.1865198786086797
0.581338664963736
0.1865198786086797
0.8757533736494221
0.06073584019954241
0.5195232731968552
0.8097109923960311
0.6387081847403491
0.711407957677332
0.1024697041771988
0.8757533736494221
0.06355082694894398
0.11890168861023404
0.17695595653771773
0.29580458312629293
0.1024697041771988
0.8326882254830605
0.5461507886168437
0.2958045831262943
0.36438512872995243
0.8097109923960311
0.21970625713585357
0.8183744627424685
0.2641016222584237
0.2806398026570237
0.91126816325378
0.9104718537290886
0.35473806413383946
0.4941547824567092
0.2958045831262982
0.47047107416938105
0.2579750986972811
0.9278446468578088
0.8183744627424685
0.29054181180434024
0.8757533736494221
0.6201405897261076
0.6387081847403491
0.6028922388063307
0.28015979516299555
0.7530591999959961
0.6331191274079778
0.9278446468578088
0.8631602819787074
0.36186107646092824
0.5269809950921784
0.6341557219153561
0.7193540820422943
0.17695595653771773
0.8902443926249559
0.13943242508916887
0.6366694606955285
0.36186107646092824
0.8183744627424685
0.19488941745795435
0.6082353150907511
0.7530591999959961
0.2665536366685888
0.8183744627424685
0.2958045831262982
0.8198599938678637
0.11284930292613085
0.47047107416938105
0.35422629754308677
0.8097109923960311
0.09177012225110762
0.6082353150907612
0.1955672072988278
0.8909239220800369
0.9140011006714117
0.9140011006714117
0.1024697041771988
0.3464014431919108
0.8909239220800369
0.29054181180434024
0.5591809291494181
0.2958045831262943
0.6295314591324308
0.459943483392693
0.3640396045693558
0.7521934165453179
0.8928387701422442
0.2579750986972811
0.7193540820422943
0.24000794391421576
0.6360292897708869
0.8097109923960311
