0.5740372118197345
0.5740372118197345
0.8123928523604484
0.5604649369133387
0.43247284956004595
0.8123596069291192
0.5981772721869878
0.4209473385396858
0.3660872878703444
0.5604649369133387
0.13831357079699208
0.21304457988904774
0.9194548469304049
0.26448520311629686
0.3160785250897421
0.7381736050807394
0.13831357079699208
0.8463423911117756
0.1738531683533383
0.5471334321645266
0.6272328332529096
0.11445438816334505
0.6318517787226843
0.4636102242449017
0.713653948496731
0.8463423911117756
0.28969372209771216
0.4209473385396858
0.8857667090228927
0.5981772721869878
0.8857025703939863
0.8857667090228927
0.8121169781063129
0.3660872878703444
0.6227689428980778
0.6941442116500458
0.516640057077375
0.28969372209771216
0.5026364792284645
0.09904574086212967
0.6039658451564509
0.41005429296796864
0.4636102242449017
0.28927634631183285
0.6208446950922866
0.5026364792284645
0.5981772721869878
0.8285074296260766
0.32880741970396177
0.8123596069291192
0.6227689428980778
0.6278447711301505
0.18305841173889736
0.22722659807613688
0.6227689428980778
0.8929233987660059
0.32211446917371633
0.8123596088161652
0.3499111519814547
0.2526915732630919
0.22722659807613688
0.8862093929384749
0.5981772721869878
0.8285074296260766
0.7153233465395593
0.886195367528415
0.8121169786885172
0.31880242882458015
0.8547926779562338
0.6095423673336835
0.18718946029832906
0.24676421579662866
0.1704726934369642
0.516640057077375
0.11445438816334505
0.8901148597481328
0.6748307271897933
0.812359607735236
0.8862093929384749
0.8929233987660059
0.8285074296260766
0.9194548469304049
0.2715779085317852
0.0839519125652565
0.13031290254999756
0.19545155741719245
0.5919999622466219
0.0839519125652565
0.8956572425972331
0.5556233828196404
0.19426532326201396
0.7488723477020516
0.8956572425972331
0.1738531683533383
0.5709817959456878
0.9194548469304049
0.6095423673336835
0.2715779085317852
0.5395417018149302
0.6272328332529096
0.5709817959456878
0.1887935040018946
0.8017000450622525
0.23098954956687578
0.6039658451564509
0.9194548469304049
0.8123596061230024
0.32211446917371633
0.5556233828196404
0.6318517787226843
0.6213874936347187
0.025981679938708355
0.1738531683533383
0.3499111519814547
0.18718946029832906
0.2833410142244102
0.0839519125652565
0.812116978300381
0.1704726934369642
0.7153233465395593
0.6047392929871812
0.18305841173889736
0.8962292325535988
0.19426532326201396
0.26448520311629686
0.1887935040018946
0.3576781656658302
0.0839519125652565
0.3160785250897421
0.025981679938708355
0.17321256111784666
0.5919999622466219
0.5471334321645266
0.8017000450622525
0.5395417018149302
0.6318517787226843
0.21304457988904774
0.6219302921771508
0.811800265225821
0.7381736050807394
0.0839519125652565
0.8857025589112634
0.8956572425972331
0.5740372118197345
0.34719121814621057
0.8118002665134366
0.5930259800280351
0.6318517787226843
0.3920953041155064
0.7696984433519218
0.6278447711301505
0.1887935040018946
0.11445438816334505
0.6941442116500458
0.21304457988904774
0.6278447711301505
0.5499480778809895
0.5499480778809895
0.8123928516687227
0.8956572425972331
0.6208446950922866
0.6544284609845199
0.6213874936347187
0.19426532326201396
0.5709817959456878
0.19426532326201396
0.8463423911117756
0.0839519125652565
0.4636102242449017
0.818144643020287
0.6047392929871812
0.5930259800280351
0.09904574086212967
0.8857025703939863
0.16494424781194478
0.23098954956687578
0.17321256111784666
0.28927634631183285
0.09904574086212967
0.713653948496731
0.6363620834283643
0.31880242882458015
0.34719121814621057
0.8463423911117756
0.2833410142244102
0.8547926779562338
0.41005429296796864
0.3920953041155064
0.6272328332529096
0.8847764973962229
0.34719121814621057
0.6227689428980778
0.28927634631183285
0.45796566829130714
0.28927634631183285
0.8861957764324984
0.8121169781063129
0.26448520311629686
0.8857666615367209
0.6225411771575515
0.6318517787226843
0.5395417018149302
0.43247284956004595
0.6748307271897933
0.7696984433519218
0.9194548469304049
0.6363620834283643
0.4636102242449017
0.4636102242449017
0.6363620834283643
0.7488723477020516
0.16494424781194478
0.8847764973962229
0.13031290254999756
0.6219302921771508
0.3576781656658302
0.8547926779562338
0.1887935040018946
0.8118002665134366
0.6318517787226843
0.24676421579662866
0.8076301809113224
0.3114126881108926
0.811800265225821
0.11445438816334505
0.45796566829130714
0.32880741970396177
0.818144643020287
0.1704726934369642
0.6544284609845199
0.19545155741719245
0.8929233987660059
0.9194548469304049
0.8962292325535988
0.2526915732630919
0.32211446917371633
0.8901148597481328
0.28927634631183285
0.43247284956004595
0.28927634631183285
0.6225411771575515
0.3114126881108926
0.3160785250897421
0.7488723477020516
0.8123928516687227
0.2715779085317852
0.6227689428980778
0.28969372209771216
0.6318517787226843
0.8076301809113224
