0.6351486088778815
0.5484516775108472
0.8181402054174924
0.581338664963736
0.3411035636742594
0.891875975340599
0.6196109342932479
0.5675151307068742
0.33303067612151116
0.6273175656833052
0.13648616198471697
0.1647233966667654
0.9140011006714117
0.29065042535686414
0.3665482122726974
0.62920824948163
0.13648616198471697
0.8463560299788595
0.01729631839432269
0.32442542439820665
0.6470582816212265
0.14464142530981222
0.6162235945787181
0.5459155069814213
0.607911472217251
0.8463560299788595
0.18741774469507688
0.373699491321742
0.8725911435775437
0.707453805776725
0.886181884435722
0.8725911435775437
0.8181402054174924
0.4105523438831301
0.6211999005918302
0.711407957677332
0.5171329080361999
0.3553117092685777
0.5460269284561605
0.06131304671427716
0.7193540820422943
0.43787210605974813
0.48644685947748256
0.2963636839696763
0.5252570097976581
0.4105523438831301
0.571858160590013
0.9521250682733682
0.3553117092685777
0.8329082793755027
0.4033546515082771
0.5171329080361999
0.19292040183998782
0.28213021794732257
0.571858160590013
0.890899575981178
0.21970625713585357
0.7193540820422943
0.3665482122726974
0.2963636839696763
0.19491945579499936
0.8989903199784661
0.6050448502677388
0.6387927693000701
0.6196109342932479
0.8725911435775437
0.890899575981178
0.2245017441446947
0.8989903199784661
0.646097665089848
0.28004363654090425
0.3406381947788817
0.17891856662527733
0.531114459906362
0.1239085480593275
0.9521250682733682
0.690847325809658
0.7987285883614743
0.891875975340599
0.91126816325378
0.7618327927502013
0.9140011006714117
0.28213021794732257
0.17106812627503915
0.14154693996145318
0.3406381947788817
0.711407957677332
0.06131304671427716
0.9006271122583966
0.7193540820422943
0.2245017441446947
0.8181402054174924
0.9140011006714117
0.33303067612151116
0.5460269284561605
0.9140011006714117
0.6050448502677388
0.28004363654090425
0.5458890862863224
0.6162235945787181
0.531114459906362
0.1647233966667654
0.8989903199784661
0.28004363654090425
0.571858160590013
0.9140011006714117
0.7987285883614743
0.3553117092685777
0.43787210605974813
0.6470582816212265
0.6455707789429268
0.025981679938708355
0.14154693996145318
0.6196109342932479
0.07134753486204722
0.3411035636742594
0.01729631839432269
0.8181402054174924
0.1647233966667654
0.8329082793755027
0.6387927693000701
0.1647233966667654
0.8329082793755027
0.19491945579499936
0.062467459709455136
0.18741774469507688
0.3553117092685777
0.14464142530981222
0.29065042535686414
0.025981679938708355
0.17891856662527733
0.581338664963736
0.581338664963736
0.8902443926249559
0.373699491321742
0.5484516775108472
0.060158633719099186
0.6318471052789374
0.8181402054174924
0.8181402054174924
0.062467459709455136
0.886181884435722
0.9006271122583966
0.5933744927633076
0.1647233966667654
0.8181402054174924
0.4941547824567092
0.5933744927633076
0.5459155069814213
0.862852739439274
0.581338664963736
0.18741774469507688
0.1078865978222284
0.62920824948163
0.261401944853521
0.6351486088778815
0.5408328249221919
0.5458890862863224
0.707453805776725
0.9006271122583966
0.5252570097976581
0.690847325809658
0.6351486088778815
0.19491945579499936
0.581338664963736
0.17125554812517968
0.8725911435775437
0.060158633719099186
0.4189059566676028
0.8036332754612725
0.6455707789429268
0.711407957677332
0.10481831601837024
0.8768635784000262
0.07134753486204722
0.1239085480593275
0.17106812627503915
0.2963636839696763
0.10481831601837024
0.8463560299788595
0.5675151307068742
0.2963636839696763
0.3553117092685777
0.8181402054174924
0.21970625713585357
0.8181402054174924
0.3406381947788817
0.28004363654090425
0.91126816325378
0.9140011006714117
0.3553117092685777
0.4941547824567092
0.29065042535686414
0.607911472217251
0.25112140638480085
0.9278446468578088
0.8181402054174924
0.2963636839696763
0.8768635784000262
0.6211999005918302
0.6470582816212265
0.581338664963736
0.4033546515082771
0.7442856072417909
0.6196109342932479
0.9278446468578088
0.862852739439274
0.4033546515082771
0.48644685947748256
0.707453805776725
0.7193540820422943
0.17891856662527733
0.8902443926249559
0.14154693996145318
0.6318471052789374
0.3553117092685777
0.8181402054174924
0.19292040183998782
0.5675151307068742
0.7618327927502013
0.17125554812517968
0.8181402054174924
0.25112140638480085
0.890899575981178
0.1078865978222284
0.33303067612151116
0.3553117092685777
0.8036332754612725
0.10481831601837024
0.646097665089848
0.19292040183998782
0.890899575981178
0.9140011006714117
0.9140011006714117
0.10481831601837024
0.3553117092685777
0.890899575981178
0.2963636839696763
0.4189059566676028
0.2963636839696763
0.6273175656833052
0.5408328249221919
0.32442542439820665
0.8329082793755027
0.8902443926249559
0.261401944853521
0.7193540820422943
0.28004363654090425
0.6470582816212265
0.7442856072417909
