0.5419703799277202
0.5786975102309639
0.7664037669465673
0.5624942591139213
0.43247284956004595
0.8110942102947443
0.5879552733178728
0.4209473385396858
0.3660872878703444
0.5624942591139213
0.13431323667349482
0.21712340722844364
0.9194548469304049
0.23431884123217284
0.29999579689551037
0.6392521443869629
0.13431323667349482
0.8822186219011188
0.1972544892763321
0.6010359296695866
0.6303682393475549
0.11435606252998637
0.6315580405402387
0.5499601571275048
0.5561920662483975
0.8463423911117756
0.28969372209771216
0.4209473385396858
0.8872814704454087
0.5870791990192563
0.8916178039905316
0.8872814704454087
0.7908915561847422
0.3660872878703444
0.6271395467052476
0.6340733472344449
0.5398430656848742
0.28969372209771216
0.5026364792284645
0.0861081737505241
0.5920470114451537
0.4279062700602796
0.4517089061833609
0.2792073804580727
0.6172885111269371
0.5026364792284645
0.6271395467052476
0.8673788343432327
0.3171154350531572
0.7991957423771449
0.6271395467052476
0.7147501792895616
0.20325532724634315
0.23018500536405634
0.6271395467052476
0.8822186219011188
0.3356497843287248
0.7991957423771449
0.3499111519814547
0.2792073804580727
0.23431884123217284
0.8854202167876057
0.5870791990192563
0.7685975686731094
0.7147501792895616
0.8854202167876057
0.8137230737332268
0.3089604013203311
0.8547926779562338
0.6010359296695866
0.23018500536405634
0.21712340722844364
0.1972544892763321
0.5398430656848742
0.11435606252998637
0.751177427510158
0.6347003259808903
0.8110942102947443
0.8854202167876057
0.8673788343432327
0.8137230737332268
0.8646763057072608
0.23431884123217284
0.0861081737505241
0.1437820879133124
0.2003884803367731
0.6347003259808903
0.0861081737505241
0.8916178039905316
0.5879552733178728
0.2148415853017948
0.7900547537557354
0.8916178039905316
0.16854873450589153
0.45195390071382396
0.9194548469304049
0.6172885111269371
0.21712340722844364
0.4482580356159549
0.751177427510158
0.5502316202020494
0.2003884803367731
0.8110942102947443
0.34324819232466375
0.6193137031270914
0.9194548469304049
0.8110942102947443
0.4482580356159549
0.5879552733178728
0.6340733472344449
0.5786975102309639
0.11435606252998637
0.16854873450589153
0.3499111519814547
0.202248010081171
0.29999579689551037
0.0861081737505241
0.8137230737332268
0.17218864163276515
0.7147501792895616
0.5419703799277202
0.21712340722844364
0.8962292325535988
0.11435606252998637
0.23018500536405634
0.202248010081171
0.3539074413832848
0.0861081737505241
0.31711541951723443
0.16126892025214423
0.31714007134785605
0.7391219315650001
0.5786975102309639
0.8110942102947443
0.5561920662483975
0.5786975102309639
0.21712340722844364
0.6230038049558284
0.8110942102947443
0.7664037669465673
0.0861081737505241
0.7391219315650001
0.8704926463711827
0.5624942591139213
0.45195390071382396
0.8110942102947443
0.5920470114451537
0.6315580405402387
0.3920953041155064
0.8014112844542466
0.6343909342778467
0.20325532724634315
0.11435606252998637
0.7685975686731094
0.23398849390562448
0.6291784381548711
0.6392521443869629
0.5502316202020494
0.8110942102947443
0.8916178039905316
0.6193137031270914
0.6271395467052476
0.7611263680278589
0.2057410040372062
0.7147501792895616
0.2148415853017948
0.8704926463711827
0.0861081737505241
0.34324819232466375
0.818144643020287
0.6315580405402387
0.5920470114451537
0.09904574086212967
0.8856810087770104
0.21002476638381223
0.2057410040372062
0.2200949470699738
0.2920471997069038
0.09904574086212967
0.7147501792895616
0.5499601571275048
0.3089604013203311
0.31714007134785605
0.8463423911117756
0.2200949470699738
0.8547926779562338
0.4279062700602796
0.3920953041155064
0.6291784381548711
0.8854202167876057
0.3356497843287248
0.5879552733178728
0.16126892025214423
0.35173770038943986
0.2920471997069038
0.8854202167876057
0.7900547537557354
0.35173770038943986
0.8856810087770104
0.6340733472344449
0.6303682393475549
0.5561920662483975
0.43247284956004595
0.6347003259808903
0.7908915561847422
0.9194548469304049
0.6271395467052476
0.4517089061833609
0.4517089061833609
0.6193137031270914
0.7488723477020516
0.21002476638381223
0.8854202167876057
0.1437820879133124
0.6343909342778467
0.3539074413832848
0.7147501792895616
0.23018500536405634
0.8014112844542466
0.6340733472344449
0.21712340722844364
0.7147501792895616
0.29999579689551037
0.8646763057072608
0.11435606252998637
0.5561920662483975
0.3171154350531572
0.818144643020287
0.17218864163276515
0.6271395467052476
0.23018500536405634
0.7611263680278589
0.9194548469304049
0.8962292325535988
0.2003884803367731
0.31714131760688047
0.8822186219011188
0.2792073804580727
0.43247284956004595
0.3089604013203311
0.6230038049558284
0.31714131760688047
0.31711541951723443
0.7488723477020516
0.8110942102947443
0.23398849390562448
0.7147501792895616
0.23018500536405634
0.6340733472344449
0.7147501792895616
