0.6273172394137533
0.5886997898670325
0.8120153546840456
0.5622340343099534
0.43247284956004595
0.8120153546840456
0.5986926496126005
0.4929775490273792
0.3660872878703444
0.5518497103580197
0.13831357079699208
0.21391410131726563
0.9194548469304049
0.26420787766716547
0.31849863312026305
0.7097602077404619
0.13831357079699208
0.8463423911117756
0.21174029774672093
0.516640057077375
0.6329728849239471
0.11445438816334505
0.6299386926397846
0.47088850528373344
0.5809655058816865
0.8463423911117756
0.28969372209771216
0.34832851133732745
0.8847764973962229
0.6058646969681558
0.8847764973962229
0.8847764973962229
0.8120153546840456
0.3660872878703444
0.6363620834283643
0.7097602077404619
0.516640057077375
0.28969372209771216
0.5026364792284645
0.0839519125652565
0.7422302100155184
0.5518497103580197
0.45961709290114966
0.28927634631183285
0.6120134434229985
0.5026364792284645
0.6058646969681558
0.8491212584910592
0.3439767508863767
0.8120153546840456
0.4765567497928936
0.5688018886857498
0.18623045816197503
0.22722659807613688
0.6194194021446655
0.8901148597481328
0.3516853647612653
0.8120153546840456
0.347255476013697
0.28927634631183285
0.22722659807613688
0.8962292325535988
0.592374309002591
0.8491212584910592
0.6120134434229985
0.8847764973962229
0.8120153546840456
0.34832851133732745
0.8547926779562338
0.6200910567166742
0.18623045816197503
0.2627795934311309
0.11445438816334505
0.516640057077375
0.11445438816334505
0.8901148597481328
0.690847325809658
0.8120153546840456
0.8847764973962229
0.8939392533043853
0.8120153546840456
0.9194548469304049
0.26420787766716547
0.0839519125652565
0.13031290254999756
0.21610680021435097
0.6044180866784509
0.0839519125652565
0.8977636468606378
0.5575102190504508
0.1918812802548568
0.7521934165453179
0.8977636468606378
0.21174029774672093
0.571160636302799
0.9194548469304049
0.592374309002591
0.27544145949359966
0.5493142003886458
0.6299386926397846
0.571160636302799
0.18623045816197503
0.785287254484397
0.2627795934311309
0.5886997898670325
0.9194548469304049
0.8120153546840456
0.3251324412157035
0.5575102190504508
0.6044180866784509
0.6259304968014578
0.025981679938708355
0.13831357079699208
0.347255476013697
0.18623045816197503
0.2774056821369876
0.0839519125652565
0.8120153546840456
0.18623045816197503
0.8463423911117756
0.5886997898670325
0.16145205723545608
0.8962292325535988
0.19622653116783584
0.23688718592167085
0.19622653116783584
0.3576781656658302
0.0839519125652565
0.31849863312026305
0.025981679938708355
0.17990256838749782
0.5809655058816865
0.5688018886857498
0.8120153546840456
0.47088850528373344
0.6159577327969821
0.21391410131726563
0.6159577327969821
0.8120153546840456
0.8120153546840456
0.0839519125652565
0.8847764973962229
0.8977636468606378
0.516640057077375
0.3439767508863767
0.8120153546840456
0.4941547824567092
0.5886997898670325
0.4765567497928936
0.7696984433519218
0.5688018886857498
0.18623045816197503
0.11445438816334505
0.6159577327969821
0.21391410131726563
0.6273172394137533
0.5493142003886458
0.5493142003886458
0.8120153546840456
0.8939392533043853
0.6200910567166742
0.690847325809658
0.6159577327969821
0.19839915662432533
0.5622340343099534
0.1918812802548568
0.8463423911117756
0.0839519125652565
0.4929775490273792
0.8253414670880288
0.6363620834283643
0.7097602077404619
0.1065926550105662
0.8847764973962229
0.16494424781194478
0.19839915662432533
0.17990256838749782
0.28927634631183285
0.1065926550105662
0.8463423911117756
0.6363620834283643
0.28927634631183285
0.3516853647612653
0.8463423911117756
0.28927634631183285
0.8547926779562338
0.2627795934311309
0.3114126881108926
0.6259304968014578
0.8847764973962229
0.3516740783573489
0.4941547824567092
0.28927634631183285
0.45796566829130714
0.28927634631183285
0.8847764973962229
0.8120153546840456
0.28927634631183285
0.8847764973962229
0.6363620834283643
0.6329728849239471
0.5986926496126005
0.43247284956004595
0.7530591999959961
0.7696984433519218
0.9194548469304049
0.6363620834283643
0.45961709290114966
0.43247284956004595
0.6363620834283643
0.7422302100155184
0.16494424781194478
0.8847764973962229
0.13031290254999756
0.6159577327969821
0.3576781656658302
0.8547926779562338
0.18623045816197503
0.785287254484397
0.7530591999959961
0.23688718592167085
0.8120153546840456
0.3114126881108926
0.7656359571446979
0.11445438816334505
0.45796566829130714
0.3114126881108926
0.8253414670880288
0.16145205723545608
0.6194194021446655
0.18623045816197503
0.8901148597481328
0.9194548469304049
0.8962292325535988
0.21610680021435097
0.3251324412157035
0.8901148597481328
0.28927634631183285
0.43247284956004595
0.28927634631183285
0.6058646969681558
0.3114126881108926
0.2774056821369876
0.7521934165453179
0.8120153546840456
0.27544145949359966
0.7656359571446979
0.28969372209771216
0.6363620834283643
0.8120153546840456
