0.63063745641993
0.5533931179825204
0.8656979878834934
0.581338664963736
0.3465136189929777
0.8916683570680746
0.6262381539947539
0.5220091804952964
0.36980183205060285
0.63063745641993
0.13943242508916887
0.17641802534964132
0.9127734302280822
0.2620374299583904
0.35422629754308677
0.6501052234579776
0.13943242508916887
0.8468015898055821
0.10103399753160525
0.566611480570832
0.6082353150907531
0.10103399753160525
0.6474739563784793
0.5493642101134897
0.5393531946300671
0.8468015898055821
0.2945273133750981
0.38424901964506997
0.8757533736494221
0.5591809291494181
0.8757533736494221
0.8757533736494221
0.8151177506676248
0.3627437849491326
0.6262381539947539
0.711407957677332
0.5166533228129173
0.2945273133750981
0.5465809332826026
0.06355082694894398
0.8108585939351904
0.46215948276861535
0.46215948276861535
0.2871494015196123
0.5356866953043931
0.4595954925058935
0.5591809291494181
0.93132360526753
0.3348986237502243
0.8108585939351904
0.4206133787840126
0.5166533228129173
0.19454470917291816
0.22767974291679471
0.6082353150907531
0.8986303066918127
0.23771261874806246
0.8057253673281988
0.3805544493985715
0.29383205512712585
0.22767974291679471
0.8916683570680746
0.6028922388063307
0.7637884978240087
0.5356866953043931
0.8757533736494221
0.8294437553153894
0.2245017441446947
0.883784022113064
0.6262381539947539
0.228126874817097
0.2620374299583904
0.17641802534964132
0.5166533228129173
0.11486676482083194
0.8883240575608944
0.690847325809658
0.8108585939351904
0.8916683570680746
0.8987844432061569
0.8057253673281988
0.9127734302280814
0.2620374299583904
0.076252981225325
0.14586792258555525
0.3992714046947703
0.5882462148950742
0.06355082694894398
0.8989385797205012
0.7193540820422943
0.2245017441446947
0.7521934165453179
0.9125595647259219
0.3464014431919108
0.5465809332826026
0.9125595647259219
0.6028922388063307
0.2840695792485951
0.5465809332826026
0.6501052234579776
0.5882462148950742
0.17832660613575535
0.883784022113064
0.2620374299583904
0.6321763299352054
0.9127734302280828
0.8135109885633627
0.28226816358034695
0.4206133787840126
0.6351088057797274
0.6346586672383545
0.025981679938708355
0.13943242508916887
0.5131629726073542
0.228126874817097
0.3465136189929777
0.10103399753160525
0.8151177506676248
0.22228577947037553
0.8468015898055821
0.566611480570832
0.17832660613575535
0.8883240575608944
0.19365044537231363
0.07531430656275653
0.19365044537231363
0.35473806413383946
0.10103399753160525
0.29383205512712585
0.025981679938708355
0.1745094445635273
0.6474739563784793
0.581338664963736
0.8151177506676248
0.38424901964506997
0.5533931179825204
0.076252981225325
0.633758390155609
0.8129567767878527
0.8129567767878527
0.07531430656275653
0.8989385797205012
0.8989385797205012
0.4595954925058935
0.22228577947037553
0.8129567767878527
0.4941547824567092
0.6351088057797274
0.5493642101134897
0.7696984433519218
0.5533931179825204
0.14464933614203865
0.11486676482083194
0.6501052234579776
0.2620374299583904
0.63063745641993
0.5465809332826026
0.5465809332826026
0.6996323561772231
0.8987844432061569
0.6996323561772231
0.690847325809658
0.6346586672383545
0.19007339016989527
0.581338664963736
0.19007339016989527
0.8757533736494221
0.076252981225325
0.5220091804952964
0.8082251561744358
0.6351088057797274
0.711407957677332
0.10103399753160525
0.8757533736494221
0.06355082694894398
0.14464933614203865
0.1745094445635273
0.29383205512712585
0.10103399753160525
0.8468015898055821
0.6487519574034162
0.29383205512712585
0.3627437849491326
0.8082251561744358
0.23771261874806246
0.8135109885633627
0.2620374299583904
0.2840695792485951
0.8294437553153894
0.8883240575608944
0.35473806413383946
0.4941547824567092
0.29383205512712585
0.5393531946300671
0.30064564073325084
0.8656979878834934
0.8151177506676248
0.30064564073325084
0.8757533736494221
0.6262381539947539
0.6351088057797274
0.6028922388063307
0.3805544493985715
0.7530591999959961
0.7696984433519218
0.93132360526753
0.6487519574034162
0.3992714046947703
0.49328824379903596
0.6321763299352054
0.7193540820422943
0.1745094445635273
0.8883240575608944
0.14586792258555525
0.633758390155609
0.3627437849491326
0.8883240575608944
0.19454470917291816
0.6082353150907531
0.7530591999959961
0.2620374299583904
0.8129567767878527
0.28226816358034695
0.8082251561744358
0.11486676482083194
0.36980183205060285
0.35422629754308677
0.8082251561744358
0.076252981225325
0.6082353150907531
0.19454470917291816
0.8986303066918127
0.93132360526753
0.9127734302280822
0.10103399753160525
0.3464014431919108
0.8883240575608944
0.2871494015196123
0.5131629726073542
0.29383205512712585
0.63063745641993
0.49328824379903596
0.3348986237502243
0.7521934165453179
0.7637884978240087
0.2620374299583904
0.7193540820422943
0.2945273133750981
0.6351088057797274
0.8129567767878527
