0.6363620834283643
0.5961209995573572
0.8491212584910592
0.5633653362907307
0.43243088395789797
0.8119178322471015
0.6363620834283643
0.4530767162708518
0.3660872878703444
0.6363620834283643
0.13831357079699208
0.21605165792426326
0.9194548469304049
0.26766248736594767
0.31849863312026305
0.6363620834283643
0.13831357079699208
0.8463423911117756
0.26775944902349513
0.5735947458544075
0.6259987401410109
0.11445438816334505
0.6399470297068834
0.5533321940476976
0.5809655058816865
0.8463423911117756
0.2945273133750981
0.4530767162708518
0.8836637151461753
0.6078945123077549
0.8850096319698733
0.8836637151461753
0.8119178322471015
0.3660872878703444
0.6363620834283643
0.711407957677332
0.5166533228129173
0.27946217077281843
0.5456774659510357
0.0839519125652565
0.7422302100155184
0.467337337287675
0.5328783817839067
0.29048559061389095
0.5640033313114763
0.4595954925058935
0.5888990701756449
0.8491212584910592
0.347255476013697
0.8119178322471015
0.39769229303671294
0.5736965492312431
0.18598559158259198
0.22722659807613688
0.614711062402271
0.8892031735376464
0.3697142862089825
0.8119178322471015
0.347255476013697
0.2918128382601527
0.22722659807613688
0.9023156936726886
0.614711062402271
0.8491212584910592
0.5328783817839067
0.8892031733776283
0.8119178322471015
0.18665514863559218
0.8547926779562338
0.6151151508607833
0.18651167212423547
0.2813640379481004
0.11445438816334505
0.5166533228129173
0.11445438816334505
0.8892031736976644
0.690847325809658
0.8119178322471015
0.8840563103154186
0.8962005367503315
0.8119178322471015
0.9194548469304049
0.2650321250636941
0.0839519125652565
0.13031290254999756
0.21610680021435097
0.6044180866784509
0.0839519125652565
0.8982846835640732
0.5533321940476976
0.18671253924013487
0.7521934165453179
0.8982846835640732
0.21177654471026786
0.5809655058816865
0.9194548469304049
0.5640033313114763
0.27946217077281843
0.5511325676074504
0.6259987401410109
0.5623531987117893
0.18598559158259198
0.785287254484397
0.258234036566084
0.5888990701756449
0.9194548469304049
0.8119178322471015
0.2813640379481004
0.5623531987117893
0.6044180866784509
0.6363620834283643
0.025981679938708355
0.13831357079699208
0.347255476013697
0.18651167212423547
0.26775944902349513
0.0839519125652565
0.8119178322471015
0.18598559158259198
0.8463423911117756
0.5735947458544075
0.16145205723545608
0.8840563103154186
0.19839915662432533
0.19318685143475953
0.19839915662432533
0.3576781656658302
0.0839519125652565
0.31849863312026305
0.025981679938708355
0.17990256838749782
0.5809655058816865
0.5633653362907307
0.8119178322471015
0.38635580401839265
0.6138619710043607
0.21177654471026786
0.6138619710043607
0.8119178322471015
0.8119178322471015
0.0839519125652565
0.8850096319698733
0.8982846835640732
0.4595954925058935
0.3440745663810434
0.8119178322471015
0.4941547824567092
0.5961209995573572
0.5533321940476976
0.7696984433519218
0.5737022049744007
0.18598559158259198
0.11445438816334505
0.6138619710043607
0.21605165792426326
0.6363620834283643
0.5456774659510357
0.5511325676074504
0.7765673323050786
0.8962005367503315
0.6151151508607833
0.690847325809658
0.6363620834283643
0.19839915662432533
0.5633653362907307
0.19318685143475953
0.8463423911117756
0.0839519125652565
0.5328783817839067
0.8253414670880288
0.6363620834283643
0.711407957677332
0.1065926550105662
0.8836637151461753
0.16494424781194478
0.19839915662432533
0.17990256838749782
0.2918128382601527
0.1065926550105662
0.8463423911117756
0.6363620834283643
0.2918128382601527
0.33999337298625826
0.8463423911117756
0.28783109532136747
0.8547926779562338
0.258234036566084
0.27946217077281843
0.7765673323050786
0.8840563103154186
0.33999337298625826
0.4941547824567092
0.2767900200199356
0.45796566829130714
0.2918128382601527
0.8840563103154186
0.8119178322471015
0.2918128382601527
0.8836637151461753
0.6363620834283643
0.6399470297068834
0.5737022049744007
0.39769229303671294
0.7530591999959961
0.7696984433519218
0.9194548469304049
0.6363620834283643
0.38635580401839265
0.467337337287675
0.6363620834283643
0.7422302100155184
0.16494424781194478
0.8840563103154186
0.13031290254999756
0.6138619710043607
0.3576781656658302
0.8547926779562338
0.18598559158259198
0.785287254484397
0.7530591999959961
0.26766248736594767
0.8119178322471015
0.2767900200199356
0.7656359571446979
0.11445438816334505
0.45796566829130714
0.347255476013697
0.8253414670880288
0.16145205723545608
0.6363620834283643
0.18598559158259198
0.8892031734120807
0.9194548469304049
0.9023156936726886
0.21610680021435097
0.3697142862089825
0.8892031735376464
0.29048559061389095
0.43243088395789797
0.2918128382601527
0.6078945123077549
0.3440745663810434
0.28783109532136747
0.7521934165453179
0.8119178322471015
0.2650321250636941
0.7656359571446979
0.2945273133750981
0.6363620834283643
0.8119178322471015
