0.6262381539947539
0.5549068027075321
0.8656979878834934
0.581338664963736
0.3411035636742594
0.8916683570680746
0.6262381539947539
0.5220091804952964
0.3627437849491326
0.6307078646485293
0.13943242508916887
0.17236874658611062
0.9134496558366736
0.2626033042618804
0.35422629754308677
0.6679203719212221
0.13943242508916887
0.8468015898055821
0.0993319537005338
0.566611480570832
0.6082353150907531
0.10208768712370278
0.6324232185152749
0.5504437188975195
0.5393531946300671
0.8468015898055821
0.2922681388588095
0.38424901964506997
0.8757533736494221
0.5591809291494181
0.8757533736494221
0.8757533736494221
0.8165439297656936
0.3627437849491326
0.6262381539947539
0.711407957677332
0.5166533228129173
0.30128759358285384
0.5444040873739222
0.06355082694894398
0.8086176613125868
0.46215948276861535
0.46215948276861535
0.29361882525715854
0.5482847013294603
0.4595954925058935
0.5591809291494181
0.93132360526753
0.3627437849491326
0.8102413116719456
0.4206133787840126
0.5166533228129173
0.19454470917291816
0.22767974291679471
0.6082353150907531
0.8974613800077829
0.23771261874806246
0.7912571820105009
0.38424901964506997
0.29361882525715854
0.22767974291679471
0.8916683570680746
0.6028922388063307
0.7637884978240087
0.5220091804952964
0.8757533736494221
0.8294437553153894
0.2245017441446947
0.883784022113064
0.6262381539947539
0.228126874817097
0.2626033042618804
0.17236874658611062
0.5166533228129173
0.11486676482083194
0.888726268150229
0.690847325809658
0.8102413116719456
0.8916683570680746
0.8993444957883752
0.8165439297656936
0.9134496558366736
0.2626033042618804
0.076252981225325
0.15230342008194162
0.3992714046947703
0.6679203719212221
0.06355082694894398
0.8993444957883752
0.7193540820422943
0.2245017441446947
0.7521934165453179
0.9112071135087394
0.3464014431919108
0.5444040873739222
0.9112071135087394
0.6028922388063307
0.2787648217844062
0.5465184791633773
0.6517578420332399
0.5166533228129173
0.18023518692186927
0.883784022113064
0.2626033042618804
0.6341557219153561
0.9134496558366736
0.8086176613125868
0.2804667479120988
0.4206133787840126
0.6359086385799428
0.6359086385799428
0.025981679938708355
0.13943242508916887
0.5131629726073542
0.228126874817097
0.3411035636742594
0.0993319537005338
0.8165439297656936
0.2922681388588095
0.8468015898055821
0.566611480570832
0.18023518692186927
0.888122952266226
0.19365044537231363
0.07531430656275653
0.19365044537231363
0.35473806413383946
0.10208768712370278
0.2944717447370281
0.025981679938708355
0.17593657654847167
0.6517578420332399
0.581338664963736
0.8165439297656936
0.38424901964506997
0.5549068027075321
0.076252981225325
0.6307078646485293
0.8113199631343704
0.8071733956891634
0.07531430656275653
0.8993444957883752
0.8993444957883752
0.4595954925058935
0.15230342008194162
0.8165439297656936
0.4941547824567092
0.6324232185152749
0.5504437188975195
0.7912571820105009
0.5549068027075321
0.14464933614203865
0.11486676482083194
0.6262381539947539
0.2603398070479206
0.6359086385799428
0.5465184791633773
0.5465184791633773
0.6996323561772231
0.8993444957883752
0.6996323561772231
0.690847325809658
0.6359086385799428
0.19007339016989527
0.581338664963736
0.19007339016989527
0.8757533736494221
0.076252981225325
0.5220091804952964
0.8071733956891634
0.6359086385799428
0.711407957677332
0.10146623369092114
0.8757533736494221
0.06355082694894398
0.14464933614203865
0.17593657654847167
0.29361882525715854
0.10146623369092114
0.8468015898055821
0.5482847013294603
0.29361882525715854
0.3627437849491326
0.8113199631343704
0.23771261874806246
0.8165439297656936
0.2626033042618804
0.2787648217844062
0.8294437553153894
0.888122952266226
0.35473806413383946
0.4941547824567092
0.2944717447370281
0.5393531946300671
0.2730033614283725
0.8656979878834934
0.8165439297656936
0.29361882525715854
0.8757533736494221
0.6262381539947539
0.6359086385799428
0.6028922388063307
0.3768598791520731
0.7530591999959961
0.7481397046933427
0.93132360526753
0.7481397046933427
0.3992714046947703
0.49328824379903596
0.6341557219153561
0.7193540820422943
0.17593657654847167
0.888122952266226
0.13943242508916887
0.6359086385799428
0.3627437849491326
0.888122952266226
0.19454470917291816
0.6082353150907531
0.7530591999959961
0.2626033042618804
0.8165439297656936
0.2730033614283725
0.8165439297656936
0.11486676482083194
0.3768598791520731
0.35422629754308677
0.8071733956891634
0.076252981225325
0.6082353150907531
0.19454470917291816
0.8974613800077829
0.93132360526753
0.9134496558366736
0.10146623369092114
0.3464014431919108
0.888726268150229
0.2804667479120988
0.5131629726073542
0.29361882525715854
0.6307078646485293
0.49328824379903596
0.3627437849491326
0.7521934165453179
0.7637884978240087
0.2603398070479206
0.7193540820422943
0.30128759358285384
0.6359086385799428
0.8071733956891634
