0.6280931171501372
0.5829428162964705
0.8120153546840456
0.5709817959456878
0.43247284956004595
0.8120153546840456
0.5973815504518498
0.4209473385396858
0.3660872878703444
0.5499480778809895
0.13831357079699208
0.21304457988904774
0.9194548469304049
0.26448520311629686
0.31849863312026305
0.7381736050807394
0.13831357079699208
0.8463423911117756
0.16374948402619638
0.516640057077375
0.6295724159036531
0.11445438816334505
0.6341005214313364
0.46361693764552525
0.713653948496731
0.8463423911117756
0.28969372209771216
0.4209473385396858
0.8851343953698907
0.5987077533437457
0.8851343953698907
0.8851343953698907
0.8120153546840456
0.3660872878703444
0.6363620834283643
0.6941442116500458
0.516640057077375
0.28969372209771216
0.5026364792284645
0.0839519125652565
0.6029722335248151
0.41005429296796864
0.46361321938334776
0.28927634631183285
0.6178028362380368
0.5026364792284645
0.5973815504518498
0.8314682257991592
0.32880741970396177
0.8120153546840456
0.6059530684197223
0.5709817959456878
0.18424792914755145
0.22722659807613688
0.6178028362380368
0.8920270565262591
0.31365841705922115
0.8120153546840456
0.3499111519814547
0.28927634631183285
0.22722659807613688
0.8877589805101227
0.5987077533437457
0.8314682257991592
0.6178028362380368
0.8851343953698907
0.8145483334267396
0.31880242882458015
0.8547926779562338
0.6178028362380368
0.18226540013312786
0.24676421579662866
0.16374948402619638
0.516640057077375
0.11445438816334505
0.8901148597481328
0.690847325809658
0.8120153546840456
0.8877589805101227
0.8920270565262591
0.8314682257991592
0.9194548469304049
0.2715779085317852
0.0839519125652565
0.13031290254999756
0.21610680021435097
0.6059530684197223
0.0839519125652565
0.896329499277043
0.5556233828196404
0.19426532326201396
0.7488723477020516
0.896329499277043
0.1756790753430199
0.5709817959456878
0.9194548469304049
0.5987077533437457
0.2715779085317852
0.5395417018149302
0.6341005214313364
0.5709817959456878
0.1887935040018946
0.7986513045842213
0.23098954956687578
0.6029722335248151
0.9194548469304049
0.8120153546840456
0.3251324412157035
0.5556233828196404
0.6059530684197223
0.6227650743503176
0.025981679938708355
0.1756790753430199
0.3499111519814547
0.18226540013312786
0.2833410142244102
0.0839519125652565
0.8120153546840456
0.17037022604658636
0.8145483334267396
0.5829428162964705
0.18226540013312786
0.8962292325535988
0.19426532326201396
0.26448520311629686
0.1887935040018946
0.3576781656658302
0.0839519125652565
0.31849863312026305
0.025981679938708355
0.17990256838749782
0.5709817959456878
0.5709817959456878
0.7986513045842213
0.5395417018149302
0.6288327665268951
0.21304457988904774
0.6107097616383832
0.8057336826837904
0.7381736050807394
0.0839519125652565
0.8851343953698907
0.896329499277043
0.516640057077375
0.34719121814621057
0.8120153546840456
0.5945650067001548
0.6295724159036531
0.3920953041155064
0.7696984433519218
0.6839627082546538
0.1887935040018946
0.11445438816334505
0.6941442116500458
0.21304457988904774
0.6280931171501372
0.5499480778809895
0.5499480778809895
0.8120153546840456
0.896329499277043
0.6178028362380368
0.690847325809658
0.6178028362380368
0.19426532326201396
0.5709817959456878
0.19426532326201396
0.8463423911117756
0.0839519125652565
0.4636057828589928
0.8163600374529538
0.6295724159036531
0.5945650067001548
0.1065926550105662
0.8851343953698907
0.16494424781194478
0.23098954956687578
0.17990256838749782
0.28927634631183285
0.1065926550105662
0.713653948496731
0.6363620834283643
0.31880242882458015
0.34719121814621057
0.8463423911117756
0.2833410142244102
0.8547926779562338
0.41005429296796864
0.3920953041155064
0.6280931171501372
0.8847764973962229
0.34719121814621057
0.629601061443371
0.28927634631183285
0.45796566829130714
0.28927634631183285
0.8877589805101227
0.8120153546840456
0.26448520311629686
0.8851343953698907
0.6409805367722918
0.6341005214313364
0.5395417018149302
0.43247284956004595
0.6839627082546538
0.7696984433519218
0.9194548469304049
0.6363620834283643
0.46361693764552525
0.46359824369111835
0.6363620834283643
0.7488723477020516
0.16494424781194478
0.8847764973962229
0.13031290254999756
0.6227650743503176
0.3576781656658302
0.8547926779562338
0.1887935040018946
0.8145483334267396
0.6409805367722918
0.24676421579662866
0.8120153546840456
0.3114126881108926
0.8057336826837904
0.11445438816334505
0.45796566829130714
0.32880741970396177
0.8163600374529538
0.17037022604658636
0.6178028362380368
0.18424792914755145
0.8920270565262591
0.9194548469304049
0.8962292325535988
0.21610680021435097
0.3251324412157035
0.8901148597481328
0.28927634631183285
0.43247284956004595
0.28927634631183285
0.6107097616383832
0.3114126881108926
0.31365841705922115
0.7488723477020516
0.8120153546840456
0.2715779085317852
0.629601061443371
0.28969372209771216
0.6288327665268951
0.8120153546840456
