0.5624942591139213
0.5788371255230687
0.7664037669465673
0.5624942591139213
0.43247284956004595
0.8107581072888344
0.6137741400179697
0.4209473385396858
0.3660872878703444
0.5624942591139213
0.13631340373524345
0.21716907825004444
0.9194548469304049
0.2556116168002503
0.3165325287520945
0.6370224577756143
0.13631340373524345
0.8716906073159781
0.1972544892763321
0.5847833482122362
0.6281808433477134
0.11435606252998637
0.6281808433477134
0.4636102242449017
0.6540416587957243
0.8463423911117756
0.28969372209771216
0.4209473385396858
0.8859492978170864
0.5870791990192563
0.885949510760401
0.8859490871288862
0.8117335946673319
0.3660872878703444
0.6179110864927417
0.6390732309709288
0.5242634008491629
0.28969372209771216
0.5026364792284645
0.09904574086212967
0.5920470114451537
0.4279062700602796
0.4279062700602796
0.2869825529974168
0.61856261149303
0.5026364792284645
0.6079872731914528
0.8652229478568595
0.34259526853564837
0.8121937743429216
0.6335066946356487
0.7140899618166585
0.1895629188396129
0.22217885448716493
0.6234785175195066
0.8852642659732777
0.3333346229264169
0.8157035774607746
0.3499111519814547
0.2566227832141602
0.22217885448716493
0.8859460857537249
0.5870791990192563
0.7723331689957346
0.7140899618166585
0.8859490844816469
0.8142836675980203
0.3089604013203311
0.8547926779562338
0.6137741400179697
0.20322513254952457
0.21716907825004444
0.1972544892763321
0.5242634008491629
0.11435606252998637
0.8716906073159781
0.6540416587957243
0.8121937743429216
0.8859463435330266
0.8652229478568595
0.8157035774607746
0.8646763057072608
0.2556116168002503
0.0839519125652565
0.1323130696117462
0.19152579836547284
0.6345615299412367
0.0839519125652565
0.8946429016305899
0.5920470114451537
0.1895629188396129
0.7664037669465673
0.8946429016305899
0.1726126378447989
0.4278053979580778
0.9194548469304049
0.61856261149303
0.2404355091174264
0.5788371255230687
0.6540416587957243
0.5563804689532785
0.19152579836547284
0.8089476485856417
0.2404355091174264
0.6079872731914528
0.9194548469304049
0.8107581072888344
0.3178185610009458
0.5563804689532785
0.6345615299412367
0.5788371255230687
0.11435606252998637
0.1726126378447989
0.3499111519814547
0.20322513254952457
0.2833410142244102
0.0839519125652565
0.8142836675980203
0.1726126378447989
0.7140899618166585
0.4761024034695701
0.1895629188396129
0.8962292325535988
0.11435606252998637
0.2283578544045437
0.195440681672715
0.3539074413832848
0.0839519125652565
0.3165325287520945
0.1576290131252706
0.17162331335005343
0.7391219315650001
0.5847833482122362
0.8089476485856417
0.5563804689532785
0.632510756745922
0.21716907825004444
0.6301131088975995
0.8117335946673204
0.7664037669465673
0.0839519125652565
0.7391219315650001
0.8946429016305899
0.5624942591139213
0.4761024034695701
0.8117335946673319
0.5920470114451537
0.6227079707506806
0.3920953041155064
0.7696984433519218
0.632510756745922
0.19152579836547284
0.11435606252998637
0.7723331689957346
0.23143455024769208
0.6281808433477134
0.6370224577756143
0.5563804689532785
0.8107581072888344
0.8946429016305899
0.624097354114898
0.6330367802792284
0.7573907677052337
0.195440681672715
0.7140899618166585
0.2404355091174264
0.8463423911117756
0.0839519125652565
0.4636102242449017
0.818144643020287
0.6227079707506806
0.5920470114451537
0.09904574086212967
0.885949510760401
0.20322513254952457
0.22217885448716493
0.17162331335005343
0.28239496636858485
0.09904574086212967
0.7140899618166585
0.6335066946356487
0.3089604013203311
0.34259526853564837
0.8463423911117756
0.2833410142244102
0.8547926779562338
0.4279062700602796
0.3920953041155064
0.6281808433477134
0.8859460973855533
0.3333346229264169
0.5920470114451537
0.1576290131252706
0.45796566829130714
0.4278053979580778
0.8859463435330266
0.8107581072888344
0.2566227832141602
0.8859492978170864
0.6179110864927417
0.6281808433477134
0.5563804689532785
0.43247284956004595
0.6540416587957243
0.7696984433519218
0.9194548469304049
0.6335066946356487
0.4636102242449017
0.4636102242449017
0.624097354114898
0.7488723477020516
0.17162331335005343
0.8859448377108078
0.1323130696117462
0.6301131088975995
0.3539074413832848
0.7140899618166585
0.2283578544045437
0.8089476485856417
0.632510756745922
0.2404355091174264
0.8089476485856417
0.3178185610009458
0.8646763057072608
0.11435606252998637
0.45796566829130714
0.28239496636858485
0.818144643020287
0.1726126378447989
0.6330367802792284
0.2283578544045437
0.7573907677052337
0.9194548469304049
0.8962292325535988
0.2566227832141602
0.3178185610009458
0.8852642659732777
0.2869825529974168
0.43247284956004595
0.3089604013203311
0.6179110864927417
0.3178185610009458
0.3165325287520945
0.7488723477020516
0.8107581072888344
0.23143455024769208
0.6234785175195066
0.2283578544045437
0.6390732309709288
0.7140899618166585
