0.5644510072200379
0.5788371255230687
0.7664037669465673
0.5635820323193343
0.43247284956004595
0.81211381206662
0.6104476275358648
0.4209473385396858
0.3660872878703444
0.5635820323193343
0.13831357079699208
0.21304457988904774
0.9194548469304049
0.26448520311629686
0.3162497884778827
0.7161589083653925
0.13831357079699208
0.8463423911117756
0.17261505591783263
0.5587980066268649
0.6300213334478633
0.11445438816334505
0.62968991272934
0.4636102242449017
0.6783090241687135
0.8463423911117756
0.28969372209771216
0.4209473385396858
0.8857308919926719
0.6040043314553094
0.8857308919926719
0.8857308919926719
0.81211381206662
0.3660872878703444
0.6212051438075171
0.6451241877776968
0.5242634008491629
0.28969372209771216
0.5026364792284645
0.09904574086212967
0.6020363208332968
0.4279062700602796
0.4279062700602796
0.28927634631183285
0.6245571847680251
0.5026364792284645
0.6020363208332968
0.8285074296260766
0.32880741970396177
0.81211381206662
0.6212051438075171
0.7162221026915444
0.18857099391437532
0.22722659807613688
0.6223331683652851
0.8939303962188854
0.3162497884778827
0.8175955299165361
0.3499111519814547
0.2526915732630919
0.22722659807613688
0.8857308919926719
0.6040043314553094
0.8285074296260766
0.7144886475181449
0.8857308919926719
0.8175955299165361
0.3089604013203311
0.8547926779562338
0.6104476275358648
0.23822648213379277
0.24676421579662866
0.17261372411331927
0.5242634008491629
0.11445438816334505
0.8901148597481328
0.6345267444099775
0.81211381206662
0.8857308919926719
0.8939303962188854
0.8175955299165361
0.8646763057072608
0.2715779085317852
0.0839519125652565
0.13031290254999756
0.19545155741719245
0.6250218424354925
0.0839519125652565
0.8949019945075734
0.5556233828196404
0.1933322335555162
0.7664037669465673
0.8949019945075734
0.17261505591783263
0.4278053979580778
0.9194548469304049
0.6104476275358648
0.2715779085317852
0.5788371255230687
0.6250218424354925
0.5570569476663911
0.18857099391437532
0.8017000450622525
0.23098954956687578
0.6020363208332968
0.9194548469304049
0.81211381206662
0.3191045932497972
0.5556233828196404
0.6362312532680753
0.5788371255230687
0.025981679938708355
0.1726134577524166
0.3499111519814547
0.1752798367604634
0.2833410142244102
0.0839519125652565
0.81211381206662
0.17261079414338987
0.7144886475181449
0.6096095384034919
0.18857099391437532
0.8962292325535988
0.19015807379475563
0.26448520311629686
0.19015807379475563
0.3576781656658302
0.0839519125652565
0.3162497884778827
0.025981679938708355
0.1696759568814964
0.7391219315650001
0.6096095384034919
0.8017000450622525
0.5398462208307204
0.6345267444099775
0.21304457988904774
0.6278433614664007
0.810606384350615
0.7664037669465673
0.0839519125652565
0.7391219315650001
0.8949019945075734
0.5587980066268649
0.34719121814621057
0.810606384350615
0.5887762728354414
0.62968991272934
0.3920953041155064
0.7696984433519218
0.6312523791825964
0.18857099391437532
0.11445438816334505
0.7161589083653925
0.21304457988904774
0.6235134467926717
0.5644510072200379
0.5570569476663911
0.81211381206662
0.8949019945075734
0.6245571847680251
0.6362312532680753
0.6235134467926717
0.19015807379475563
0.711359792389543
0.1933322335555162
0.8463423911117756
0.0839519125652565
0.4636102242449017
0.818144643020287
0.6096095384034919
0.5887762728354414
0.09904574086212967
0.8857308919926719
0.1752798367604634
0.23098954956687578
0.1696759568814964
0.28927634631183285
0.09904574086212967
0.7144886475181449
0.636444757511003
0.3089604013203311
0.34719121814621057
0.8463423911117756
0.2833410142244102
0.8547926779562338
0.4279062700602796
0.3920953041155064
0.6300213681261847
0.8857308919926719
0.34719121814621057
0.6245571847680251
0.28927634631183285
0.45796566829130714
0.4278053979580778
0.8857308919926719
0.81211381206662
0.26448520311629686
0.8857308919926719
0.6202099642104499
0.6300213334478633
0.5398462208307204
0.43247284956004595
0.6783090241687135
0.7696984433519218
0.9194548469304049
0.636444757511003
0.4636102242449017
0.4636102242449017
0.636444757511003
0.7488723477020516
0.1696759568814964
0.8857308919926719
0.13031290254999756
0.6278433614664007
0.3576781656658302
0.711359792389543
0.18857099391437532
0.81211381206662
0.6312523791825964
0.24676421579662866
0.810606384350615
0.3191045932497972
0.8646763057072608
0.11445438816334505
0.45796566829130714
0.32880741970396177
0.818144643020287
0.17261372411331927
0.636444757511003
0.19545155741719245
0.8939303962188854
0.9194548469304049
0.8962292325535988
0.2526915732630919
0.31709800930051774
0.8901148597481328
0.28927634631183285
0.43247284956004595
0.3089604013203311
0.6202099642104499
0.31709800930051774
0.3162497884778827
0.7488723477020516
0.81211381206662
0.2715779085317852
0.6223331683652851
0.23822648213379277
0.6451241877776968
0.7162221026915444
