0.7031802881076595
0.550240864351567
0.8122916714032227
0.5760812714027721
0.406250923504726
0.8896185058768009
0.6127869265728918
0.7623121764261953
0.28905791715894835
0.5760812714027721
0.13739559252238798
0.17371006550820245
0.922467867890836
0.23775115805618102
0.2265662425911466
0.6320489842451562
0.13739559252238798
0.8869643801784184
0.012917144506397134
0.3194007573151302
0.6087895436008532
0.012917144506397134
0.603864578262562
0.5387330210467592
0.5281495580825699
0.8176023689738197
0.31812798299659806
0.31812798299659806
0.8679210514682512
0.7255859718593118
0.8679210514682512
0.8679210514682512
0.813683532095544
0.4105523438831301
0.6127869265728918
0.7030716326009121
0.5171329080361999
0.31812798299659806
0.6553441968363949
0.0919786122770488
0.7054065002011236
0.43787210605974813
0.43787210605974813
0.26534446207795714
0.5942309970411237
0.4105523438831301
0.5431700939070596
0.9731465254911905
0.3194007573151302
0.8331550654682605
0.406250923504726
0.5171329080361999
0.16452703700625243
0.2806713242338671
0.5008372539609067
0.8869643801784184
0.2265662425911466
0.7255859718593118
0.5008372539609067
0.33308907907286134
0.11494473265995872
0.9072636994466279
0.6474453836727982
0.5171329080361999
0.5942309970411237
0.8679210514682512
0.7627518269917941
0.26534446207795714
0.9068878305495294
0.785661855186603
0.26534446207795714
0.592199774938525
0.17371006550820245
0.603864578262562
0.054734256939363075
0.9731465254911905
0.8945584353110534
0.7491208611335665
0.9036624821504557
0.9571964158095979
0.7627518269917941
0.9064940631335214
0.2806713242338671
0.20598628622526738
0.16104097406697587
0.36009159132047
0.7030716326009121
0.05837604690102065
0.9039146705302764
0.7491208611335665
0.16067448115360017
0.8896185058768009
0.922467867890836
0.3650123473993938
0.550240864351567
0.922467867890836
0.5942309970411237
0.23700960741413163
0.5281495580825699
0.7030716326009121
0.43787210605974813
0.16067448115361524
0.9072636994466279
0.23700960741413163
0.6775493756632769
0.922467867890836
0.785661855186603
0.32441834384909446
0.43787210605974813
0.7627518269917941
0.7257204880343853
0.033937179168439774
0.13739559252238798
0.6022412102695303
0.054734256939363075
0.26869103745705114
0.012917144506397134
0.7257204880343853
0.16104097341515736
0.9036624821504557
0.5790155003049691
0.16067448115360017
0.8457454096231709
0.16874627399565578
0.033937179168439774
0.16874627399565578
0.3606237755584717
0.26869103745705114
0.33308907907286134
0.033937179168439774
0.25474639274098876
0.5760812714027721
0.5760812714027721
0.8896185058768009
0.43787210605974813
0.550240864351567
0.05396701732956152
0.5949584974328668
0.8331550654682605
0.8122916714032227
0.05837604690102065
0.9039146705302764
0.8973532896525991
0.6087895436008532
0.16104097406697587
0.9068878305495294
0.36041370283278507
0.7031802881076595
0.5008372539609067
0.8331550654682605
0.550240864351567
0.18452713614116412
0.11494473265995872
0.6320489842451562
0.25474639274098876
0.6353467495340923
0.3606237755584717
0.5281495580825699
0.5387330210467592
0.8973532896525991
0.5026163211689354
0.6553441968363949
0.6320489842451562
0.16874627399565578
0.592199774938525
0.2806713242338671
0.8679210514682512
0.05396701732956152
0.5431700939070596
0.7947568215410843
0.6546884549408436
0.7257204880343853
0.07859466764570593
0.8781606116128222
0.05837604690102065
0.18452713614116412
0.16104097465604864
0.28905791715894835
0.0919786122770488
0.8331550654682605
0.6474453836727982
0.26534446207795714
0.3650123473993938
0.8176023689738197
0.20598628622526738
0.813683532095544
0.36041370283278507
0.23700960741413163
0.9571964158095979
0.9157056225069224
0.3606237755584717
0.5026163211689354
0.33308907907286134
0.6353467495340923
0.25474639274098876
0.9405939372067619
0.813683532095544
0.3140265125063868
0.8781606116128222
0.6127869265728918
0.6087895436008532
0.6022412102695303
0.406250923504726
0.5790155003049691
0.5942309970411237
0.9405939372067619
0.8457454096231709
0.36009159132047
0.43787210605974813
0.7623121764261953
0.7054065002011236
0.11494473265995872
0.9157056225069224
0.07859466764570593
0.5949584974328668
0.3650123473993938
0.813683532095544
0.23775115805618102
0.5008372539609067
0.7627518269917941
0.033937179168439774
0.7054065002011236
0.26869103745705114
0.9064940631335214
0.11494473265995872
0.3743968765182579
0.3743968765182579
0.7947568215410843
0.17371006550820245
0.5008372539609067
0.16452703700625243
0.8869643801784184
0.8896185058768009
0.8896185058768009
0.13739559252238798
0.32441834384909446
0.8869643801784184
0.3140265125063868
0.406250923504726
0.28905791715894835
0.6546884549408436
0.5760812714027721
0.3194007573151302
0.8457454096231709
0.8896185058768009
0.2806713242338671
0.6775493756632769
0.36009159132047
0.5790155003049691
0.8945584353110534
