0.5117479334820634
0.5788371255230687
0.7664037669465673
0.5624942591139213
0.43247284956004595
0.8110942102947443
0.5838635351905914
0.4209473385396858
0.3660872878703444
0.5624942591139213
0.13431323667349482
0.2174778844572352
0.9194548469304049
0.2352772411445892
0.30855615818238624
0.641173565594179
0.13431323667349482
0.8811252808298495
0.1972544892763321
0.5847833482122362
0.627800453949727
0.11435606252998637
0.635059773917898
0.5499601571275048
0.5561920662483975
0.8463423911117756
0.28969372209771216
0.4209473385396858
0.8858426175867851
0.5870791990192563
0.8924428306196384
0.8858426175867851
0.8110942102947443
0.3660872878703444
0.6209264839222577
0.6365386171065428
0.5398430656848742
0.28969372209771216
0.5026364792284645
0.08591725479141187
0.5920470114451537
0.4279062700602796
0.44575824715259066
0.2792073804580727
0.6172886150115746
0.5026364792284645
0.6293758667187457
0.8673788343432327
0.3402801071333405
0.8110942102947443
0.6284347989707995
0.7148789336015758
0.1908241149392766
0.23505516422696388
0.6293758667187457
0.8811252808298495
0.3356497843287248
0.8110942102947443
0.3499111519814547
0.2792073804580727
0.2352772411445892
0.8858426175867851
0.5870791990192563
0.7723331689957346
0.714490879984315
0.8858426175867851
0.8144148799012485
0.3089604013203311
0.8547926779562338
0.6172886150115746
0.23233245134036046
0.22255798722332332
0.1972544892763321
0.5398430656848742
0.11435606252998637
0.8673788343432327
0.6386278557903693
0.8110942102947443
0.8858426175867851
0.8673788343432327
0.8144148799012485
0.8646763057072608
0.23233245134036046
0.08458082207762618
0.1437820879133124
0.1908241149392766
0.6365386171065428
0.08725368750519755
0.8924428306196384
0.5920470114451537
0.1908241149392766
0.7886287635784265
0.8924428306196384
0.17218864163276515
0.45195390071382396
0.9194548469304049
0.6172886150115746
0.21861017388360127
0.5788371255230687
0.635059773917898
0.5502316202020494
0.1908241149392766
0.8110942102947443
0.21861017388360127
0.6172883033576616
0.9194548469304049
0.8110942102947443
0.3178185610009458
0.5838635351905914
0.635059773917898
0.5788371255230687
0.11435606252998637
0.17218864163276515
0.3499111519814547
0.20523754966197805
0.30855615818238624
0.08458082207762618
0.8144148799012485
0.17218864163276515
0.714490879984315
0.5117479334820634
0.1908241149392766
0.8962292325535988
0.11435606252998637
0.23954556592225987
0.20523754966197805
0.3539074413832848
0.08725368750519755
0.3165325287520945
0.1576290131252706
0.2952625941755127
0.7391219315650001
0.5847833482122362
0.8110942102947443
0.5561920662483975
0.6347872753946378
0.2174778844572352
0.6230038049558284
0.8110942102947443
0.7664037669465673
0.08725368750519755
0.7391219315650001
0.8704926463711827
0.5624942591139213
0.45195390071382396
0.8110942102947443
0.5920470114451537
0.6299472913282684
0.3920953041155064
0.7696984433519218
0.6347872753946378
0.20670734342780028
0.11435606252998637
0.7723331689957346
0.23383828247141097
0.627800453949727
0.641173565594179
0.5502316202020494
0.8110942102947443
0.8924428306196384
0.6172886150115746
0.6297522938179243
0.7573907677052337
0.20670734342780028
0.7148769580293282
0.2394128384001471
0.8704926463711827
0.08591725479141187
0.4636102242449017
0.818144643020287
0.6230038049558284
0.5920470114451537
0.09904574086212967
0.8858426175867851
0.21098220972817894
0.20670734342780028
0.2200949470699738
0.2792073804580727
0.09904574086212967
0.714490879984315
0.5499601571275048
0.3089604013203311
0.3402801071333405
0.8463423911117756
0.2200949470699738
0.8547926779562338
0.4279062700602796
0.3920953041155064
0.627800453949727
0.8858426175867851
0.3356497843287248
0.5920470114451537
0.1576290131252706
0.35173770038943986
0.2952625941755127
0.8858426175867851
0.7886287635784265
0.35173770038943986
0.8858426175867851
0.6209264839222577
0.635059773917898
0.5561920662483975
0.43247284956004595
0.6386278557903693
0.7696984433519218
0.9194548469304049
0.6284347989707995
0.44575824715259066
0.4636102242449017
0.6172883033576616
0.7488723477020516
0.21098220972817894
0.8858426175867851
0.1437820879133124
0.6347872753946378
0.3539074413832848
0.7148769580293282
0.22255798722332332
0.8110942102947443
0.6386278557903693
0.23954556592225987
0.7148835951956534
0.2924994991019803
0.8646763057072608
0.11435606252998637
0.5561920662483975
0.2924994991019803
0.818144643020287
0.17218864163276515
0.6297522938179243
0.2298227327886096
0.7573907677052337
0.9194548469304049
0.8962292325535988
0.21098220972817894
0.3178185610009458
0.8811252808298495
0.2792073804580727
0.43247284956004595
0.3089604013203311
0.6230038049558284
0.3178185610009458
0.3165325287520945
0.7488723477020516
0.8110942102947443
0.23383828247141097
0.7148835951956534
0.2298227327886096
0.6299472913282684
0.7148789336015758
