0.7014199932883454
0.5281495580825699
0.8122916714032227
0.6730641608165973
0.4019449063858339
0.8829528972082646
0.6022412102695303
0.7623121764261953
0.09853045761873575
0.5756335169032429
0.13827966709255762
0.20054086982993688
0.9255386539999476
0.23775115805618102
0.22136674454783897
0.5655674386741386
0.13827966709255762
0.8552450901531103
0.0051714469262721
0.3194007573151302
0.6087895436008532
0.0051714469262721
0.7032617008338653
0.536514484616609
0.5281495580825699
0.8202577177591182
0.32292373428901805
0.3085364804117585
0.8440593378982004
0.7255859718593118
0.8786151900504764
0.8440593378982004
0.8144670644988798
0.4105523438831301
0.6192689817529993
0.7926152849355488
0.5234248986241148
0.32292373428901805
0.5655674386741386
0.07230995247116707
0.7102088820719399
0.4417954239137395
0.4417954239137395
0.2545048985201639
0.5958449050152653
0.4105523438831301
0.5621712659097968
0.9825289429509508
0.3194007573151302
0.8326828394367833
0.4105569406236179
0.5234248986241148
0.16596478851746327
0.27917585872353495
0.4820289876488772
0.9019998426486808
0.22136674454783897
0.7255859718593118
0.5072380728201922
0.3583378129457334
0.11847000060733373
0.9082468823072372
0.6474453836727982
0.5760376968037397
0.592617089066982
0.9013585615722761
0.761374928906276
0.3085364804117585
0.9082468823072372
0.785661855186603
0.2215442194933182
0.6054041621379503
0.16449932619119428
0.4317272099838618
0.053764804022123275
0.9825289429509508
0.9013585615722761
0.7102088820719399
0.9082468823072372
0.9525052070797178
0.761374928906276
0.9082468823072373
0.2920498298914782
0.17425647485179963
0.24209563385239966
0.372732617070906
0.6543299052021276
0.07230995247116707
0.9156331221505153
0.8113329348855358
0.15547973013064048
0.886542784950892
0.9227182226327918
0.3770937533581639
0.5444637592504014
0.9227182226327918
0.5958449050152653
0.24209563385239966
0.5281495580825699
0.7032617008338653
0.4317272099838618
0.15547973013064048
0.9082468823072372
0.2215442194933182
0.6775493756632769
0.9255386539999476
0.785661855186603
0.32441834384909446
0.4357260507832727
0.7651191843338402
0.6528266904748472
0.030830052002777164
0.13827966709255762
0.6022412102695303
0.053764804022123275
0.27185854575860574
0.0051714469262721
0.7222282657183725
0.15547973013064048
0.9082468823072372
0.5813310335479767
0.15547973013064048
0.8457454096231709
0.172972079319816
0.04866285270428994
0.172972079319816
0.34953980144282226
0.2920498298914782
0.3194007573151302
0.030830052002777164
0.2545048985201639
0.5115719035092068
0.5115719035092068
0.8934428112020485
0.4417954239137395
0.5444637592504014
0.04798845799607053
0.5949584974328668
0.8122916714032227
0.8122916714032227
0.05258217560375353
0.9064929075262331
0.8547679013022189
0.6087895436008532
0.13827966709255762
0.9082468823072372
0.34953980144282226
0.7014199932883454
0.49504072361944884
0.8326828394367833
0.5813310335479767
0.18452713614116412
0.11847000060733373
0.5760376968037397
0.2722837495969204
0.6730641608165973
0.34953980144282226
0.5281495580825699
0.536514484616609
0.9156331221505153
0.5072380728201922
0.7032617008338653
0.6528266904748472
0.172972079319816
0.6054041621379503
0.27917585872353495
0.8547679013022189
0.04798845799607053
0.5621712659097968
0.8609697548221706
0.6543299052021276
0.7222282657183725
0.07149543818890189
0.8786151900504764
0.05258217560375353
0.18452713614116412
0.17425647485179963
0.3760001835271636
0.09853045761873575
0.8552450901531103
0.6474453836727982
0.35654301466689353
0.35654301466689353
0.8202577177591182
0.3770937533581639
0.8144670644988798
0.372732617070906
0.242210355422013
0.9525052070797178
0.9157056225069224
0.3767724934182325
0.5072380728201922
0.3583378129457334
0.6528266904748472
0.2422117050565219
0.9405939372067619
0.8144670644988798
0.27185854575860574
0.7926152849355488
0.6192689817529993
0.6087895436008532
0.6022412102695303
0.4105569406236179
0.5813310335479767
0.592617089066982
0.9405939372067619
0.8457454096231709
0.34937967203363873
0.4357260507832727
0.7623121764261953
0.6775493756632769
0.10436892881783369
0.9157056225069224
0.07149543818890189
0.5949584974328668
0.3760001835271636
0.8113329348855358
0.23775115805618102
0.49504072361944884
0.7651191843338402
0.04866285270428994
0.7102088820719399
0.242210355422013
0.9064929075262331
0.11847000060733373
0.3767724934182325
0.3767724934182325
0.8609697548221706
0.16449932619119428
0.4820289876488772
0.16596478851746327
0.9019998426486808
0.8934428112020485
0.886542784950892
0.10436892881783369
0.32441834384909446
0.9019998426486808
0.2920498298914782
0.4019449063858339
0.20054086982993688
0.6543299052021276
0.5756335169032429
0.3194007573151302
0.8457454096231709
0.8829528972082646
0.2722837495969204
0.6775493756632769
0.34937967203363873
0.5813310335479767
0.9525052070797178
