0.6464242700655853
0.581338664963736
0.817633603604845
0.581338664963736
0.4189059566676028
0.8876016764068657
0.6199636592605038
0.5665740041651846
0.33303067612151116
0.628288134322543
0.13648616198471697
0.16501137508437305
0.9140011006714117
0.28004363654090425
0.23894164208868562
0.628288134322543
0.13648616198471697
0.8463560299788595
0.01729631839432269
0.32442542439820665
0.6464242700655853
0.025981679938708355
0.6042546680828391
0.5665740041651846
0.581338664963736
0.8463560299788595
0.18741774469507688
0.373699491321742
0.8717366566130473
0.7207177794295168
0.8717366566130473
0.8717366566130473
0.8184139624859098
0.4105523438831301
0.6199636592605038
0.711407957677332
0.5171329080361999
0.3549122861387183
0.6521303740663551
0.060158633719099186
0.7188581920833046
0.43787210605974813
0.49036845482310654
0.2967362877922509
0.5252570097976581
0.4105523438831301
0.5741030164987057
0.9731465254911905
0.35491069571655975
0.8329082793755027
0.4033546515082771
0.5171329080361999
0.19125452354414485
0.28004363654090425
0.5665740041651846
0.8890606966199011
0.21970625713585357
0.7207177794295168
0.5252570097976581
0.2967362877922509
0.195252631454168
0.9006764229508104
0.6050448502677388
0.628288134322543
0.6187291218751085
0.8717366566130473
0.8890606966199011
0.2245017441446947
0.9006764229508104
0.646097665089848
0.28004363654090425
0.3406381947788817
0.17891856662527733
0.6042546680828391
0.1239085480593275
0.9731465254911905
0.690847325809658
0.7987285883614743
0.9006764229508104
0.8890606966199011
0.7618327927502013
0.9140011006714117
0.28004363654090425
0.17106812627503915
0.15166849591492576
0.3406381947788817
0.711407957677332
0.062467459709455136
0.8998078982976772
0.7188581920833046
0.2245017441446947
0.818413962486108
0.9140011006714117
0.33303067612151116
0.5447366864403389
0.9140011006714117
0.6050448502677388
0.28004363654090425
0.5336723846498193
0.6042546680828391
0.4579742517298849
0.17096286862507748
0.9006764229508104
0.28004363654090425
0.5741030164987057
0.9140011006714117
0.7987285883614743
0.3567126199582401
0.43787210605974813
0.6464242700655853
0.6464242700655853
0.025981679938708355
0.13648616198471697
0.6199636592605038
0.07134753486204722
0.2633011706809161
0.01729631839432269
0.818413962486108
0.17096286862507748
0.8329082793755027
0.6464242700655853
0.16501137508437305
0.8329082793755027
0.195252631454168
0.062467459709455136
0.18741774469507688
0.3567126199582401
0.2633011706809161
0.2967362877922509
0.025981679938708355
0.17891856662527733
0.581338664963736
0.581338664963736
0.8867735219372463
0.373699491321742
0.5447366864403389
0.060158633719099186
0.6199636592605038
0.817633603604845
0.817633603604845
0.062467459709455136
0.9018559331994755
0.8998078982976772
0.5392698058411527
0.15166849591492576
0.8183321378367839
0.47468207344061053
0.6521303740663551
0.5252570097976581
0.862852739439274
0.581338664963736
0.18741774469507688
0.1078865978222284
0.628288134322543
0.261401944853521
0.6327789051794128
0.4579742517298849
0.5336723846498193
0.7011317501746981
0.8998078982976772
0.5252570097976581
0.690847325809658
0.6327789051794128
0.195252631454168
0.581338664963736
0.28004363654090425
0.8717366566130473
0.060158633719099186
0.4189059566676028
0.8036332754612725
0.6521303740663551
0.711407957677332
0.10481831601837024
0.8785725523290191
0.07134753486204722
0.1239085480593275
0.17106812627503915
0.2967362877922509
0.10481831601837024
0.8463560299788595
0.5665740041651846
0.2967362877922509
0.3549121540846012
0.817633603604845
0.21970625713585357
0.8184139624864606
0.3406381947788817
0.28004363654090425
0.8890606966199011
0.9140011006714117
0.3549121540846012
0.47468207344061053
0.2967362877922509
0.6327789051794128
0.23894164208868562
0.9278446468578088
0.8184139624859098
0.2967362877922509
0.8785725523290191
0.6199636592605038
0.6464242700655853
0.581338664963736
0.4033546515082771
0.7442856072417909
0.6187291218751085
0.9278446468578088
0.862852739439274
0.4033546515082771
0.49036845482310654
0.7011317501746981
0.7188581920833046
0.17891856662527733
0.8867735219372463
0.13648616198471697
0.6464242700655853
0.35491114315976274
0.8184139624864606
0.195252631454168
0.5665740041651846
0.7618327927502013
0.062467459709455136
0.8183321378367839
0.2633011706809161
0.9018559331994755
0.1078865978222284
0.33303067612151116
0.3549091052944012
0.8036332754612725
0.10481831601837024
0.646097665089848
0.19125452354414485
0.8890606966199011
0.9140011006714117
0.9140011006714117
0.10481831601837024
0.35491260502207356
0.8890606966199011
0.2967362877922509
0.4189059566676028
0.2967362877922509
0.6199636592605038
0.5392698058411527
0.32442542439820665
0.8329082793755027
0.8876016764068657
0.261401944853521
0.7188581920833046
0.28004363654090425
0.6464242700655853
0.7442856072417909
