0.5624942591139213
0.5788371255230687
0.7664037669465673
0.5624942591139213
0.43247284956004595
0.8118774693229839
0.615826385671691
0.4209473385396858
0.3660872878703444
0.5624942591139213
0.13831357079699208
0.21304457988904774
0.9194548469304049
0.26921367339328905
0.3165325287520945
0.6377232315301955
0.13831357079699208
0.8704926463711827
0.17278233285493433
0.5847833482122362
0.6300120398892934
0.1143562900468785
0.6319771641282035
0.4636102242449017
0.6540416587957243
0.8463423911117756
0.28969372209771216
0.4209473385396858
0.8860544591767483
0.6028235250821017
0.8860544591767483
0.8860544591767483
0.8119511208734995
0.3660872878703444
0.615826385671691
0.6395232307845065
0.5242634008491629
0.28969372209771216
0.5026364792284645
0.09904574086212967
0.5934586902509946
0.4279062700602796
0.4279062700602796
0.28927634631183285
0.6234785175195066
0.5026364792284645
0.6028235250821017
0.8599326242994276
0.34259526853564837
0.8118772426910095
0.6319771641282035
0.7142747739326578
0.1895629188396129
0.2166346091634429
0.6234785175195066
0.8911657733442151
0.3165325287520945
0.8175955299165361
0.3499111519814547
0.2566227832141602
0.2166346091634429
0.8860544591767483
0.6028235250821017
0.7723331689957346
0.7139513524368837
0.8860544591767483
0.8175955299165361
0.3089604013203311
0.8547926779562338
0.6104476275358648
0.23822648213379277
0.24676421579662866
0.22189634070786526
0.5242634008491629
0.11435632179221512
0.8599326242994276
0.6540416587957243
0.8118772426910095
0.8860544591767483
0.8704926463711827
0.8175955299165361
0.8646763057072608
0.26921367339328905
0.0839519125652565
0.13031290254999756
0.19545155741719245
0.6348659110159767
0.0839519125652565
0.8946429016305899
0.5567754299831345
0.1895629188396129
0.7664037669465673
0.8946429016305899
0.17278233285493433
0.4278053979580778
0.9194548469304049
0.6104476275358648
0.23077998162628738
0.5788371255230687
0.6540416587957243
0.5567754299831345
0.1895629188396129
0.8017000450622525
0.23077998162628738
0.6028235250821017
0.9194548469304049
0.8119511208734995
0.3191045932497972
0.5567754299831345
0.6348659110159767
0.5788371255230687
0.11435580888878731
0.17278233285493433
0.3499111519814547
0.17278233285493433
0.2833410142244102
0.0839519125652565
0.8119511208734995
0.17278233285493433
0.7139513524368837
0.4761024034695701
0.1895629188396129
0.8962292325535988
0.11435581632991118
0.23341117285206336
0.23077998162628738
0.3576781656658302
0.0839519125652565
0.3165325287520945
0.1576290131252706
0.17060993686132425
0.7391219315650001
0.5847833482122362
0.8017000450622525
0.5398462208307204
0.6306322398392032
0.22189634070786526
0.6298535434267976
0.8114235694379737
0.7664037669465673
0.0839519125652565
0.7391219315650001
0.8946429016305899
0.5624942591139213
0.4761024034695701
0.8114235694390677
0.5934586902509946
0.6199795597301276
0.3920953041155064
0.7696984433519218
0.6306322398392032
0.1895629188396129
0.11435632179221512
0.7723331689957346
0.21304457988904774
0.6234785175195066
0.6395232307845065
0.5567754299831345
0.8117500423943093
0.8946429016305899
0.6234785175195066
0.6348659110159767
0.6234785175195066
0.1895629188396129
0.7141130637703218
0.23341117285206336
0.8463423911117756
0.0839519125652565
0.4636102242449017
0.818144643020287
0.6199795597301276
0.5934586902509946
0.09904574086212967
0.8860544591767483
0.17224440182602296
0.23077998162628738
0.17060993686132425
0.2801011730541688
0.09904574086212967
0.7139513524368837
0.6328660718264347
0.3089604013203311
0.34259526853564837
0.8463423911117756
0.2833410142244102
0.8547926779562338
0.4279062700602796
0.3920953041155064
0.6300120398892934
0.8860544591767483
0.34259526853564837
0.6234785175195066
0.1576290131252706
0.45796566829130714
0.4278053979580778
0.8860544591767483
0.8119511208734995
0.2566227832141602
0.8860544591767483
0.6199795597301276
0.6300120398892934
0.5398462208307204
0.43247284956004595
0.6540416587957243
0.7696984433519218
0.9194548469304049
0.6319771641282035
0.4636102242449017
0.4636102242449017
0.6377232315301955
0.7488723477020516
0.17224440182602296
0.8860544591767483
0.13031290254999756
0.6298535434267976
0.3576781656658302
0.7141130637703218
0.1895629188396129
0.8117500423943093
0.6348659110159767
0.24676421579662866
0.8114235694390677
0.3191045932497972
0.8646763057072608
0.11435581632991118
0.45796566829130714
0.2801011730541688
0.818144643020287
0.17278233285493433
0.6328660718264347
0.19545155741719245
0.8911657733442151
0.9194548469304049
0.8962292325535988
0.2566227832141602
0.3165325287520945
0.8911657733442151
0.28927634631183285
0.43247284956004595
0.3089604013203311
0.6199795597301276
0.3165325287520945
0.3165325287520945
0.7488723477020516
0.8117500424143156
0.26921367339328905
0.6234785175195066
0.23822648213379277
0.6395232307845065
0.7142747739326578
