0.6368171131304858
0.55774104471131
0.8542993367721103
0.583896954330396
0.43243088395789797
0.8085506745029611
0.6409023971823886
0.4530767162708518
0.3660872878703444
0.6368171131304858
0.13710583144130745
0.21841989826238262
0.9194548469304049
0.32104988918554933
0.34727569136447056
0.6368171131304858
0.14318646529539436
0.8468015898055821
0.15114287737536802
0.5642714784602884
0.6082353150907531
0.11635704192392887
0.6474739563784793
0.5493642101134897
0.541160129293201
0.8468015898055821
0.2945273133750981
0.4530767162708518
0.8757533736494221
0.5591809291494181
0.8872799181788141
0.8757533736494221
0.8119044040484136
0.3660872878703444
0.6265298859982114
0.711407957677332
0.5166533228129173
0.28232218580725266
0.5456774659510357
0.09473253124085051
0.7651063379887424
0.46215948276861535
0.46215948276861535
0.2923984460271949
0.5954808018354795
0.4595954925058935
0.5591809291494181
0.8656123716108108
0.34727569136447056
0.8119044040484136
0.4206133787840126
0.5497635931258952
0.19697998435899405
0.22767974291679471
0.6265298859982114
0.8988064627082062
0.37693595853487394
0.8119044040484136
0.32419661698839153
0.2923984460271949
0.22767974291679471
0.9023156936726886
0.6028922388063307
0.8542993367721103
0.5266363859278592
0.8707256807664577
0.8154471845684714
0.15114287737536802
0.8882177943426164
0.6409023971823886
0.1782649098041137
0.27275326865885463
0.11635704192392887
0.5166533228129173
0.11486676482083194
0.8883240575608944
0.690847325809658
0.8119044040484136
0.8882177943426164
0.8988064627082062
0.8154471845684714
0.9194548469304049
0.2620374299583904
0.08248519282202624
0.14318646529539436
0.21610680021435097
0.5729844192294549
0.08182509274995531
0.9065301965319578
0.7651063379887424
0.20924542330963478
0.7521934165453179
0.9065301965319578
0.21841989826238262
0.6016270056496881
0.9194548469304049
0.6028922388063307
0.27275326865885463
0.5456774659510357
0.6368171131304858
0.5729844192294549
0.18094405363246563
0.8882177943426164
0.19787050593137628
0.6321763299352054
0.9194548469304049
0.8119044040484136
0.2871599449318768
0.4206133787840126
0.6355403896813014
0.6368171131304858
0.025981679938708355
0.13710583144130745
0.37693595853487394
0.1782649098041137
0.34727569136447056
0.08248519282202624
0.8119044040484136
0.10269550188923991
0.8468015898055821
0.5642714784602884
0.15571763661173157
0.8882177943426164
0.19810797835068508
0.10269550188923991
0.19810797835067473
0.3576781656658302
0.08182509274995531
0.28971240515108687
0.025981679938708355
0.16494424781194478
0.6474739563784793
0.5497635931258952
0.8119044040484136
0.38635580401839265
0.55774104471131
0.21841989826238262
0.6016270056496881
0.8119044040484134
0.8119044040484134
0.08182509274995531
0.8872799181788141
0.8988064627082062
0.4595954925058935
0.1952021504808089
0.8119044040484136
0.4941547824567092
0.6368171131304858
0.5493642101134897
0.7696984433519218
0.5781426783944256
0.18094405363246563
0.11635704192392887
0.6368171131304858
0.2620374299583904
0.6368171131304858
0.5456774659510357
0.5456774659510357
0.7765673323050786
0.8988064627082062
0.5954808018354795
0.690847325809658
0.6368171131304858
0.19810797835067473
0.583896954330396
0.20924542330963478
0.8757533736494221
0.08248519282202624
0.5266363859278592
0.8119044040484134
0.6368171131304858
0.711407957677332
0.09473253124085051
0.8757533736494221
0.16494424781194478
0.19787050593137628
0.1952021504808089
0.2923984460271949
0.09473253124085051
0.8468015898055821
0.6456996529160426
0.2923984460271949
0.3576781656658302
0.8119044040484134
0.2871599449318768
0.8119044040484136
0.32104988918554933
0.28232218580725266
0.7765673323050786
0.8882177943426164
0.32104988918554933
0.4941547824567092
0.2871599449318768
0.541160129293201
0.2988030223815631
0.8707256807664577
0.8119044040484136
0.2988030223815631
0.8757533736494221
0.6265298859982114
0.6355403896813014
0.5781426783944256
0.37477120728941327
0.7530591999959961
0.7696984433519218
0.9194548469304049
0.6456996529160426
0.38635580401839265
0.49328824379903596
0.6321763299352054
0.7193540820422943
0.16494424781194478
0.8882177943426164
0.14318646529539436
0.6368171131304858
0.3576781656658302
0.8656123716108108
0.19697998435899405
0.6082353150907531
0.7530591999959961
0.32419661698839153
0.8119044040484136
0.2871599449318768
0.8119044040484135
0.11486676482083194
0.37477120728941327
0.34727569136447056
0.8119044040484134
0.15571763661173157
0.6265298859982114
0.19697998435899405
0.8988064627082062
0.9194548469304049
0.9023156936726886
0.21610680021435097
0.3576781656658302
0.8883240575608944
0.2871599449318768
0.43243088395789797
0.2923984460271949
0.6368171131304858
0.49328824379903596
0.28971240515108687
0.7521934165453179
0.8085506745029611
0.2620374299583904
0.7193540820422943
0.2945273133750981
0.6355403896813014
0.8119044040484136
