0.6504257313227819
0.6116259749378357
0.8191103818555314
0.5794171911391641
0.4189059566676028
0.8995111877164621
0.6226859019268991
0.6197020943939738
0.3259858014855841
0.6214423757409916
0.13648616198471702
0.17891856662527733
0.913449478108106
0.2810350150488244
0.19834242776830152
0.6313767080963797
0.13648616198471702
0.8515984586267908
0.01729631839432269
0.32442542439820665
0.6550795099287472
0.025981679938708355
0.6042546680828391
0.5662293375415796
0.5281495580825699
0.8515984586267908
0.2785588945500566
0.34404433113520694
0.8720042570114057
0.723681625045334
0.8610915335841518
0.8720042570114057
0.8172404735636725
0.4105523438831301
0.6156720762955917
0.711407957677332
0.5171329080361999
0.3395028159934398
0.6544372654072546
0.060158633719099186
0.7173762692753962
0.43787210605974813
0.49036845482310654
0.2967362877922509
0.5278834885882986
0.4105523438831301
0.6226859019268991
0.9731465254911905
0.3533061715076474
0.8211356690777039
0.4033546515082771
0.5171329080361999
0.16282023381472166
0.2810350150507871
0.5122986767935378
0.8869643801784184
0.21970625713585357
0.723681625045334
0.5235060239372316
0.2967362877922509
0.1078865978222284
0.9023824605035009
0.6001591022256602
0.6313767080963797
0.6197020943939738
0.8720042570114057
0.8610915335841518
0.2245017441446947
0.9023824605035009
0.785661855186603
0.2849009937870437
0.34404433113520694
0.17891856662527733
0.6042546680828391
0.045322036168517016
0.9731465254911905
0.7267384217333805
0.8211356690777039
0.8995111877164621
0.9083927728280858
0.7618327927502013
0.913449478108106
0.2810350150492169
0.1742047841849772
0.13648616198471686
0.3395028159934398
0.711407957677332
0.060158633719099186
0.8998379203015616
0.7173762692753962
0.2245017441446947
0.8191103818555314
0.9169132861106573
0.3471204253933652
0.550240864351567
0.9169132861106573
0.6001591022256602
0.34404433113520694
0.5281495580825699
0.6042546680828391
0.4579742517298849
0.173018888015049
0.9023824605035009
0.2785588945500566
0.6116259749378357
0.913449478108106
0.785661855186603
0.3471204253933652
0.43787210605974813
0.6706249919446827
0.6504257313227819
0.025981679938708355
0.13648616198471702
0.6226859019268991
0.060158633719099186
0.2633011706809161
0.01729631839432269
0.8172404735636725
0.16471765887643092
0.8610915335841518
0.6418431669768905
0.09542276411723097
0.8457454096231709
0.173018888015049
0.045322036168517016
0.173018888015049
0.3640784987090723
0.2633011706809161
0.2967362877922509
0.025981679938708355
0.17891856662527733
0.5794171911391641
0.5794171911391641
0.8896185058768009
0.4033546515082771
0.550240864351567
0.060158633719099186
0.6042546680828391
0.8211356690777039
0.8211356690777039
0.060158633719099186
0.9048071815994869
0.8998379203015616
0.5356252187750283
0.16471765887643092
0.8211356690777039
0.47468207344061053
0.6550795099287472
0.5235060239372316
0.875993947652935
0.550240864351567
0.173018888015049
0.1078865978222284
0.6313767080963797
0.2633011706809161
0.6313767080963797
0.4579742517298849
0.5281495580825699
0.7011317501746981
0.8998379203015616
0.5235060239372316
0.6544372654072546
0.6313767080963797
0.173018888015049
0.5794171911391641
0.2810350150507871
0.8720042570114057
0.060158633719099186
0.4189059566676028
0.8036332754612725
0.6418431669768905
0.711407957677332
0.10362894841828096
0.8781606116128222
0.060158633719099186
0.173018888015049
0.1742047841849772
0.2967362877922509
0.10362894841828096
0.8211356690777039
0.5662293375415796
0.2967362877922509
0.3640784987090723
0.8036332754612725
0.21970625713585357
0.8191103818555314
0.3395028159934398
0.2633011706809161
0.9083927728280858
0.9169132861106573
0.3640784987090723
0.47468207344061053
0.2967362877922509
0.6313767080963797
0.2633011706809161
0.9405939372067619
0.8172404735636725
0.2967362877922509
0.8781606116128222
0.6156720762955917
0.6042546680828391
0.6226859019268991
0.4033546515082771
0.7267384217333805
0.6001591022256602
0.9405939372067619
0.8457454096231709
0.4033546515082771
0.49036845482310654
0.7011317501746981
0.7173762692753962
0.17891856662527733
0.875993947652935
0.13648616198471686
0.6504257313227819
0.3640784987090723
0.8191103818555314
0.2810350150488244
0.5122986767935378
0.7618327927502013
0.09542276411723097
0.8211356690777039
0.2633011706809161
0.9048071815994869
0.1078865978222284
0.3259858014855841
0.3533061715076474
0.8036332754612725
0.19834242776830152
0.5278834885882986
0.16282023381472166
0.8869643801784184
0.8896185058768009
0.913449478108106
0.10362894841828096
0.3471204253933652
0.8869643801784184
0.2967362877922509
0.4189059566676028
0.2967362877922509
0.6214423757409916
0.5356252187750283
0.32442542439820665
0.8191103818555314
0.875993947652935
0.2633011706809161
0.7173762692753962
0.2849009937870437
0.6706249919446827
0.7618327927502013
