0.5624942591139213
0.5788371255230687
0.7664037669465673
0.5624942591139213
0.43247284956004595
0.8118225935872494
0.615826385671691
0.4209473385396858
0.3660872878703444
0.5624942591139213
0.13831357079699208
0.21304457988904774
0.9194548469304049
0.26921367339328905
0.3165325287520945
0.6377232315301955
0.13831357079699208
0.8678526408532439
0.1726220694408464
0.5847833482122362
0.6300120398892934
0.11435606252998637
0.6311537931673736
0.4636102242449017
0.6540416587957243
0.8463423911117756
0.28969372209771216
0.4209473385396858
0.8860544591767483
0.5870791990192563
0.8860544591767483
0.8860544591767483
0.8118288770880036
0.3660872878703444
0.615826385671691
0.6395232307845065
0.5242634008491629
0.28969372209771216
0.5026364792284645
0.09904574086212967
0.5934586902509946
0.4279062700602796
0.4279062700602796
0.28927634631183285
0.6234785175195066
0.5026364792284645
0.6028235250821017
0.8625726298173664
0.34259526853564837
0.814732090488167
0.6325712487163593
0.7140899618166585
0.1895629188396129
0.2166346091634429
0.6234785175195066
0.8911657733442151
0.3333346229264169
0.814732090488167
0.3499111519814547
0.2566227832141602
0.2166346091634429
0.8860544591767483
0.5870791990192563
0.7723331689957346
0.7140899618166585
0.8860544591767483
0.8175955299165361
0.3089604013203311
0.8547926779562338
0.6104476275358648
0.2357443152979577
0.21816356731812078
0.22189634070786526
0.5242634008491629
0.11435606252998637
0.8625726298173664
0.6540416587957243
0.8118265015161052
0.8860544591767483
0.8678526408532439
0.8175955299165361
0.8646763057072608
0.26921367339328905
0.0839519125652565
0.13031290254999756
0.19250723812840267
0.6336729176112382
0.0839519125652565
0.8946429016305899
0.5565784722781022
0.1895629188396129
0.7664037669465673
0.8946429016305899
0.1726220694408464
0.4278053979580778
0.9194548469304049
0.6104476275358648
0.23077998162628738
0.5788371255230687
0.6540416587957243
0.5565793265524855
0.19250723812840267
0.8017000450622525
0.2357443152979577
0.6028235250821017
0.9194548469304049
0.811827331544985
0.3184615771253715
0.5565784722781022
0.6336729170105411
0.5788371255230687
0.11435606252998637
0.17261082235295933
0.3499111519814547
0.17260720204383215
0.2833410142244102
0.0839519125652565
0.8118281615738647
0.17260646174647687
0.7140899618166585
0.4761024034695701
0.1895629188396129
0.8962292325535988
0.11435606252998637
0.2144313651346279
0.2013184445058171
0.3539074413832848
0.0839519125652565
0.3165325287520945
0.1576290131252706
0.17162331335005343
0.7391219315650001
0.5847833482122362
0.8017000450622525
0.5559793366573305
0.6311537931673736
0.22189634070786526
0.6301131088975995
0.8116352338818995
0.7664037669465673
0.0839519125652565
0.7391219315650001
0.8946429016305899
0.5624942591139213
0.4761024034695701
0.8116352338818995
0.5934586902509946
0.6199795597301276
0.3920953041155064
0.7696984433519218
0.6330089375170604
0.1895629188396129
0.11435606252998637
0.7723331689957346
0.21304457988904774
0.6234785175195066
0.6395232307845065
0.5565878692963183
0.8117410279178222
0.8946429016305899
0.6234785175195066
0.6336729170105411
0.6234785175195066
0.1895629188396129
0.7140899618166585
0.240087694324346
0.8463423911117756
0.0839519125652565
0.4636102242449017
0.818144643020287
0.6199795597301276
0.5934586902509946
0.09904574086212967
0.8860544591767483
0.2013184445058171
0.23077998162628738
0.17162331335005343
0.2801011730541688
0.09904574086212967
0.7140899618166585
0.6325712487163593
0.3089604013203311
0.34259526853564837
0.8463423911117756
0.2833410142244102
0.8547926779562338
0.4279062700602796
0.3920953041155064
0.6300120398892934
0.8860544591767483
0.3333346229264169
0.6234785175195066
0.1576290131252706
0.45796566829130714
0.4278053979580778
0.8860544591767483
0.811827331544985
0.2566227832141602
0.8860544591767483
0.6199795597301276
0.6311537931673736
0.5559793366573305
0.43247284956004595
0.6540416587957243
0.7696984433519218
0.9194548469304049
0.6325712487163593
0.4636102242449017
0.4636102242449017
0.6377232315301955
0.7488723477020516
0.17162331335005343
0.8860544591767483
0.13031290254999756
0.6301131088975995
0.3539074413832848
0.7140899618166585
0.21816356731812078
0.8117400683217113
0.6330089375170604
0.240087694324346
0.8116352338818995
0.3184615771253715
0.8646763057072608
0.11435606252998637
0.45796566829130714
0.2801011730541688
0.818144643020287
0.17260720204383215
0.6336729164098439
0.2144313651346279
0.8911657733442151
0.9194548469304049
0.8962292325535988
0.2566227832141602
0.31717554487652017
0.8911657733442151
0.28927634631183285
0.43247284956004595
0.3089604013203311
0.6199795597301276
0.31717554487652017
0.3165325287520945
0.7488723477020516
0.8117410279178222
0.26921367339328905
0.6234785175195066
0.2357443152979577
0.6395232307845065
0.7140899618166585
