0.6365374167414304
0.5533931179825204
0.8542993367721103
0.583896954330396
0.3465136189929777
0.807242912368951
0.6265298859982114
0.5197976285233109
0.3660872878703444
0.6385340343647261
0.14104129946326546
0.17769041254038398
0.9142539303557093
0.30838774704611494
0.35422629754308677
0.6385340343647261
0.14104129946326546
0.8468015898055821
0.15114287737536802
0.5664368981688903
0.6082353150907531
0.10103399753160525
0.6474739563784793
0.5493642101134897
0.5393531946300671
0.8468015898055821
0.2945273133750981
0.3870809733458703
0.8757533736494221
0.5591809291494181
0.8757533736494221
0.8757533736494221
0.8126145618033702
0.3660872878703444
0.6265298859982114
0.711407957677332
0.5166533228129173
0.28232218580725266
0.5465809332826026
0.08027926856862475
0.7651063379887424
0.46215948276861535
0.46215948276861535
0.29401221466717486
0.5356866953043931
0.4595954925058935
0.5591809291494181
0.8656123716108108
0.3348986237502243
0.8123944980751074
0.4206133787840126
0.5497635931258952
0.19582230631489717
0.22767974291679471
0.6265298859982114
0.8988064627082062
0.2382031023374905
0.8126143850204723
0.3856306346909151
0.29035998168215776
0.22767974291679471
0.8874436066141986
0.6028922388063307
0.8542993367721103
0.5356866953043931
0.8707256807664577
0.8169095921672289
0.15114287737536802
0.8874436066141986
0.6552749083665659
0.2244889671850454
0.27275326865885463
0.13216288927655362
0.5166533228129173
0.11486676482083194
0.8883240575608944
0.690847325809658
0.8123944980751074
0.8889919820710357
0.8988064627082062
0.8169095921672289
0.9142539303557093
0.2620374299583904
0.08451331999408512
0.14425904821145866
0.33877688818075724
0.583896954330396
0.07222064035913037
0.8988064627082062
0.7651063379887424
0.20924542330963478
0.7521934165453179
0.9142539303557093
0.23879168264480416
0.5664368981688903
0.9142539303557093
0.6028922388063307
0.27275326865885463
0.5465809332826026
0.6385340343647261
0.5664368981688903
0.18094405363246563
0.8874436066141986
0.19941261847715247
0.6321763299352054
0.9142539303557093
0.8126146087096939
0.2853587631743587
0.4206133787840126
0.6346504286135308
0.6365374216127797
0.025981679938708355
0.13216288927655362
0.5153745245793397
0.1338485073583106
0.3465136189929777
0.08451331999408512
0.8126145028757376
0.1338485073583106
0.8468015898055821
0.5664368981688903
0.17769041254038398
0.8874436066141986
0.1982375813642575
0.07222064035913037
0.1982375813642575
0.35874092454148604
0.10103399753160525
0.29401221466717486
0.025981679938708355
0.16751762561820804
0.6474739563784793
0.5497635931258952
0.8127252186069852
0.3856306346909151
0.5533931179825204
0.23879168264480416
0.6365374316703853
0.8094337633497387
0.8117332669005373
0.07222064035913037
0.8988064627082062
0.8988064627082062
0.4595954925058935
0.2244889671850454
0.8123944980751074
0.4941547824567092
0.6365374167414304
0.5493642101134897
0.7696984433519218
0.5533931179825204
0.18094405363246563
0.11486676482083194
0.6385340343647261
0.2620374299583904
0.6375841203886237
0.5465809332826026
0.5465809332826026
0.7765673323050786
0.8988064627082062
0.6552749083665659
0.690847325809658
0.6375841203886237
0.1982375813642575
0.583896954330396
0.20924542330963478
0.8757533736494221
0.08027926856862475
0.5197976285233109
0.810294735167856
0.6346504286135308
0.711407957677332
0.10103399753160525
0.8757533736494221
0.16285641298799522
0.19941261847715247
0.16751762561820804
0.29035998168215776
0.10103399753160525
0.8468015898055821
0.6456996529160426
0.29401221466717486
0.35661540679017445
0.8094337633497387
0.2382031023374905
0.8126146808375474
0.33877688818075724
0.28232218580725266
0.7765673323050786
0.8889919820710357
0.30838774704611494
0.4941547824567092
0.29401221466717486
0.5393531946300671
0.2988030223815631
0.8707256807664577
0.8126145618033702
0.2988030223815631
0.8757533736494221
0.6265298859982114
0.6346504286135308
0.6028922388063307
0.37477120728941327
0.7530591999959961
0.7696984433519218
0.93132360526753
0.6456996529160426
0.3870809733458703
0.49328824379903596
0.6321763299352054
0.7193540820422943
0.16285641298799522
0.8889919820710357
0.14425904821145866
0.6365374316703853
0.35874092454148604
0.8656123716108108
0.19582230631489717
0.6082353150907531
0.7530591999959961
0.2620374299583904
0.8127252186069852
0.28232218580725266
0.8127252186161997
0.11486676482083194
0.37477120728941327
0.35422629754308677
0.810294735167856
0.1338485073583106
0.6265298859982114
0.19582230631489717
0.8988064627082062
0.93132360526753
0.9142539303557093
0.10103399753160525
0.35661540679017445
0.8883240575608944
0.2853587631743587
0.5153745245793397
0.29401221466717486
0.6346504286135308
0.49328824379903596
0.3348986237502243
0.7521934165453179
0.807242912368951
0.2620374299583904
0.7193540820422943
0.2945273133750981
0.6346504286135308
0.8117332669005373
