0.7031802881076595
0.550240864351567
0.8175075199194821
0.5760812714027721
0.406250923504726
0.8896185058768009
0.6127869265728918
0.7623121764261953
0.28905791715894835
0.5760812714027721
0.13739559252238798
0.17371006550820245
0.9171759798398602
0.25921124114502403
0.2265662425911466
0.6320489842451562
0.13739559252238798
0.8869643801784184
0.012917144506397134
0.32396353123437405
0.6087895436008532
0.012917144506397134
0.603864578262562
0.5387330210467592
0.5281495580825699
0.8193093687944604
0.33211585243788866
0.33211585243788866
0.8679210514682512
0.7255859718593118
0.8679210514682512
0.8679210514682512
0.813683532095544
0.4105523438831301
0.6127869265728918
0.7030716326009121
0.5171329080361999
0.2779395705263895
0.6550163258886195
0.0715278609343942
0.7054065002011236
0.43787210605974813
0.4471690846367944
0.26534446207795714
0.5942309970411237
0.4105523438831301
0.6242882970540916
0.9731465254911905
0.34689881691669405
0.8331550654682605
0.406250923504726
0.5171329080361999
0.16364406836471185
0.2806713242338671
0.5008372539609067
0.8869643801784184
0.2265662425911466
0.7255859718593118
0.5008372539609067
0.33308907907286134
0.11485885590654521
0.9055618339021585
0.6474453836727982
0.5171329080361999
0.5942309970411237
0.8679210514682512
0.7627518269917941
0.26534446207795714
0.9065922037379088
0.785661855186603
0.26534446207795714
0.592199774938525
0.17371006550820245
0.603864578262562
0.05564470442977747
0.9731465254911905
0.8945584353110534
0.7491208611335665
0.9055618339021585
0.9571964158095979
0.7627518269917941
0.9171759798398602
0.25921124114502403
0.20598628622526738
0.16113618242129352
0.36046505394357564
0.7030716326009121
0.0715278609343942
0.9048071815994869
0.7491208611335665
0.16113618242129335
0.8896185058768009
0.922467867890836
0.36541545037131506
0.550240864351567
0.922467867890836
0.5942309970411237
0.23700960741413163
0.5281495580825699
0.7030716326009121
0.43787210605974813
0.16113618242129343
0.9055618339021585
0.23700960741413163
0.6775493756632769
0.9171759798398602
0.785661855186603
0.32441834384909446
0.43787210605974813
0.7627518269917941
0.7257204880343853
0.033937179168439774
0.13739559252238798
0.6022412102695303
0.05564470442977747
0.26869103745705114
0.012917144506397134
0.7257204880343853
0.16113618242129343
0.9055618339021585
0.5786487216921945
0.16113618242129335
0.8457454096231709
0.16874627399565578
0.033937179168439774
0.16874627399565578
0.36046505394357564
0.26869103745705114
0.32396353123437405
0.033937179168439774
0.25474639274098876
0.5773038667786876
0.5773038667786876
0.8896185058768009
0.39898184869010905
0.550240864351567
0.05396701732956152
0.5949584974328668
0.8193093687944604
0.8175075199194821
0.05776908190741105
0.9048071815994869
0.8973532896525991
0.6087895436008532
0.16113618242129352
0.9065922037379088
0.4471690846367944
0.7031802881076595
0.5008372539609067
0.8331550654682605
0.550240864351567
0.18452713614116412
0.11485885590654521
0.6320489842451562
0.2677088584874279
0.6353467495340923
0.36046505394357564
0.5281495580825699
0.5387330210467592
0.8973532896525991
0.5026163211689354
0.6550163258886195
0.6320489842451562
0.16874627399565578
0.592199774938525
0.2806713242338671
0.8679210514682512
0.05396701732956152
0.4471690846367944
0.7947568215410843
0.6550163258886195
0.7257204880343853
0.08194065380354165
0.8781606116128222
0.05776908190741105
0.18452713614116412
0.16113618242129352
0.28905791715894835
0.11485885590654521
0.8331550654682605
0.6474453836727982
0.26534446207795714
0.36541545037131506
0.8193093687944604
0.20598628622526738
0.813683532095544
0.36046505394357564
0.23700960741413163
0.9571964158095979
0.9157056225069224
0.36682631077303607
0.5026163211689354
0.33308907907286134
0.6353467495340923
0.25474639274098876
0.9405939372067619
0.813683532095544
0.3140265125063868
0.8781606116128222
0.6127869265728918
0.6087895436008532
0.6022412102695303
0.406250923504726
0.5773038667786876
0.5942309970411237
0.9405939372067619
0.8457454096231709
0.39898184869010905
0.43787210605974813
0.7623121764261953
0.7054065002011236
0.11485885590654521
0.9157056225069224
0.08194065380354165
0.5949584974328668
0.36541545037131284
0.813683532095544
0.2779395705263895
0.5008372539609067
0.7627518269917941
0.033937179168439774
0.6242882970540916
0.26869103745705114
0.9048071815994869
0.11485885590654521
0.36682631077303607
0.34689881691669405
0.7947568215410843
0.17371006550820245
0.5008372539609067
0.16364406836471185
0.8869643801784184
0.8896185058768009
0.8896185058768009
0.11485885590654521
0.32441834384909446
0.8869643801784184
0.3140265125063868
0.406250923504726
0.28905791715894835
0.6550163258886195
0.5760812714027721
0.32396353123437405
0.8457454096231709
0.8896185058768009
0.2677088584874279
0.6775493756632769
0.33211585243788866
0.5786487216921945
0.8945584353110534
