0.6469143913271831
0.581338664963736
0.8181044456307434
0.581338664963736
0.4189059566676028
0.8871875991720557
0.6199636592605038
0.5665740041651846
0.33303067612151116
0.628288134322543
0.13648616198471697
0.16501137508437305
0.9140011006714117
0.2883899621665776
0.23894164208868562
0.628288134322543
0.13648616198471697
0.8463560299788595
0.01729631839432269
0.32442542439820665
0.6475618976503776
0.14464142530981222
0.6162235945787181
0.5665740041651846
0.581338664963736
0.8463560299788595
0.18741774469507688
0.373699491321742
0.8717366566130473
0.7207177794295168
0.8717366566130473
0.8717366566130473
0.8181792257843269
0.4105523438831301
0.6199636592605038
0.711407957677332
0.5171329080361999
0.3553359695099843
0.55505231289812
0.060158633719099186
0.7188581920833046
0.43787210605974813
0.48644685947748256
0.2967362877922509
0.5252570097976581
0.4105523438831301
0.5741030164987057
0.9731465254911905
0.3552268017982161
0.8329082793755027
0.4033546515082771
0.5171329080361999
0.19125452354414485
0.28004363654090425
0.5665740041651846
0.8890606966199011
0.21970625713585357
0.7207177794295168
0.5252570097976581
0.2967362877922509
0.195252631454168
0.9006764229508104
0.6050448502677388
0.628288134322543
0.6187291218751085
0.8717366566130473
0.8890606966199011
0.2245017441446947
0.9006764229508104
0.646097665089848
0.28004363654090425
0.3406381947788817
0.17891856662527733
0.531114459906362
0.1239085480593275
0.9731465254911905
0.690847325809658
0.7987285883614743
0.9006764229508104
0.8890606966199011
0.7618327927502013
0.9140011006714117
0.28004363654090425
0.17106812627503915
0.15166849591492576
0.3406381947788817
0.711407957677332
0.062467459709455136
0.9006271122583966
0.7188581920833046
0.2245017441446947
0.8181822207848692
0.9140011006714117
0.33303067612151116
0.5447366864403389
0.9140011006714117
0.6050448502677388
0.28004363654090425
0.5336723846498193
0.6162235945787181
0.531114459906362
0.17096286862507748
0.9006764229508104
0.28004363654090425
0.5741030164987057
0.9140011006714117
0.7987285883614743
0.3553359522641015
0.43787210605974813
0.6469143913271831
0.6469143913271831
0.025981679938708355
0.13648616198471697
0.6199636592605038
0.07134753486204722
0.2633011706809161
0.01729631839432269
0.8181820820370329
0.17096286862507748
0.8329082793755027
0.6469143913271831
0.16501137508437305
0.8329082793755027
0.195252631454168
0.062467459709455136
0.18741774469507688
0.35533598662861193
0.14464142530981222
0.2883899621665776
0.025981679938708355
0.17891856662527733
0.581338664963736
0.581338664963736
0.8871875991720557
0.373699491321742
0.5447366864403389
0.060158633719099186
0.6199636592605038
0.8180116586687076
0.8181044456307434
0.062467459709455136
0.9006271122583966
0.9006271122583966
0.5392698058411527
0.15166849591492576
0.8181792257843269
0.4786036687862345
0.6240780901675504
0.5252570097976581
0.862852739439274
0.581338664963736
0.18741774469507688
0.1078865978222284
0.628288134322543
0.261401944853521
0.6327789051794128
0.55505231289812
0.5336723846498193
0.7011317501746981
0.9006271122583966
0.5252570097976581
0.690847325809658
0.6327789051794128
0.195252631454168
0.581338664963736
0.17125554812517968
0.8717366566130473
0.060158633719099186
0.4189059566676028
0.8036332754612725
0.6469143913271831
0.711407957677332
0.10481831601837024
0.8785725523290191
0.07134753486204722
0.1239085480593275
0.17106812627503915
0.2967362877922509
0.10481831601837024
0.8463560299788595
0.5665740041651846
0.2967362877922509
0.3553359548078408
0.8180116586687076
0.21970625713585357
0.8181845252258964
0.3406381947788817
0.28004363654090425
0.8890606966199011
0.9140011006714117
0.35533597771751446
0.4786036687862345
0.2967362877922509
0.6327789051794128
0.23894164208868562
0.9278446468578088
0.8181820126631147
0.2967362877922509
0.8785725523290191
0.6240780901675504
0.6475618976503776
0.581338664963736
0.4033546515082771
0.7442856072417909
0.6187291218751085
0.9278446468578088
0.862852739439274
0.4033546515082771
0.48644685947748256
0.7011317501746981
0.7188581920833046
0.17891856662527733
0.8871875991720557
0.13648616198471697
0.6469143913271831
0.35533598662861193
0.8181845252258964
0.195252631454168
0.5665740041651846
0.7618327927502013
0.17125554812517968
0.818176438905539
0.2633011706809161
0.9006271122583966
0.1078865978222284
0.33303067612151116
0.3552268017982161
0.8036332754612725
0.10481831601837024
0.646097665089848
0.19125452354414485
0.8890606966199011
0.9140011006714117
0.9140011006714117
0.10481831601837024
0.3553359522641015
0.8890606966199011
0.2967362877922509
0.4189059566676028
0.2967362877922509
0.6199636592605038
0.5392698058411527
0.32442542439820665
0.8329082793755027
0.8871875991720557
0.261401944853521
0.7188581920833046
0.28004363654090425
0.6469143913271831
0.7442856072417909
