0.5412612751801047
0.5786975102309639
0.764231677328256
0.5624942591139213
0.43247284956004595
0.8117051776309172
0.59214891996925
0.4209473385396858
0.3660872878703444
0.5624942591139213
0.13431323667349482
0.21401109766252574
0.9025768383705245
0.23132834734619817
0.29999579689551037
0.6392521443869629
0.13431323667349482
0.8828894618360539
0.1972544892763321
0.6461090266977787
0.6304420421355121
0.11435606252998637
0.6322592068555819
0.5499601571275048
0.5561920662483975
0.8463423911117756
0.28969372209771216
0.4209473385396858
0.8872706477715802
0.5870791990192563
0.8872706477715802
0.885545020409872
0.79061262204174
0.3660872878703444
0.6271395467052476
0.5823920449832342
0.5363332703829581
0.28969372209771216
0.5026364792284645
0.0861081737505241
0.5906906118740409
0.4279062700602796
0.4517089061833609
0.28557135719417603
0.6172885111269371
0.5026364792284645
0.6271395467052476
0.8673788343432327
0.3158518640748834
0.8041423176756106
0.6271395467052476
0.7146446762429364
0.20790012470127403
0.23132834734619817
0.7146446762429364
0.8828894618360539
0.32330196869709626
0.8013061720760297
0.3499111519814547
0.2792073804580727
0.23132834734619817
0.885545020409872
0.5870791990192563
0.764231677328256
0.7146446762429364
0.885545020409872
0.8128208218370592
0.3261042968224974
0.8547926779562338
0.6099358949562906
0.23285280332238778
0.21565133795853786
0.1972544892763321
0.5363332703829581
0.11435606252998637
0.7555324628008959
0.6326007837019998
0.8041423176756106
0.885545020409872
0.8673788343432327
0.8128208218370592
0.8646763057072608
0.23285280332238778
0.0861081737505241
0.1437820879133124
0.20088198957038544
0.6326007837019998
0.0861081737505241
0.8916178039905316
0.7002813116365483
0.21428447104519444
0.7972538620307399
0.8916178039905316
0.16854873450589153
0.4510299344393567
0.9194548469304049
0.6172885111269371
0.20790012470127403
0.4491820018904222
0.7555324628008959
0.5502316202020494
0.20088198957038544
0.7972538620307399
0.27449459818093497
0.6193137031270914
0.9194548469304049
0.8117051776309172
0.4491820018904222
0.59214891996925
0.6326007837019998
0.5786975102309639
0.11435606252998637
0.16854873450589153
0.3499111519814547
0.20419627465231543
0.29999579689551037
0.0861081737505241
0.8128208218370592
0.17218864163276515
0.6863216168845678
0.5412612751801047
0.21401109766252574
0.8962292325535988
0.11435606252998637
0.23132834734619817
0.20419627465231543
0.3268695070881679
0.0861081737505241
0.37280681208218003
0.16126892025214423
0.33095333686864337
0.7391219315650001
0.5786975102309639
0.7002813116365483
0.5561920662483975
0.5786975102309639
0.28557135719417603
0.6230038049558284
0.8110942102947443
0.764231677328256
0.0861081737505241
0.7391219315650001
0.8704926463711827
0.5624942591139213
0.4510299344393567
0.8110942102947443
0.5906906118740409
0.6322592068555819
0.3920953041155064
0.8013061720760297
0.6340884320115729
0.20419627465231543
0.11435606252998637
0.7004994059236953
0.2631169510042286
0.6304420421355121
0.6392521443869629
0.5502316202020494
0.8117051776309172
0.8916178039905316
0.6193137031270914
0.6326007837019998
0.7611263680278589
0.21428447104519444
0.7146446762429364
0.21428447104519444
0.8704926463711827
0.0861081737505241
0.3261042968224974
0.818144643020287
0.6322592068555819
0.5906906118740409
0.09904574086212967
0.8872706477715802
0.21002476638381223
0.27449459818093497
0.2200949470699738
0.28557135719417603
0.09904574086212967
0.6863216168845678
0.5499601571275048
0.31432042790720505
0.31432042790720505
0.8463423911117756
0.2200949470699738
0.8547926779562338
0.4279062700602796
0.3920953041155064
0.6304420421355121
0.885545020409872
0.33095333686864337
0.5906906118740409
0.16126892025214423
0.35173770038943986
0.2631169510042286
0.885545020409872
0.7972538620307399
0.35173770038943986
0.8872706477715802
0.7004994059236953
0.6304420421355121
0.5561920662483975
0.43247284956004595
0.6326007837019998
0.79061262204174
0.9194548469304049
0.6271395467052476
0.4517089061833609
0.4517089061833609
0.6193137031270914
0.7488723477020516
0.21002476638381223
0.9025768383705245
0.1437820879133124
0.6340884320115729
0.28557135719417603
0.7146446762429364
0.23132834734619817
0.7146446762429364
0.6461090266977787
0.21565133795853786
0.7146446762429364
0.29999579689551037
0.8646763057072608
0.11435606252998637
0.5561920662483975
0.3158518640748834
0.818144643020287
0.17218864163276515
0.6099358949562906
0.23132834734619817
0.7611263680278589
0.9194548469304049
0.8962292325535988
0.20088198957038544
0.32330196869709626
0.8828894618360539
0.2792073804580727
0.43247284956004595
0.3268695070881679
0.6230038049558284
0.32330196869709626
0.37280681208218003
0.7488723477020516
0.8117051776309172
0.23285280332238778
0.7146446762429364
0.23132834734619817
0.5823920449832342
0.7146446762429364
