0.5419703799277202
0.5786975102309639
0.7664037669465673
0.5624942591139213
0.43247284956004595
0.8110942102947443
0.5865913606087791
0.4209473385396858
0.3660872878703444
0.5624942591139213
0.13431323667349482
0.21729309532225116
0.9194548469304049
0.23585252834165685
0.30855615818238624
0.641173565594179
0.13431323667349482
0.8811252808298495
0.1972544892763321
0.6010359296695866
0.6299876442347352
0.11435606252998637
0.6336329613764153
0.5499601571275048
0.5561920662483975
0.8463423911117756
0.28969372209771216
0.4209473385396858
0.8858426175867851
0.5870791990192563
0.8924428306196384
0.8858426175867851
0.7892179513267288
0.3660872878703444
0.6267594088203716
0.634587016594631
0.5398430656848742
0.28969372209771216
0.5026364792284645
0.0864198091764917
0.5920470114451537
0.4279062700602796
0.4517089061833609
0.2792073804580727
0.6172885111269371
0.5026364792284645
0.625511076228981
0.8673788343432327
0.3402801071333405
0.7991957423771449
0.6267594088203716
0.7147501792895616
0.21007661411617104
0.2295608752095682
0.625511076228981
0.8811252808298495
0.3356497843287248
0.7991957423771449
0.3499111519814547
0.2792073804580727
0.23548946387675584
0.8858426175867851
0.5870791990192563
0.7723331689957346
0.7147501792895616
0.8858426175867851
0.8137230737332268
0.3089604013203311
0.8547926779562338
0.6010359296695866
0.22856481698353054
0.22747611851867977
0.1972544892763321
0.5398430656848742
0.11435606252998637
0.751177427510158
0.6345870165948035
0.8110942102947443
0.8858426175867851
0.8673788343432327
0.8137230737332268
0.8646763057072608
0.23585252834165685
0.08569265984923663
0.1437820879133124
0.2001978952774195
0.6345870165946239
0.0864198091764917
0.8924428306196384
0.5920470114451537
0.1962034665559616
0.7892179513267288
0.8924428306196384
0.17218864163276515
0.45195390071382396
0.9194548469304049
0.6172885111269371
0.21007661411617104
0.4482580356159549
0.751177427510158
0.5502316202020494
0.2001978952774195
0.8110942102947443
0.34324819232466375
0.6203262991271686
0.9194548469304049
0.8110942102947443
0.4482580356159549
0.5865913606087791
0.6345870165946265
0.5786975102309639
0.11435606252998637
0.17218864163276515
0.3499111519814547
0.20120024820406435
0.30855615818238624
0.08569265984922869
0.8137230737332268
0.17218864163276515
0.7147501792895616
0.5419703799277202
0.1962034665559616
0.8962292325535988
0.11435606252998637
0.22747611851867977
0.20120024820406435
0.3539074413832848
0.0864198091764917
0.3165325287520945
0.1576290131252706
0.2938810466387466
0.7391219315650001
0.5786975102309639
0.8110942102947443
0.5561920662483975
0.5786975102309639
0.21729309532225116
0.6230038049558284
0.8110942102947443
0.7664037669465673
0.0864198091764917
0.7391219315650001
0.8704926463711827
0.5624942591139213
0.45195390071382396
0.8110942102947443
0.5920470114451537
0.6299876442347352
0.3920953041155064
0.7929835622572594
0.63458701659489
0.2001978952774195
0.11435606252998637
0.7723331689957346
0.23380305794714074
0.6285295173780631
0.641173565594179
0.5502316202020494
0.8110942102947443
0.8924428306196384
0.6172885111269371
0.6293382240088277
0.7573907677052337
0.20539129571249098
0.7147501792895616
0.23621559280656151
0.8704926463711827
0.08569265984923663
0.34324819232466375
0.818144643020287
0.6230038049558284
0.5920470114451537
0.09904574086212967
0.8858426175867851
0.21002476638381223
0.20539129571249098
0.2200949470699738
0.2792073804580727
0.09904574086212967
0.7147501792895616
0.5499601571275048
0.3089604013203311
0.3402801071333405
0.8463423911117756
0.2200949470699738
0.8547926779562338
0.4279062700602796
0.3920953041155064
0.6285295173780631
0.8858426175867851
0.3356497843287248
0.5865913606087791
0.1576290131252706
0.35173770038943986
0.2938810466387466
0.8858426175867851
0.7892179513267288
0.35173770038943986
0.8858426175867851
0.6345870165947709
0.6336329613764153
0.5561920662483975
0.43247284956004595
0.6345870165948035
0.7929835622572594
0.9194548469304049
0.6267594088203716
0.4517089061833609
0.4517089061833609
0.6203262991271686
0.7488723477020516
0.21002476638381223
0.8858426175867851
0.1437820879133124
0.6345870165949312
0.3539074413832848
0.7147501792895616
0.2295608752095682
0.8110942102947443
0.6345870165947582
0.23621559280656151
0.7147501792895616
0.2938810466387466
0.8646763057072608
0.11435606252998637
0.5561920662483975
0.2938810466387466
0.818144643020287
0.17218864163276515
0.6293382240088277
0.22856481698353054
0.7573907677052337
0.9194548469304049
0.8962292325535988
0.2001978952774195
0.3178185610009458
0.8811252808298495
0.2792073804580727
0.43247284956004595
0.3089604013203311
0.6230038049558284
0.3178185610009458
0.3165325287520945
0.7488723477020516
0.8110942102947443
0.23380305794714074
0.7147501792895616
0.22856481698353054
0.6345870165946239
0.7147501792895616
