0.7340168873899549
0.31646225840702646
0.7340168873899549
0.31646225840702646
0.31646225840702646
0.31646225840702646
0.31646225840702646
0.7340168873899549
0.31646225840702646
0.31646225840702646
0.7340168873899549
0.31646225840702646
0.31646225840702646
0.31646225840702646
0.31646225840702646
0.31646225840702646
0.31646225840702646
0.31646225840702646
0.31646225840702646
0.31646225840702646
0.31646225840702646
0.7340168873899549
0.31646225840702646
0.31646225840702646
0.31646225840702646
0.7340168873899549
0.31646225840702646
0.31646225840702646
0.7340168873899549
0.7340168873899549
0.31646225840702646
0.7340168873899549
0.7340168873899549
0.31646225840702646
0.31646225840702646
0.31646225840702646
0.7340168873899549
0.31646225840702646
0.31646225840702646
0.7340168873899549
0.7340168873899549
0.31646225840702646
0.31646225840702646
0.31646225840702646
0.31646225840702646
0.31646225840702646
0.7340168873899549
0.31646225840702646
0.31646225840702646
0.31646225840702646
0.31646225840702646
0.31646225840702646
0.7340168873899549
0.7340168873899549
0.31646225840702646
0.31646225840702646
0.31646225840702646
0.7340168873899549
0.31646225840702646
0.7340168873899549
0.31646225840702646
0.31646225840702646
0.7340168873899549
0.7340168873899549
0.31646225840702646
0.31646225840702646
0.7340168873899549
0.31646225840702646
0.31646225840702646
0.7340168873899549
0.31646225840702646
0.7340168873899549
0.31646225840702646
0.2603914385679831
0.31646225840702646
0.31646225840702646
0.31646225840702646
0.7340168873899549
0.7340168873899549
0.31646225840702646
0.31646225840702646
0.31646225840702646
0.31646225840702646
0.31646225840702646
0.31646225840702646
0.31646225840702646
0.7340168873899549
0.7340168873899549
0.31646225840702646
0.7340168873899549
0.31646225840702646
0.2902783218376553
0.7340168873899549
0.31646225840702646
0.7340168873899549
0.7340168873899549
0.31646225840702646
0.7340168873899549
0.31646225840702646
0.31646225840702646
0.31646225840702646
0.31646225840702646
0.7340168873899549
0.31646225840702646
0.7340168873899549
0.31646225840702646
0.31646225840702646
0.31646225840702646
0.31646225840702646
0.31646225840702646
0.31646225840702646
0.31646225840702646
0.7340168873899549
0.31646225840702646
0.31646225840702646
0.7340168873899549
0.31646225840702646
0.31646225840702646
0.7340168873899549
0.31646225840702646
0.31646225840702646
0.8425468039324504
0.31646225840702646
0.7340168873899549
0.389644900248036
0.7328436866096418
0.31646225840702646
0.31646225840702646
0.31646225840702646
0.5114010366801576
0.928688973794391
0.7340168873899549
0.7340168873899549
0.31646225840702646
0.7340168873899549
0.31646225840702646
0.31646225840702646
0.31646225840702646
0.7340168873899549
0.31646225840702646
0.31646225840702646
0.26441630619936607
0.31646225840702646
0.9779555587659111
0.7340168873899549
0.7340168873899549
0.7340168873899549
0.31646225840702646
0.31646225840702646
0.31646225840702646
0.9779555587659111
0.31646225840702646
0.31646225840702646
0.31646225840702646
0.31646225840702646
0.31646225840702646
0.31646225840702646
0.31646225840702646
0.31646225840702646
0.7340168873899549
0.31646225840702646
0.7340168873899549
0.7340168873899549
0.2902783218376553
0.31646225840702646
0.31646225840702646
0.7340168873899549
0.26441630619936607
0.7340168873899549
0.31646225840702646
0.31646225840702646
0.7340168873899549
0.31646225840702646
0.31646225840702646
0.31646225840702646
0.1615215440419857
0.7340168873899549
0.31646225840702646
0.31646225840702646
0.8967452408023373
0.31646225840702646
0.7340168873899549
0.31646225840702646
0.8967452408023373
0.31646225840702646
0.2603914385679831
0.7340168873899549
0.31646225840702646
0.7340168873899549
0.7340168873899549
0.31646225840702646
0.31646225840702646
0.31646225840702646
0.31646225840702646
0.7328436866096418
0.31646225840702646
0.7340168873899549
0.31646225840702646
0.2603914385679831
0.31646225840702646
0.31646225840702646
0.31646225840702646
0.7340168873899549
0.8967452408023373
0.7340168873899549
0.928688973794391
0.389644900248036
0.5114010366801576
0.7340168873899549
0.31646225840702646
0.31646225840702646
0.31646225840702646
0.31646225840702646
0.31646225840702646
0.31646225840702646
0.31646225840702646
0.7649719448118814
0.7340168873899549
0.31646225840702646
0.31646225840702646
0.31646225840702646
0.31646225840702646
0.31646225840702646
0.5079322655714776
0.31646225840702646
0.8425468039324504
0.7340168873899549
0.7340168873899549
0.31646225840702646
0.7340168873899549
0.31646225840702646
0.31646225840702646
0.7340168873899549
0.7340168873899549
0.31646225840702646
0.31646225840702646
0.7340168873899549
0.7340168873899549
0.31646225840702646
0.7340168873899549
0.31646225840702646
0.7340168873899549
0.31646225840702646
0.31646225840702646
0.7649719448118814
0.1615215440419857
0.7340168873899549
0.31646225840702646
0.31646225840702646
0.8425468039324504
