0.7341518474925137
0.3165469591553345
0.7341518474925137
0.3165469591553345
0.3165469591553345
0.3165469591553345
0.3165469591553345
0.7341518474925137
0.7341518474925137
0.3165469591553345
0.7341518474925137
0.3165469591553345
0.3165469591553345
0.3165469591553345
0.7341518474925137
0.3165469591553345
0.7341518474925137
0.3165469591553345
0.7341518474925137
0.7341518474925137
0.3165469591553345
0.7341518474925137
0.7341518474925137
0.7341518474925137
0.3165469591553345
0.3165469591553345
0.3165469591553345
0.3165469591553345
0.7341518474925137
0.3165469591553345
0.3165469591553345
0.7341518474925137
0.7341518474925137
0.3165469591553345
0.7341518474925137
0.7341518474925137
0.3165469591553345
0.3165469591553345
0.7341518474925137
0.7341518474925137
0.3165469591553345
0.7341518474925137
0.3165469591553345
0.3165469591553345
0.3165469591553345
0.7341518474925137
0.7341518474925137
0.3165469591553345
0.3165469591553345
0.3165469591553345
0.3165469591553345
0.3165469591553345
0.3165469591553345
0.7341518474925137
0.3165469591553345
0.3165469591553345
0.3165469591553345
0.7341518474925137
0.3165469591553345
0.7341518474925137
0.3165469591553345
0.3165469591553345
0.7341518474925137
0.7341518474925137
0.7341518474925137
0.3165469591553345
0.7341518474925137
0.3165469591553345
0.308888446327765
0.3165469591553345
0.3165469591553345
0.7341518474925137
0.3165469591553345
0.2603914385679831
0.3165469591553345
0.3165469591553345
0.3165469591553345
0.7341518474925137
0.7341518474925137
0.3165469591553345
0.3165469591553345
0.3165469591553345
0.7341518474925137
0.3165469591553345
0.3165469591553345
0.3165469591553345
0.7341518474925137
0.7341518474925137
0.3165469591553345
0.7341518474925137
0.3165469591553345
0.2902783218376553
0.7341518474925137
0.3165469591553345
0.7312947612792976
0.7341518474925137
0.3165469591553345
0.7341518474925137
0.3165469591553345
0.3165469591553345
0.3165469591553345
0.3165469591553345
0.7341518474925137
0.3165469591553345
0.7341518474925137
0.3165469591553345
0.7341518474925137
0.3165469591553345
0.3165469591553345
0.3165469591553345
0.3165469591553345
0.3165469591553345
0.7341518474925137
0.3165469591553345
0.3165469591553345
0.7341518474925137
0.3165469591553345
0.3165469591553345
0.3165469591553345
0.3165469591553345
0.3165469591553345
0.8425468039324504
0.3165469591553345
0.7341518474925137
0.389644900248036
0.729075461912706
0.3165469591553345
0.3165469591553345
0.3165469591553345
0.5114010366801576
0.928688973794391
0.3165469591553345
0.7341518474925137
0.3165469591553345
0.7341518474925137
0.3165469591553345
0.3165469591553345
0.3165469591553345
0.7341518474925137
0.3165469591553345
0.3165469591553345
0.26441630619936607
0.3165469591553345
0.9779555587659111
0.7341518474925137
0.7341518474925137
0.3165469591553345
0.3165469591553345
0.3165469591553345
0.3165469591553345
0.9779555587659111
0.3165469591553345
0.3165469591553345
0.3165469591553345
0.3165469591553345
0.3165469591553345
0.3165469591553345
0.3165469591553345
0.3165469591553345
0.7341518474925137
0.3165469591553345
0.7341518474925137
0.7341518474925137
0.2902783218376553
0.3165469591553345
0.3165469591553345
0.3165469591553345
0.26441630619936607
0.7341518474925137
0.3165469591553345
0.3165469591553345
0.3165469591553345
0.3165469591553345
0.3165469591553345
0.3165469591553345
0.1615215440419857
0.7341518474925137
0.3165469591553345
0.3165469591553345
0.8967452408023373
0.3165469591553345
0.7341518474925137
0.3165469591553345
0.8967452408023373
0.3165469591553345
0.2603914385679831
0.7341518474925137
0.3165469591553345
0.7312947612792976
0.3165469591553345
0.3165469591553345
0.3165469591553345
0.3165469591553345
0.3165469591553345
0.729075461912706
0.3165469591553345
0.7341518474925137
0.3165469591553345
0.2603914385679831
0.3165469591553345
0.3165469591553345
0.3165469591553345
0.7341518474925137
0.8967452408023373
0.7341518474925137
0.928688973794391
0.389644900248036
0.5114010366801576
0.7341518474925137
0.3165469591553345
0.3165469591553345
0.3165469591553345
0.3165469591553345
0.3165469591553345
0.3165469591553345
0.3165469591553345
0.7649719448118814
0.7341518474925137
0.3165469591553345
0.3165469591553345
0.3165469591553345
0.3165469591553345
0.308888446327765
0.5079322655714776
0.3165469591553345
0.8425468039324504
0.7341518474925137
0.7341518474925137
0.3165469591553345
0.7341518474925137
0.3165469591553345
0.3165469591553345
0.7341518474925137
0.7341518474925137
0.3165469591553345
0.3165469591553345
0.7341518474925137
0.7341518474925137
0.3165469591553345
0.7341518474925137
0.3165469591553345
0.7341518474925137
0.3165469591553345
0.3165469591553345
0.7649719448118814
0.1615215440419857
0.7341518474925137
0.3165469591553345
0.3165469591553345
0.8425468039324504
