0.7369658788655835
0.3193292505808509
0.736965879448917
0.3193288655002906
0.7369658787823898
0.3193286383650149
0.3193286663299968
0.3193287158660458
0.3193294094970625
0.3193304224821123
0.31932859770400673
0.7369658787894916
0.31932902301260296
0.7369658789262914
0.7369658790662669
0.31932913023380727
0.3193285958598099
0.3193288655002906
0.3193287158660458
0.7369658788358366
0.31932849675538894
0.31932908846746194
0.3193286663299968
0.3193294411187386
0.3193291733256652
0.31932862663690154
0.7369658787894916
0.3193283497884865
0.3193288170811335
0.7369658788655835
0.3193297760039255
0.7369658789249391
0.7369658789249391
0.31932889314679774
0.31932930279495747
0.7369658792409411
0.7369658792201088
0.3193287197404809
0.3193288312108719
0.31932849675538894
0.31932862505367093
0.3193287615720646
0.31932872431794546
0.31932858394210595
0.31932833059421084
0.3193287615720646
0.7369658793257616
0.3193312970278582
0.3193293107376003
0.7369658789163053
0.3193280784425506
0.3193290132526076
0.31932890958069604
0.7369658787037751
0.3193287158660458
0.31932872369721665
0.3193287781099095
0.7369658787398254
0.31932864920491366
0.31932875071511163
0.3193284001867928
0.3193282762796388
0.7369658791605428
0.7268747720707804
0.7369658787262611
0.3193288170811335
0.3193293709155429
0.27685330991499746
0.27685330991499746
0.7369658803979631
0.31932915434377634
0.7369658800360243
0.3193288091070423
0.2603914385679831
0.3193290001907223
0.31932844572132796
0.3193293709155429
0.7369658792409411
0.7254640297205139
0.3193290455495191
0.3193282405866544
0.3193306997622059
0.3193285345489961
0.3193285345489961
0.31415180929213943
0.3193294411187386
0.7369658787417442
0.7369658787597998
0.3193289369993984
0.7369658786867559
0.3193284168034547
0.23646807611038934
0.7369658803979631
0.3193287420170079
0.6920743211577172
0.7369658788245653
0.31932861217045416
0.7369658792906699
0.3193286383650149
0.3193292505808509
0.3193286316687812
0.7369658787023283
0.7369658792201088
0.31932913023380727
0.7369658792428186
0.31932868898163586
0.7369658789262914
0.3193308717807845
0.31933211765479486
0.319328326279257
0.18234171408354446
0.31932876579987485
0.7369658786596516
0.3193285355604357
0.3173026000959139
0.7299957611480103
0.31934504454105883
0.31932838170070765
0.3193294094970625
0.3193290132526076
0.31932859770400673
0.8425468039324504
0.31932905510773324
0.7369658786269899
0.389644900248036
0.5875268271116729
0.32998299927227914
0.31932872431794546
0.3193285281101037
0.5114010366801576
0.928688973794391
0.7369658783812902
0.31932902301260296
0.7369658809009478
0.7369658787823898
0.7369658787894916
0.31932872431794546
0.31932871286231324
0.7369658789163053
0.31932861217045416
0.3193292642859349
0.26441630619936607
0.3193288602724604
0.9779555587659111
0.7369658792201088
0.31932967577787996
0.31932966515145167
0.3193285342952028
0.32998299927227914
0.31932865486465456
0.9779555587659111
0.3193291974014121
0.3193294094970625
0.31932848017186993
0.31932858394210595
0.3193284567880372
0.3173026000959139
0.31932865486465456
0.31932871286231324
0.7369658787823898
0.31932860292391285
0.7369658783796389
0.7369658809009478
0.23646807611038934
0.3193285799030727
0.31932862505367093
0.31932896719358655
0.26441630619936607
0.7369658784698425
0.3190402914050392
0.31932915434377634
0.31932978579080257
0.3193289540060743
0.31932844572132796
0.3193285958598099
0.1615215440419857
0.7369658797776316
0.319327856601106
0.31932864456181276
0.8967452408023373
0.319328760630959
0.7369658787432876
0.319328326279257
0.8967452408023373
0.31932842082627233
0.2603914385679831
0.7369658782848103
0.3193288089459496
0.6920743211577172
0.31933219009957
0.3193304224821123
0.3193283543459497
0.3193288312108719
0.2974547129108054
0.5875268271116729
0.3193292310156024
0.7369658788245653
0.3193285881810309
0.2603914385679831
0.31932864284451135
0.3193285345489961
0.3193289665473419
0.7369658787073947
0.8967452408023373
0.7369658784832163
0.928688973794391
0.389644900248036
0.5114010366801576
0.7299957611480103
0.3171051167150798
0.31933171324494064
0.3190402914050392
0.31932890958069604
0.3193292993940381
0.3193306743351986
0.3193288751172904
0.7810121513530233
0.736965880165281
0.3193286409988456
0.31415180929213943
0.3193281309492908
0.319329041544896
0.27685330991499746
0.5079322655714776
0.31932845206773
0.8425468039324504
0.7369658801642957
0.31932908846746194
0.319328323706901
0.7254640297205139
0.31934504454105883
0.18234171408354446
0.7268747720707804
0.7369658779080736
0.31932864284451135
0.3193287781099095
0.7369658809009478
0.7369658788522123
0.2974547129108054
0.7369658788526299
0.3171051167150798
0.7369658800360243
0.31932841446668336
0.31932848017186993
0.7810121513530233
0.1615215440419857
0.7369658779080736
0.3193284364328565
0.3193285889844924
0.8425468039324504
