0.7340007216063875
0.3148898700503699
0.7340007216063875
0.7340007216063875
0.31488990116468896
0.3148899055090533
0.7340007216063875
0.7340007216063875
0.7340007216063875
0.3148898695366658
0.3148898977563318
0.31488989039714455
0.31488976947316644
0.3148898893246228
0.3148898913826453
0.3148898935937039
0.31488990116468896
0.3148899137670781
0.31488985615408627
0.31488987245517797
0.31488989039714455
0.7340007216063875
0.3148899104955685
0.31488985346729625
0.3148899321485931
0.31488987844093264
0.31488989039714455
0.3148899137670781
0.31488990796062855
0.3148898618064064
0.3148898590148383
0.31488985983730483
0.7340007216063875
0.31488990960268204
0.3148898840322429
0.31488990252755117
0.7340007216063875
0.3148898691504719
0.3148898695366658
0.31488985346729625
0.31488987245517797
0.7340007216063875
0.3148898907527605
0.3148898611087792
0.7340007216063875
0.3148898700503699
0.7340007216063875
0.3148898952903324
0.3148899186512928
0.31488991071280714
0.31488979250159266
0.3148899156860701
0.7340007216063875
0.7340007216063875
0.31488979250159266
0.31488988043330524
0.314889859989985
0.7340007216063875
0.3148898894603382
0.314889884183044
0.31488990396727456
0.31488988040639954
0.7340007216063875
0.7340007216063875
0.3148899160216989
0.3148899108285264
0.7340007216063875
0.3148898937069046
0.3148899268844653
0.31488989128916217
0.31488978383098765
0.7340007216063875
0.3148899251115884
0.3109973584520572
0.3148898839345653
0.3148898852843138
0.31488990220026136
0.7340007216063875
0.3148898937069046
0.3148898894603382
0.31488987068714686
0.3148899203490826
0.314889859989985
0.31488991542250444
0.314889772022871
0.314889887289309
0.7340007216063875
0.7340007216063875
0.3148899055084793
0.7340007216063875
0.31488991659540505
0.31488991084608386
0.7340007216063875
0.31488985615408627
0.7340007216063875
0.7340007216063875
0.31488989194403716
0.7340007216063875
0.3148899013585528
0.3148898891782268
0.3148898222287026
0.3148899055090533
0.7340007216063875
0.31488987334999957
0.7340007216063875
0.31488990520844995
0.3148898935937039
0.3148898727349595
0.3148898590148383
0.31488992957175577
0.3148897932363695
0.3148898977563318
0.3148898859289183
0.3148899405686613
0.31488989181923666
0.7340007216063875
0.31489003892396095
0.3148898829035998
0.7340007216063875
0.31488990252755117
0.31488989128916217
0.8425468039324504
0.31488986469546953
0.7340007216063875
0.389644900248036
0.7340007216063875
0.3148899290796409
0.3148898988166537
0.31488988538974866
0.5114010366801576
0.928688973794391
0.7340007216063875
0.3148898093789773
0.3148899160225599
0.7340007216063875
0.3148899158785387
0.3148898891782268
0.3148898765007206
0.7340007216063875
0.31488987763701304
0.3148898829035998
0.3148898528154762
0.3148898853809157
0.9779555587659111
0.7340007216063875
0.7340007216063875
0.7340007216063875
0.31488999093476044
0.3148899122144117
0.31488989181923666
0.9779555587659111
0.31488991124965704
0.3148899006096785
0.3148899097748768
0.3148898852843138
0.31488990861445837
0.3148899190423604
0.31488992439174324
0.3148898840322429
0.7340007216063875
0.3148898859289183
0.7340007216063875
0.7340007216063875
0.31488991588830695
0.31488991084608386
0.3148899052963511
0.7340007216063875
0.31488987993549933
0.7340007216063875
0.314889915376438
0.31488972225950307
0.7340007216063875
0.31488991127028604
0.31488990252755117
0.3148899330030352
0.1615215440419857
0.7340007216063875
0.3148899026515855
0.3148899639459921
0.8967452408023373
0.31488989810757084
0.7340007216063875
0.3148899053478353
0.8967452408023373
0.3148898383671915
0.3109973584520572
0.7340007216063875
0.3148899251115884
0.7340007216063875
0.7340007216063875
0.7340007216063875
0.3148898613520224
0.31488978383098765
0.3148896689814864
0.7340007216063875
0.31488964268051983
0.7340007216063875
0.31488990861445837
0.3109973584520572
0.31488999093476044
0.314889859989985
0.314889894583275
0.7340007216063875
0.8967452408023373
0.7340007216063875
0.928688973794391
0.389644900248036
0.5114010366801576
0.7340007216063875
0.3148899408440928
0.314890007696628
0.3148899130006699
0.3148899251115884
0.3148899013585528
0.31488990105901554
0.3148898611087792
0.7514220346594778
0.7340007216063875
0.31488990220026136
0.314889772022871
0.31488990960268204
0.31488978383098765
0.31488992228929397
0.5079322655714776
0.3148899290920877
0.8425468039324504
0.7340007216063875
0.3148898618064064
0.3148899097748768
0.7340007216063875
0.31489003892396095
0.3148898968978231
0.7340007216063875
0.7340007216063875
0.3148899225528319
0.3148899108285264
0.7340007216063875
0.7340007216063875
0.3148894633458618
0.7340007216063875
0.31488990958227947
0.7340007216063875
0.3148898988166537
0.31488988605057705
0.7514220346594778
0.1615215440419857
0.7340007216063875
0.314889895285215
0.3148899332262118
0.8425468039324504
