0.7366764117391948
0.3188870003995621
0.7366678159774067
0.3188870003995621
0.7366810451806578
0.7366559997639248
0.3188870003995621
0.7366810451806578
0.7366810451806578
0.3188870003995621
0.7366853602806127
0.3188870003995621
0.3188870003995621
0.7366558036828815
0.7366746242850205
0.3188870003995621
0.3188870003995621
0.7366731507405433
0.3188870003995621
0.7366793694249385
0.3188870003995621
0.7366565951013524
0.7366765183589692
0.3188870003995621
0.3188870003995621
0.7365547084128764
0.7366723551146709
0.3188870003995621
0.3188870003995621
0.7366736318234728
0.3188870003995621
0.7366742100939052
0.7366742100939052
0.3188870003995621
0.3188870003995621
0.3188870003995621
0.3188870003995621
0.3188870003995621
0.3188870003995621
0.3188870003995621
0.3188870003995621
0.3188870003995621
0.3188870003995621
0.3188870003995621
0.3188870003995621
0.3188870003995621
0.7366839022887317
0.3188870003995621
0.3188870003995621
0.7366769867619789
0.3188870003995621
0.3188870003995621
0.3188870003995621
0.7366755265011802
0.3188870003995621
0.3188870003995621
0.3188870003995621
0.7366853602806127
0.3188870003995621
0.3188870003995621
0.3188870003995621
0.3188870003995621
0.7366757645808071
0.7366793694249385
0.3188870003995621
0.3188870003995621
0.3188870003995621
0.3188870003995621
0.28746369756159096
0.3188870003995621
0.3188870003995621
0.7366753061886423
0.3188870003995621
0.2603914385679831
0.3188870003995621
0.3188870003995621
0.3188870003995621
0.7366717794183069
0.7315569791267508
0.3188870003995621
0.3188870003995621
0.3188870003995621
0.3188870003995621
0.3188870003995621
0.3188870003995621
0.3188870003995621
0.7366966561694852
0.7366835196291471
0.3188870003995621
0.7366732925793043
0.3188870003995621
0.23646807611038934
0.7366658576200743
0.3188870003995621
0.6920743211577172
0.7366856180555329
0.3188870003995621
0.7366746242850205
0.3188870003995621
0.3188870003995621
0.3188870003995621
0.7366769867619789
0.7366678159774067
0.3188870003995621
0.736675974103554
0.3188870003995621
0.3188870003995621
0.3188870003995621
0.3188870003995621
0.3188870003995621
0.18234171408354446
0.3188870003995621
0.7366755265011802
0.3188870003995621
0.3188870003995621
0.7362070311301149
0.3188870003995621
0.3188870003995621
0.7366535672629659
0.3188870003995621
0.3188870003995621
0.8425468039324504
0.3188870003995621
0.7366753359846033
0.389644900248036
0.6248217656859535
0.3188870003995621
0.3188870003995621
0.3188870003995621
0.5114010366801576
0.928688973794391
0.7366837067520615
0.3188870003995621
0.3188870003995621
0.7366839022887317
0.7366752027686264
0.3188870003995621
0.3188870003995621
0.7366731507405433
0.3188870003995621
0.3188870003995621
0.26441630619936607
0.3188870003995621
0.9779555587659111
0.7366683928041149
0.3188870003995621
0.3188870003995621
0.3188870003995621
0.3188870003995621
0.3188870003995621
0.9779555587659111
0.3188870003995621
0.3188870003995621
0.3188870003995621
0.3188870003995621
0.3188870003995621
0.3188870003995621
0.3188870003995621
0.3188870003995621
0.7366893464255777
0.3188870003995621
0.7366762246575083
0.7366535672629659
0.23646807611038934
0.3188870003995621
0.3188870003995621
0.3188870003995621
0.26441630619936607
0.7366762246575083
0.3188870003995621
0.3188870003995621
0.3188870003995621
0.3188870003995621
0.3188870003995621
0.3188870003995621
0.1615215440419857
0.7366856180555329
0.3188870003995621
0.3188870003995621
0.8967452408023373
0.3188870003995621
0.7366559997639248
0.3188870003995621
0.8967452408023373
0.3188870003995621
0.2603914385679831
0.7366837067520615
0.3188870003995621
0.6920743211577172
0.7366558036828815
0.7366647963653474
0.3188870003995621
0.3188870003995621
0.2974547129108054
0.6248217656859535
0.3188870003995621
0.7366949635744569
0.3188870003995621
0.2603914385679831
0.3188870003995621
0.3188870003995621
0.3188870003995621
0.736322923557702
0.8967452408023373
0.7366849038301627
0.928688973794391
0.389644900248036
0.5114010366801576
0.7362070311301149
0.3188870003995621
0.3188870003995621
0.3188870003995621
0.3188870003995621
0.3188870003995621
0.3188870003995621
0.3188870003995621
0.7810121513530233
0.7366772870580418
0.3188870003995621
0.3188870003995621
0.3188870003995621
0.3188870003995621
0.28746369756159096
0.5079322655714776
0.3188870003995621
0.8425468039324504
0.7366757645808071
0.3188870003995621
0.3188870003995621
0.7315569791267508
0.3188870003995621
0.18234171408354446
0.7366732925793043
0.7367015379262251
0.3188870003995621
0.3188870003995621
0.7366565731416289
0.736677077697893
0.2974547129108054
0.7366867788646128
0.3188870003995621
0.7366753061886423
0.3188870003995621
0.3188870003995621
0.7810121513530233
0.1615215440419857
0.7367015379262251
0.3188870003995621
0.3188870003995621
0.8425468039324504
