0.7340007216063875
0.31563368018700766
0.7340007216063875
0.3156336802039135
0.31563368020279464
0.7340007216063875
0.31563368021149674
0.3156336802155118
0.3156336802965658
0.3156336801973825
0.3156336802120209
0.3156336802155118
0.3156336802155118
0.31563368020998167
0.31563368021061006
0.3156336802054282
0.3156336802053353
0.3156336802038731
0.7340007216063875
0.31563368023959765
0.3156336801971565
0.7340007216063875
0.3156336802062904
0.3156336801973825
0.315633680210482
0.7340007216063875
0.3156336802137878
0.3156336801987966
0.31563368021228155
0.7340007216063875
0.31563368021795585
0.31563368021672844
0.7340007216063875
0.3156336802111144
0.3156336802053353
0.7340007216063875
0.7340007216063875
0.31563368020279464
0.3156336802039135
0.3156336801967104
0.315633680210482
0.31563368020583205
0.31563368020707083
0.3156336802200535
0.3156336802147146
0.31563368021004545
0.7340007216063875
0.3156336802053998
0.3156336802084945
0.3156336802038731
0.31563368021004545
0.31563368021576244
0.31563368020013743
0.7340007216063875
0.3156336802056052
0.3156336802066334
0.3156336802203987
0.7340007216063875
0.3156336802200535
0.7340007216063875
0.31563368018700766
0.31563368020083765
0.7340007216063875
0.7340007216063875
0.7340007216063875
0.3156336802111144
0.7340007216063875
0.31563368022418453
0.31563368015940746
0.7340007216063875
0.31563368020081084
0.7340007216063875
0.31563368019567223
0.2603914385679831
0.315633680195283
0.31563368020905536
0.31563368021795585
0.7340007216063875
0.7340007216063875
0.3156336802200535
0.3156336802012205
0.31563368020365884
0.31563368020387955
0.3156336802078232
0.31563368020643195
0.31563368020081084
0.7340007216063875
0.7340007216063875
0.31563368022370153
0.7340007216063875
0.3156336802002779
0.3156336802170587
0.7340007216063875
0.315633680195486
0.7340007216063875
0.7340007216063875
0.3156336801988329
0.7340007216063875
0.3156336802179327
0.31563368018700766
0.3156336802522663
0.31563368021890287
0.7340007216063875
0.3156336802054282
0.7340007216063875
0.315633680214785
0.31563368021651783
0.3156336802056052
0.3156336802202501
0.3156336802087095
0.3156336801988329
0.31563368020416915
0.31563368019069693
0.3156336801998868
0.31563368020886917
0.7340007216063875
0.31563368038686657
0.3156336801832607
0.31563368020013743
0.31563368021007343
0.31563368020457966
0.8425468039324504
0.31563368020279464
0.7340007216063875
0.389644900248036
0.7340007216063875
0.31563368020932847
0.3156336802111144
0.31563368020758625
0.5114010366801576
0.928688973794391
0.7340007216063875
0.31563368020890553
0.7340007216063875
0.7340007216063875
0.3156336802137878
0.31563368020707083
0.3156336802101359
0.7340007216063875
0.3156336801988329
0.3156336801832607
0.3156336801589305
0.3156336801956937
0.9779555587659111
0.7340007216063875
0.31563368017669474
0.3156336802134841
0.3156336802572533
0.3156336802141089
0.3156336802113447
0.9779555587659111
0.31563368020416915
0.3156336802221746
0.3156336802179327
0.3156336802099415
0.3156336802075255
0.31563368020886917
0.3156336802029119
0.3156336802101359
0.7340007216063875
0.3156336802012205
0.7340007216063875
0.7340007216063875
0.31563368024451277
0.31563368021131827
0.3156336802026616
0.31563368020688004
0.31563368020998167
0.7340007216063875
0.3156336802977995
0.31563368020081084
0.31563368021228155
0.3156336802203987
0.3156336802096041
0.3156336802378044
0.1615215440419857
0.7340007216063875
0.31563368023144633
0.3156336802026896
0.8967452408023373
0.31563368020678984
0.7340007216063875
0.3156336802087095
0.8967452408023373
0.3156336801858609
0.2603914385679831
0.7340007216063875
0.31563368019173105
0.7340007216063875
0.7340007216063875
0.3156336803741578
0.3156336801908425
0.3156336802039135
0.3156336802093511
0.7340007216063875
0.31563368020387955
0.7340007216063875
0.3156336802194725
0.2603914385679831
0.3156336802572533
0.31563368020387955
0.31563368021131827
0.7340007216063875
0.8967452408023373
0.7340007216063875
0.928688973794391
0.389644900248036
0.5114010366801576
0.7340007216063875
0.31563368021497784
0.31563368023959765
0.3156336802977995
0.31563368017854154
0.31563368020365884
0.31563368019931043
0.31563368016270105
0.7572291390105079
0.7340007216063875
0.31563368021795585
0.3156336802264826
0.3156336801898225
0.3156336801589305
0.31563368017669474
0.5079322655714776
0.3156336802036349
0.8425468039324504
0.7340007216063875
0.31563368021149674
0.3156336802356486
0.7340007216063875
0.3156336802965658
0.3156336801625562
0.7340007216063875
0.7340007216063875
0.3156336802053998
0.31563368020621146
0.7340007216063875
0.7340007216063875
0.31563368020444205
0.7340007216063875
0.31563368019567223
0.7340007216063875
0.3156336802109111
0.3156336802247518
0.7572291390105079
0.1615215440419857
0.7340007216063875
0.3156336802179327
0.3156336802075255
0.8425468039324504
