0.7340007216063875
0.3149742853408708
0.7340007216063875
0.3149742853408708
0.3149742853408708
0.7340007216063875
0.3149742853408708
0.3149742853408708
0.7340007216063875
0.3149742853408708
0.7340007216063875
0.3149742853408708
0.3149742853408708
0.3149742853408708
0.3149742853408708
0.3149742853408708
0.3149742853408708
0.3149742853408708
0.3149742853408708
0.3149742853408708
0.3149742853408708
0.3149742853408708
0.3149742853408708
0.7340007216063875
0.3149742853408708
0.7340007216063875
0.3149742853408708
0.3149742853408708
0.7340007216063875
0.3149742853408708
0.3149742853408708
0.7340007216063875
0.7340007216063875
0.3149742853408708
0.3149742853408708
0.3149742853408708
0.7340007216063875
0.3149742853408708
0.3149742853408708
0.3149742853408708
0.3149742853408708
0.7340007216063875
0.3149742853408708
0.3149742853408708
0.3149742853408708
0.7340007216063875
0.7340007216063875
0.3149742853408708
0.3149742853408708
0.3149742853408708
0.3149742853408708
0.3149742853408708
0.3149742853408708
0.7340007216063875
0.3149742853408708
0.3149742853408708
0.7340007216063875
0.7340007216063875
0.3149742853408708
0.3149742853408708
0.3149742853408708
0.3149742853408708
0.7340007216063875
0.7340007216063875
0.7340007216063875
0.3149742853408708
0.7340007216063875
0.3149742853408708
0.3149742853408708
0.7340007216063875
0.3149742853408708
0.7340007216063875
0.3149742853408708
0.30556734246697725
0.3149742853408708
0.3149742853408708
0.3149742853408708
0.7340007216063875
0.3149742853408708
0.3149742853408708
0.3149742853408708
0.3149742853408708
0.3149742853408708
0.3149742853408708
0.3149742853408708
0.3149742853408708
0.7340007216063875
0.7340007216063875
0.3149742853408708
0.7340007216063875
0.3149742853408708
0.3149742853408708
0.7340007216063875
0.3149742853408708
0.7340007216063875
0.7340007216063875
0.3149742853408708
0.7340007216063875
0.3149742853408708
0.3149742853408708
0.3149742853408708
0.3149742853408708
0.7340007216063875
0.3149742853408708
0.7340007216063875
0.3149742853408708
0.3149742853408708
0.3149742853408708
0.3149742853408708
0.3149742853408708
0.3149742853408708
0.3149742853408708
0.7340007216063875
0.3149742853408708
0.3149742853408708
0.7340007216063875
0.3149742853408708
0.3149742853408708
0.3149742853408708
0.3149742853408708
0.3149742853408708
0.8425468039324504
0.3149742853408708
0.7340007216063875
0.389644900248036
0.7340007216063875
0.3149742853408708
0.3149742853408708
0.3149742853408708
0.5114010366801576
0.928688973794391
0.7340007216063875
0.3149742853408708
0.3149742853408708
0.7340007216063875
0.3149742853408708
0.3149742853408708
0.3149742853408708
0.7340007216063875
0.3149742853408708
0.3149742853408708
0.3149742853408708
0.3149742853408708
0.9779555587659111
0.7340007216063875
0.3149742853408708
0.3149742853408708
0.3149742853408708
0.3149742853408708
0.3149742853408708
0.9779555587659111
0.3149742853408708
0.3149742853408708
0.3149742853408708
0.3149742853408708
0.3149742853408708
0.3149742853408708
0.3149742853408708
0.3149742853408708
0.7340007216063875
0.3149742853408708
0.7340007216063875
0.7340007216063875
0.3149742853408708
0.3149742853408708
0.3149742853408708
0.3149742853408708
0.3149742853408708
0.7340007216063875
0.3149742853408708
0.3149742853408708
0.3149742853408708
0.3149742853408708
0.3149742853408708
0.3149742853408708
0.1615215440419857
0.7340007216063875
0.3149742853408708
0.3149742853408708
0.8967452408023373
0.3149742853408708
0.7340007216063875
0.3149742853408708
0.8967452408023373
0.3149742853408708
0.30556734246697725
0.7340007216063875
0.3149742853408708
0.7340007216063875
0.3149742853408708
0.3149742853408708
0.3149742853408708
0.3149742853408708
0.3149742853408708
0.7340007216063875
0.3149742853408708
0.7340007216063875
0.3149742853408708
0.30556734246697725
0.3149742853408708
0.3149742853408708
0.3149742853408708
0.7340007216063875
0.8967452408023373
0.7340007216063875
0.928688973794391
0.389644900248036
0.5114010366801576
0.7340007216063875
0.3149742853408708
0.3149742853408708
0.3149742853408708
0.3149742853408708
0.3149742853408708
0.3149742853408708
0.3149742853408708
0.7514220346594778
0.7340007216063875
0.3149742853408708
0.3149742853408708
0.3149742853408708
0.3149742853408708
0.3149742853408708
0.5079322655714776
0.3149742853408708
0.8425468039324504
0.7340007216063875
0.3149742853408708
0.3149742853408708
0.7340007216063875
0.3149742853408708
0.3149742853408708
0.7340007216063875
0.7340007216063875
0.3149742853408708
0.3149742853408708
0.7340007216063875
0.7340007216063875
0.3149742853408708
0.7340007216063875
0.3149742853408708
0.7340007216063875
0.3149742853408708
0.3149742853408708
0.7514220346594778
0.1615215440419857
0.7340007216063875
0.3149742853408708
0.3149742853408708
0.8425468039324504
