0.7340423209516557
0.31646225840699876
0.7340423209516557
0.3164622584069922
0.3164622584070181
0.3164622584070325
0.31646225840698866
0.31646225840699976
0.3164622584070305
0.31646225840698555
0.7340423209516557
0.31646225840699976
0.3164622584069972
0.7340423209516557
0.3164622584069987
0.31646225840699066
0.3164622584069941
0.3164622584069959
0.31646225840700387
0.3164622584070273
0.3164622584069972
0.3164622584070008
0.3164622584069918
0.3164622584070036
0.31646225840713305
0.7340423209516558
0.3164622584069973
0.3164622584069841
0.7340423209516558
0.7340423209516557
0.31646225840699915
0.7340423209516558
0.7340423209516558
0.3164622584070101
0.3164622584070569
0.7340423209516557
0.3164622584070246
0.3164622584069889
0.31646225840700337
0.31646225840698955
0.3164622584070273
0.31646225840697967
0.3164622584070406
0.316462258407004
0.31646225840697656
0.3164622584070181
0.7340423209516557
0.31646225840699976
0.3164622584070038
0.3164622584069746
0.316462258407004
0.31646225840697756
0.7340423209516557
0.7340423209516557
0.3164622584069755
0.3164622584069787
0.3164622584069833
0.7340423209516557
0.31646225840700476
0.7340423209516557
0.3164622584070085
0.31646225840699915
0.7340423209516558
0.7340423209516557
0.3164622584070325
0.3164622584070038
0.3164622584070006
0.3164622584070057
0.3164622584069767
0.3164622584069888
0.31646225840699066
0.7340423209516558
0.31646225840696396
0.2603914385679831
0.316462258406987
0.31646225840702374
0.31646225840699627
0.7340423209516558
0.7340423209516558
0.3164622584070276
0.3164622584070378
0.31646225840698716
0.3164622584069835
0.3164622584069999
0.31646225840700176
0.31646225840698716
0.7340423209516558
0.7340423209516558
0.31646225840700687
0.7340423209516558
0.31646225840700865
0.2902783218376553
0.7340423209516557
0.3164622584070096
0.7340423209516557
0.7340423209516557
0.31646225840702513
0.7340423209516558
0.3164622584070205
0.31646225840700865
0.3164622584070325
0.3164622584069973
0.7340423209516557
0.31646225840699854
0.7340423209516557
0.3164622584070406
0.7340423209516558
0.31646225840702663
0.3164622584069982
0.31646225840695996
0.31646225840718445
0.31646225840702663
0.7340423209516558
0.31646225840702513
0.31646225840725656
0.7340423209516558
0.3164622584078944
0.3164622584069943
0.7340423209516557
0.31646225840698866
0.31646225840699604
0.8425468039324504
0.3164622584069719
0.7340423209516558
0.389644900248036
0.7312778751291347
0.31646225840713305
0.31646225840706194
0.31646225840700687
0.5114010366801576
0.928688973794391
0.7340423209516557
0.7340423209516557
0.7340423209516557
0.7340423209516557
0.3164622584069973
0.31646225840700865
0.3164622584069935
0.7340423209516558
0.31646225840694225
0.31646225840699915
0.26441630619936607
0.316462258406977
0.9779555587659111
0.7340423209516558
0.7340423209516558
0.3164622584070006
0.3164622584069711
0.3164622584069783
0.3164622584069797
0.9779555587659111
0.3164622584070205
0.3164622584070148
0.3164622584070313
0.31646225840696673
0.3164622584069947
0.31646225840698466
0.3164622584070378
0.3164622584070406
0.7340423209516558
0.3164622584069636
0.7340423209516558
0.7340423209516557
0.2902783218376553
0.3164622584069958
0.3164622584070338
0.7340423209516558
0.26441630619936607
0.7340423209516558
0.3164622584070305
0.31646225840698466
0.31646225840702646
0.3164622584070164
0.31646225840696757
0.316462258407004
0.1615215440419857
0.7340423209516557
0.3164622584069939
0.316462258406988
0.8967452408023373
0.31646225840700587
0.7340423209516558
0.31646225840700554
0.8967452408023373
0.31646225840700387
0.2603914385679831
0.7340423209516557
0.3164622584069853
0.7340423209516557
0.7340423209516557
0.7340423209516557
0.3164622584069821
0.3164622584070018
0.3164622584070777
0.7312778751291347
0.31646225840699643
0.7340423209516557
0.3164622584069947
0.2603914385679831
0.3164622584069711
0.31646225840699643
0.31646225840699066
0.7340423209516558
0.8967452408023373
0.7340423209516557
0.928688973794391
0.389644900248036
0.5114010366801576
0.7340423209516558
0.316462258406986
0.3164622584078944
0.31646225840706194
0.3164622584070101
0.3164622584070205
0.3164622584070338
0.31646225840718445
0.7649719448118814
0.7340423209516557
0.3164622584069979
0.316462258407005
0.3164622584069231
0.3164622584070018
0.3164622584069231
0.5079322655714776
0.31646225840700337
0.8425468039324504
0.7340423209516558
0.7340423209516557
0.3164622584070313
0.7340423209516558
0.3164622584074681
0.3164622584069648
0.7340423209516557
0.7340423209516557
0.3164622584070164
0.3164622584069719
0.7340423209516557
0.7340423209516558
0.3164622584070777
0.7340423209516557
0.3164622584069958
0.7340423209516558
0.3164622584069898
0.31646225840699876
0.7649719448118814
0.1615215440419857
0.7340423209516557
0.31646225840707715
0.31646225840699915
0.8425468039324504
