0.7367636874775512
0.3188870003995621
0.7367636874775512
0.3188870003995621
0.3188870003995621
0.3188870003995621
0.7367636874775512
0.7367636874775512
0.3188870003995621
0.7367636874775512
0.3188870003995621
0.7367636874775512
0.3188870003995621
0.3188870003995621
0.7367636874775512
0.3188870003995621
0.3188870003995621
0.3188870003995621
0.3188870003995621
0.7367636874775512
0.3188870003995621
0.7367636874775512
0.3188870003995621
0.3188870003995621
0.3188870003995621
0.7367636874775512
0.7367636874775512
0.3188870003995621
0.3188870003995621
0.3188870003995621
0.3188870003995621
0.7367636874775512
0.7367636874775512
0.3188870003995621
0.3188870003995621
0.3188870003995621
0.7367636874775512
0.3188870003995621
0.3188870003995621
0.3188870003995621
0.3188870003995621
0.3188870003995621
0.7367636874775512
0.3188870003995621
0.3188870003995621
0.3188870003995621
0.7367636874775512
0.3188870003995621
0.3188870003995621
0.7367636874775512
0.3188870003995621
0.3188870003995621
0.3188870003995621
0.7367636874775512
0.3188870003995621
0.3188870003995621
0.7367636874775512
0.7367636874775512
0.3188870003995621
0.7367636874775512
0.3188870003995621
0.3188870003995621
0.7367636874775512
0.7367636874775512
0.3188870003995621
0.3188870003995621
0.3188870003995621
0.3188870003995621
0.28746369756159096
0.7367636874775512
0.3188870003995621
0.7367636874775512
0.3188870003995621
0.2603914385679831
0.3188870003995621
0.3188870003995621
0.3188870003995621
0.7367636874775512
0.7290141680717088
0.3188870003995621
0.3188870003995621
0.3188870003995621
0.7367636874775512
0.3188870003995621
0.3188870003995621
0.3188870003995621
0.7367636874775512
0.7367636874775512
0.3188870003995621
0.7367636874775512
0.3188870003995621
0.23646807611038934
0.7367636874775512
0.3188870003995621
0.6920743211577172
0.7367636874775512
0.3188870003995621
0.7367636874775512
0.3188870003995621
0.3188870003995621
0.3188870003995621
0.7367636874775512
0.7367636874775512
0.3188870003995621
0.7367636874775512
0.3188870003995621
0.3188870003995621
0.3188870003995621
0.3188870003995621
0.3188870003995621
0.18234171408354446
0.3188870003995621
0.7367636874775512
0.3188870003995621
0.3188870003995621
0.7308506469579702
0.3188870003995621
0.3188870003995621
0.3188870003995621
0.3188870003995621
0.3188870003995621
0.8425468039324504
0.3188870003995621
0.7367636874775512
0.389644900248036
0.5875268271116729
0.3188870003995621
0.3188870003995621
0.3188870003995621
0.5114010366801576
0.928688973794391
0.7367636874775512
0.3188870003995621
0.7367636874775512
0.7367636874775512
0.7367636874775512
0.3188870003995621
0.3188870003995621
0.7367636874775512
0.3188870003995621
0.3188870003995621
0.26441630619936607
0.3188870003995621
0.9779555587659111
0.7367636874775512
0.3188870003995621
0.3188870003995621
0.3188870003995621
0.3188870003995621
0.3188870003995621
0.9779555587659111
0.3188870003995621
0.3188870003995621
0.3188870003995621
0.3188870003995621
0.3188870003995621
0.3188870003995621
0.3188870003995621
0.3188870003995621
0.7367636874775512
0.3188870003995621
0.7367636874775512
0.7367636874775512
0.23646807611038934
0.3188870003995621
0.3188870003995621
0.3188870003995621
0.26441630619936607
0.7367636874775512
0.3188870003995621
0.3188870003995621
0.3188870003995621
0.3188870003995621
0.3188870003995621
0.3188870003995621
0.1615215440419857
0.7367636874775512
0.3188870003995621
0.3188870003995621
0.8967452408023373
0.3188870003995621
0.7367636874775512
0.3188870003995621
0.8967452408023373
0.3188870003995621
0.2603914385679831
0.7367636874775512
0.3188870003995621
0.6920743211577172
0.3188870003995621
0.3188870003995621
0.3188870003995621
0.3188870003995621
0.2974547129108054
0.5875268271116729
0.3188870003995621
0.7367636874775512
0.3188870003995621
0.2603914385679831
0.3188870003995621
0.3188870003995621
0.3188870003995621
0.7367636874775512
0.8967452408023373
0.7367636874775512
0.928688973794391
0.389644900248036
0.5114010366801576
0.7308506469579702
0.3188870003995621
0.3188870003995621
0.3188870003995621
0.3188870003995621
0.3188870003995621
0.3188870003995621
0.3188870003995621
0.7810121513530233
0.7367636874775512
0.3188870003995621
0.3188870003995621
0.3188870003995621
0.3188870003995621
0.28746369756159096
0.5079322655714776
0.3188870003995621
0.8425468039324504
0.7367636874775512
0.3188870003995621
0.3188870003995621
0.7290141680717088
0.3188870003995621
0.18234171408354446
0.7367636874775512
0.7367636874775512
0.3188870003995621
0.3188870003995621
0.7367636874775512
0.7367636874775512
0.2974547129108054
0.7367636874775512
0.3188870003995621
0.7367636874775512
0.3188870003995621
0.3188870003995621
0.7810121513530233
0.1615215440419857
0.7367636874775512
0.3188870003995621
0.3188870003995621
0.8425468039324504
