0.7342900508620078
0.31654695915533865
0.734290049417916
0.31654695915530806
0.7342900516697024
0.31654695915535974
0.3165469591553584
0.3165469591553327
0.7342900519878531
0.31654695915534004
0.7342900470631252
0.3165469591553695
0.3165469591553429
0.3165469591553407
0.31654695915533554
0.3165469591553436
0.7342900509712459
0.7342900395694651
0.3165469591553398
0.3165469591552855
0.3165469591553473
0.31654695915533626
0.31654695915535547
0.316546959155334
0.31654695915534403
0.3165469591553341
0.3165469591553359
0.3165469591553327
0.73429006243441
0.3165469591553467
0.3165469591553396
0.7342900518324008
0.7342900520834138
0.31654695915534403
0.31654695915534625
0.3165469591553055
0.7342900519878531
0.3165469591553429
0.3165469591553359
0.316546959155334
0.31654695915519904
0.31654695915534636
0.31654695915526065
0.3165469591553493
0.31654695915533554
0.31654695915534636
0.7342900570435531
0.31654695915535974
0.3165469591553457
0.31654695915534736
0.31654695915534387
0.3165469591553055
0.3165469591552934
0.7342900439323876
0.3165469591553398
0.316546959155331
0.31654695915535325
0.7342900508620078
0.31654695915534425
0.7342900492050989
0.31654695915534486
0.3165469591553398
0.7342900463300983
0.7342900411935012
0.7342899487136831
0.31654695915534264
0.3165469591553341
0.31654695915534425
0.308888446327765
0.7342900518867433
0.7342900510559636
0.7342900511384106
0.31654695915534736
0.2603914385679831
0.3165469591553367
0.3165469591553493
0.3165469591553396
0.7342900463300983
0.73429006243441
0.31654695915534853
0.31654695915534375
0.3165469591553327
0.3165469591553392
0.31654695915534736
0.3165469591553252
0.31654695915532677
0.7342899553056468
0.7342900482828258
0.3165469591553519
0.7342900509455859
0.31654695915533865
0.2902783218376553
0.7342900570435531
0.31654695915534814
0.7312947612792976
0.734290032706571
0.316546959155346
0.7342900528991883
0.3165469591553227
0.31654695915533854
0.31654695915530623
0.3165469591553695
0.7342900513515518
0.3165469591553384
0.7342900464674708
0.31654695915534853
0.734290009580782
0.3165469591553338
0.31654695915534126
0.316546959155346
0.3165469591553438
0.3165469591553391
0.7342900488184165
0.31654695915534664
0.31654695915532866
0.7342899487136831
0.31654695915522785
0.31654695915533976
0.31654695915530806
0.3165469591553055
0.31654695915534886
0.8425468039324504
0.3165469591553424
0.7342900528991883
0.389644900248036
0.7250577057599736
0.3165469591553452
0.3165469591552934
0.31654695915532927
0.5114010366801576
0.928688973794391
0.7342900528697884
0.7342900514415637
0.3165469591553388
0.7342900549349375
0.31654695915534176
0.3165469591553294
0.31654695915534664
0.7342900395694651
0.3165469591553573
0.31654695915533976
0.26441630619936607
0.3165469591553424
0.9779555587659111
0.7342900516697024
0.7342900481066843
0.31654695915531283
0.3165469591555114
0.3165469591553163
0.3165469591553383
0.9779555587659111
0.3165469591553166
0.31654695915534625
0.3165469591553031
0.3165469591553407
0.31654695915533465
0.3165469591553584
0.31654695915534836
0.31654695915533787
0.734290035809293
0.31654695915532405
0.7342899553056468
0.7342900494849878
0.2902783218376553
0.3165469591553436
0.3165469591553428
0.31654695915542086
0.26441630619936607
0.7342900213132753
0.3165469591553076
0.3165469591553364
0.31654695915533143
0.31654695915535974
0.31654695915535325
0.31654695915535547
0.1615215440419857
0.734290035809293
0.3165469591552782
0.31654695915533915
0.8967452408023373
0.3165469591553065
0.7342900304573519
0.31654695915533393
0.8967452408023373
0.3165469591553398
0.2603914385679831
0.7342900453805548
0.3165469591553452
0.7312947612792976
0.3165469591552263
0.31654695915522785
0.3165469591553504
0.3165469591553359
0.31654695915533865
0.7250577057599736
0.3165469591553405
0.734290032706571
0.31654695915533465
0.2603914385679831
0.3165469591553804
0.31654695915535025
0.31654695915533126
0.7342900332210944
0.8967452408023373
0.7342900453805548
0.928688973794391
0.389644900248036
0.5114010366801576
0.7342900481066843
0.31654695915535525
0.31654695915526065
0.3165469591553076
0.316546959155344
0.3165469591553227
0.3165469591553367
0.3165469591553467
0.7649719448118814
0.7342900394790481
0.3165469591553396
0.3165469591553252
0.3165469591553406
0.3165469591553545
0.308888446327765
0.5079322655714776
0.31654695915533054
0.8425468039324504
0.7342900482097828
0.7342900528697884
0.3165469591553031
0.7342900520834138
0.3165469591551444
0.3165469591553438
0.7342900411935012
0.7342894537234795
0.3165469591553804
0.31654695915534264
0.7342900518867433
0.7342900468334642
0.31654695915533865
0.7342900530640419
0.31654695915534825
0.734290002379776
0.31654695915533343
0.31654695915531794
0.7649719448118814
0.1615215440419857
0.7342894537234795
0.31654695915531067
0.3165469591553323
0.8425468039324504
