0.7340877370085938
0.3164865285022207
0.7340948924563789
0.3164865285022207
0.3164865285022207
0.734096897564221
0.3164865285022207
0.7340904743170231
0.3164865285022207
0.3164865285022207
0.3164865285022207
0.3164865285022207
0.3164865285022207
0.3164865285022207
0.3164865285022207
0.3164865285022207
0.3164865285022207
0.3164865285022207
0.3164865285022207
0.3164865285022207
0.3164865285022207
0.7340942743653898
0.3164865285022207
0.3164865285022207
0.3164865285022207
0.3164865285022207
0.3164865285022207
0.3164865285022207
0.7340932465430343
0.7340901091472042
0.3164865285022207
0.7340945557380041
0.7340949817164277
0.3164865285022207
0.3164865285022207
0.3164865285022207
0.7340952574726239
0.3164865285022207
0.7340945557380041
0.3164865285022207
0.3164865285022207
0.7340968062206952
0.3164865285022207
0.3164865285022207
0.7340882884597522
0.7340966470288235
0.7340860561776674
0.3164865285022207
0.3164865285022207
0.3164865285022207
0.3164865285022207
0.3164865285022207
0.3164865285022207
0.7340971216048211
0.3164865285022207
0.7340932849119097
0.3164865285022207
0.7340949817164277
0.3164865285022207
0.7340948046435825
0.3164865285022207
0.3164865285022207
0.7340969632097691
0.7340963330781529
0.7340923732293566
0.3164865285022207
0.3164865285022207
0.3164865285022207
0.3143609090503059
0.7340904743170231
0.3164865285022207
0.7340936471916206
0.3164865285022207
0.2603914385679831
0.3164865285022207
0.3164865285022207
0.3164865285022207
0.7340969632097691
0.7340952545581331
0.3164865285022207
0.3164865285022207
0.3164865285022207
0.734096456005719
0.3164865285022207
0.3164865285022207
0.3164865285022207
0.7340929268529983
0.7340923732293566
0.3164865285022207
0.7340956348671172
0.3164865285022207
0.2902783218376553
0.7340904743170231
0.3164865285022207
0.7340095353866458
0.7340958186752644
0.3164865285022207
0.7340940373364361
0.3164865285022207
0.3164865285022207
0.3164865285022207
0.3164865285022207
0.7340948924563789
0.3164865285022207
0.7340945451312841
0.3164865285022207
0.7340937632919046
0.3164865285022207
0.3164865285022207
0.3164865285022207
0.3164865285022207
0.3164865285022207
0.7340971216048211
0.3164865285022207
0.3164865285022207
0.7340957904066143
0.3164865285022207
0.3164865285022207
0.3164865285022207
0.3164865285022207
0.3164865285022207
0.8425468039324504
0.3164865285022207
0.7340937786885819
0.389644900248036
0.729075461912706
0.3164865285022207
0.3164865285022207
0.3164865285022207
0.5114010366801576
0.928688973794391
0.3164865285022207
0.7340920678734811
0.7340968048147172
0.7340571651886448
0.3164865285022207
0.3164865285022207
0.3164865285022207
0.734096897564221
0.3164865285022207
0.3164865285022207
0.26441630619936607
0.3164865285022207
0.9779555587659111
0.7340952574726239
0.7340920678734811
0.3164865285022207
0.3164865285022207
0.3164865285022207
0.3164865285022207
0.9779555587659111
0.3164865285022207
0.3164865285022207
0.3164865285022207
0.3164865285022207
0.3164865285022207
0.3164865285022207
0.3164865285022207
0.3164865285022207
0.734093212816151
0.3164865285022207
0.7340914492203136
0.7340966992180159
0.2902783218376553
0.3164865285022207
0.3164865285022207
0.7340914999156788
0.26441630619936607
0.7340908294770869
0.3164865285022207
0.3164865285022207
0.3164865285022207
0.3164865285022207
0.3164865285022207
0.3164865285022207
0.1615215440419857
0.7340670575790581
0.3164865285022207
0.3164865285022207
0.8967452408023373
0.3164865285022207
0.73409667678497
0.3164865285022207
0.8967452408023373
0.3164865285022207
0.2603914385679831
0.7340816953286056
0.3164865285022207
0.7339772523562922
0.3164865285022207
0.3164865285022207
0.3164865285022207
0.3164865285022207
0.3164865285022207
0.729075461912706
0.3164865285022207
0.7340958186752644
0.3164865285022207
0.2603914385679831
0.3164865285022207
0.3164865285022207
0.3164865285022207
0.73409667678497
0.8967452408023373
0.7340877370085938
0.928688973794391
0.389644900248036
0.5114010366801576
0.7340959620665043
0.3164865285022207
0.3164865285022207
0.3164865285022207
0.3164865285022207
0.3164865285022207
0.3164865285022207
0.3164865285022207
0.7649719448118814
0.7340945451312841
0.3164865285022207
0.3164865285022207
0.3164865285022207
0.3164865285022207
0.3143609090503059
0.5079322655714776
0.3164865285022207
0.8425468039324504
0.7340968062206952
0.7340945557380041
0.3164865285022207
0.7340970029608217
0.3164865285022207
0.3164865285022207
0.734093376261741
0.7340971216048239
0.3164865285022207
0.3164865285022207
0.7340966992180159
0.7340937632919046
0.3164865285022207
0.7340755663433967
0.3164865285022207
0.7340936471916206
0.3164865285022207
0.3164865285022207
0.7649719448118814
0.1615215440419857
0.7340971216048239
0.3164865285022207
0.3164865285022207
0.8425468039324504
