0.31838019727894307
0.2778493776534899
0.2590435643971053
0.2778493776534899
0.2660887381017925
0.8509527794306535
0.6566109051687287
0.9010089952926551
0.9010089952926551
0.00949205128921754
0.19248489946204927
0.24932410722932288
0.21841244341634164
0.2590435643971053
0.220658542122909
0.2437848585420614
0.32217615734225086
0.2765485625673424
0.25346553990510645
0.26126184507599426
0.15124091878936757
0.8509527794306535
0.2650816592510383
0.657102043746904
0.9010089952926551
0.5587606239540492
0.2615342880674287
0.9223741792245491
0.7950163768241933
0.20294916696480997
0.6107378022441186
0.18521701313125352
0.2735347588539371
0.23813026979696908
0.3154759526003704
0.2794174136421184
0.40191496392193193
0.28045100782578497
0.283245242864509
0.12927812688432477
0.24585198523237914
0.2437848585420614
0.35257330744489
0.24151561114664888
0.924792446704638
0.5778292288849284
0.6566109051687287
0.841823160455678
0.40191496392193193
0.2909091004899273
0.2794174136421184
0.6566109051687287
0.8509527794306535
0.07576402796136675
0.40416074678801567
0.15521789384431117
0.5376061531057363
0.9248201189240997
0.9012136697986264
0.6107378022441186
0.28744878868747714
0.24434695561901865
0.33923027823493707
0.18641796927475465
0.2735347588539371
0.18521701313125352
0.07576402796136675
0.797747972284364
0.9357017246639258
0.48090746527986505
0.32217615734225086
0.4771031970717759
0.25879340971042597
0.5236484853097574
0.15124091878936757
0.2829295103688598
0.8919189372064134
0.40416074678801567
0.2660887381017925
0.8733845009316945
0.7600302172029647
0.2736462263848199
0.5735364633206127
0.6453917058442962
0.2500623699808338
0.9012136697986264
0.4771031970717759
0.5200017134632842
0.1627896340327543
0.9357017246639258
0.2530054695431722
0.7600302172029647
0.259411628595492
0.2560339307543748
0.18521701313125352
0.2454362453977222
0.3212848245096189
0.857533308292583
0.9237982850092161
0.1809555929581863
0.6442695875892442
0.25346553990510645
0.9245836494579736
0.40191496392193193
0.22511070556944726
0.259411628595492
0.3154759526003704
0.6443599316627903
0.29282680054456234
0.9808375524545668
0.6442695875892442
0.9245836494579736
0.026008374146429314
0.6443599316627903
0.3827019320209858
0.8832408108290309
0.22475249043307724
0.220658542122909
0.668015926957605
0.6040280828083149
0.9051675099036314
0.00949205128921754
0.857533308292583
0.2517728394683275
0.1734757307156475
0.5597199857146582
0.19248489946204927
0.12772319161181678
0.18641796927475465
0.09713048651353608
0.5808315608583103
0.8894707917734463
0.19699058896073451
0.8582786274288673
0.28045100782578497
0.8582786274288673
0.931755617694015
0.23087193807268053
0.493699743156355
0.9808375524545668
0.2560339307543748
0.2650816592510383
0.5587606239540492
0.9243471799918475
0.5808315608583103
0.9223741792245491
0.7950163768241933
0.2184124434163416
0.5327629226327095
0.31838019727894307
0.8894707917734463
0.49944809243306465
0.24585198523237914
0.41579573328288966
0.22475249043307724
0.8832408108290309
0.4884874738148031
0.8191496274216423
0.1809555929581863
0.49944809243306465
0.26126184507599426
0.30563154521005764
0.8615806511870836
0.3878581513654545
0.5778292288849284
0.2563811419700115
0.16138652150069327
0.23140781166696342
0.23333297610796513
0.797747972284364
0.493699743156355
0.08913598096416914
0.21570847443486701
0.6422077896600266
0.19953430190274601
0.8635656627038228
0.2909091004899273
0.5376061531057363
0.23773907380891277
0.19699058896073451
0.8615806511870836
0.46816694712500767
0.2612813492311305
0.9015984745565684
0.7411038199704068
0.28744878868747714
0.5666282245176355
0.41579573328288966
0.6422077896600266
0.5202749615595554
0.377847505484185
0.25404881394848755
0.9758358946778561
0.29467496262946935
0.2590435643971053
0.9475414822959141
0.15521789384431117
0.377847505484185
0.9739234433213599
0.2697498737352942
0.4136684451057948
0.23333297610796513
0.7117874864652406
0.16679032289353013
0.5597199857146582
0.24151561114664888
0.8987814979049663
0.283245242864509
0.8818796379953538
0.48090746527986505
0.7117874864652406
0.2660887381017925
0.21450105971525507
0.841823160455678
0.19762855208598795
0.9165032886732429
0.6003467186852935
0.5236484853097574
0.20696538815416332
0.8681725051747131
0.2584121265393774
0.24349838720826045
0.2584121265393774
0.29282680054456234
0.19330463266248715
0.23813026979696908
0.9377111335620452
0.8681725051747131
0.7699649634130197
0.19762855208598795
0.23773907380891277
0.32217615734225086
0.4771031970717759
0.12927812688432477
0.19330463266248715
0.2614373824722206
0.6688865873170771
0.5327629226327095
0.21570847443486701
0.12809995042504124
0.20176730593337508
0.08913598096416914
0.1734757307156475
0.8465239432780653
0.2694984529096418
0.8635656627038228
0.24932410722932288
0.1627896340327543
0.2993167434180538
0.026008374146429314
