0.24666077169017858
0.9808375524545668
0.2466587244128482
0.24666072552849147
0.24666028185897926
0.24666071366968165
0.24665961215506652
0.24666016101604785
0.2466550500410018
0.24665947230840476
0.24666001897473455
0.24666095131854768
0.24666053045354516
0.2466600251193858
0.24666063680297404
0.24665793815054998
0.24666000851041645
0.24666064397704754
0.24665759403053866
0.24666152759408538
0.2466609847102736
0.24666088587595802
0.24665999971729125
0.24666072552849147
0.24666095131854768
0.24666054253469827
0.2466604914025118
0.24666071366968165
0.24666053045354516
0.2466605358574763
0.893552218653818
0.2466594538231564
0.24666016101604785
0.24666041137723588
0.24666001897473455
0.2466601916721087
0.24665867611612163
0.24666078355999468
0.2466586182458205
0.24666032208867783
0.24666086695515183
0.24665993501129582
0.24665952443246258
0.24665952397537705
0.24666076166438472
0.24665789445728936
0.2466608037797372
0.2466580925045796
0.24666025800023836
0.24666016101604785
0.24665487534877087
0.24666027617953767
0.24666099442457107
0.24666095062270701
0.24666066733064373
0.24665958443039926
0.24666169590046738
0.24665834928127972
0.24665834928127972
0.24666218399503556
0.24666051696860503
0.24666083792404692
0.2466606369322706
0.24666095320560155
0.2466605863418091
0.9808375524545668
0.24666072552849147
0.246660168352334
0.9005546853545255
0.2466598512396379
0.24665724101763367
0.24666111840828386
0.2466554741211881
0.2466541201749171
0.24666047545920544
0.2466616349936519
0.24666090289823267
0.24666077169017858
0.24666028185897926
0.24666019842833414
0.2466608846869064
0.2466615933438803
0.5769934635753496
0.24666095724297865
0.2466498854359857
0.24665688848127043
0.24666063680297404
0.24666155778910204
0.24666140279260923
0.9005546853545255
0.24666030243586423
0.739889595505574
0.24666030713140868
0.24666218399503556
0.24665995363155332
0.24666047622755283
0.24666167271692058
0.24666074913031438
0.24665999971729125
0.24666010679516773
0.6257397501666695
0.2466601130855901
0.2466541201749171
0.24666025800023836
0.24666030243586423
0.2466596373536017
0.2466600190046893
0.24666110755088017
0.24666229538528905
0.9808375524545668
0.6257397501666695
0.893552218653818
0.24666090945281147
0.24666122183253003
0.5831820695472125
0.883247261079585
0.2466591014337349
0.24666078961019222
0.24665455832197059
0.2466550500410018
0.9027685107301173
0.24666041137723588
0.24665838224657366
0.24666060029092268
0.24666074913031438
0.24666095320560155
0.24664543070139744
0.24665934727219987
0.24666013036081155
0.24665455832197059
0.24666057570422673
0.24666005512591127
0.24666055431635928
0.2466580925045796
0.24666064038404287
0.2466586182458205
0.2466602703958666
0.24666005706684885
0.24666190040172786
0.9808375524545668
0.24666295201894636
0.2466602703958666
0.2466605736712309
0.893552218653818
0.24666078092732646
0.24666140695120217
0.2466602498437324
0.24666043416396277
0.5474421631715627
0.2466600190046893
0.2466616349936519
0.5583963115990976
0.24666082984610216
0.24666075245768565
0.2466615573795995
0.883247261079585
0.5471610983936303
0.24666095631458904
0.24665605753975187
0.24666100538365807
0.24666063680297404
0.24665789445728936
0.24666040036012218
0.542968518816519
0.24666028185897926
0.24666006721314768
0.24666333361765708
0.24665688848127043
0.2466594538231564
0.5821075754212224
0.4978849770646397
0.24662540339433855
0.24665911511880917
0.24666005512591127
0.24666295201894636
0.24666143761114678
0.2466605119059681
0.24666169590046738
0.24666047249500267
0.2466596373536017
0.24666086695515183
0.24665894376498632
0.2466612767163024
0.24666083792404692
0.24666009190645594
0.24666010679516773
0.9808375524545668
0.24666108169029305
0.5629386946169819
0.24666190040172786
0.2466498854359857
0.2466625129235579
0.2466620027570896
0.8681530414654073
0.24665838224657366
0.24666094564818783
0.246659443349602
0.2466501129255501
0.8938281155885293
0.2466608846869064
0.24666071088797112
0.24666009190645594
0.2466609847102736
0.24666188257508376
0.24666122887512484
0.24665961215506652
0.8890372360103689
0.2466609399187297
0.8890372360103689
0.5629386946169819
0.24666130441550344
0.2466605050901387
0.24666076166438472
0.841823160455678
0.24665447656664466
0.9165032886732429
0.24666071380920843
0.5107667311871985
0.2466595838905537
0.8681530414654073
0.24666013036081155
0.24665793815054998
0.24666019842833414
0.24666229538528905
0.24666111840828386
0.24665464324730957
0.24666167271692058
0.8681530414654073
0.6374031392136974
0.2466595838905537
0.24666212290180567
0.24666011416795705
0.24666031694356985
0.2466609026571285
0.24666156948592402
0.2466605019197834
0.8743443907602875
0.5474421631715627
0.24665911511880917
0.24666089340821507
0.24666216095492227
0.2466367268546295
0.24666032208867783
0.24666000851041645
0.246661272331214
0.8770201187665921
0.24666140279260923
0.24666102621598374
0.24666165045941832
0.2466606030791607
