0.24732292740145417
0.24749356524499277
0.24738179765734078
0.24758856685529732
0.24749961044145083
0.24728720425502534
0.24730333435086038
0.2475444637306271
0.24742819699727825
0.24713598154866795
0.24712046079104968
0.24707670924010766
0.2473923623208871
0.24721234780123372
0.2474309693654035
0.24731161736018828
0.24730837877487688
0.2473593065525591
0.24732776157565245
0.24737931387205758
0.2473567692567607
0.24776770685502503
0.24731527712368684
0.24701463253106176
0.24700432910095863
0.24697033813657854
0.24728678085394293
0.24735196291054423
0.8646221205503166
0.24852458892330107
0.24691512158793177
0.24714908937925667
0.24721491773825122
0.24734386324281002
0.24733524056776407
0.2474314404317851
0.24732255675823714
0.2475444637306271
0.2471393560132601
0.246933388784504
0.2474443473037422
0.2472367190772645
0.24753340444860975
0.2465896571963071
0.8859227840121701
0.24776770685502503
0.24767899210294894
0.2493198345545081
0.24744838069577355
0.24726625483581813
0.24728798475438463
0.24736334931392198
0.24735790786492318
0.24732216458652279
0.24732255675823714
0.2471789326841968
0.24731899103682647
0.8859227840121701
0.24731841711658895
0.5397288869106225
0.24727990570176603
0.24738179765734078
0.255366015540683
0.24711193802746476
0.24724063043548739
0.9808375524545668
0.24730675397258742
0.24733846221155967
0.9005546853545255
0.24240194548540267
0.24755519428806427
0.2472289383833517
0.2493198345545081
0.24733569778469255
0.24685673341316075
0.24734596515874935
0.2473796163568081
0.2472582336935168
0.24749961044145083
0.24740728442759297
0.7397159658274826
0.24743617274865207
0.5680836101784517
0.24728720425502534
0.23924021234655024
0.8207741433199918
0.2472289383833517
0.24702004737029376
0.24732255675823714
0.9005546853545255
0.24758856685529732
0.7402368548617566
0.24734386324281002
0.2473422530528714
0.24723257885826166
0.24741242927799725
0.8846985088358784
0.24726426408292868
0.24731527712368684
0.24724063043548739
0.6257397501666695
0.24742819699727825
0.8859227840121701
0.24744838069577355
0.24734881052482902
0.24879904942677306
0.24697033813657854
0.24726426408292868
0.25037112419798785
0.9808375524545668
0.6257397501666695
0.9035634227847775
0.24742943070365891
0.2471620581737267
0.5831820695472125
0.883247261079585
0.550490691342001
0.24735156547141512
0.16710214930754533
0.2473923623208871
0.9027685107301173
0.24719595536754937
0.24585135596235758
0.2474314404317851
0.24733835509993102
0.24832439729998906
0.23797124070427222
0.24761067395743058
0.24761185777517025
0.24691512158793177
0.5821269086766627
0.24777954365385524
0.24770686882767387
0.24735156547141512
0.2477366298003342
0.24732334678795342
0.24734969214400024
0.24611284868094213
0.2474230796352347
0.9808375524545668
0.24728720425502534
0.24734969214400024
0.5583963115990976
0.9035634227847775
0.24744536130421116
0.6818146554957164
0.24748544347491705
0.24758146263455186
0.5491578700058175
0.24748712324062666
0.24720102186827486
0.5583963115990976
0.2486780693441182
0.26354704780907035
0.24732292740145417
0.883247261079585
0.5471610983936303
0.27549949498220444
0.2471789326841968
0.24738179765734078
0.2474309693654035
0.24754994251000284
0.8840220491545719
0.5397288869106225
0.5820682281186972
0.24731727356293148
0.24733543579401518
0.8207741433199918
0.24745041647876156
0.5821269086766627
0.4978849770646397
0.23797124070427222
0.2491542691038769
0.5626882660868914
0.2469985822792684
0.24776770685502503
0.24747459025566604
0.24732216458652279
0.24728074012565127
0.24735790786492318
0.8840220491545719
0.5821189836553836
0.24742943070365891
0.5820538612572266
0.24685673341316075
0.24727633253022407
0.24749356524499277
0.255366015540683
0.5626882660868914
0.24810647636289074
0.23924021234655024
0.2474539683531376
0.24720102186827486
0.8681534063920073
0.24721234780123372
0.24733948429955085
0.2471015582695799
0.25037112419798785
0.8938281155885293
0.2473488535726618
0.24733577591579775
0.24611284868094213
0.24731841711658895
0.24733524056776407
0.2469985822792684
0.24730333435086038
0.8890372360103689
0.24733392215671327
0.8890372360103689
0.5615576274699459
0.6818146554957164
0.24749961044145083
0.2468524238052825
0.841823160455678
0.24585135596235758
0.9165032886732429
0.24739995949967797
0.5107667311871985
0.24240194548540267
0.8681534063920073
0.24845772411512376
0.24741475014281927
0.24969890061883981
0.25056073546994234
0.24684258197593728
0.24739516335314604
0.8846985088358784
0.8681523116122072
0.6374031392136974
0.24442830259823073
0.24728074012565127
0.24755519428806427
0.2472289383833517
0.246933388784504
0.24684258197593728
0.24740844492855624
0.7397159658274826
0.5491578700058175
0.2491542691038769
0.5820682281186972
0.2473697083621612
0.16710214930754533
0.2473697083621612
0.2471015582695799
0.247436514101654
0.8646221205503166
0.24707670924010766
0.24728676833220462
0.24705226767065258
0.24721491773825122
