0.6765279846972045
0.20729622973528036
0.6765279846972045
0.6765279846972045
0.6765279846972045
0.6765279846972045
0.6765279846972045
0.6765279846972045
0.20729622973829037
0.6765279846972045
0.6765279846972045
0.6765279846972045
0.6765279846972045
0.6765279846972045
0.6765279846972045
0.20729622973534748
0.6765279846972045
0.6765279846972045
0.20729622973445144
0.6765279846972045
0.20729622973446304
0.6765279846972045
0.6765279846972045
0.20729622973470935
0.6765279846972045
0.6765279846972045
0.2072962297338461
0.6765279846972045
0.6765279846972045
0.6765279846972045
0.20729622973463002
0.6765279846972045
0.6765279846972045
0.6765279846972045
0.6765279846972045
0.20729622973835327
0.2072962297354744
0.6765279846972045
0.6765279846972045
0.2072962297338221
0.6765279846972045
0.20729622973445144
0.6765279846972045
0.2072962297337915
0.6765279846972045
0.20729622973303327
0.20729622973463002
0.6765279846972045
0.6765279846972045
0.6765279846972045
0.20729622973514586
0.6765279846972045
0.6765279846972045
0.2072962297367752
0.6765279846972045
0.6765279846972045
0.6765279846972045
0.6765279846972045
0.6765279846972045
0.207296229734599
0.6765279846972045
0.2072962297301968
0.6765279846972045
0.6765279846972045
0.6765279846972045
0.6765279846972045
0.6765279846972045
0.2072962297338221
0.20729622973289735
0.6765279846972045
0.20729622973680617
0.6765279846972045
0.6765279846972045
0.20729622973322986
0.6765279846972045
0.6765279846972045
0.6765279846972045
0.6765279846972045
0.6765279846972045
0.20729622973576534
0.6765279846972045
0.6765279846972045
0.6765279846972045
0.2072962297346242
0.6765279846972045
0.6765279846972045
0.2072962297354744
0.6765279846972045
0.6765279846972045
0.20729622975265827
0.6765279846972045
0.20729622973764844
0.6765279846972045
0.20729622973811607
0.6765279846972045
0.6765279846972045
0.20729622973575765
0.2072962297367752
0.6765279846972045
0.6765279846972045
0.6765279846972045
0.6765279846972045
0.20729622973411
0.6765279846972045
0.20729622973811607
0.20729622973284634
0.2072962297363407
0.6765279846972045
0.6765279846972045
0.6765279846972045
0.20729622973244322
0.20729622973219877
0.6765279846972045
0.6765279846972045
0.6765279846972045
0.6765279846972045
0.20729622973497125
0.6765279846972045
0.6765279846972045
0.6765279846972045
0.6765279846972045
0.20729622972980954
0.6765279846972045
0.6765279846972045
0.2072962297379694
0.20729622973298348
0.6765279846972045
0.2072962297301968
0.6765279846972045
0.6765279846972045
0.6765279846972045
0.6765279846972045
0.20729622973389178
0.20729622973575765
0.9581781793026054
0.6765279846972045
0.6765279846972045
0.6765279846972045
0.2072962297318502
0.6765279846972045
0.6765279846972045
0.6765279846972045
0.6765279846972045
0.6765279846972045
0.6765279846972045
0.6765279846972045
0.6765279846972045
0.01575602126589626
0.6765279846972045
0.2072962297340851
0.6765279846972045
0.27671803967671377
0.2072962297536204
0.20729622973408585
0.6765279846972045
0.6765279846972045
0.20729622973333556
0.6765279846972045
0.6765279846972045
0.6765279846972045
0.2072962297351708
0.20729622973370854
0.2072962297351708
0.2072962297379694
0.20729622973734263
0.6765279846972045
0.6765279846972045
0.6765279846972045
0.6765279846972045
0.6765279846972045
0.6765279846972045
0.6765279846972045
0.6765279846972045
0.20729622973303327
0.6765279846972045
0.6765279846972045
0.6765279846972045
0.6765279846972045
0.20729622975025294
0.6765279846972045
0.20729622973300335
0.6765279846972045
0.6765279846972045
0.6765279846972045
0.6765279846972045
0.2072962297348948
0.6765279846972045
0.6765279846972045
0.6765279846972045
0.6765279846972045
0.20729622973760492
0.20729622973322986
0.6765279846972045
0.6765279846972045
0.20729622973407208
0.207296229729035
0.6765279846972045
0.6765279846972045
0.6765279846972045
0.2072962297341671
0.20729622973835327
0.03052753436117761
0.6765279846972045
0.6765279846972045
0.20729622973814021
0.6765279846972045
0.6765279846972045
0.6765279846972045
0.6765279846972045
0.20729622973495498
0.20342092529056044
0.6765279846972045
0.20729622973467215
0.6765279846972045
0.6765279846972045
0.20729622973640827
0.6765279846972045
0.20729622973298348
0.6765279846972045
0.6765279846972045
0.6765279846972045
0.6765279846972045
0.20729622973369266
0.2072962297351671
0.6765279846972045
0.6765279846972045
0.20729622973534748
0.2072962297326798
0.20729622973333556
0.20729622973320866
0.6765279846972045
0.6765279846972045
0.6765279846972045
0.6765279846972045
0.20729622973370854
0.27671803967671377
0.20729622975025294
0.6765279846972045
0.6765279846972045
0.20729622973541015
0.2072962297348948
0.207296229751759
0.6765279846972045
0.6765279846972045
0.6765279846972045
0.0912632747043699
0.6765279846972045
0.6765279846972045
0.6765279846972045
0.6765279846972045
