0.8419164629447426
0.07567171251645022
0.38325223913076756
0.4896499471696996
0.8290674455509794
0.8535290414284963
0.5416209995490593
0.768850761667534
0.1872525614179441
0.8448169519555903
0.6565202525497197
0.8976087973288276
0.8092580587635144
0.6274668238768697
0.3006368952277251
0.14271179075392215
0.8804857547988285
0.6645841988761917
0.22268064962648954
0.8704047172916947
0.2679543325454371
0.6645841988761917
0.4789130047036237
0.015374494917683779
0.46850241708523066
0.45759360126803866
0.015374494917683779
0.43497736956634436
0.8986719827950967
0.8419164629447426
0.15836718404299327
0.8185675476911243
0.6300410885531186
0.4765520942974719
0.9081370830993107
0.32406950434840187
0.1480259952455362
0.6786704296624326
0.8997221409600733
0.09163110696023546
0.8851879505651219
0.02878075236458444
0.7242629920259883
0.3105368356781164
0.6127703034494487
0.18699817369099037
0.10563584186136418
0.5702423567870889
0.5449414858996927
0.8406392529412788
0.12853671626396662
0.7720038827143803
0.5311610182387523
0.11477482532919295
0.9777792519981152
0.3960204829586675
0.8293623475025488
0.6453550622745035
0.5449414858996927
0.10563584186136418
0.8092580587635144
0.3847584204362432
0.7809424758375016
0.7118430681534869
0.6116375800173952
0.7701313796707984
0.4896499471696996
0.09163110696023546
0.1452587080769045
0.6300410885531186
0.22268064962648954
0.9103574560167645
0.6045787300962933
0.03503215143988436
0.7809424758375016
0.45759360126803866
0.7293826302769976
0.39283815078578627
0.4749695087409886
0.07567171251645022
0.9632570279515085
0.9144715236510035
0.48201785427751165
0.3006368952277251
0.759466265624174
0.5287464427442832
0.25669516808101545
0.2986247016370076
0.7608532245833813
0.22089428364798633
0.5299307681529902
0.02878075236458444
0.9354126991970464
0.08699016109585733
0.7719121847218453
0.37433142008942455
0.32406950434840187
0.2705960110777077
0.8737939404694289
0.9624554510014494
0.9397552600455644
0.9683254908810291
0.1414679883646473
0.8811491262202225
0.08699016109585733
0.42501851563759874
0.15836718404299327
0.7892854625589255
0.575051943797966
0.9683254908810291
0.23038336666456383
0.10092118725369054
0.8852966970093743
0.7042803379629028
0.5445673382903556
0.39283815078578627
0.1502606309704405
0.6661114367913089
0.8290674455509794
0.8986719827950967
0.6565202525497197
0.27176493364177307
0.4883932796316829
0.4749695087409886
0.010183027160307945
0.30403524558543454
0.9329278636340633
0.16141167615881313
0.6338165040172459
0.8250160997856834
0.946553028793768
0.749076492719022
0.2685999783117435
0.4071643246252282
0.9581781793026054
0.44570310086758425
0.26438938624469555
0.3960204829586675
0.1747185528882348
0.5389831636279577
0.27151470195112504
0.8014898908514779
0.9354126991970464
0.5235379296761491
0.3232101927427964
0.5208600294415797
0.4789130047036237
0.01575602126589626
0.5442588354701607
0.4008998965962334
0.8209066624210309
0.27671803967671377
0.22089428364798633
0.1723744269882666
0.5287464427442832
0.9632570279515085
0.4008998965962334
0.6338165040172459
0.9624554510014494
0.946553028793768
0.12853671626396662
0.2853380718233473
0.12118285376184124
0.1872525614179441
0.240395086690663
0.8621152070980768
0.6871955760788041
0.5356563275702023
0.6355650174446406
0.4189244987728249
0.5416209995490593
0.6274668238768697
0.8804857547988285
0.5174571428202017
0.3800647644188151
0.6557288660993846
0.48108196774227374
0.8406392529412788
0.2278904005047519
0.9384366132814445
0.10092118725369054
0.6813577821400505
0.6880132957798946
0.6189980422896189
0.5896757651152573
0.42052973888419276
0.749076492719022
0.6946688094197386
0.5727117022099375
0.42497258460452875
0.2853380718233473
0.23457403109173136
0.6307872420244127
0.5542342601073492
0.21397831010368978
0.27176493364177307
0.6001569949495271
0.768850761667534
0.3760366472427431
0.1723744269882666
0.3449620723033905
0.03052753436117761
0.8716481517265456
0.7042803379629028
0.2705960110777077
0.8742216873893813
0.8715188494989206
0.575051943797966
0.8959264313085167
0.1414679883646473
0.20342092529056044
0.6189980422896189
0.09148198038967692
0.6271902281886449
0.6880132957798946
0.2679543325454371
0.9081370830993107
0.30403524558543454
0.7892854625589255
0.8715188494989206
0.8959264313085167
0.5054024877877028
0.3820522674480865
0.022152435686681016
0.8935012095058308
0.49493247382445693
0.3538982397181907
0.012055327175807706
0.1452587080769045
0.3817381398724199
0.7939642121241838
0.637512923754782
0.6112255257104826
0.5329018076672176
0.19963910362177845
0.27671803967671377
0.33543747643768745
0.9757495230030133
0.4251185517805002
0.11477482532919295
0.16635075156784307
0.016258371328770393
0.8976087973288276
0.2521879467122726
0.8126823480753265
0.0912632747043699
0.4765520942974719
0.6327530298755589
0.6001569949495271
0.8209066624210309
