0.6765279846972045
0.2072962297357137
0.6765279846972045
0.6765279846972045
0.6765279846972045
0.6765279846972045
0.6765279846972045
0.6765279846972045
0.2072962297357137
0.6765279846972045
0.6765279846972045
0.6765279846972045
0.6765279846972045
0.6765279846972045
0.6765279846972045
0.2072962297357137
0.6765279846972045
0.6765279846972045
0.2072962297357137
0.6765279846972045
0.2072962297357137
0.6765279846972045
0.6765279846972045
0.2072962297357137
0.6765279846972045
0.6765279846972045
0.2072962297357137
0.6765279846972045
0.6765279846972045
0.6765279846972045
0.2072962297357137
0.6765279846972045
0.6765279846972045
0.6765279846972045
0.6765279846972045
0.2072962297357137
0.2072962297357137
0.6765279846972045
0.6765279846972045
0.2072962297357137
0.6765279846972045
0.2072962297357137
0.6765279846972045
0.2072962297357137
0.6765279846972045
0.2072962297357137
0.2072962297357137
0.6765279846972045
0.6765279846972045
0.6765279846972045
0.2072962297357137
0.6765279846972045
0.6765279846972045
0.2072962297357137
0.6765279846972045
0.6765279846972045
0.6765279846972045
0.6765279846972045
0.6765279846972045
0.2072962297357137
0.6765279846972045
0.2072962297357137
0.6765279846972045
0.6765279846972045
0.6765279846972045
0.6765279846972045
0.6765279846972045
0.2072962297357137
0.2072962297357137
0.6765279846972045
0.2072962297357137
0.6765279846972045
0.6765279846972045
0.2072962297357137
0.6765279846972045
0.6765279846972045
0.6765279846972045
0.6765279846972045
0.6765279846972045
0.2072962297357137
0.6765279846972045
0.6765279846972045
0.6765279846972045
0.2072962297357137
0.6765279846972045
0.6765279846972045
0.2072962297357137
0.6765279846972045
0.6765279846972045
0.2072962297357137
0.6765279846972045
0.2072962297357137
0.6765279846972045
0.2072962297357137
0.6765279846972045
0.6765279846972045
0.2072962297357137
0.2072962297357137
0.6765279846972045
0.6765279846972045
0.6765279846972045
0.6765279846972045
0.2072962297357137
0.6765279846972045
0.2072962297357137
0.2072962297357137
0.2072962297357137
0.6765279846972045
0.6765279846972045
0.6765279846972045
0.2072962297357137
0.2072962297357137
0.6765279846972045
0.6765279846972045
0.6765279846972045
0.6765279846972045
0.2072962297357137
0.6765279846972045
0.6765279846972045
0.6765279846972045
0.6765279846972045
0.2072962297357137
0.6765279846972045
0.6765279846972045
0.2072962297357137
0.2072962297357137
0.6765279846972045
0.2072962297357137
0.6765279846972045
0.6765279846972045
0.6765279846972045
0.6765279846972045
0.2072962297357137
0.2072962297357137
0.9581781793026054
0.6765279846972045
0.6765279846972045
0.6765279846972045
0.2072962297357137
0.6765279846972045
0.6765279846972045
0.6765279846972045
0.6765279846972045
0.6765279846972045
0.6765279846972045
0.6765279846972045
0.6765279846972045
0.01575602126589626
0.6765279846972045
0.2072962297357137
0.6765279846972045
0.27671803967671377
0.2072962297357137
0.2072962297357137
0.6765279846972045
0.6765279846972045
0.2072962297357137
0.6765279846972045
0.6765279846972045
0.6765279846972045
0.2072962297357137
0.2072962297357137
0.2072962297357137
0.2072962297357137
0.2072962297357137
0.6765279846972045
0.6765279846972045
0.6765279846972045
0.6765279846972045
0.6765279846972045
0.6765279846972045
0.6765279846972045
0.6765279846972045
0.2072962297357137
0.6765279846972045
0.6765279846972045
0.6765279846972045
0.6765279846972045
0.2072962297357137
0.6765279846972045
0.2072962297357137
0.6765279846972045
0.6765279846972045
0.6765279846972045
0.6765279846972045
0.2072962297357137
0.6765279846972045
0.6765279846972045
0.6765279846972045
0.6765279846972045
0.2072962297357137
0.2072962297357137
0.6765279846972045
0.6765279846972045
0.2072962297357137
0.2072962297357137
0.6765279846972045
0.6765279846972045
0.6765279846972045
0.2072962297357137
0.2072962297357137
0.03052753436117761
0.6765279846972045
0.6765279846972045
0.2072962297357137
0.6765279846972045
0.6765279846972045
0.6765279846972045
0.6765279846972045
0.2072962297357137
0.20342092529056044
0.6765279846972045
0.2072962297357137
0.6765279846972045
0.6765279846972045
0.2072962297357137
0.6765279846972045
0.2072962297357137
0.6765279846972045
0.6765279846972045
0.6765279846972045
0.6765279846972045
0.2072962297357137
0.2072962297357137
0.6765279846972045
0.6765279846972045
0.2072962297357137
0.2072962297357137
0.2072962297357137
0.2072962297357137
0.6765279846972045
0.6765279846972045
0.6765279846972045
0.6765279846972045
0.2072962297357137
0.27671803967671377
0.2072962297357137
0.6765279846972045
0.6765279846972045
0.2072962297357137
0.2072962297357137
0.2072962297357137
0.6765279846972045
0.6765279846972045
0.6765279846972045
0.0912632747043699
0.6765279846972045
0.6765279846972045
0.6765279846972045
0.6765279846972045
