0.7004585090345689
0.8359866352072797
0.1347735608182049
0.7394243213405947
0.9493263207669261
0.8271796684214768
0.1347735608182049
0.15342575765795527
0.6768348070947297
0.14420908064585
0.23969066517193574
0.7463268515332415
0.7135314122482798
0.646169845409422
0.09966722810299905
0.8066521582316014
0.7463268515332415
0.14420908064585
0.8981353794249393
0.9493263207669261
0.8271796684214768
0.598992586063077
0.7860515593061809
0.5423371220994557
0.7501200286266291
0.7925917363175619
0.7925917363175619
0.13362778509173798
0.8981353794249393
0.8981353794249393
0.7416662372742971
0.20956764141624987
0.7270352720805598
0.8594533739713668
0.4419375272578058
0.7253458507169063
0.7004585090345689
0.18945675932359776
0.8539768621065673
0.7463268515332415
0.7683039140413697
0.23007295315959742
0.8359866352072797
0.7888990518249983
0.8100471318259652
0.5336676400343473
0.6285751945679504
0.7270352720805598
0.7386943298895584
0.698888547612514
0.6396483211190173
0.24930837718427407
0.7252358993752268
0.706400951100155
0.22832225085007316
0.7501200286266291
0.8359866352072797
0.3831623814272729
0.21002627329775989
0.21025558923851487
0.11727191022550451
0.12138483329129562
0.9421784588256317
0.1401633213706923
0.7004585090345689
0.7693746662549185
0.7253458507169063
0.48095652072758116
0.3831623814272729
0.8357459367192325
0.21390081945000855
0.8271796684214768
0.7693746662549185
0.14420908064585
0.7888990518249983
0.6880321117530591
0.21390081945000855
0.46441448716876377
0.5423371220994557
0.21502567380450893
0.3240145568038816
0.14178414401408435
0.20286208849943796
0.7394243213405947
0.6880321117530591
0.11635192231752943
0.7253458507169063
0.8576326463053977
0.4752965653253711
0.7661844177688727
0.9493263207669261
0.2026426671183602
0.3240145568038816
0.7683039140413697
0.2465823668351361
0.29218047845696776
0.8567775694621671
0.14509691813039247
0.8140056177775056
0.4614403383099422
0.7693746662549185
0.09081115226778425
0.4614403383099422
0.82465534752446
0.2139218882757171
0.09344817037850017
0.598992586063077
0.20797864618208795
0.3456565527800364
0.5336676400343473
0.7394243213405947
0.19043886308085337
0.8539768621065673
0.7925917363175619
0.9496797379892135
0.07795499576159204
0.11987317493568099
0.6939352455534537
0.9349669756333442
0.7419924104227579
0.19000606022540084
0.2671807496182103
0.7386943298895584
0.8053840932835387
0.09081115226778425
0.6050623185793843
0.18038484528201804
0.23174365398634356
0.7896876710860448
0.8359866352072797
0.4419375272578058
0.12372500057430443
0.4419375272578058
0.173838989745716
0.22535197857218292
0.6574715621801565
0.7253458507169063
0.646169845409422
0.6136430993014598
0.7270352720805598
0.16654141321493557
0.19000606022540084
0.14105585156080222
0.13362778509173798
0.06691653743647341
0.14724405091189385
0.24930837718427407
0.6768348070947297
0.46118983523739476
0.5483285961627041
0.5144151607868384
0.82465534752446
0.9496797379892135
0.13362778509173798
0.31309358103592405
0.8981353794249393
0.12138483329129562
0.39157603723971884
0.20872581973058693
0.5768339025800157
0.43182952704540933
0.20251865206709646
0.13029612785129188
0.28076027079701094
0.16654141321493557
0.20000715030207525
0.7201986998155965
0.2695565486977497
0.3456565527800364
0.7416662372742971
0.7925917363175619
0.7902659551897339
0.20872581973058693
0.23969066517193574
0.698888547612514
0.46441448716876377
0.2671807496182103
0.812222170891471
0.42425968277916315
0.861274101637336
0.6542592307812608
0.6574715621801565
0.7902659551897339
0.7896876710860448
0.9349669756333442
0.15641621455156893
0.9087971999928719
0.14956094106676765
0.21002627329775989
0.43182952704540933
0.44832043139669314
0.5340437549679794
0.15040288530598045
0.1760656781637182
0.7135314122482798
0.812222170891471
0.6880382993506378
0.13029612785129188
0.4952198041371954
0.7201986998155965
0.06691653743647341
0.17879007789474413
0.598992586063077
0.7250407513873631
0.501519338866136
0.14724405091189385
0.8567775694621671
0.14683671923227737
0.5336676400343473
0.6768348070947297
0.646156129730551
0.876811738289074
0.8619912218147205
0.45910439169073186
0.959747436672158
0.20251865206709646
0.28076027079701094
0.9493263207669261
0.5423371220994557
0.09344817037850017
0.6136430993014598
0.8066521582316014
0.23007295315959742
0.5341230883893808
0.09966722810299905
0.8100471318259652
0.09966722810299905
0.2139218882757171
0.1347735608182049
0.14105585156080222
0.14178414401408435
0.22832225085007316
0.2695565486977497
0.7135314122482798
0.9580901998300861
0.15641621455156893
0.8594533739713668
0.45910439169073186
0.12372500057430443
0.11276530227993531
0.7860410631682989
0.16870744204690352
0.6396483211190173
0.7416662372742971
0.5593815725960699
0.22535197857218292
0.39157603723971884
0.18945675932359776
0.4984598950785137
0.9580901998300861
