0.6365465559216097
0.7473015034241874
0.44441638152740376
0.44441638152740376
0.7201986998155965
0.1054919612998501
0.5022867170194648
0.37798028905831216
0.17702057555013148
0.9409903860841609
0.2570508991720058
0.28055368261383395
0.6576361335679575
0.08206254598049358
0.31336207986797665
0.08602048725122219
0.2903013420699695
0.41753390675145025
0.44441638152740376
0.4752965653253711
0.43771123483458907
0.5046656823728254
0.703532124179933
0.4752965653253711
0.6576361335679575
0.9421784588256317
0.28055368261383395
0.13362778509173798
0.12155038681862011
0.17702057555013148
0.8792807331462678
0.21400960924792795
0.5855718390011795
0.5855718390011795
0.3694598937287732
0.7850164848544285
0.253029178390175
0.5977454095223453
0.742558656977312
0.264692604337699
0.6485159950117124
0.2570508991720058
0.12155038681862011
0.8979614062541514
0.2925646610365604
0.6576361335679575
0.31336207986797665
0.8975176951734307
0.7473015034241874
0.4468962375511262
0.5977454095223453
0.31336207986797665
0.8370095933051575
0.14248082998195127
0.2903013420699695
0.6576361335679575
0.03420565880500118
0.3998750878693342
0.21400960924792795
0.11987406613524992
0.07425074273204509
0.12138483329129562
0.4358019216185066
0.13001449343286392
0.7394381381456142
0.8792807331462678
0.8792807331462678
0.43771123483458907
0.37892387441840425
0.9647279293972795
0.1054919612998501
0.9203615670389705
0.2590818234570018
0.03420565880500118
0.8979614062541514
0.7111054138179226
0.29334312652105893
0.45001722607811817
0.4752965653253711
0.253029178390175
0.3898796631762672
0.13975019418326198
0.19497334417893428
0.8080811337478923
0.7014912077259325
0.12363438009174636
0.640964501887558
0.8387506394946324
0.4752965653253711
0.01444343398046466
0.9493263207669261
0.3717496469306627
0.26409913749047353
0.8387506394946324
0.253029178390175
0.3717496469306627
0.851323672990433
0.13001449343286392
0.8866404640232404
0.44441638152740376
0.8681738538645566
0.09115423423833652
0.5816958816781582
0.8238399179339895
0.24617432777940101
0.12250447223875295
0.6454133335065844
0.08602048725122219
0.2869646633710801
0.3998750878693342
0.8080811337478923
0.21400960924792795
0.9409903860841609
0.7110241437289643
0.9496797379892135
0.07384744554269052
0.07425074273204509
0.6516377496909596
0.9409903860841609
0.742558656977312
0.17702057555013148
0.16202837004059656
0.7473015034241874
0.6516377496909596
0.04701201298456614
0.609542897848865
0.18038484528201804
0.29545239855711114
0.734656302021095
0.8484259066773211
0.3694598937287732
0.1069403689277682
0.3694598937287732
0.3998750878693342
0.2230684665367876
0.609542897848865
0.6457188414219381
0.5985351811628841
0.5680044573545648
0.8094861712468084
0.1069403689277682
0.20373557672817771
0.12363438009174636
0.13362778509173798
0.06691653743647341
0.18038484528201804
0.2925646610365604
0.6320668386495054
0.4681495073027546
0.6062709586658852
0.53669030490929
0.9003979886161145
0.9496797379892135
0.13362778509173798
0.26409913749047353
0.9421784588256317
0.12138483329129562
0.40836777289378606
0.27094862369908185
0.5250926105920809
0.44441638152740376
0.20251865206709646
0.1054919612998501
0.27094862369908185
0.31336207986797665
0.21197788637125375
0.7201986998155965
0.41753390675145025
0.2869646633710801
0.5895164943447577
0.7110241437289643
0.7944908472111688
0.11175391816935787
0.2570508991720058
0.6952316055877528
0.4788117482594094
0.391572648100884
0.8094861712468084
0.41753390675145025
0.7944908472111688
0.6320668386495054
0.6457188414219381
0.8061792767757572
0.742558656977312
0.9699361165101541
0.17035159912118658
0.9421784588256317
0.11987406613524992
0.21400960924792795
0.4681495073027546
0.37798028905831216
0.4866397584551314
0.13460889095781275
0.09969401107839237
0.703532124179933
0.8681738538645566
0.7394381381456142
0.1054919612998501
0.12250447223875295
0.7201986998155965
0.06691653743647341
0.21197788637125375
0.7105698116851105
0.7850164848544285
0.501519338866136
0.0822906868325366
0.851323672990433
0.1373622885362458
0.5532687116256431
0.7111054138179227
0.735062527617072
0.8367016178075328
0.864267512452612
0.45423016317203496
0.9630619103563018
0.20251865206709646
0.28055368261383395
0.9493263207669261
0.4788117482594094
0.03420565880500118
0.5849324935162026
0.7744043070327783
0.22889530882402043
0.43771123483458907
0.1068368187919031
0.9011808266800286
0.08206254598049358
0.24617432777940101
0.08989145812403201
0.12904139387927696
0.13460889095781275
0.2903013420699695
0.2591284781931465
0.703532124179933
0.9630619103563018
0.14248082998195127
0.886280163713833
0.45423016317203496
0.5895164943447577
0.10666527592016174
0.8061792767757572
0.16569415413966082
0.6062709586658852
0.838535114592922
0.5593815725960699
0.2925646610365604
0.30327799551529705
0.20373557672817771
0.53669030490929
0.9498040156197264
