0.7016309467826818
0.7016309467826818
0.19710683892126613
0.19710683892126613
0.19710683892126613
0.7016309467826818
0.7016309467826818
0.7016309467826818
0.7016309467826818
0.7016309467826818
0.19710683892126613
0.19710683892126613
0.19710683892126613
0.7016309467826818
0.19710683892126613
0.19710683892126613
0.19710683892126613
0.19710683892126613
0.7016309467826818
0.7016309467826818
0.7016309467826818
0.7016309467826818
0.19710683892126613
0.19710683892126613
0.19710683892126613
0.19710683892126613
0.7016309467826818
0.19710683892126613
0.7016309467826818
0.19710683892126613
0.7016309467826818
0.19710683892126613
0.7016309467826818
0.19710683892126613
0.19710683892126613
0.19710683892126613
0.19710683892126613
0.19710683892126613
0.19710683892126613
0.19710683892126613
0.7016309467826818
0.19710683892126613
0.7016309467826818
0.19710683892126613
0.19710683892126613
0.7016309467826818
0.7016309467826818
0.7016309467826818
0.7016309467826818
0.7016309467826818
0.7016309467826818
0.19710683892126613
0.19710683892126613
0.7016309467826818
0.7016309467826818
0.7016309467826818
0.7016309467826818
0.19710683892126613
0.19710683892126613
0.7016309467826818
0.19710683892126613
0.7016309467826818
0.7016309467826818
0.19710683892126613
0.7016309467826818
0.19710683892126613
0.19710683892126613
0.7016309467826818
0.7016309467826818
0.19710683892126613
0.19710683892126613
0.19710683892126613
0.19710683892126613
0.7016309467826818
0.7016309467826818
0.7016309467826818
0.7016309467826818
0.7016309467826818
0.7016309467826818
0.19710683892126613
0.7016309467826818
0.19710683892126613
0.19710683892126613
0.7016309467826818
0.7016309467826818
0.7016309467826818
0.7016309467826818
0.7016309467826818
0.19710683892126613
0.19710683892126613
0.7016309467826818
0.7016309467826818
0.19710683892126613
0.7016309467826818
0.19710683892126613
0.19710683892126613
0.7016309467826818
0.19710683892126613
0.6672925006121719
0.7016309467826818
0.7016309467826818
0.09081115226778425
0.5967460741511286
0.7016309467826818
0.19710683892126613
0.19710683892126613
0.7016309467826818
0.19710683892126613
0.19710683892126613
0.7016309467826818
0.7016309467826818
0.19710683892126613
0.7016309467826818
0.7016309467826818
0.19710683892126613
0.19710683892126613
0.19710683892126613
0.7016309467826818
0.7016309467826818
0.7016309467826818
0.19710683892126613
0.19710683892126613
0.7016309467826818
0.7016309467826818
0.09081115226778425
0.7016309467826818
0.19710683892126613
0.19710683892126613
0.7016309467826818
0.7016309467826818
0.19710683892126613
0.19710683892126613
0.7016309467826818
0.19710683892126613
0.19710683892126613
0.7016309467826818
0.7016309467826818
0.7016309467826818
0.7016309467826818
0.7016309467826818
0.19710683892126613
0.19710683892126613
0.19710683892126613
0.19710683892126613
0.19710683892126613
0.19710683892126613
0.19710683892126613
0.7016309467826818
0.7016309467826818
0.7016309467826818
0.7016309467826818
0.7016309467826818
0.7016309467826818
0.19710683892126613
0.19710683892126613
0.7016309467826818
0.19710683892126613
0.6672925006121719
0.19710683892126613
0.7016309467826818
0.7016309467826818
0.19710683892126613
0.19710683892126613
0.22722998526008348
0.19710683892126613
0.19710683892126613
0.7016309467826818
0.19710683892126613
0.19710683892126613
0.7016309467826818
0.7016309467826818
0.7016309467826818
0.19710683892126613
0.19710683892126613
0.19710683892126613
0.7016309467826818
0.19710683892126613
0.7016309467826818
0.7016309467826818
0.7016309467826818
0.7016309467826818
0.7016309467826818
0.7016309467826818
0.7016309467826818
0.7016309467826818
0.19710683892126613
0.7016309467826818
0.19710683892126613
0.19710683892126613
0.7016309467826818
0.7016309467826818
0.7016309467826818
0.19710683892126613
0.19710683892126613
0.7016309467826818
0.7016309467826818
0.7016309467826818
0.19710683892126613
0.5967460741511286
0.7016309467826818
0.7016309467826818
0.19710683892126613
0.7016309467826818
0.7016309467826818
0.7016309467826818
0.19710683892126613
0.7016309467826818
0.19710683892126613
0.7016309467826818
0.7016309467826818
0.7016309467826818
0.7016309467826818
0.7016309467826818
0.7016309467826818
0.9254090101401887
0.19710683892126613
0.22722998526008348
0.7016309467826818
0.7016309467826818
0.19710683892126613
0.7016309467826818
0.7016309467826818
0.19710683892126613
0.7016309467826818
0.19710683892126613
0.7016309467826818
0.19710683892126613
0.19710683892126613
0.19710683892126613
0.19710683892126613
0.19710683892126613
0.19710683892126613
0.19710683892126613
0.7016309467826818
0.9254090101401887
0.19710683892126613
0.7016309467826818
0.7016309467826818
0.7016309467826818
0.19710683892126613
0.7016309467826818
0.19710683892126613
0.7016309467826818
0.7016309467826818
0.7016309467826818
0.19710683892126613
0.19710683892126613
0.19710683892126613
0.7016309467826818
0.19710683892126613
