0.3565388805487909
0.26269788139755823
0.9191776341702962
0.19432369557300155
0.413681718608938
0.22228098550536185
0.5922806748749172
0.34717359980326334
0.26672399223349846
0.13307410241286874
0.28093569307355315
0.1973578801506332
0.3496481082384342
0.19634563440572578
0.2954447001616146
0.653849591565939
0.1445502602008134
0.43044180321018044
0.07279951255736661
0.4742295343168725
0.19206226366179113
0.5544112002197137
0.9250244182866117
0.74068316613345
0.41629717830309265
0.9442289676295884
0.3708720146925379
0.12761286066376143
0.36903748465030883
0.3685955219939566
0.3693895897604171
0.3398627608846597
0.9021026866588633
0.21712353410542867
0.852973906745535
0.5490343156928937
0.8884415860532868
0.4262044994864115
0.927265088091966
0.47102370878814037
0.1142393054544179
0.4321301386516978
0.24371432340126836
0.9191776341702962
0.4321301386516978
0.24531843257101804
0.836462181275722
0.4571677618236418
0.7553742290823922
0.32012295199606644
0.9083642665748966
0.8885490043775576
0.3398669849015038
0.39479753970762926
0.9309720308858661
0.7435313480749535
0.7516084839450188
0.3905181430720169
0.7553742290823922
0.20916549132147266
0.29393801161132505
0.3042884951206575
0.9298489901129893
0.7376252795722953
0.5922806748749172
0.1445502602008134
0.21038798276519127
0.5126975050713574
0.5271431234894917
0.07048022015840166
0.12927761382225916
0.9153778935923275
0.19486948081533123
0.8572275779006064
0.8885490043775576
0.6472069177755544
0.5408338843100283
0.33249133096082584
0.39132469138040915
0.9093519788693705
0.15906781134724937
0.3323633833472769
0.36903748465030883
0.8672556246284915
0.14625929958828113
0.3721994269524652
0.8202820132382828
0.340258750851048
0.13975389118725284
0.4462146400446518
0.06670078635465386
0.7174072418645052
0.43367066373743046
0.9374485552507751
0.5271431234894917
0.9952968155112447
0.9063690300869984
0.06612319151057384
0.3417296067264344
0.24081293397485823
0.9759405539143792
0.2603707357064077
0.26450064375572757
0.3708720146925379
0.3689217895887916
0.7517623997023664
0.745744064824464
0.8004047487375022
0.3144902269762268
0.2603707357064077
0.8154367402235052
0.8432377847831923
0.47044536254955494
0.5086441585070245
0.755693958987553
0.06670078635465386
0.6216285926380614
0.12867684019991765
0.0553757374275049
0.19486948081533123
0.0034315274920648786
0.8860708208288824
0.8328993106321547
0.8206286380536753
0.12927761382225916
0.1142393054544179
0.3077405038079421
0.3693895897604171
0.16066900844981946
0.7624008096318129
0.35432813893090526
0.3628026472590783
0.28051486982051554
0.9151178799055206
0.38551193521013505
0.3721994269524652
0.7882821961336897
0.20893281317476153
0.7517623997023664
0.5155265747609925
0.5245876100272647
0.19432369557300155
0.7355913799436391
0.6615448079953349
0.902532237658209
0.899969648491961
0.4742295343168725
0.413681718608938
0.12733766320273476
0.6472069177755544
0.5519317814727382
0.978368332770843
0.9928628411933828
0.25386978751049294
0.9155226152114244
0.8228702225709452
0.13307410241286874
0.447963099000303
0.5543713013545745
0.19206226366179113
0.12761286066376143
0.9190745090334778
0.43044180321018044
0.693419879960811
0.1433289585749851
0.12581706459776748
0.7479567815739746
0.5811735041812508
0.6216285926380614
0.3735059837353457
0.3144902269762268
0.2676705091878644
0.26269788139755823
0.30389016098819377
0.5897119968239397
0.17477143387068755
0.836462181275722
0.8206186657511895
0.19634563440572578
0.33303254155750817
0.39743333474424775
0.9003124335488139
0.44122556219510034
0.9769320450911317
0.4967839618500883
0.39479753970762926
0.49224065345133705
0.47786146706445665
0.30935209928553686
0.0912096118787491
0.653849591565939
0.4723660637485054
0.718075620301082
0.7125053791966452
0.13975389118725284
0.2939722669099893
0.12867684019991765
0.8884415860532868
0.3945723725480885
0.8228702225709452
0.26672399223349846
0.16129364705080262
0.4323919300995389
0.13320246326506147
0.08112745098374208
0.7516084839450188
0.3398669849015038
0.3940478684140313
0.06612319151057384
0.164448514463189
0.755693958987553
0.9769320450911317
0.3565388805487909
0.22228098550536185
0.5897119968239397
0.3323633833472769
0.852973906745535
0.6316205925383456
0.28051486982051554
0.2038645821000789
0.5126975050713574
0.6664585436859316
0.5598523359894305
0.12733766320273476
0.7237700298522547
0.9063690300869984
0.07549988832366686
0.8672556246284915
0.5368793570503895
0.745744064824464
0.9094128602390781
0.47725373449214015
0.5245876100272647
0.9891085949369007
0.5598523359894305
0.07309849394849059
0.06461248574416074
0.8704826087133872
0.9895719368262822
0.8303542416605234
0.16066900844981946
0.5742373162385683
0.03692283477079894
0.7624008096318129
0.32969846574482103
0.7355913799436391
0.6264832364363906
0.21712353410542867
0.164448514463189
0.9083642665748966
