0.3943309539752242
0.3943309933820584
0.3943309390785407
0.39433097734830547
0.3943309696251678
0.3943309676713278
0.39433099557784024
0.3943309669792206
0.3943309719630557
0.39433097412509577
0.3943309696251678
0.39433096150202596
0.3943309500097871
0.39433097380267623
0.3943309581384931
0.3943309610877541
0.053276134688021025
0.3943309823436856
0.39433102589856395
0.3943309947454966
0.39433097734830547
0.3943309540778935
0.39433098587145926
0.39433098877565714
0.39433096467471085
0.3943309581979679
0.39433095885592406
0.3943309676713278
0.39433096070644463
0.39433098489706797
0.39433098673303646
0.39433078280426526
0.39433095699557935
0.39433096539144424
0.3943309746359274
0.3943309624168033
0.394330993724339
0.39433095482828967
0.3943309544118862
0.3943310170572635
0.39433098087374624
0.39433096464583395
0.39433096624959374
0.39433095196040757
0.39433103715075646
0.394330970640294
0.39433098877565714
0.39433098099768904
0.39433096456819133
0.3943309941150874
0.39433096619639074
0.39433097784820614
0.3943309540778935
0.3943309934763143
0.3943309403554914
0.3943309696251678
0.39433098300684544
0.3943309655435656
0.39433097565010744
0.3943309153617769
0.3943309719630557
0.3943309646632013
0.3943309500035379
0.3943310142942957
0.3943309340516475
0.39433096673960844
0.39433096317666794
0.3943309947454966
0.39433096464583395
0.3943309459101557
0.3943309403554914
0.394330972778679
0.3943309338607735
0.3943309616137045
0.3943309581979679
0.3943309801258881
0.39433095699557935
0.7107376093593906
0.39433095616930486
0.39433099247132025
0.39433097792412847
0.3943309544118862
0.39433096608896945
0.3943309746359274
0.3943309338607735
0.39433096690651864
0.394330972778679
0.3943309320292627
0.3943309610877541
0.39433094370462984
0.3943309554166282
0.394330949772327
0.39433096539144424
0.39433097065257366
0.39433097536809397
0.39433096060296663
0.3943309695068655
0.394330933193452
0.3943309600727856
0.3943309220071931
0.3943309493463114
0.3943309986348096
0.39433093513944345
0.39433096456819133
0.3943309613697128
0.39433095301649324
0.39433096080920765
0.3943309840380387
0.39433097357956925
0.39433100458925496
0.39433101230783674
0.3943309823436856
0.39433098087374624
0.39433097583837395
0.8415754924064963
0.394331198452953
0.39433099557784024
0.3943309986348096
0.39433093428263066
0.3943309985984017
0.39433098099768904
0.39433098101932823
0.39433096080920765
0.3943308914253477
0.3943309396181472
0.3943309944074794
0.39433118461403194
0.3943309619983606
0.3943309722994572
0.3943309873121257
0.3943309669792206
0.3943309724835532
0.39433095568853127
0.3943310653641485
0.3943309725763475
0.39433103311057677
0.39433097082804125
0.09122108379097427
0.3943309723380595
0.3943309646632013
0.39433097065257366
0.39433105836209864
0.3943310273940665
0.3943309934763143
0.3943309500097871
0.394330970640294
0.3943309715714557
0.39433103715075646
0.08598603733790511
0.39433096317666794
0.39433098587424087
0.3943309580025829
0.39433097992602734
0.7330252929149145
0.39433091000061726
0.394331198452953
0.3943309542720706
0.3943309528460346
0.39433095839392496
0.39433097813645085
0.39433099693641205
0.39433099004963795
0.3943309586492371
0.8508541257986635
0.3943309625867941
0.39433097483049595
0.3943309600891136
0.3943309682650566
0.3943309657789767
0.8859393347273523
0.39433095701032983
0.8508541257986635
0.3943311003605882
0.3943309593619057
0.3943309437581007
0.39433094286475684
0.39433096416103053
0.3943309585676289
0.8891388802703779
0.39433095301649324
0.39433106488212055
0.3943309669792206
0.3943309578496539
0.39433097565010744
0.39433097536809397
0.39433094682653747
0.3943309933820584
0.3943309528460346
0.856361824468012
0.39433097398488837
0.39433093513944345
0.3943309871393919
0.3943309539752242
0.3943309329397744
0.3943310061390884
0.3943309746359274
0.7108174755508113
0.05609721462131534
0.394330993724339
0.39433096542142804
0.3943310653641485
0.6505068319453017
0.3943309666975008
0.39433097082804125
0.3943309944074794
0.39433096266145173
0.3943309790728813
0.39433097468668976
0.39433097784820614
0.39433089652432896
0.3943309666975008
0.3943309300539909
0.9143717940154154
0.39433078280426526
0.394330940936727
0.9653305580019325
0.3943309220071931
0.394330997806546
0.8563608694733003
0.3943309329397744
0.39433103474093223
0.39433097425064745
0.3943310507591021
0.39433097936654243
0.053276134688021025
0.8778911707841244
0.3943309542720706
0.869982330449518
0.39433092147873067
0.856361824468012
0.39433095616930486
0.39433096539144424
0.394330972778679
0.3943310170572635
0.053276134688021025
0.39433096619639074
0.39433097792412847
0.6560272893362065
0.39433106488212055
0.3943309486231393
0.39433086125176264
0.8508547981592917
0.3943309923534528
0.3943309329397744
0.3943309444873693
0.3943309336255598
0.8337278614401857
0.8358737500591307
0.3943308812691237
0.39433100411119837
