0.2780935530031411
0.3291844825151825
0.9191776341702962
0.1655095946889861
0.4874843029134883
0.22228098550536185
0.6481619425467295
0.3291844825151825
0.2897154919684133
0.13329696045291006
0.29941850648518953
0.1973578801506332
0.30224330988799153
0.2872527987168069
0.2954447001616146
0.7009031865699569
0.1445502602008134
0.36532001732120634
0.10627670187230973
0.41538420743283166
0.27016151570834174
0.5712896729691792
0.9250244182866117
0.6502677510614403
0.3536968437327648
0.9442289676295884
0.3677038627278769
0.12761286066376143
0.36903748465030883
0.3536968437327648
0.3848668084242149
0.35868594074779725
0.9057577734489707
0.21712353410542867
0.9148295637208725
0.5490343156928937
0.8884415860532868
0.4262044994864115
0.927265088091966
0.47102370878814037
0.12473327936013048
0.42852920145818785
0.24371432340126836
0.9191776341702962
0.2897154919684133
0.25284458413871286
0.836462181275722
0.4003440270880127
0.7553742290823922
0.3004144245448998
0.9083642665748966
0.8885490043775576
0.34352029235238357
0.39479753970762926
0.9309720308858661
0.7446377064497087
0.7516084839450188
0.3905181430720169
0.8684478574078418
0.1655095946889861
0.325238446080058
0.3042884951206575
0.9298489901129893
0.7376252795722953
0.6119506337066314
0.10815555669151626
0.3299960901245702
0.5231159541421616
0.44967127522097844
0.07048022015840166
0.13630328619862214
0.9153778935923275
0.27677774911092157
0.8572275779006064
0.8885490043775576
0.6472069177755544
0.5408338843100283
0.33249133096082584
0.39132469138040915
0.9093519788693705
0.2367790191617381
0.3323633833472769
0.39973964393024464
0.8672556246284915
0.30224330988799153
0.509372981353232
0.8202820132382828
0.43021198953412265
0.10627670187230973
0.5102259781416101
0.06670078635465386
0.7174072418645052
0.43367066373743046
0.9374485552507751
0.509372981353232
0.9952968155112447
0.9109458226492114
0.06612319151057384
0.3244140891657403
0.24081293397485823
0.9759405539143792
0.19482417476433342
0.31270699170332805
0.3708720146925379
0.3689217895887916
0.7517623997023664
0.8228568566582125
0.8004047487375022
0.3144902269762268
0.2079596480694066
0.8413461824259983
0.8684478574078418
0.47044536254955494
0.5086441585070245
0.755693958987553
0.06670078635465386
0.6216285926380614
0.13761975876573548
0.0553757374275049
0.19486948081533123
0.0034315274920648786
0.8426884138808373
0.8328993106321547
0.8206286380536753
0.19482417476433342
0.1142393054544179
0.29941850648518953
0.3693895897604171
0.16066900844981946
0.7624008096318129
0.2731952012963482
0.3628026472590783
0.28714805472864363
0.9151178799055206
0.38551193521013505
0.37919693585191905
0.6902814355043034
0.20893281317476153
0.7517623997023664
0.602904005132648
0.442246509670669
0.19432369557300155
0.812016482998463
0.6415867003166982
0.902532237658209
0.8709656828458452
0.49231159487691817
0.413681718608938
0.12733766320273476
0.6472069177755544
0.4874843029134883
0.978368332770843
0.9148295637208725
0.31237090110151544
0.9109458226492114
0.8228702225709452
0.13307410241286874
0.3753224751387826
0.5073593966795669
0.2731952012963482
0.12473327936013048
0.8709656828458452
0.43044180321018044
0.6481619425467295
0.13630328619862214
0.13518366239929044
0.7009031865699569
0.5811735041812508
0.6415867003166982
0.3735059837353457
0.2367790191617381
0.2676705091878644
0.26269788139755823
0.3493438503479115
0.5897119968239397
0.17477143387068755
0.836462181275722
0.8367962862483622
0.1805277514075115
0.2471630943041554
0.39743333474424775
0.9003124335488139
0.4348773818266441
0.9769320450911317
0.4967839618500883
0.3493438503479115
0.49224065345133705
0.4348773818266441
0.30935209928553686
0.0912096118787491
0.653849591565939
0.4723660637485054
0.718075620301082
0.7125053791966452
0.13975389118725284
0.3004144245448998
0.13761975876573548
0.812016482998463
0.36532001732120634
0.8228702225709452
0.26672399223349846
0.2471630943041554
0.3677038627278769
0.13320246326506147
0.10815555669151626
0.7516084839450188
0.3398669849015038
0.32837287490579475
0.06612319151057384
0.2872527987168069
0.755693958987553
0.9769320450911317
0.41538420743283166
0.19349542695732955
0.5897119968239397
0.27016151570834174
0.852973906745535
0.6119506337066314
0.28714805472864363
0.2038645821000789
0.5073593966795669
0.6664585436859316
0.5712896729691792
0.12733766320273476
0.7237700298522547
0.9063690300869984
0.07549988832366686
0.8413461824259983
0.5368793570503895
0.7446377064497087
0.9057577734489707
0.47725373449214015
0.5245876100272647
0.8942073009348465
0.5598523359894305
0.13329696045291006
0.12946809065858114
0.8704826087133872
0.9895719368262822
0.8303542416605234
0.16066900844981946
0.5102259781416101
0.03692283477079894
0.7624008096318129
0.27677774911092157
0.7355913799436391
0.6264832364363906
0.21712353410542867
0.14656267733155331
0.9083642665748966
