0.3943309716565292
0.3943309716565293
0.39433097165652936
0.39433097165652936
0.3943309716565296
0.3943309716565295
0.394330971656529
0.3943309716565293
0.3943309716565294
0.39433097165652947
0.3943309716565296
0.39433097165652936
0.3943309716565293
0.3943309716565295
0.39433097165652936
0.3943309716565293
0.053276134688021025
0.39433097165652936
0.3943309716565295
0.3943309716565293
0.39433097165652936
0.39433097165652936
0.39433097165652964
0.3943309716565293
0.3943309716565294
0.3943309716565296
0.39433097165652925
0.3943309716565295
0.3943309716565294
0.3943309716565294
0.3943309716565293
0.3943309716565293
0.39433097165652925
0.39433097165652925
0.3943309716565293
0.39433097165652936
0.39433097165652936
0.39433097165652936
0.3943309716565289
0.3943309716565292
0.39433097165652925
0.3943309716565294
0.39433097165652964
0.394330971656529
0.39433097165652936
0.3943309716565295
0.3943309716565295
0.39433097165652914
0.3943309716565295
0.39433097165652947
0.3943309716565293
0.3943309716565302
0.3943309716565295
0.3943309716565294
0.39433097165652964
0.3943309716565293
0.3943309716565295
0.3943309716565294
0.3943309716565296
0.39433097165652936
0.3943309716565294
0.39433097165652947
0.39433097165652947
0.3943309716565299
0.39433097165652936
0.39433097165652936
0.39433097165652936
0.3943309716565294
0.3943309716565294
0.39433097165652914
0.3943309716565282
0.3943309716565293
0.39433097165652925
0.394330971656529
0.3943309716565292
0.3943309716565293
0.3943309716565292
0.7107376093593906
0.39433097165652947
0.39433097165653
0.39433097165652975
0.3943309716565294
0.3943309716565292
0.39433097165652936
0.394330971656529
0.39433097165652925
0.39433097165652947
0.3943309716565292
0.39433097165652936
0.39433097165652964
0.3943309716565295
0.3943309716565297
0.39433097165652886
0.39433097165652936
0.3943309716565292
0.3943309716565295
0.39433097165652925
0.39433097165653
0.3943309716565293
0.394330971656529
0.3943309716565292
0.3943309716565293
0.3943309716565286
0.3943309716565297
0.39433097165652947
0.3943309716565292
0.39433097165652853
0.3943309716565297
0.3943309716565296
0.39433097165652936
0.39433097165652875
0.3943309716565294
0.3943309716565291
0.3943309716565297
0.8415754924064963
0.3943309716565289
0.3943309716565293
0.3943309716565293
0.3943309716565293
0.3943309716565294
0.3943309716565294
0.39433097165652925
0.3943309716565294
0.3943309716565293
0.39433097165652975
0.39433097165652975
0.3943309716565294
0.39433097165653086
0.39433097165652964
0.3943309716565293
0.3943309716565295
0.3943309716565296
0.39433097165652936
0.3943309716565296
0.39433097165652936
0.3943309716565289
0.3943309716565293
0.09122108379097427
0.3943309716565294
0.3943309716565293
0.39433097165652936
0.39433097165652936
0.3943309716565293
0.3943309716565293
0.39433097165652925
0.39433097165652964
0.3943309716565292
0.3943309716565293
0.08598603733790511
0.3943309716565289
0.3943309716565295
0.3943309716565289
0.39433097165652936
0.7330252929149145
0.3943309716565292
0.3943309716565289
0.3943309716565293
0.3943309716565294
0.39433097165652853
0.3943309716565294
0.3943309716565293
0.3943309716565295
0.39433097165652936
0.8508543499051937
0.39433097165652947
0.3943309716565296
0.3943309716565289
0.3943309716565292
0.3943309716565293
0.8859393347273523
0.3943309716565294
0.8508543499051937
0.3943309716565294
0.39433097165652947
0.39433097165652947
0.39433097165652997
0.3943309716565299
0.3943309716565296
0.8891388802703779
0.39433097165652936
0.39433097165652925
0.3943309716565304
0.3943309716565291
0.3943309716565296
0.3943309716565291
0.3943309716565294
0.3943309716565293
0.39433097165652925
0.8563615061412988
0.39433097165652936
0.3943309716565289
0.3943309716565293
0.3943309716565291
0.3943309716565294
0.3943309716565293
0.39433097165652936
0.7108174755508113
0.054686674654668185
0.39433097165652964
0.39433097165652947
0.3943309716565293
0.6505068319453017
0.39433097165652914
0.3943309716565295
0.3943309716565291
0.3943309716565295
0.39433097165652986
0.3943309716565292
0.39433097165652986
0.39433097165652864
0.3943309716565293
0.39433097165653064
0.9143717940154154
0.39433097165652914
0.394330971656529
0.9653305580019325
0.394330971656529
0.3943309716565296
0.8563615061340129
0.3943309716565293
0.39433097165652964
0.3943309716565293
0.3943309716565301
0.39433097165652964
0.053276134688021025
0.8778911707841244
0.3943309716565292
0.869982330449518
0.39433097165652947
0.8563615061340129
0.3943309716565293
0.39433097165652914
0.3943309716565294
0.3943309716565295
0.053276134688021025
0.39433097165652925
0.3943309716565294
0.6560272893362065
0.39433097165652964
0.39433097165652947
0.3943309716565292
0.8508543499462313
0.39433097165652925
0.3943309716565293
0.3943309716565294
0.39433097165653
0.8337278614401857
0.8358737500591307
0.39433097165652903
0.39433097165652925
