0.39383890294297397
0.38958062691988155
0.39262767037094376
0.39141725820122586
0.38953779156623675
0.39844232593694
0.3973292331668457
0.3969412622863193
0.3941252419656716
0.3916874280490974
0.38953779156623675
0.39980089687289727
0.3941252419656716
0.3903730169704291
0.39460776416115184
0.3957752377777667
0.3969412622863193
0.40308441531123307
0.38971742821981015
0.4012151765250582
0.396625877040121
0.39120357404036654
0.39262767037094376
0.3893606250940576
0.39565042635736763
0.3974511271220474
0.3989025125259022
0.39713970962232564
0.3915911764966545
0.39474692387018867
0.3931486421812615
0.38993654773403896
0.3931486421812615
0.39511277229621417
0.392984038677612
0.39120357404036654
0.39464453044227193
0.3931486421812615
0.39163094236208523
0.3905228362649314
0.39173301613556977
0.4031131136905916
0.39107470143116535
0.38485486230726695
0.9143717940154154
0.3992575410324749
0.3973292331668457
0.40007031498048995
0.40051111143042956
0.3919204564341093
0.3982177922408256
0.4162922302952394
0.39297707164233525
0.38336286675334974
0.39371013454724857
0.39354011861774035
0.3974511271220474
0.8641570305495778
0.3937545553110589
0.40850731237776133
0.40190931205195324
0.3889433013789871
0.396272694772264
0.3991750226305323
0.3940974096062108
0.4049205144137653
0.38853468410289016
0.38732218037107247
0.3937058092109862
0.3889234196980466
0.3913711710453928
0.3982177922408256
0.39378959129510993
0.39548255057621895
0.4020769197652514
0.3998494022360297
0.3889090516564896
0.7107376093593906
0.3864107838162191
0.3927925157500909
0.39511277229621417
0.3955447975629161
0.38997831078978673
0.39075474245595415
0.39378959129510993
0.4045385419887444
0.40745574754331826
0.38904694121200667
0.4105098966160072
0.3937058092109862
0.15299418630332717
0.39289299502879177
0.3904907812221884
0.40224134665305816
0.3893606250940576
0.39767379210827564
0.38954111699355015
0.3864107838162191
0.40038344371747203
0.3940974096062108
0.39511277229621417
0.39354011861774035
0.8641570305495778
0.3977602540540513
0.3915911764966545
0.39496292556644613
0.37166052830106344
0.3864107838162191
0.4283788990699999
0.41181206360652134
0.29367051888275014
0.398587976097779
0.3861281777798995
0.398142291265114
0.8415754924064963
0.8589257938459992
0.3938707146049823
0.40216939488483605
0.39586511389463486
0.3947752527717211
0.3937545553110589
0.40004601010293056
0.6674431164986588
0.39167090571481405
0.4058638257093248
0.3991750226305323
0.8577701785160428
0.40734982664434405
0.4028373417429796
0.39586511389463486
0.37299851896784186
0.4106576121851794
0.3940215676206734
0.05174300680506618
0.38188524029661297
0.3966676267165962
0.3770769700861027
0.09122108379097427
0.40831645288404217
0.39177462509478156
0.40224134665305816
0.3939312942354276
0.392984038677612
0.40007031498048995
0.3902707197176434
0.4012564785351195
0.39280783136475717
0.3925052314651461
0.08598603733790511
0.39030450917079396
0.3998494022360297
0.41463522740713016
0.3941043832926504
0.7330252929149145
0.835734133138782
0.43275741550489605
0.40212202368226063
0.3834574871240227
0.39598457494736383
0.39262767037094376
0.38637575092004345
0.38971742821981015
0.39638430533530855
0.8427424097086141
0.36892006784958103
0.38953779156623675
0.39030450917079396
0.3926933428859253
0.3904789543143677
0.8859393347273523
0.4134844767636299
0.8514560062104488
0.39655456461709204
0.3995269326276721
0.39670534846840205
0.40237538884892615
0.40734982664434405
0.38949179757527197
0.8891388802703779
0.3940215676206734
0.39638430533530855
0.3868643557025705
0.3952332910518873
0.3657543819387568
0.3903730169704291
0.8358737500591307
0.36095987262973
0.3901902453804068
0.8772236839481293
0.39980089687289727
0.3951790558311224
0.394670684420858
0.11680151475539324
0.3946546785221776
0.39465210376184356
0.38732218037107247
0.7108174755508113
0.05609721462131534
0.39094140896694185
0.39173301613556977
0.05174300680506618
0.6505068319453017
0.3990835915289725
0.37299851896784186
0.39879712546590596
0.38253572611241726
0.42555820433691904
0.3909380882343304
0.40831645288404217
0.39474692387018867
0.3969412622863193
0.3936727974426358
0.9143717940154154
0.3951790558311224
0.3904399610595087
0.9653305580019325
0.38535813349961373
0.39383890294297397
0.8146371505130658
0.3946546785221776
0.41346443922090137
0.3957752377777667
0.4049205144137653
0.3871498018574622
0.053276134688021025
0.866517929285752
0.40212202368226063
0.869982330449518
0.39681561602777504
0.8772236839481293
0.3678907203976486
0.3972741159342355
0.3966248168266002
0.40745574754331826
0.053276134688021025
0.4103032596480375
0.39953237686188914
0.6560272893362065
0.40204742838980173
0.3824467114459609
0.382086547662363
0.8514560062104488
0.39324435005937797
0.3961056052281327
0.38637575092004345
0.40415401242488297
0.8337278614401857
0.8358737500591307
0.38535813349961373
0.38961536844164835
