0.14925934902249252
0.14955266719393825
0.4191996082938002
0.7586724399958805
0.6760541090684735
0.8791640090075327
0.3303860540924837
0.5963533634698348
0.7647985368045869
0.5821073078315938
0.5978060936119786
0.6335025836160619
0.08862219176952091
0.3021477245013412
0.4713720673834852
0.6525930830216742
0.7153489428584989
0.3798195903121373
0.148401519438502
0.17315129746772873
0.42962371482584755
0.5004178446409734
0.19448882038973297
0.8393476206691006
0.8966026999410681
0.41324643657552174
0.14979253439964255
0.7006839690158826
0.027214952633313805
0.19637226125073975
0.8380205121323279
0.03824174684928899
0.8568906090106652
0.7831240856812538
0.13467803500920392
0.1518946609747332
0.7207149574633298
0.7831240856812538
0.09795817712344562
0.9678208198039915
0.5148899247839314
0.6800522926891737
0.08862219176952091
0.8082757862414166
0.3212000764836422
0.46374359394261894
0.12363763319481656
0.450319928163907
0.10536898197788985
0.8711417472440336
0.23145354802706014
0.7870246711949571
0.7353745020134135
0.8298884843233025
0.035679549871071255
0.1465176409092433
0.46374359394261894
0.6798437869798724
0.19637226125073975
0.41324643657552174
0.5584031344491749
0.8380205121323279
0.5403645440598104
0.5607672343485146
0.7433930434704139
0.33170466239593055
0.3696341919204238
0.8471843323753331
0.7391894887205332
0.5580922319648869
0.866935005467547
0.6174928520869823
0.6335025836160619
0.48390935058931517
0.849016426394589
0.41864953524527543
0.08514354533715132
0.42962371482584755
0.5790377137406473
0.6174928520869823
0.5821073078315938
0.13636982207686307
0.1518946609747332
0.8298884843233025
0.10190683323160049
0.8452998524988568
0.6371591189277234
0.07747049367219996
0.32247121965270975
0.6760541090684735
0.4751735155829715
0.7335207087379697
0.5735631420013992
0.7836385022153673
0.605958385361534
0.4740442001592236
0.5148899247839314
0.6895827526274863
0.3696341919204238
0.5963533634698348
0.6039326448838406
0.6874085704600784
0.6895827526274863
0.027214952633313805
0.7836385022153673
0.13226710661607077
0.8230607092690772
0.35731664443496564
0.9502310771163589
0.6798437869798724
0.7391894887205332
0.9513101510716307
0.24477226793852352
0.12363763319481656
0.7870246711949571
0.5523222043032864
0.9159930738997385
0.0808366969287459
0.4457594162954448
0.10190683323160049
0.36974157877227565
0.2830614621426374
0.5978060936119786
0.6039326448838406
0.8717871004089436
0.08677817171145408
0.6800522926891737
0.21355299244119127
0.7062505105973349
0.4235747085348003
0.7006839690158826
0.5543379015902847
0.7798927568584446
0.8966026999410681
0.41619977124750585
0.08677817171145408
0.9502310771163589
0.32488641758905773
0.5543379015902847
0.7020916420237193
0.12803169366877112
0.5797585312438827
0.7207149574633298
0.5886023064595507
0.5901505789356831
0.4713574640010768
0.33170466239593055
0.5790377137406473
0.450319928163907
0.8214538990948744
0.36396201652408633
0.3212000764836422
0.9096881569075426
0.14925934902249252
0.4713720673834852
0.14955266719393825
0.19448882038973297
0.41864953524527543
0.8452998524988568
0.07747009614339503
0.6371591189277234
0.5045388760954601
0.7586724399958805
0.148401519438502
0.03824174684928899
0.3385764719994994
0.5834453419491956
0.9561112725936771
0.7062505105973349
0.09795817712344562
0.21355299244119127
0.9438135801745352
0.2339256064317028
0.7436150164627486
0.14979253439964255
0.5005306861470628
0.2864639893672611
0.9175880491525112
0.035679549871071255
0.13467803500920392
0.8568906090106652
0.10536898197788985
0.35731664443496564
0.6074774276503571
0.587921558816057
0.296268846497445
0.44525799352279594
0.30378312581462896
0.9513101510716307
0.4308432861409057
0.6698572574765596
0.07870839161685739
0.24048393216109304
0.5819090951575517
0.6074774276503571
0.25765014013245435
0.21870558637097126
0.7647985368045869
0.2830614621426374
0.5735631420013992
0.5901505789356831
0.07747049367219996
0.5689411209760535
0.866935005467547
0.6525930830216742
0.45041084628922723
0.7353745020134135
0.04264432696252993
0.9678208198039915
0.16965573674642903
0.5584031344491749
0.4751735155829715
0.4308432861409057
0.8791640090075327
0.24477226793852352
0.07870839161685739
0.9995233484240581
0.08961052845921125
0.4050676449487143
0.9175880491525112
0.4740442001592236
0.17469762476801465
0.31920484336270444
0.32488641758905773
0.11688552027695942
0.5403645440598104
0.8082757862414166
0.6526696261916074
0.5689411209760535
0.02790044220102572
0.4713866707658936
0.043891765801165994
0.8283565669485269
0.9561112725936771
0.16965573674642903
0.850442352325367
0.3303860540924837
0.24048393216109304
0.6874085704600784
0.17469762476801465
0.6031371496999309
0.7798927568584446
0.4432765330502081
0.5045388760954601
0.39336883985902127
0.13226710661607077
0.6322291429580805
0.3530354557860569
0.13636982207686307
0.04043178602717647
