0.39416647824234874
0.7828907304492191
0.7828907304492191
0.812359613353811
0.8150163654872067
0.8195521787233538
0.8467755271508365
0.8168354738531011
0.7811810523366423
0.817323606723276
0.7960341752643666
0.3252956040590126
0.766770256614177
0.4639281567994177
0.7761546782160192
0.7298709524600518
0.8203262416223193
0.5543230561700647
0.7909858428000041
0.8012900807461749
0.8062126103122852
0.8096432888350149
0.7839829219776042
0.8147066813884881
0.8155953504380739
0.8143412476122026
0.23593680004286538
0.7939609288810636
0.8063779057103693
0.8059685719721624
0.7713762618732806
0.8163448917628502
0.5145133778159412
0.812359613353811
0.74163190252964
0.8168354738531011
0.39416647824234874
0.807666621435775
0.3546031522385502
0.7185398783210859
0.5312993973949443
0.8290620315358135
0.553087346166987
0.2564247298756765
0.8063779057103693
0.8503356491207636
0.8096432888350149
0.5362224627628926
0.7298709524600518
0.13748896580379733
0.06623617906126827
0.5848265157310201
0.7144312973712537
0.3319684622193521
0.2566670466987637
0.8155953504380739
0.7433958275373
0.8445380376492536
0.7932859636217566
0.8271797756799493
0.8195521787233538
0.7626623814049767
0.8023575997219725
0.7828907304492191
0.8271797756799493
0.13748896580379733
0.8064862831187961
0.199224967557367
0.7711014024232092
0.8150682559073057
0.8150163654872067
0.7871370559092179
0.7754362274443176
0.766770256614177
0.7761546782160192
0.8020016927973552
0.9912250545382351
0.8062126103122852
0.7939609288810636
0.7960341752643666
0.7779468798355746
0.3252956040590126
0.817323606723276
0.23593680004286538
0.10785298471777743
0.7796701200010965
0.39735237242970783
0.08704458188952285
0.8317689124423839
0.7862440338279624
0.748743116230313
0.7256612067641001
0.7626623814049767
0.47910607189474197
0.7438297593821763
0.7754362274443176
0.4016686229748948
0.3319684622193521
0.8640977340586032
0.8179213137959307
0.13748896580379733
0.7839829219776042
0.748743116230313
0.7865505073320771
0.8764978254094526
0.7754362274443176
0.8158249037024661
0.8083762992195568
0.867912140423112
0.8059685719721624
0.8606640961298891
0.5301117032931442
0.766770256614177
0.8386481705587868
0.24094881973511761
0.4639281567994177
0.45720420292664765
0.24052138056931857
0.7796701200010965
0.5485515235051794
0.8096432888350149
0.7871370559092179
0.7935334895818089
0.0021692930289718415
0.8336807585971748
0.5174249702169561
0.8064862831187961
0.74163190252964
0.8467755271508365
0.22374087944649745
0.48857236638154916
0.5143253321963259
0.39735237242970783
0.3252956040590126
0.8121720230148993
0.29188460554963624
0.7913188061898446
0.11995684150996988
0.8271797756799493
0.07575296405022769
0.7663704035495356
0.8166182967427467
0.5312993973949443
0.5143253321963259
0.8107670955083257
0.4893108055855373
0.8146958240617153
0.807666621435775
0.8137284936090016
0.35466410497439066
0.8121720230148993
0.747818397535203
0.7811810523366423
0.5724236495772367
0.7638929494146045
0.8093686443352629
0.5371313731096119
0.4639281567994177
0.7735953863804512
0.7828907304492191
0.3124047307860462
0.10149047957346972
0.7474284638618176
0.10149047957346972
0.29431775445905795
0.769275942526502
0.7144312973712537
0.5543230561700647
0.8668639353763797
0.14914528414231798
0.7476158093810137
0.7663704035495356
0.8102392981352893
0.41647848231566453
0.8147066813884881
0.7769017823785327
0.553087346166987
0.8009913034406506
0.7735953863804512
0.7792336881913705
0.03381079285108757
0.29188460554963624
0.7935334895818089
0.4727900373725603
0.7538703932272575
0.23593680004286538
0.7932332796639047
0.8184071419824456
0.8143412476122026
0.8158249037024661
0.8072306195845934
0.7557308793853257
0.8445380376492536
0.2566670466987637
0.8367671668046425
0.84244866606261
0.8396264870436755
0.8143412476122026
0.765085893972536
0.7983432127224984
0.7485640411798402
0.8103401264373974
0.4654702432901522
0.5086797468477828
0.7194918993560473
0.199224967557367
0.46927987116134456
0.8487097682650924
0.7761546782160192
0.7692848211128737
0.8012900807461749
0.7485640411798402
0.7144312973712537
0.8124072382264629
0.3076595869738865
0.7757397194059802
0.8504550326525127
0.8386481705587868
0.5371313731096119
0.8337402085942509
0.8339414590895741
0.7298709524600518
0.8010210557830838
0.8178271884302273
0.8028333836759113
0.8072306195845934
0.2333892842350066
0.7711014024232092
0.8292705613749878
0.8150163654872067
0.8138073550788283
0.06623617906126827
0.7621479412185275
0.5145133778159412
0.177461168216831
0.8709144471537869
0.7256612067641001
0.8155953504380739
0.5168354639471412
0.7769017823785327
0.7932859636217566
0.47950552743153496
0.08704458188952285
0.6646380276580126
0.3076595869738865
0.8219885314815619
0.7771854340266969
0.807666621435775
0.8339414590895741
0.8063779057103693
