0.39416647824234874
0.7746989120108762
0.8057981536597092
0.7878207277359506
0.8041913553054099
0.7955195809678003
0.7964765410252159
0.8019526785934361
0.8004198706619396
0.7974513948895396
0.7942589229412119
0.7912145465452364
0.7887349552303391
0.7954201688141027
0.7898830153391131
0.7703236562728865
0.8019037709529098
0.7869510884442743
0.7997578623625089
0.8048761978021791
0.7843038298817335
0.799215003773525
0.8199551413901385
0.7874242472902672
0.7994439893705563
0.7990967464845729
0.7994439893705563
0.8073453890659635
0.78580938987092
0.8059685719721624
0.7874242472902672
0.8011117554337334
0.8199551413901385
0.8013499797598028
0.7921532594908253
0.7920500594356907
0.7887349552303391
0.7912145465452364
0.821050263985392
0.7921532594908253
0.5421933717809656
0.7961516211778558
0.7946831804148284
0.7935994862707731
0.7955195809678003
0.7984674565960836
0.799215003773525
0.8384345064432381
0.7743971057633736
0.7921532594908253
0.09404242635015896
0.7935994862707731
0.7819593728018286
0.776694652302466
0.7988114225403717
0.8097170696820609
0.7931590412872123
0.4766754195504743
0.7886898527019447
0.8057981536597092
0.8195521787233538
0.7964765410252159
0.7913761444768571
0.7879031539350366
0.8063902730060208
0.13748896580379733
0.8070848119764027
0.199224967557367
0.7950043056161338
0.7989794931782623
0.8022819069515333
0.7955195809678003
0.7878430218373067
0.788348580332965
0.7942589229412119
0.7986742002257178
0.9912250545382351
0.7932192714750763
0.7878207277359506
0.8063902730060208
0.7779468798355746
0.3252956040590126
0.7994106256157048
0.7862063702873104
0.7988114225403717
0.7857239279622525
0.7988114225403717
0.7987425226393005
0.7878207277359506
0.7965990822892786
0.7574759593153049
0.7665216302681671
0.7904687046572003
0.7987425226393005
0.7438297593821763
0.7665216302681671
0.4016686229748948
0.8041913553054099
0.8223796818336454
0.7917312948910183
0.18543912501940196
0.7969934797975351
0.7574759593153049
0.7952318660870534
0.8764978254094526
0.7897246462510857
0.7974513948895396
0.7984988725802019
0.808088483395856
0.8028611154749582
0.7920261156073993
0.8029366116251196
0.783419382055302
0.8386481705587868
0.7990967464845729
0.799215003773525
0.798889099548558
0.24052138056931857
0.512735093136999
0.8088174862545126
0.8096432888350149
0.7912145465452364
0.7985635798971206
0.0021692930289718415
0.8336807585971748
0.7920261156073993
0.8056903901539367
0.7766205778939147
0.8206044208286724
0.753347718326682
0.7981814273378024
0.8199551413901385
0.7966077505076172
0.2553673645392073
0.7936993028982073
0.7974513948895396
0.7913188061898446
0.7760393487955262
0.7942589229412119
0.7778526590243273
0.7663704035495356
0.8166182967427467
0.8027388418240263
0.8073453890659635
0.7830290668756238
0.8019037709529098
0.8013499797598028
0.8236465542397252
0.8137284936090016
0.7879031539350366
0.8073453890659635
0.7724925711632417
0.7811810523366423
0.7878430218373067
0.7960467010773794
0.78580938987092
0.8223796818336454
0.7981589408237929
0.7735953863804512
0.798889099548558
0.8041913553054099
0.7946831804148284
0.8048761978021791
0.7904687046572003
0.788348580332965
0.7927610137626692
0.7144312973712537
0.6033458060963349
0.8668639353763797
0.7874242472902672
0.7847977029105117
0.7663704035495356
0.7997578623625089
0.41647848231566453
0.8011117554337334
0.7769017823785327
0.8028987005191224
0.8009913034406506
0.7920500594356907
0.7760393487955262
0.03381079285108757
0.8075341334184968
0.8029366116251196
0.7819593728018286
0.7538703932272575
0.23593680004286538
0.8041474948243632
0.8028611154749582
0.8031710658935717
0.8158249037024661
0.7804350495616026
0.7990885146536076
0.8034962504114617
0.7987645666874286
0.8367671668046425
0.8206044208286724
0.8097170696820609
0.7987645666874286
0.7977960145635943
0.8047935446642631
0.788917301277414
0.7923728810321219
0.7897653984131172
0.8039527967887254
0.7746989120108762
0.199224967557367
0.46927987116134456
0.8487097682650924
0.7898830153391131
0.7947567849329484
0.7990967464845729
0.7485640411798402
0.7869510884442743
0.7837960009199822
0.7907393217184303
0.7856007703320923
0.790612501027092
0.8016499062138814
0.7931590412872123
0.8002052220019711
0.8031710658935717
0.7680841720275765
0.7907393217184303
0.8013499797598028
0.7985091198396015
0.803005963648064
0.2553673645392073
0.7711014024232092
0.788917301277414
0.7898830153391131
0.7966289162680578
0.09404242635015896
0.7968474113705968
0.7120859976186525
0.7897653984131172
0.8384345064432381
0.7256612067641001
0.8155953504380739
0.8036002095271151
0.7769017823785327
0.7932859636217566
0.790612501027092
0.09404242635015896
0.808088483395856
0.8019526785934361
0.7804350495616026
0.8004977455826602
0.7961516211778558
0.8025169926576905
0.8063779057103693
