0.3414297549383984
0.33951073343283933
0.3389851461279467
0.34695857015421677
0.35088664034222045
0.3458299873609325
0.323021537511792
0.3342774742034284
0.3480285805445853
0.3821065022345411
0.3316251415418211
0.3441930188592417
0.34433469757966895
0.33576296220494656
0.3622285026986722
0.3346399228183861
0.3385545889505777
0.3383462833642034
0.3316313019435615
0.3342774742034284
0.3271734595147053
0.3404875687418014
0.3380030334310336
0.3461721187869227
0.33554247670750326
0.6831906824493996
0.33951073343283933
0.38989355548821847
0.3420305582162107
0.3996646923287845
0.3404875687418014
0.3508693182132609
0.34800437704542336
0.3264786212877855
0.3340647979514275
0.7977668377194066
0.35917775581939565
0.31532467890673527
0.3514854273813051
0.33617812382339335
0.3514854273813051
0.34126160518812515
0.34354692574360585
0.7742573409782181
0.3224841989716353
0.34411061474439025
0.3389851461279467
0.3622285026986722
0.3600011991433605
0.3821065022345411
0.36868709572949204
0.3383462833642034
0.32238622050446036
0.35088664034222045
0.3555225728022183
0.7584349681171897
0.347136234810205
0.38892457467573677
0.35783736016312045
0.3348097824244578
0.3295178345163595
0.34389874979482987
0.3480285805445853
0.8047108884009668
0.34625256098152035
0.6287150372596719
0.3386859287746786
0.34566868181222826
0.359072622121031
0.33430880510562416
0.3358270058843245
0.36868709572949204
0.3385545889505777
0.34566868181222826
0.3732545156848445
0.32577850424042665
0.34695857015421677
0.32145881678942273
0.335233532936295
0.32725233402377485
0.32145881678942273
0.33479680143496654
0.33667149998325074
0.34354692574360585
0.3297098559824601
0.8464442085760089
0.35056503888416785
0.35953854365199306
0.3304179364572875
0.3386859287746786
0.3256888024396826
0.3476566524185018
0.34239131535337514
0.37148344487189794
0.33667149998325074
0.3506073379650645
0.45017140596912525
0.3421891092934197
0.34404123620899396
0.356716764565917
0.35243056895905694
0.3092841252638689
0.33383144700367084
0.8706334503669735
0.3383462833642034
0.36068080036904804
0.3549321407528409
0.33363282650187914
0.33617812382339335
0.3423770596636766
0.3298657813624382
0.33573806819228075
0.3356170152012307
0.34126160518812515
0.3407673933597933
0.45017140596912525
0.3349201881848188
0.34404123620899396
0.3532447054214352
0.323021537511792
0.3316313019435615
0.35252147648333754
0.3280485509740631
0.3353532540013447
0.32577850424042665
0.3417363222524021
0.33389300847113496
0.334540795040152
0.3390628897720768
0.8706334503669735
0.3681354112524826
0.33554247670750326
0.34389874979482987
0.32725233402377485
0.3264786212877855
0.3304179364572875
0.3342774742034284
0.32415267477375836
0.8706334503669735
0.8047108884009668
0.3510866210555907
0.3442768218405947
0.3344852069017677
0.35658189055035017
0.33667149998325074
0.33754843399967355
0.3389851461279467
0.3821065022345411
0.3295020353374121
0.7989374320276926
0.3513459416578644
0.3492005346605844
0.33205789369420174
0.3943779662033922
0.34411061474439025
0.35783736016312045
0.33363282650187914
0.32238622050446036
0.3356950246727577
0.3092684004083181
0.33479680143496654
0.3220681984164285
0.32577850424042665
0.36068080036904804
0.3268560496684856
0.342399397453921
0.3472052923424356
0.32031035736048485
0.3054817458375689
0.3546911632976307
0.34087768579459166
0.323021537511792
0.3411332862529455
0.3210808742678215
0.34087768579459166
0.31454224065154596
0.3732545156848445
0.3346399228183861
0.33576296220494656
0.33856813039590133
0.35088664034222045
0.3555225728022183
0.3382188563152027
0.34087768579459166
0.31056307800657784
0.33449926935594715
0.3316313019435615
0.7977668377194066
0.7954279260599013
0.3915307630868113
0.32026456182927104
0.32557259717179143
0.3301804545508295
0.3471539419740078
0.34625256098152035
0.3466797105084692
0.33430880510562416
0.3511827530278844
0.33856813039590133
0.3384781999926776
0.33576296220494656
0.35670826900858676
0.33306479816102474
0.34728495193666237
0.3297098559824601
0.3511827530278844
0.1835671968698784
0.3407673933597933
0.31532467890673527
0.34120598200279195
0.3344852069017677
0.3843822683359872
0.33012567381555913
0.3402298606341477
0.33389300847113496
0.3458299873609325
0.32273164034564383
0.3271734595147053
0.3385545889505777
0.32273164034564383
0.34014337560835045
0.34223729608260384
0.34014337560835045
0.32557259717179143
0.3417363222524021
0.8047108884009668
0.34619436751533816
0.3506073379650645
0.35497437659892095
0.3395086078182528
0.32492271106522236
0.34335514878995244
0.3330208328908797
0.3092841252638689
0.3257905669738534
0.6287150372596719
0.32980082256797355
0.3380030334310336
0.34728495193666237
0.33856813039590133
0.33951073343283933
0.34800437704542336
0.33628686279143805
0.3391254717961303
0.34689718185811774
0.33430880510562416
0.34404123620899396
0.3467545182601766
0.34126160518812515
0.7742573409782181
