0.3481401723150957
0.5557859502941115
0.8555642921620226
0.8423165825067379
0.7902765700144507
0.49268683944099784
0.4855903780377454
0.32879775374780756
0.28285531243330675
0.5786114478389384
0.8241878930200602
0.9000715359451752
0.15309965609679596
0.5584650561119624
0.477842726117567
0.2104906494646485
0.7564275897846658
0.204813496374447
0.3491515756930239
0.3876967929227608
0.2820972983520252
0.2989156268218996
0.8993267231106583
0.8622162768382812
0.8423165825067379
0.6201313815969469
0.7188668753818193
0.5557859502941115
0.3721939945689545
0.5897031145074363
0.08116731656627868
0.8598069459090608
0.8431399201386209
0.1982501060292757
0.2660112610425543
0.9388421742459803
0.5221623424521038
0.5675440978351313
0.4486954243965456
0.14433487515618268
0.8622162768382812
0.49268683944099784
0.44834759249915884
0.9801493242528184
0.20211928723364592
0.2576740444158818
0.8622162768382812
0.5614286326527116
0.2104906494646485
0.4821894977376215
0.8700730626494337
0.01528557326263802
0.5510681133170179
0.7564275897846658
0.3635923252798233
0.4034923592361612
0.17647420039848874
0.5281690233912465
0.9531695865417511
0.043938444686221365
0.9080517574312191
0.2652921175927114
0.27771466021409014
0.7722864100780649
0.3635923252798233
0.37347951160328435
0.5228003195248834
0.19258008054237258
0.3239472109033735
0.9091840584914106
0.32606091125471276
0.20211928723364592
0.48275984946235084
0.8423165825067379
0.45251194646626486
0.32879775374780756
0.32569209106115554
0.2660112610425543
0.4694604932838207
0.15309965609679596
0.5584650561119624
0.7642011938674531
0.6297536962851844
0.4811078866648277
0.043938444686221365
0.7391895538376763
0.37347951160328435
0.16422663595481543
0.8204151440236688
0.7633154167469676
0.5380035667670668
0.8017107972751139
0.28285531243330675
0.7902765700144507
0.8622162768382812
0.08261033569182474
0.482474753486876
0.5164870698040502
0.3211152526286346
0.49268683944099784
0.43924499477408285
0.08261033569182474
0.887074233002939
0.6538330663223733
0.9454390684737668
0.9808885737965126
0.6079636477210723
0.7902765700144507
0.5164870698040502
0.5679752207849172
0.4127156999635284
0.10263546776295117
0.4855903780377454
0.45553535893022
0.3016035966830162
0.5839637305267634
0.4034923592361612
0.44319081357384665
0.174870914246658
0.9355261169939119
0.8700730626494337
0.48632409845967656
0.30696622148658076
0.4486954243965456
0.342877815070334
0.28670994315647547
0.4034345284882203
0.1220998727535535
0.08123421674198689
0.45553535893022
0.2842734613516912
0.7415170278756782
0.7462499833018522
0.5510681133170179
0.45251194646626486
0.5114410147112781
0.19258008054237258
0.4855903780377454
0.9418551879576457
0.8238454905955904
0.204813496374447
0.2820972983520252
0.28285531243330675
0.5738972663800458
0.5510681133170179
0.6029707522689839
0.09287990010808111
0.6079636477210723
0.1982501060292757
0.1985250879566628
0.4034345284882203
0.06902808640132323
0.5786114478389384
0.32569209106115554
0.3475722736567153
0.3239472109033735
0.8241878930200602
0.28670994315647547
0.3204071139296554
0.2104906494646485
0.08709695604176275
0.9359840994090673
0.9000715359451752
0.5786114478389384
0.8204151440236688
0.4400296355793918
0.17647420039848874
0.3016035966830162
0.09287990010808111
0.8017107972751139
0.9000715359451752
0.15569460247644393
0.11588871757995481
0.7391895538376763
0.887074233002939
0.18028554288439302
0.16422663595481543
0.2842734613516912
0.9091840584914106
0.49535491910638074
0.7564275897846658
0.43924499477408285
0.4084801812024107
0.16422663595481543
0.2989156268218996
0.2874089723385439
0.48632409845967656
0.8555642921620226
0.6852956408620463
0.5349710596565747
0.7767416074033711
0.5228003195248834
0.15309965609679596
0.8238454905955904
0.5051531297490515
0.8266092209099467
0.2770312270657598
0.8241878930200602
0.5334208380271743
0.23001171974279122
0.18028554288439302
0.8993267231106583
0.8238454905955904
0.08703451179461544
0.14433487515618268
0.3379752960682365
0.3491515756930239
0.20963085917892843
0.21286597364602977
0.8236417391540591
0.4821894977376215
0.511706862632628
0.20963085917892843
0.5897031145074363
0.2660112610425543
0.6538330663223733
0.4127156999635284
0.30696622148658076
0.5557859502941115
0.2770312270657598
0.15281958861277234
0.27219199378617864
0.2989156268218996
0.174870914246658
0.342877815070334
0.3491515756930239
0.174870914246658
0.4694604932838207
0.32569209106115554
0.7962036817260879
0.9091840584914106
0.5099999914785152
0.5679752207849172
0.719426507752277
0.18028554288439302
0.5380035667670668
0.5228003195248834
0.2652921175927114
0.49535491910638074
0.43239643734143485
0.7246904129256417
0.2874089723385439
0.8318701447523802
0.7462499833018522
0.6132003814467892
0.2820972983520252
0.9091840584914106
0.4486954243965456
0.7722864100780649
0.7429365222500253
