0.3090842631851698
0.7411306264192904
0.7799350465559655
0.7886591392622392
0.7559952083840278
0.3260336777466847
0.262254170048829
0.7415868878984733
0.7799350465559655
0.7759322764671452
0.3051521122091739
0.21914133285031823
0.3090842631851698
0.3090842631851698
0.29764751345097956
0.262254170048829
0.7799350465559655
0.804105045434908
0.7420731725896016
0.77079947037482
0.29425298047197457
0.3135793530011688
0.8175806888547186
0.2773052621092248
0.2434440906798424
0.3482222516963409
0.2796879811313633
0.18008894127667482
0.3187822441168499
0.5948174936666557
0.29488778228081625
0.7489252638059041
0.29425298047197457
0.9098539717841914
0.20481160903522022
0.6046055653914064
0.38157040743482534
0.6217800123518402
0.7799350465559655
0.2581106557775129
0.27349066619961676
0.3553747791404219
0.7411006032073448
0.6068813188949979
0.7359800774265267
0.3051521122091739
0.29899588024010265
0.7411306264192904
0.1973853831704231
0.29425298047197457
0.7060861880611548
0.700173397709114
0.2434440906798424
0.7735661509796442
0.29764751345097956
0.4830248024839142
0.24647186228693585
0.907698626936454
0.7759322764671452
0.19418599193386976
0.7606402743331573
0.30553809917399
0.700173397709114
0.7420731725896016
0.7606402743331573
0.24835584176972425
0.2114121701055665
0.13321339629865786
0.8610513299909108
0.5935281393882609
0.21914133285031823
0.744834490172533
0.21894374060933658
0.7411006032073448
0.9098539717841914
0.700173397709114
0.6751257398041769
0.7105819042418879
0.7823587850199591
0.7411306264192904
0.6147354850301145
0.8153835309606977
0.26656909744046686
0.5928462901665503
0.3553747791404219
0.9607007118081565
0.752013290568382
0.176657277282617
0.7129944502164673
0.3187822441168499
0.262254170048829
0.5935281393882609
0.2945546968155283
0.8491418053759651
0.18008894127667482
0.8215251411834815
0.7735661509796442
0.804105045434908
0.45707057195458783
0.7693328558313031
0.7559952083840278
0.7735661509796442
0.7717669507055107
0.25177546734387274
0.29307863560541714
0.2034992601951549
0.7151601287789676
0.7359800774265267
0.6010815134023584
0.7749824710767987
0.5935281393882609
0.26656909744046686
0.7079980734725309
0.7129944502164673
0.176657277282617
0.9078990703770295
0.7570357090521497
0.7570357090521497
0.7886591392622392
0.859153941211773
0.19141561893173728
0.27936390084581336
0.2114121701055665
0.3493124757324074
0.9607007118081565
0.77079947037482
0.76347485041805
0.6217800123518402
0.27900218786062303
0.2567110830918149
0.21321417702341722
0.6068813188949979
0.19598137602828364
0.44832266638468266
0.5701293221889391
0.2581106557775129
0.1973853831704231
0.7693328558313031
0.8141697875545695
0.852543279468982
0.5664667381229531
0.24835584176972425
0.25260681067714114
0.7466654250289102
0.6147354850301145
0.5741114592982125
0.3135793530011688
0.5701293221889391
0.8714196234611049
0.8859882238265988
0.7265383137040429
0.752013290568382
0.9969706884639998
0.4874267788298298
0.12697883381292469
0.13321339629865786
0.859153941211773
0.3232807440895234
0.8296826465181384
0.21914133285031823
0.5928834622490634
0.9078990703770295
0.9076986269364541
0.7446202601074179
0.7497596487155876
0.30255462144007333
0.2707811956786376
0.27349066619961676
0.5152032467318007
0.19010387326122624
0.7878128242003613
0.8610513299909108
0.3051521122091739
0.8249371887983833
0.27204714801885926
0.3867903541161256
0.807898981765538
0.3051521122091739
0.8859882238265988
0.854382762494323
0.7497596487155876
0.8175806888547186
0.8242096388044812
0.03162646296234112
0.27289425558886704
0.38157027651301995
0.8153835309606977
0.6513142458777667
0.7451879942274662
0.3867903541161256
0.754814388252912
0.8714196234611049
0.6709722957703534
0.8249371887983833
0.2773052621092248
0.852543279468982
0.7374655184875921
0.20781084835285474
0.7381249559623839
0.854382762494323
0.38157040743482534
0.7381249559623839
0.7466654250289102
0.6513142458777667
0.8296826465181384
0.40357831768876745
0.2931817005005929
0.76347485041805
0.19010387326122624
0.716242311390742
0.754814388252912
0.2707811956786376
0.21894374060933658
0.24916313851080973
0.4874267788298298
0.670647709084581
0.6692654895113961
0.7874142988516669
0.5741114592982125
0.7878128242003613
0.2034992601951549
0.03162646296234112
0.3107756249638603
0.24916313851080973
0.266358215744345
0.686318132731057
0.3107756249638603
0.6046055653914064
0.7685214908732338
0.6292293590802615
0.2508611098471337
0.17588343458784828
0.2489327063884859
0.807898981765538
0.7472758836243043
0.27749293987963997
0.45707057195458783
0.3493124757324074
0.1548503620503262
0.44832266638468266
0.7079980734725309
0.29820734982666575
0.7886591392622392
0.8373494035064184
0.744834490172533
0.686318132731057
0.7769217452234659
0.8141697875545695
0.6217800123518402
0.6010815134023584
