0.22404669653621423
0.8494604979375914
0.8410705823932534
0.9338513835075758
0.3801939798531695
0.35910984357654985
0.870058347216502
0.20750526906238176
0.1767821001429949
0.20429702010090156
0.5994572775625032
0.0654725789770696
0.6467855932167709
0.7555212301613025
0.26171310111778945
0.7382844654434652
0.6868407179351055
0.40230702823799447
0.024676799372126856
0.8413736040267112
0.00963638049466542
0.32984760576691496
0.4977726906182731
0.8912034086713192
0.3686910770116929
0.3875810611422429
0.38363570852205653
0.2298360030209109
0.5650144631054425
0.7597698653900212
0.3354192369808906
0.14667701822027157
0.8816285732588849
0.05176613829137655
0.3412150878956157
0.4063880362323353
0.39758127611793515
0.32828252719590645
0.1980058375414404
0.1899561046436974
0.3428602133977976
0.449643516994934
0.5183359939578951
0.6180084754208468
0.4798011442652479
0.6897890686950245
0.4868682356157831
0.6038375954950683
0.3294174411334583
0.8971811497153626
0.773626909776304
0.5260907233327964
0.7420657867809128
0.994805243519561
0.9181259670552898
0.9449924440658464
0.7345883944754177
0.9999884023388743
0.11250713867789741
0.09153716643390086
0.17159424287304148
0.4143248718186754
0.5665798846194832
0.5781332299238758
0.008642123322686657
0.8853386437495242
0.20663715485738665
0.10190402234876683
0.7938082782122483
0.5127246148446916
0.7867833890485489
0.9433668137839657
0.0873522958704267
0.16251662508112386
0.9654203081468502
0.4214750313302962
0.8686614074596791
0.2791065771567356
0.11234661771565801
0.774067339105003
0.5478160840039118
0.806101501129438
0.21532976171834295
0.6847963176058961
0.40604684287756754
0.9431730940593074
0.37964795276445096
0.1682943048237019
0.6873562879132107
0.4098509136087881
0.2817735017757972
0.6000853331998084
0.2057804766011656
0.908706133012856
0.19168520555572421
0.8620833453767415
0.3076152449685523
0.8154088515340335
0.852290950386983
0.6900055352308297
0.8185812585441228
0.07910047047442481
0.6888440252694036
0.22816659369613157
0.5095933903210612
0.17320926104574585
0.2784216859081686
0.9349500505644599
0.699197834263581
0.7538287084420499
0.4846430359766545
0.2945731648069888
0.6635490960591718
0.611257229609081
0.6042050403051775
0.9630763577190468
0.9262818337026869
0.671111873272752
0.9037129857245146
0.7999334993520044
0.12775332610156254
0.08522986678936673
0.0237526470241064
0.3967297868539892
0.9782283295570057
0.70526170862321
0.6742547114408594
0.5741681229245564
0.36872387705165266
0.06538184791310442
0.14167646078741003
0.1916189688019776
0.07889159856403216
0.47045327862686404
0.9058107222753119
0.27849853980443506
0.13704725693612085
0.7747970014170941
0.4025066539212224
0.7740936245997861
0.6934920290865562
0.34077474384334994
0.3171012070920115
0.8485556044348691
0.6816548860563174
0.5136264349048028
0.17720684442319057
0.07088738618782275
0.38964927773043356
0.7121236571797332
0.6136124914311896
0.5810318308013329
0.9969706884639998
0.4413122324851464
0.039943373874556265
0.11057803354267837
0.9218169228550238
0.42927365187117184
0.8133329115052784
0.6141813804947601
0.849619968252534
0.8527217830350124
0.4448578238885851
0.7262785692078407
0.6816479912749315
0.458238790594216
0.22251914790096594
0.14731911880898785
0.5457407979563382
0.08259404444058038
0.9207911687616556
0.16165320144793416
0.23941295967698772
0.8511523952145271
0.3121887270189514
0.36573539827286516
0.8823162104507336
0.788788153992885
0.9425315959068177
0.7557338903879675
0.15191849695751203
0.990742233843307
0.6422586931772973
0.007608355139578471
0.009321107015901164
0.3378172033949096
0.8451971537569144
0.23479252320190236
0.8321990805657256
0.4874080927228658
0.8512293129586982
0.9084212406568782
0.7833424866815194
0.8636667049803253
0.10388664395640301
0.9530493420728405
0.03447116439769671
0.26370415615886234
0.6649736611913796
0.8475683653162612
0.4335876179767697
0.6860188938404006
0.8294813630230922
0.4062570411736154
0.8460323815309985
0.4052981489080797
0.2518160154733867
0.8431813824242016
0.07497623035567935
0.9868435342074604
0.19327674634421876
0.611948825496147
0.2973308627798469
0.07511946273870318
0.5610500971825089
0.8523522841997545
0.543445450593661
0.8922476323492688
0.5965081980210581
0.7152633143438925
0.20054369856911025
0.055644570785103764
0.3733366841729392
0.27481635931830883
0.18479080688966076
0.2555016006922627
0.3263683728155151
0.4934196192838164
0.03633319968991078
0.7266820160292
0.19423529900146064
0.1329217765763856
0.3505915603291815
0.7661068568902255
0.7508530354981574
0.5464421453282149
0.4519072615566161
0.34163944786684053
0.06489809966321902
0.4023259668000537
0.769600596293134
0.27105572755329077
0.41868140544342114
0.7037110657907566
0.7572235768394104
0.7406027704102814
0.004603250348230614
0.9652149046687521
0.934024410747986
0.5524029377234394
