0.38873772992589195
0.9098539717841914
0.3916791275942232
0.1446685357002501
0.33586605175638706
0.3456164978996452
0.2712507113944387
0.7821842193152126
0.32743246679099897
0.7764030671733796
0.44068290534451415
0.15642041629648776
0.7949716179955413
0.6600132898294709
0.22469486931606922
0.1673198642574776
0.741233195764206
0.815887853958048
0.845260892000003
0.7981949175218436
0.34189321794144617
0.2430048880763431
0.2712507113944387
0.2530232193636152
0.20272961948807808
0.33586605175638706
0.44068290534451415
0.14696370552993243
0.6444875396206435
0.7949716179955413
0.34253646293235324
0.32743246679099897
0.2712507113944387
0.22469486931606922
0.17303555628567463
0.6935258653768717
0.43569289930561506
0.5436843053223941
0.7577162325515986
0.2192096306713391
0.2719369977632291
0.3763587047812719
0.7718913448966749
0.5224620163149525
0.6444875396206435
0.3897838904424594
0.3763587047812719
0.6444875396206435
0.8281321650344229
0.34189321794144617
0.7749723951140073
0.6119857144014246
0.7464594111395351
0.9098539717841914
0.35889337899970725
0.4830248024839142
0.15642041629648776
0.907698626936454
0.771714506126572
0.19418599193386976
0.741233195764206
0.38873772992589195
0.5345911496149314
0.6920997110264528
0.741233195764206
0.7764030671733796
0.20060820484743125
0.13321339629865786
0.8610513299909108
0.5930167710732888
0.6585292777849769
0.8457527858398468
0.1747788394597604
0.7522951749041282
0.9098539717841914
0.8444709846714863
0.8094522107557959
0.7348640383720892
0.7542238274694618
0.7348640383720892
0.6147354850301145
0.798803645605167
0.26656909744046686
0.5711050441477312
0.38456988015460014
0.9607007118081565
0.7355329191476218
0.1531473967904864
0.6493067587611459
0.4060884402044209
0.2692295485385322
0.5968753682148343
0.29967392371469154
0.9268492885393511
0.14696370552993243
0.7542238274694618
0.7355329191476218
0.907698626936454
0.8094522107557959
0.12697883381292469
0.7981949175218436
0.07910047047442481
0.721585946029807
0.1747788394597604
0.3916791275942232
0.2192096306713391
0.5755914399585489
0.2692295485385322
0.6119857144014246
0.7945565422919929
0.5173258081252623
0.26656909744046686
0.7079980734725309
0.6493067587611459
0.1531473967904864
0.9078990703770295
0.8237920755566781
0.671111873272752
0.8178982385898648
0.859153941211773
0.20272961948807808
0.3916791275942232
0.17303555628567463
0.3493124757324074
0.9607007118081565
0.7749723951140073
0.7518507673765084
0.5566133735170303
0.3041430004818625
0.1673198642574776
0.14880835286594815
0.5930167710732888
0.1446685357002501
0.4624007417781032
0.5345911496149314
0.2530232193636152
0.13704725693612085
0.7747970014170941
0.8308583226263225
0.8621270141064166
0.4740410279763256
0.2509690988358241
0.2719369977632291
0.7974367977917978
0.6147354850301145
0.5741988721578871
0.2509690988358241
0.5345911496149314
0.46641195739420716
0.8657078667537806
0.6435570156670478
0.7355329191476218
0.9969706884639998
0.4781030182955909
0.12697883381292469
0.13321339629865786
0.859153941211773
0.38813346019519573
0.8296826465181384
0.6585292777849769
0.5937466983696827
0.9078990703770295
0.9076986269364541
0.7332129467090108
0.21288232156128192
0.44068290534451415
0.2046378650523495
0.14631969378854015
0.5152032467318007
0.15864971971934322
0.7878128242003613
0.8610513299909108
0.44068290534451415
0.8085265878253012
0.2789349671801075
0.3867903541161256
0.8077883305599344
0.753517821978873
0.9062685808994171
0.8830453697859426
0.21288232156128192
0.8998254258628307
0.8242096388044812
0.03162646296234112
0.009321107015901164
0.32743246679099897
0.22469486931606925
0.6489759515208938
0.8081424144178659
0.3867903541161256
0.7821842193152126
0.9084212406568782
0.7083443210562604
0.8574095500974261
0.3041430004818625
0.8621270141064166
0.7492534448194013
0.20060820484743125
0.6888356130731008
0.8830453697859426
0.43569289930561506
0.7874142988516669
0.6935258653768717
0.6715605384344625
0.8296826465181384
0.4781030182955909
0.32062196407599075
0.7518507673765084
0.15864971971934322
0.7126975649548221
0.7821842193152126
0.3897838904424594
0.1841971631711961
0.2343325250504228
0.5029663797202281
0.7891789147228385
0.5755914399585489
0.7874142988516669
0.5741988721578871
0.7878128242003613
0.215235728706325
0.03162646296234112
0.34253646293235324
0.2343325250504228
0.2498775808236637
0.3417506857133588
0.3330213897574655
0.4934196192838164
0.776345555345859
0.7083443210562604
0.19423529900146064
0.16429811779820125
0.2627797356788437
0.8077883305599344
0.7464594111395351
0.45580135156387763
0.5224620163149525
0.3493124757324074
0.06489809966321902
0.4624007417781032
0.7079980734725309
0.2789349671801075
0.8178982385898648
0.7974367977917978
0.8457527858398468
0.3417506857133588
0.08596155730285411
0.8308583226263225
0.5566133735170303
0.5436843053223941
