0.3192292248274435
0.6791737069031597
0.24551260850954706
0.5931139291606436
0.35112085663604115
0.3456164978996452
0.23454267503402823
0.7638559324244372
0.23454267503402823
0.24967634634023872
0.22664650087590563
0.15642041629648776
0.25838165995199286
0.6600132898294709
0.34059769908122156
0.25838165995199286
0.5428653157310901
0.756530276014255
0.845260892000003
0.792673676943736
0.3726989748184657
0.2894354699163651
0.25838165995199286
0.21674460970555978
0.2543442327649757
0.2945546968155283
0.40988052955890164
0.22664650087590563
0.7609707465918805
0.7833430620610566
0.34663022182733255
0.32743246679099897
0.34059769908122156
0.23365821928406297
0.20481160903522022
0.6046055653914064
0.3815710620438523
0.5739356051922789
0.7528918604168281
0.2569914274308819
0.27543598247166834
0.33184961925408907
0.7535931930266536
0.5224620163149525
0.7258542433912525
0.3897838904424594
0.33184961925408907
0.6791737069031597
0.24283144819972338
0.34059769908122156
0.7258542433912525
0.7554083998616045
0.7464594111395351
0.9098539717841914
0.3575779191803075
0.4830248024839142
0.15642041629648776
0.907698626936454
0.7833430620610566
0.19418599193386976
0.73989648758834
0.3192292248274435
0.5210875707357608
0.740568834565542
0.7394509181963848
0.24967634634023872
0.2569914274308819
0.13321339629865786
0.8610513299909108
0.5931139291606436
0.26672221157192316
0.5863861803647913
0.16157877149468977
0.7757527872195635
0.9098539717841914
0.7554083998616045
0.7269698751882196
0.7475839190117406
0.7542238274694618
0.7348640383720892
0.6147354850301145
0.8009796527640902
0.26656909744046686
0.5923110121783637
0.5210875707357608
0.9607007118081565
0.7549429484760001
0.16157877149468977
0.6493067587611459
0.43424459099126206
0.2692295485385322
0.5931139291606436
0.2945546968155283
0.9268492885393511
0.14696370552993243
0.7542238274694618
0.716242311390742
0.9076986269364541
0.45707057195458783
0.38157001466940915
0.7983470995426745
0.07910047047442481
0.7717669507055107
0.1784415209030965
0.3529041265859553
0.20481160903522022
0.58098881016167
0.2692295485385322
0.6984060210978192
0.7945565422919929
0.48845316150501406
0.26656909744046686
0.7079980734725309
0.6493067587611459
0.16157877149468977
0.9078990703770295
0.8429595448315473
0.671111873272752
0.8082675995037556
0.859153941211773
0.2043243119346042
0.3529041265859553
0.17303555628567463
0.3493124757324074
0.9607007118081565
0.792673676943736
0.7518507673765084
0.5739356051922789
0.2796595234068866
0.2393860987627734
0.19978185317092878
0.593114444875634
0.1809456076945411
0.4624007417781032
0.2543442327649757
0.25922988412414394
0.13704725693612085
0.7717669507055107
0.8200719756053835
0.8429595448315473
0.5131723560475719
0.25922988412414394
0.2543442327649757
0.7454813315843347
0.6147354850301145
0.5741988721578871
0.2775560496588433
0.5345911496149314
0.46641195739420716
0.8859882238265988
0.6510431467260124
0.7549429484760001
0.9969706884639998
0.4781030182955909
0.12697883381292469
0.13321339629865786
0.859153941211773
0.36885442530530166
0.8296826465181384
0.26672221157192316
0.5931139291606436
0.9078990703770295
0.9076986269364541
0.7394509181963848
0.24439048075198722
0.3486771012748222
0.18164379238584635
0.14631969378854015
0.5152032467318007
0.18164379238584635
0.7878128242003613
0.8610513299909108
0.20116730510217004
0.8249371887983833
0.27543598247166834
0.3867903541161256
0.8078768515244172
0.7376273617760747
0.8859882238265988
0.8872403838051646
0.24439048075198722
0.8914353978243866
0.8242096388044812
0.03162646296234112
0.009321107015901164
0.38157001466940915
0.23454267503402823
0.5863861803647913
0.8079653724889002
0.3867903541161256
0.7638559324244372
0.9084212406568782
0.7376273617760747
0.8249371887983833
0.2796595234068866
0.8621270141064166
0.7528918604168281
0.20060820484743125
0.6888356130731008
0.8872403838051646
0.38157001466940915
0.7874142988516669
0.7454813315843347
0.716242311390742
0.8296826465181384
0.4781030182955909
0.27714009168002685
0.7518507673765084
0.2043243119346042
0.716242311390742
0.7638559324244372
0.35991859897142886
0.17850692592887035
0.23416394860883283
0.5029663797202281
0.7937630071327565
0.58098881016167
0.7874142988516669
0.5741988721578871
0.7878128242003613
0.21722267968883208
0.03162646296234112
0.3486771012748222
0.23416394860883283
0.24551260850954706
0.3417506857133588
0.2728741486528984
0.6046055653914064
0.776345555345859
0.6043172297646323
0.17568854194758282
0.17012307678985017
0.2627797356788437
0.8078768515244172
0.7464594111395351
0.40988052955890164
0.45707057195458783
0.3493124757324074
0.06489809966321902
0.43424459099126206
0.7079980734725309
0.2789349671801075
0.7964632234021277
0.7974367977917978
0.8457527858398468
0.6791737069031597
0.08596155730285411
0.8082675995037556
0.5739356051922789
0.5436843053223941
