0.27759313900585536
0.15328760556921883
0.6544471234861372
0.8454465585640016
0.3077375474178651
0.08880555974574944
0.8722407466916141
0.12924860032030716
0.840814047765681
0.7244422633799161
0.4051243231253986
0.6960014391082312
0.6205561483760403
0.30340370441819076
0.6061908986804992
0.09328821827055656
0.9000945543343112
0.9297107541741221
0.6454616659823247
0.646581642684888
0.7426667286460191
0.07534465803704005
0.5480498997333316
0.727092578930299
0.05344496788838049
0.9149676538505538
0.46744260309204644
0.7425801738889027
0.4533016437179568
0.5853559538083705
0.9824256492906357
0.2520324860722438
0.7759810559169618
0.16875136203710717
0.09433058411978756
0.11828529307419833
0.6902662539722142
0.7765758073035584
0.02259475405768574
0.5582990791611955
0.0714972111482508
0.610853675028459
0.8461531810784946
0.7302248913407351
0.7887966836428378
0.11247335986697471
0.49203828529106053
0.7653005744733851
0.18841385252666876
0.31187574767655457
0.34751317347589283
0.40371235949097917
0.7668572297109043
0.9043034002009622
0.4052033484735642
0.2963007284499223
0.1367507884184892
0.5815478734086965
0.20028745429472727
0.14712213365926397
0.4282040887975267
0.7873348250383281
0.975084451763966
0.014961334154720562
0.8755009742440832
0.4562961049346268
0.1359264797228149
0.7630962685417735
0.6856005568186226
0.18754238716409455
0.46738376891969846
0.047420293500678556
0.5176814264935101
0.7975932317879602
0.231242889189878
0.931602120919347
0.7343191680644057
0.5933215964840575
0.14031871721620992
0.31668153282476785
0.3914011020507635
0.3957093129591349
0.28507196545969127
0.09637663687342612
0.6688028643709495
0.5582407627726456
0.07836746097256964
0.9226167196574869
0.73287464364481
0.6774322384084214
0.0016200373456058959
0.5584053765551213
0.3881474385788043
0.2006736348871595
0.9959915693475596
0.18273056793833498
0.9979682215691825
0.1688495107963498
0.6790856935327092
0.43936261600546545
0.72455240648796
0.4597651449786375
0.2643128921127369
0.14048413373398094
0.4791349291625422
0.9110559013026991
0.3279598983686344
0.3484201907396671
0.3947791111034733
0.6545466753079695
0.7747156319130097
0.05258495065565727
0.2673754142054009
0.48468624213438405
0.1799265023492439
0.07278603690032537
0.750981974394232
0.424671709684475
0.8187729084252063
0.47940068864520125
0.16601231368242197
0.9450701584709391
0.09656331647588878
0.8162305221995582
0.4473349945816072
0.9711290732060206
0.3099520210620125
0.02756730010484032
0.4564501489046001
0.8962888146750382
0.07661805202152039
0.9474128913476125
0.8925247114417845
0.6254548029204837
0.14738846858878119
0.35559830305716167
0.11314964429487306
0.0032612966366332152
0.21671998866963516
0.615661092877638
0.5552088712433147
0.15676676855687344
0.18599329065034353
0.5057786619991812
0.9834457075591836
0.4548126648528509
0.6920450394243532
0.9544325716630675
0.09536856361164436
0.6219641348371662
0.9912493104071021
0.37106843448629634
0.7927956261648039
0.6425464083257588
0.25103820103089247
0.7095352403854382
0.22347395887795263
0.6786898188534316
0.300504345049172
0.21607520388736157
0.5633785826871291
0.5246239653515548
0.931755370370272
0.9523056477348022
0.07753077382054385
0.3684110473023968
0.31551190080472025
0.08718072884363959
0.7710745789274995
0.5470470299022537
0.6554595229580324
0.7236333238255899
0.23265050137100896
0.6973771418715472
0.4676755974675616
0.3008005863712443
0.20865624888572587
0.7046362647783625
0.09679737973942426
0.33211887130747864
0.47675346275710173
0.045761354466082316
0.5161040279889149
0.8511599656805611
0.43095432648533616
0.37724137072654484
0.06398456272683173
0.6478048802447414
0.8805362359613292
0.962822584631691
0.49665842271651695
0.056334093592630086
0.22004832747945668
0.5604236453403876
0.886582042390657
0.11746859322506198
0.23418484844940368
0.47515859128794835
0.6213696881435536
0.5770554090791915
0.9628081511374132
0.7181930984709637
0.7456321668173248
0.14063132245712806
0.8707755821403327
0.40368525587245574
0.2829965059865115
0.5802598883786657
0.21875824219043083
0.16380002250968606
0.7315500106855817
0.04731195831765855
0.11255346128262922
0.2897638017005292
0.46045678671404844
0.7298475430698481
0.9138126064787534
0.24108546058028213
0.9298964676277947
0.41896468817082755
0.6729994707197606
0.7719887534418878
0.22809944646029934
0.45593083252515376
0.3312184508373972
0.2999287147430052
0.44125356268325067
0.5874776908868345
0.014616284463161211
0.6759988039854374
0.0710449111186977
0.2999415355225261
0.7936034003721832
0.15734659425070807
0.7919772488747767
0.06635627997642723
0.17515911141769036
0.7458218189217914
0.35768386471372005
0.14968567278323475
0.9844974369465683
0.407792573271998
0.29961261881775403
0.594549706323743
0.02817618789794274
0.4994213498668979
0.26054374721179874
0.6544312718597097
0.48763689715127845
0.42950720324815983
