0.2552539397087405
0.25525393970951377
0.7404668778594667
0.7404668778596172
0.2552539397092288
0.25525393970938753
0.740466877859579
0.25525393970777865
0.7404668778595388
0.740466877859453
0.25525393970829635
0.7404668778595407
0.7404668778594672
0.25525393970777865
0.7404668778595034
0.25525393970938753
0.7404668778595527
0.7404668778595438
0.7404668778594674
0.7404668778595476
0.7404668778595465
0.25525393970876187
0.7404668778595356
0.740466877859564
0.2552539397092641
0.7404668778595647
0.2552539397090115
0.740466877859579
0.25525393970711885
0.7404668778595356
0.7404668778595629
0.25525393970819404
0.7404668778593977
0.25525393970859334
0.2552539397084276
0.2552539397092469
0.7404668778595527
0.7404668778594878
0.2552539397072614
0.7404668778595104
0.2552539397093166
0.25525393970946886
0.7404668778595036
0.740466877859546
0.7404668778595187
0.25525393970863375
0.25525393970897414
0.7404668778595251
0.2552539397092641
0.25525393970929067
0.25525393971014537
0.25525393970844334
0.740466877859586
0.740466877859546
0.2552539397102335
0.25525393970968363
0.2552539397082446
0.7404668778595568
0.25525393970837107
0.25525393970766763
0.2552539397077506
0.7404668778594674
0.7404668778595529
0.25525393970952365
0.7404668778595415
0.7404668778595014
0.2552539397088076
0.740466877859431
0.7404668778595036
0.2552539397091406
0.7404668778595762
0.2552539397101303
0.2552539397092469
0.740466877859531
0.2552539397085317
0.7404668778594885
0.7404668778595458
0.7404668778595438
0.25525393970711885
0.25525393970856636
0.25525393970930654
0.2552539397082923
0.2552539397090252
0.2552539397051483
0.7404668778595415
0.25525393970902405
0.25525393970834265
0.740466877859562
0.7404668778595762
0.7404668778595104
0.25525393970780286
0.7404668778595529
0.2552539397099619
0.25525393970952365
0.7404668778595216
0.2552539397079936
0.7404668778593371
0.2552539397079936
0.7404668778594808
0.2552539397113298
0.7404668778595658
0.25525393970933935
0.25525393970923127
0.2552539397086799
0.2552539397082335
0.7404668778595327
0.2552539397093483
0.25525393970832905
0.2552539397090646
0.7404668778595094
0.7404668778595501
0.2552539397113298
0.2552539397099619
0.2552539397088669
0.25525393970863375
0.25525393970931154
0.7404668778594555
0.25525393970885235
0.7404668778595872
0.7404668778595658
0.25525393970780286
0.7404668778594878
0.25525393970850385
0.7404668778595485
0.25525393970833576
0.740466877859431
0.25525393970844334
0.2552539397087634
0.7404668778595135
0.7404668778595516
0.25525393970776444
0.7404668778595629
0.7404668778595251
0.7404668778595778
0.25525393970911114
0.2552539397096486
0.25525393970841104
0.25525393970833626
0.2552539397087405
0.7404668778594989
0.25525393971209515
0.255253939708222
0.2552539397077506
0.7404668778594945
0.7404668778595433
0.7404668778594534
0.7404668778595568
0.7404668778595631
0.25525393970907084
0.7404668778595327
0.9912493104071021
0.25525393970986565
0.7404668778595909
0.7404668778595873
0.25525393970886584
0.7404668778595982
0.25525393970944077
0.7404668778595216
0.25525393970933935
0.2552539397056357
0.7404668778595307
0.7404668778594667
0.7404668778595778
0.7404668778595584
0.25525393970828236
0.2552539397089062
0.25525393970740123
0.25525393970843274
0.7404668778595327
0.7404668778595713
0.7404668778596107
0.740466877859508
0.25525393970881094
0.7404668778595317
0.2552539397087465
0.25525393970929067
0.25525393970708204
0.7404668778596346
0.2552539397085252
0.2552539397087191
0.25525393970983423
0.2552539397082446
0.25525393970897414
0.7404668778596719
0.2552539397084276
0.255253939709242
0.25525393970258625
0.7404668778595376
0.7404668778595155
0.7404668778595715
0.2552539397091715
0.25525393970985766
0.25525393970911114
0.7404668778595307
0.7404668778593329
0.2552539397096486
0.255253939709242
0.2552539397089174
0.7404668778594945
0.7404668778595568
0.7404668778595689
0.7404668778594885
0.7404668778596523
0.25525393971115595
0.7404668778595516
0.2552539397084088
0.25525393970968363
0.7404668778595991
0.2552539397102487
0.25525393970923815
0.7404668778594508
0.25525393970874555
0.25525393970832905
0.25525393970884297
0.7404668778595376
0.7404668778593562
0.7404668778595924
0.2552539397090252
0.7404668778595778
0.25525393970902405
0.7404668778594555
0.7404668778595216
0.25525393970886584
0.25525393970988
0.2552539397092626
0.2552539397080782
0.2552539397088746
0.7404668778595418
0.25525393970834265
0.7404668778595658
0.25525393970841104
0.25525393970828236
0.7404668778594672
0.25525393970988
0.7404668778595778
0.25525393970823507
0.2552539397090563
0.7404668778594808
0.2552539397111143
0.2552539397088746
0.7404668778594534
0.25525393970861143
0.25525393970930654
0.7404668778595673
0.25525393970833626
0.25525393970840504
0.2552539397087889
0.7404668778595248
0.2552539397081956
0.2552539397090089
