0.12631784752938174
0.1238090948445032
0.6927631967573076
0.862250070907963
0.3944032590411575
0.07256982666918976
0.6942603565567154
0.14230976344531066
0.8102588415305292
0.6783558306053368
0.4051243231253986
0.7351872302751982
0.5833659650801433
0.30340370441819076
0.5766189642913765
0.11535820274146724
0.8102588415305292
0.8555560925946685
0.5740723203554707
0.6752933754680335
0.6722309203307302
0.18190273244477684
0.5979351592465054
0.6375712393318154
0.05344496788838049
0.8387094187462781
0.5263992784502085
0.7900783036980972
0.3717032105485658
0.5517273437647
0.9486966515705948
0.2016514317232438
0.8430453970136526
0.13981600508105702
0.1496116432411485
0.11828529307419833
0.6531772187305558
0.7164272464302301
0.12404267425967154
0.6942603565567154
0.11157889864147563
0.5412682530843598
0.9171885668678743
0.698724829596613
0.8430453970136526
0.1722100275737091
0.44561485929709366
0.679925140398564
0.1318792552818544
0.2564536221936284
0.34751317347589283
0.40371235949097917
0.7668572297109043
0.8550197117960596
0.5181860868042654
0.3223604595947947
0.1367507884184892
0.7351872302751982
0.1684564635066224
0.12640566885857663
0.26953373261266533
0.7873348250383281
0.9397825589359599
0.014961334154720562
0.7662595925431119
0.5305620511496764
0.19220408309707646
0.6687439520657403
0.6080813039841495
0.3096715889197728
0.46738376891969846
0.1496116432411485
0.5412682530843598
0.8851378293540706
0.14253136501326263
0.853589806914917
0.8550197117960596
0.6576300630126753
0.11467611401767161
0.31668153282476785
0.3383864558748052
0.3957093129591349
0.303716212527243
0.10378162046406586
0.7230480991296728
0.5208042712161556
0.13168506594666
0.8387094187462781
0.7353798537069878
0.6939756656939036
0.08685364068407606
0.6285523219744857
0.39457129587767037
0.21598007930773755
0.9178891484535012
0.17577708556737032
0.9979682215691825
0.2290492375029524
0.698724829596613
0.43936261600546545
0.7156213200711974
0.46372037122309956
0.2825567392419906
0.13168506594666
0.3944032590411575
0.936939242967195
0.2691552652480913
0.303716212527243
0.4349688511957108
0.6500041706451472
0.7297595668498676
0.10378162046406586
0.28611570968103395
0.3924325567129021
0.13493561172139346
0.12631784752938174
0.8006738188590501
0.424671709684475
0.853589806914917
0.5740723203554707
0.16601231368242197
0.8679078800264713
0.11468825336232234
0.7907456015820036
0.4473349945816072
0.9711290732060206
0.2345982415757396
0.05530221384514064
0.4564501489046001
0.8436177002311589
0.13493561172139346
0.9474128913476125
0.7800735315405968
0.7121749294541959
0.11078031382246328
0.2666727278325894
0.2016514317232438
0.03362292968173247
0.18309770762811822
0.6118711984308938
0.5181860868042654
0.11015801664167518
0.18599329065034353
0.6752933754680335
0.9834457075591836
0.42274616637411166
0.717772658851521
0.7662595925431119
0.09536856361164436
0.6219641348371662
0.9912493104071021
0.38405044619741074
0.7927956261648039
0.6576300630126753
0.2666727278325894
0.7121749294541959
0.2564536221936284
0.6531772187305558
0.32139033575162657
0.21607520388736157
0.5633785826871291
0.5246239653515548
0.931755370370272
0.9523056477348022
0.2345982415757396
0.3924325567129021
0.2449254164989479
0.08718072884363959
0.7710745789274995
0.5766189642913765
0.6939756656939036
0.6584272835810155
0.1722100275737091
0.6642305427186713
0.46372037122309956
0.2825567392419906
0.17577708556737032
0.6916630418158971
0.09679737973942426
0.3578114564645969
0.48780846803450323
0.11467611401767161
0.5161040279889149
0.785905304910956
0.26868520752968206
0.38405044619741074
0.03362292968173247
0.7207867113152557
0.866356489210897
0.936939242967195
0.44561485929709366
0.07256982666918976
0.31501412407656937
0.5833659650801433
0.886582042390657
0.11157889864147563
0.26868520752968206
0.4349688511957108
0.7570232858263268
0.5517273437647
0.8858873290467586
0.7550851736728702
0.8068431053560268
0.19277836947803798
0.8436177002311589
0.2290492375029524
0.2829965059865115
0.5802598883786657
0.11535820274146724
0.31286455794197
0.717772658851521
0.04731195831765855
0.18190273244477684
0.2897638017005292
0.6039086789493826
0.7652606809644491
0.9138126064787534
0.32238535822636893
0.9171885668678743
0.40997992067368205
0.7662163702937768
0.7719887534418878
0.2691552652480913
0.43154417624380487
0.3312184508373972
0.16081342704984658
0.44125356268325067
0.5874776908868345
0.014616284463161211
0.6767155211969293
0.0710449111186977
0.2286440648866171
0.7457783306855823
0.2286440648866171
0.8566011367622062
0.14230976344531066
0.26953373261266533
0.7458218189217914
0.42274616637411166
0.19220408309707646
0.9844974369465683
0.407792573271998
0.3383864558748052
0.7432530024545138
0.02817618789794274
0.47767609119602583
0.1690372605161713
0.6285523219744857
0.48763689715127845
0.3578114564645969
