0.7577551216406071
0.32583489494088824
0.757755134049887
0.7577552612822536
0.3768069980020483
0.3768069980020483
0.7577555739501316
0.7461875739567279
0.7577550957308883
0.7577551279134201
0.7553171307230298
0.7478753258390431
0.328828248937782
0.32817974067978506
0.3270375971499597
0.7577551101454978
0.32567607342996613
0.7577551354762639
0.3260565699348362
0.7562544138580269
0.3262073619800231
0.7524905637329389
0.3256974344771602
0.7577556000898857
0.3271975431007019
0.7577551189412783
0.3263797754505545
0.3279986688547896
0.7558982148778717
0.32643751826081957
0.3256858762714675
0.7577551202192196
0.3262817194824319
0.7577551092325073
0.32863333412434725
0.7577552256446536
0.32587228542704116
0.47260999075425947
0.32672636821643886
0.7577550596683534
0.32914689622256943
0.3267519137291598
0.7266444862707936
0.7577550916014113
0.3319670107910946
0.3299605789660722
0.32799988481792564
0.3274022732650139
0.7577550854585092
0.7463082829778617
0.3312668181962706
0.7577550666428479
0.32616914470863406
0.3280011007810616
0.3319404847322177
0.7577551229082332
0.33127744034358064
0.3267519137291598
0.327478135996282
0.3257064165523371
0.7463082829778617
0.32735213277520325
0.3258544416824623
0.7577551455528653
0.32650399544020536
0.7558982148778717
0.7577550957236394
0.7095863047878757
0.3774836938877518
0.7366023292155839
0.721377259954749
0.7429159737863757
0.32735213277520325
0.7577550681967177
0.7577556000898857
0.7562544138580269
0.7577550608261856
0.3267007306161428
0.7577550608261856
0.7577550659852169
0.3257664028381868
0.3260636921421073
0.3519498245575442
0.3258724432750009
0.3256954701263385
0.7070463517207104
0.3256858762714675
0.3256708657144361
0.32569023528433216
0.32980902674397233
0.3267007306161428
0.7369955035599807
0.3328358527503693
0.7577551115329404
0.3267285622880309
0.33283585231529667
0.3293919225838874
0.746066864935594
0.32672605477763994
0.7577551247094308
0.3317107091063789
0.4296634759980892
0.3265982260028701
0.3328358527503693
0.7478753258390431
0.3305184556134989
0.6669740033647642
0.32582582960532
0.3317045954027914
0.3264465943043951
0.32616914470863406
0.3261442856837953
0.7577551040450602
0.33126521293640576
0.7216042976526058
0.3270375971499597
0.32912110394137106
0.7216042976526058
0.3263797754505545
0.7577552612822536
0.32583489494088824
0.33950289166304126
0.32590255191655687
0.7366023292155839
0.32817974067978506
0.32914689622256943
0.32597041680873634
0.3257491601438208
0.32567840260797687
0.3261442856837953
0.3257024785415154
0.325692390412805
0.7577550869221017
0.3298153658044739
0.3319670107910946
0.3256973356153378
0.7577551416613199
0.3774836938877518
0.32570882847845833
0.7577551101454978
0.32571606510261686
0.32589830658063057
0.3256972866636374
0.7562544165292622
0.32569041423253503
0.3271975431007019
0.34463062287455815
0.32912110394137106
0.721377259954749
0.3284063345775476
0.7577550705411342
0.3262073619800231
0.752214382630777
0.7577550869221017
0.7577551503176964
0.7577550854585092
0.3266327549855582
0.7577551455528653
0.7429159737863757
0.325690388228673
0.7311312704233675
0.3256974344771602
0.7577551040450602
0.3299605789660722
0.7553171307230298
0.32799988481792564
0.32571349091887014
0.32585979638463725
0.32650399544020536
0.7577551218214529
0.325978056614777
0.34463062287455815
0.3267285622880309
0.3258724432750009
0.3257664028381868
0.3272574432147627
0.7577552256446536
0.7577551383828317
0.7552608630673271
0.7463082829778617
0.3312668181962706
0.32570637821763315
0.32571606510261686
0.32588396502542344
0.32582582960532
0.4296634759980892
0.33083808667078285
0.7266444862707936
0.757755082788074
0.3281281714259992
0.32570837650668166
0.32756137114812195
0.3257007049683448
0.7577550948062366
0.32672605477763994
0.32998786861570994
0.3304802412644058
0.32570400462621596
0.7565355666884164
0.757755232571335
0.325980780984925
0.3264739314332469
0.327478135996282
0.3259835053550729
0.33950289166304126
0.3293919225838874
0.3284063345775476
0.7311312704233675
0.327969766133224
0.3265982260028701
0.32590255191655687
0.756254409999576
0.6669740033647642
0.3256954701263385
0.3257921465460292
0.7524905637329389
0.3272574432147627
0.32614501772007887
0.32571951015613343
0.3274022732650139
0.32672887572682974
0.3281281714259992
0.3257921465460292
0.32923236087615
0.3264456858200491
0.32625853704497254
0.7577551795727903
0.7577550850907397
0.32589830658063057
0.3519498245575442
0.7369955035599807
0.7577550957236394
0.3298153658044739
0.328828248937782
0.3257438183589034
0.3317107091063789
0.7577551229082332
0.3257064165523371
0.32643751826081957
0.325980780984925
0.7577551148395074
0.327969766133224
0.32587228542704116
0.7095863047880393
0.7070463517207104
0.7577555739501316
0.32923236087615
0.47260999075425947
0.32923358747943354
0.3257583671492009
