0.7436245081754356
0.33192133242812755
0.7436245081754356
0.7436245081754356
0.33194350340368417
0.33194350340368417
0.7436245081754356
0.7436245081754356
0.7436245081754356
0.7436245081754356
0.7436245081754356
0.7436245081754356
0.3319935720113989
0.33196705168276897
0.3319282694088681
0.7436245081754356
0.33191910943998904
0.7436245081754356
0.33196594318677325
0.7436245081754356
0.33210577204110936
0.7436245081754356
0.3321931550320951
0.7436245081754356
0.3318939373166394
0.7436245081754356
0.33193786077640186
0.3319377293533156
0.7436245081754356
0.33195735784835667
0.33246504704835317
0.7436245081754356
0.3319689397501095
0.7436245081754356
0.34859054053577543
0.7436245081754356
0.33200185481941574
0.3360696832080473
0.3319070726377755
0.7436245081754356
0.33193914900259075
0.3320750081268244
0.7436245081754356
0.7436245081754356
0.3320995426318396
0.3319024015067442
0.33194885306408417
0.33192058992301043
0.7436245081754356
0.7436245081754356
0.3319463445557791
0.7436245081754356
0.33197487594298525
0.331932934759518
0.34859054053577543
0.7436245081754356
0.33206271586495745
0.3319549652269782
0.33196353057178485
0.33202494082691947
0.7436245081754356
0.3319498410320082
0.3319455860464763
0.7436245081754356
0.3322255044022719
0.7436245081754356
0.7436245081754356
0.7436245081754356
0.3319779056717629
0.7436245081754356
0.7436245081754356
0.7436245081754356
0.3319508943813586
0.7436245081754356
0.7436245081754356
0.7436245081754356
0.7436245081754356
0.33193679449807484
0.7436245081754356
0.7436245081754356
0.33191635577704703
0.3319650444675735
0.3321614965259293
0.33192647691512756
0.33194556918709606
0.7436245081754356
0.33190487003880426
0.3319294981727289
0.33194212973075576
0.3319598073591603
0.3319524548927454
0.7436245081754356
0.33194212973075576
0.7436245081754356
0.33201233762812166
0.33200886992292866
0.3319709942796405
0.7436245081754356
0.33194700782943765
0.7436245081754356
0.33189349500106535
0.33194885306408417
0.3319529675303355
0.33222838341301486
0.7436245081754356
0.3319585895722398
0.7436245081754356
0.3319888670258239
0.3319529675303355
0.331959416571849
0.33189862362062705
0.33194653580036504
0.7436245081754356
0.33196290104674253
0.7436245081754356
0.33192133242812755
0.3319508943813586
0.7436245081754356
0.3319599767748528
0.7436245081754356
0.3319447646234555
0.33195735784835667
0.33194414585323034
0.7436245081754356
0.3319563013150505
0.33193786077640186
0.33191216972599885
0.33191053170091905
0.3321931550320951
0.3319447646234555
0.3319824144831788
0.3319024015067442
0.7436245081754356
0.3319563013150505
0.33196353057178485
0.3319727214234916
0.7436245081754356
0.33191875196564485
0.3319180839208775
0.7436245081754356
0.33191875196564485
0.3321100816936333
0.33191053170091905
0.7436245081754356
0.3320588101597433
0.33200593152239144
0.3319598073591603
0.33201236529565903
0.7436245081754356
0.3319445646488155
0.7436245081754356
0.33198590919613147
0.7436245081754356
0.7436245081754356
0.7436245081754356
0.7436245081754356
0.33191924605874756
0.7436245081754356
0.7436245081754356
0.33191924605874756
0.7436245081754356
0.3319907776115356
0.7436245081754356
0.3319573474368904
0.7436245081754356
0.3319689397501095
0.3319232931177687
0.33190487003880426
0.3319435845079594
0.7436245081754356
0.3319319834567692
0.33189755536092375
0.3319191100425266
0.331918545381081
0.33191635577704703
0.3319445646488155
0.7436245081754356
0.7436245081754356
0.7436245081754356
0.7436245081754356
0.33195089148050716
0.3319070726377755
0.33190144684613254
0.3319180839208775
0.3319319834567692
0.3319650444675735
0.33194556918709606
0.7436245081754356
0.7436245081754356
0.3319684356337573
0.33201233762812166
0.3360696832080473
0.33191621040932834
0.7436245081754356
0.3319824144831788
0.33193089141058657
0.33195136967652344
0.3320588101597433
0.7436245081754356
0.7436245081754356
0.33188838512790964
0.3319779056717629
0.3319524548927454
0.33191420577620767
0.3319404596872562
0.3319709942796405
0.3319551149217
0.7436245081754356
0.33195189705082373
0.3320750081268244
0.3319463445557791
0.7436245081754356
0.7436245081754356
0.33201236529565903
0.3318995875769138
0.7436245081754356
0.34859054053577543
0.3319678228399214
0.33196705168276897
0.3319239179498442
0.3319551149217
0.3320280275321441
0.33196594318677325
0.3320280275321441
0.3319788984692733
0.33192900305947026
0.7436245081754356
0.7436245081754356
0.33190344099955305
0.3320995426318396
0.7436245081754356
0.7436245081754356
0.33198434898765716
0.33192647691512756
0.33189755536092375
0.3319907776115356
0.7436245081754356
0.33202494082691947
0.331959416571849
0.33191993684837867
0.7436245081754356
0.33192058992301043
0.33200185481941574
0.7436245081754356
0.7436245081754356
0.7436245081754356
0.3319237714071209
0.7436245081754356
0.33197487594298525
0.3319056688492904
