0.8237261211915584
0.3294565776792535
0.7567959634881929
0.8709117196645979
0.4561511850949723
0.4586149784881639
0.6386982197685672
0.9044288825411535
0.8249782721724517
0.8346332676574273
0.7520536267691622
0.7824353839580871
0.38577947898605114
0.3675439226949062
0.21060490728314632
0.7156996151397117
0.22683021292906475
0.7262487135988481
0.5651535710687979
0.8697998486240606
0.2591609757269582
0.4582660611413647
0.3907379614738834
0.7684271634207215
0.30736605226412317
0.8709117196645979
0.25543444524085
0.16779403341814714
0.7980224508681393
0.3010632284555381
0.3099694561828703
0.7299059597924459
0.32524319557410963
0.7535347747890566
0.43506993502339764
0.7164524104102297
0.5321431661816076
0.5880809000784777
0.46200322434042074
0.7877584754406968
0.45093230314610777
0.2721633247997134
0.654660937001998
0.7980224508681393
0.38373563955293694
0.27861661872592447
0.24669192053564393
0.28176618811615056
0.7227102152870994
0.6154637102761196
0.2765022679163627
0.7877584754406968
0.4586149784881639
0.40139491157658325
0.3431086313601681
0.731378281040679
0.22591950245867998
0.2100903758793778
0.3431086313601681
0.16095735908120137
0.7877584754406968
0.5716377622991191
0.5951837562632601
0.7158574379504226
0.38373563955293694
0.751941715694896
0.7227102152870994
0.654660937001998
0.2657097275980919
0.7533525504581415
0.7533525504581415
0.592203536570532
0.3907379614738834
0.5321431661816076
0.7684271634207215
0.7343534614094991
0.7262487135988481
0.2802787214635244
0.83043857024132
0.7262487135988481
0.2468671754550051
0.3306243441574209
0.5651535710687979
0.21066844241256888
0.24686712860790433
0.83043857024132
0.37602905899676103
0.3723688618215528
0.22434964508700805
0.2764683392291921
0.5716377622991191
0.6967716758202236
0.24669192053564393
0.8249782721724517
0.21066844241256888
0.3431048401166422
0.3675439226949062
0.6285607312765502
0.24908104605058332
0.7158574379504226
0.30316520586310347
0.4284830997753059
0.35627588158357154
0.27579664499130363
0.7935737393364617
0.2100903758793778
0.2802787214635244
0.2468671754550051
0.6386982197685672
0.2268561817201023
0.20606190801151925
0.2552535638069293
0.6253574606874613
0.22688824236509247
0.739915598369765
0.21060490728314632
0.2591609757269582
0.7632164004274864
0.3294565784975827
0.7824353839580871
0.26470050675806905
0.27120373094943273
0.3660172501572817
0.8265646867358518
0.12002023274395374
0.170275495243827
0.40891339465141785
0.28176618811615056
0.2647641973149624
0.2294857154539356
0.22688215051113989
0.38144086881972694
0.8287153306058801
0.35627588158357154
0.16779403341814714
0.3294565776792535
0.7063646446338341
0.40891339465141785
0.33920440646506733
0.739915598369765
0.22758700417520733
0.22434861949736706
0.22434964508700805
0.8237261211915584
0.38577947898605114
0.41760650094420015
0.170275495243827
0.17063318431400304
0.7935737393364617
0.19686185307196313
0.8697998486240606
0.25543444524085
0.83043857024132
0.8895419773187863
0.7567959634881929
0.7519433363650729
0.2657097275980919
0.901972555538521
0.9044288825411535
0.24686718482442527
0.7520536267691622
0.46200322434042074
0.7328658712250891
0.32524319557410963
0.8287153306058801
0.6285607312765502
0.2552535638069293
0.37602905899676103
0.35085399692964914
0.901972555538521
0.26470050675806905
0.20606190801151925
0.24908104605058332
0.26202006670573397
0.26053206152702135
0.40139491157658325
0.8923340416033483
0.8287153306058801
0.7935737393364617
0.8346332676574273
0.5309078252533781
0.38144086881972694
0.22758700417520733
0.2647641973149624
0.2647005067580691
0.428430852172814
0.2721633247997134
0.8923340416033483
0.7824353839580871
0.43506993502339764
0.22434861949736706
0.6253574606874613
0.47899135599225723
0.751941715694896
0.38144086881978057
0.12002023274395374
0.30736605226412317
0.3723688618215528
0.8697998486240666
0.7164524104102297
0.4582660611413647
0.3306243441574209
0.36287576965438273
0.3031652217998868
0.27861661872592447
0.3431048401166422
0.3660172501572817
0.8895419773187863
0.35085399692964914
0.4586149784881639
0.45093230314610777
0.8513967723267715
0.8265646867358518
0.26202006670573397
0.2647005067580691
0.8287153306058801
0.2764683392291921
0.5880809000784777
0.428430852172814
0.17063318431400304
0.3010632284555381
0.27120373094943273
0.47899135599225723
0.3099694581738097
0.21009039083961464
0.2268561817201023
0.7063646446338341
0.901972555538521
0.23647942378785797
0.5309078252533781
0.7632164004274864
0.7328658712250891
0.2765022679163627
0.41760650094420015
0.20606190801151925
0.19686185307196313
0.8513967723267715
0.16095735908120137
0.36287576965438273
0.23647942378785797
0.7299059597924459
0.3099694561828703
0.33920440646506733
0.6967716758202236
0.4284830997753059
0.5951837562632601
0.27579664499130363
0.6154637102761196
0.22591950245867998
0.3031652217998868
