0.9041352841518265
0.19738733689641585
0.7372389816583567
0.9408795308859617
0.7760861417973867
0.4612114398869088
0.7120896475926076
0.933497209010133
0.9890402405158917
0.6526607952701149
0.6028906173655203
0.8609818055147007
0.45072256279384626
0.5387514192409846
0.3292458213404996
0.8129855869498133
0.24264163147781148
0.8545435055776083
0.38877138524045074
0.9849935622027846
0.2986058214692243
0.504945892651528
0.5274402926692698
0.5844940616303649
0.32304181250371533
0.4883795200018217
0.5797217663204157
0.205320663660859
0.5411464700265368
0.46969667662264813
0.5124213142410773
0.9959686982568879
0.15771891465081256
0.9023955288642015
0.7071463175280407
0.783225676803279
0.32120962028603794
0.5545051631433097
0.4968288226691352
0.6509153674465756
0.47825318022620356
0.10270602412790064
0.4487892143288108
0.9280720005315565
0.4849946303417265
0.029584223937108356
0.18353685012280296
0.3716743433970783
0.7866040675252183
0.8188021205197711
0.4318928826855234
0.7758238715077769
0.6958216730790822
0.4909039845693185
0.19809412861691644
0.1040796211628342
0.022547521414208238
0.021335814230337813
0.5758344915745875
0.2144776662334278
0.9023590803631241
0.485712605475055
0.87671461880927
0.8986415247869044
0.37971569702725094
0.5658496368260303
0.6428719265471762
0.777441928085956
0.3722436607730456
0.8024159407053197
0.7010570908336976
0.3749315615498865
0.35547756864870284
0.6722458298705503
0.47982703492422407
0.9098182224105831
0.9111512273212092
0.4842531830461274
0.7439101259236994
0.5103609951003035
0.09152164058953849
0.5170498631589818
0.42753389078767134
0.09736399369337445
0.24420138033087568
0.8999198955098309
0.3352284384163974
0.2456697363676359
0.2555952607530394
0.45561785184777004
0.8021483950711161
0.6011571186007295
0.3033973869094988
0.6642294624253705
0.0951229617994922
0.18981035485588804
0.6063213893294396
0.8409487978937019
0.04028239002909917
0.5851265743126132
0.16413146725150962
0.4593494722527174
0.3505267668263061
0.14741058110830918
0.9755635265474194
0.02453587076368413
0.12880826939830325
0.04402378987552724
0.6057967322283765
0.052624392375230644
0.3459199504091298
0.2711956345190393
0.5547449520388152
0.03017588683226069
0.8824056615320726
0.1484094924191962
0.1416119767610814
0.8040894066687196
0.3504083370111749
0.8517900778070248
0.21160490022795697
0.1264780908313241
0.15612572947916148
0.838205453820549
0.04577365714303783
0.06178623271904893
0.16474800265621825
0.3481051311638118
0.46638709261821865
0.1981772549933849
0.2466361311605797
0.6951425236529315
0.8231373744960527
0.10738022111978174
0.09587051808217073
0.5039348205534212
0.8572819113774871
0.6168213198045116
0.1545298554554665
0.36112773525477826
0.341609751626321
0.026943156159661696
0.08637277732027981
0.7559732222305092
0.3834662679443861
0.15897732791683217
0.27324225226351395
0.11275635958016095
0.9082440784730619
0.2910572529759289
0.751570271647915
0.11792142538097417
0.9357088828577945
0.8088514381014147
0.8249099115179563
0.8065527853134395
0.021298987035849426
0.9308138948252618
0.966741542979533
0.08737761351680073
0.9426408599355484
0.6962054298362642
0.6207433083899477
0.28426057625063816
0.9949642866685862
0.5589552363669391
0.11544577555656732
0.6286173265642837
0.32855383785463255
0.9828506615997586
0.39611411865692614
0.3729354474614879
0.2300102918013578
0.1865395496806651
0.25569832158979544
0.2922864410129623
0.9539435992917126
0.6533010228083171
0.9827897604863242
0.7817735444050983
0.7036941077602327
0.15514861781389644
0.322960859325214
0.3432439933964061
0.32714279359692333
0.3289094550403996
0.26767067776034537
0.8300469079245346
0.8780346342009542
0.2568357741544728
0.1884006412798388
0.6423982282059433
0.5826031992063269
0.695563360289774
0.5393083744119933
0.2037511559806534
0.019462396251457403
0.5259263805537201
0.9559944546448851
0.5781028865357309
0.37488046441359923
0.15568886404900883
0.37064337827362215
0.17962112876937908
0.06834061199580732
0.1941105205321051
0.481735557919442
0.9711310878796908
0.3071100259862659
0.3930911332183705
0.585128501781058
0.8338826206133739
0.8190373664464653
0.3307021157754101
0.1673065374466609
0.9418884382025118
0.25874064578289024
0.6598325431259261
0.4483340924967656
0.07295709388461802
0.029929746018925063
0.24971948578299707
0.49214775966890256
0.0748578752375837
0.31958638890873126
0.17352037466992132
0.6954583049074632
0.9935110311022857
0.3052179364719435
0.557134701124286
0.7422297089366805
0.8953895292884767
0.40287476767724795
0.311264568315735
0.23925465531538914
0.04384674783642584
0.8664442889608347
0.1485826017993982
0.41170295923798983
0.5488913064748068
0.9449563994274868
0.38973661307724883
0.380101778376287
0.8539743747473728
0.3094442055090314
0.9294510127141598
0.4319020983211911
0.9974761946647607
0.1297089790774414
0.1362829101813413
