0.7307322482361613
0.4898608642469009
0.4460652695155476
0.12659406683407481
0.2985885959782155
0.9666572776417318
0.7549468553747353
0.7153151972847369
0.8721651431547036
0.7123399471098752
0.6393473452494625
0.9794488383672721
0.38569834092078337
0.5137320511937012
0.6886292603078418
0.3922092036465309
0.6010030916181167
0.46283131428739743
0.0368439048306064
0.09489302617533679
0.33004392625446133
0.2483089242440376
0.49455985707022776
0.31295779783240674
0.501155265462427
0.096907050279466
0.8747524675136584
0.6640305955689604
0.9842603360477451
0.7912613617594079
0.21150234770933873
0.7023040319902282
0.7118199587074454
0.3235790821807053
0.8645620375489992
0.47077975481631384
0.6237272513490083
0.2849156889096923
0.46888366944865434
0.7101728650174229
0.3053660537924854
0.028129982238501827
0.4154623546960373
0.6066352547242259
0.5683469978574569
0.6923260354578614
0.023025298050192933
0.34207113034782144
0.20293487316962655
0.7323576674543234
0.8714236868243513
0.08422851969337364
0.6364420255972538
0.0465848139498235
0.42603973287631824
0.44054190783702185
0.43273370797007493
0.7483624387127894
0.14031707545416916
0.9324718739715578
0.46374518516002694
0.789212564538863
0.6743259663496786
0.4515033158680959
0.8947156649687724
0.2645555548316425
0.3562745547530063
0.721079105783522
0.03199276737005585
0.39419045984809686
0.7298176629803408
0.7003842262521173
0.3750436409944574
0.7767624442802704
0.471590924950986
0.6925994000694589
0.6444163307221683
0.6051928638554106
0.9058962741660312
0.0672349758655656
0.4896135749805218
0.1676210251941198
0.08635658929886725
0.7924411837654107
0.30862631072247193
0.3292809778315937
0.667915573458058
0.20110471793976714
0.2537831508363242
0.8929698533938952
0.5857047326082828
0.4120809896587452
0.41001530977810396
0.5452729550741895
0.9889073503672821
0.3063252810505598
0.6183461963111824
0.8127029326138233
0.7602663184208439
0.7891694685669259
0.4811852372618244
0.17319241072455616
0.029109097462148292
0.2675964791666
0.52131532435928
0.19725027936901696
0.03287928818641073
0.6699589216780752
0.5652905214138476
0.28670973771237107
0.7460677845124528
0.7299279009370134
0.9195753318616436
0.167191555830981
0.6462126749351869
0.4965906333414728
0.7245688508260917
0.44914698723410473
0.012177063276556432
0.95551960886365
0.6091052435748721
0.27477831552833343
0.9078377993352743
0.6579809999911137
0.38509814635678574
0.30521689874928726
0.5722753327204144
0.19114085735479558
0.024808663050641777
0.5009047234544446
0.24204208187507803
0.41982473359631434
0.11255616722610062
0.5585389979536766
0.49210053246793595
0.21524471004512757
0.24670644901758365
0.9679724268539194
0.4333541402309582
0.22726720399837985
0.4419922413647692
0.31129861497347033
0.13142555607639061
0.12314535836932727
0.843695164455429
0.9763890273153512
0.6965681025810744
0.3770846252226475
0.023704063417966936
0.9335372831655326
0.3176587916239303
0.16637517911830302
0.7479088395314297
0.2819698313752502
0.9365309343726195
0.3324560291565667
0.031144363131794583
0.12079480560040734
0.48839645097417017
0.6631157067287667
0.8479936659583928
0.7451757261647527
0.8596258910492276
0.018891682641723917
0.7113790834415697
0.7839660700307066
0.7510647171709676
0.1603968642453386
0.6072941303437037
0.7530819020470217
0.24490637160223727
0.1883620866945569
0.0896820072880572
0.008636916196576694
0.12122837612103332
0.5573817319394274
0.01743974621162203
0.7563469407610545
0.9102334817218808
0.9977091589871844
0.6817172029064155
0.7226448744045606
0.8897558275475141
0.6241419263996544
0.2851042162070052
0.8430010147536657
0.06854901365947241
0.7686783745714281
0.6606227088369215
0.6361160706886928
0.7885509080051443
0.26543119064051635
0.4396240135240277
0.6184645334862627
0.042663650001374176
0.4180009678506762
0.5577964249792633
0.2742829064467375
0.12010359772041979
0.7860699573550669
0.5281755742422738
0.17170438950778155
0.36991791068874114
0.21196474929481246
0.183649339891368
0.6554343397243966
0.6348519771667516
0.9771408087994257
0.06177218145042318
0.7230700019756596
0.5143298431830786
0.9810010195512923
0.8342748409143345
0.1083271122431021
0.19798027486724223
0.8743211242303937
0.3163495267685509
0.9613587731508767
0.9844263684179553
0.854494926158696
0.5426051244371614
0.7280350084574
0.4006273673630516
0.4499018492726754
0.2393092820449716
0.5249461342579953
0.1907326901767441
0.5897962904586176
0.2517333168472078
0.12485647097427788
0.6736971941440595
0.8947285322591817
0.6294744434873767
0.24293893578546466
0.45765467059312614
0.5507325276026546
0.9534230843052012
0.10257066503707524
0.7675847811949508
0.4974200675219348
0.5776578269188261
0.6108551806259062
0.5276005255682246
0.188683639798358
0.8811602614686207
0.3697513201865993
0.4081896678856083
0.5958641057005502
0.7489335399093315
0.31077648602424446
