0.15423176425943932
0.34733396759586244
0.4377290106108672
0.06260713906061843
0.4941828183109427
0.9043280669246625
0.14681768019975455
0.7085349055055904
0.42407298675934124
0.13826421129075392
0.06161846595986785
0.5569710284616307
0.713462981906767
0.7112466135371944
0.0523536267790474
0.7012924952926434
0.44309574245229855
0.7440338206841679
0.7400551283511949
0.11871210787424627
0.24592377479818228
0.7111881880995292
0.11871210787424627
0.4613416370718262
0.6406648891778928
0.6452934198971256
0.08734054315040987
0.18395029490087844
0.9791341721401868
0.7400551283511949
0.8129598519262258
0.6801976044827129
0.8753139560961718
0.7744702965690382
0.15119857756507965
0.29006181435921546
0.5663461604001168
0.5210216442586916
0.5171812909084144
0.2835812204058915
0.7372254650628138
0.29543922979830906
0.7533527825806859
0.7802614975773736
0.2793658548181119
0.8753139560961718
0.7853417325515286
0.5911778033811683
0.9151705887704835
0.622387229233058
0.1588332850847693
0.6333242974142654
0.571165464132533
0.7987992439870855
0.6884734223756148
0.1343317279361639
0.9573648847435257
0.4881192949032658
0.571165464132533
0.574392530707214
0.13766959177060822
0.13280288088119874
0.07641725809280726
0.44309574245229855
0.25747814284913173
0.24592377479818228
0.3219442894887079
0.6731492069333196
0.11920775280436874
0.49166919809789555
0.8740347621390523
0.8979414078539183
0.9367138737781819
0.7085349055055904
0.805077916891252
0.7012924952926434
0.624103169326153
0.2835812204058915
0.6536420665481757
0.6253379561437276
0.09131054600025698
0.1483000223769007
0.4831472441132211
0.5003836150137821
0.6349537099432763
0.18395029490087844
0.42824159828764297
0.622387229233058
0.2139736494488475
0.20147856919200166
0.42824159828764297
0.12082132998827166
0.6828911347540854
0.8120807619614392
0.29333929778372064
0.1546473820516993
0.7782486493735628
0.3049810541320564
0.793001149326147
0.33143892163192357
0.2772222593231385
0.4552628508933698
0.5522182653406067
0.4856015792161598
0.48718870126444735
0.7372254650628138
0.2913612278304307
0.7573304563272417
0.7171512766569665
0.9028324065729573
0.3219442894887079
0.7643113348506833
0.7440338206841679
0.7219400855716491
0.43068701151314626
0.08014405418897261
0.4738128514772372
0.32631276090556355
0.2793658548181119
0.7582245855091696
0.43718921307341685
0.7129741164523737
0.15983839096655184
0.48718870126444735
0.7643113348506833
0.7171512766569665
0.43718921307341685
0.7162962058846603
0.12703916116431574
0.7601163687627058
0.7274836668718945
0.6876601731316595
0.36171219231307006
0.28942700830517065
0.9043280669246625
0.7857276478038577
0.12523255081566176
0.6256399756234444
0.2079850268120611
0.27702777916527377
0.4943882268450127
0.677965632109435
0.4943882268450127
0.18507766661633104
0.8096955178054566
0.44445547086347237
0.1343317279361639
0.13320702960349917
0.824152741392485
0.7744702965690382
0.7533527825806859
0.5663461604001168
0.07641725809280726
0.7991248401820855
0.30671831737978733
0.5490718056649164
0.33143892163192357
0.35805179136063986
0.12082132998827166
0.9492657733204348
0.09131054600025698
0.46665236313833947
0.8225862909331618
0.7984736477920855
0.15423176425943932
0.4941828183109427
0.805077916891252
0.899841090622526
0.5171812909084144
0.7513700256914527
0.9111178746782369
0.1546473820516993
0.9545117426739218
0.16433533816139606
0.7407020644067424
0.08359465475297083
0.7573304563272417
0.7107550643995099
0.42407298675934124
0.40298601499329256
0.4377290106108672
0.44445547086347237
0.5569710284616307
0.8377116335986504
0.7343832195017346
0.6818733484347166
0.9367138737781819
0.05749000456558201
0.4613416370718262
0.9990329716356073
0.6828911347540854
0.7853417325515286
0.6349537099432763
0.6267735369555827
0.28942700830517065
0.18507766661633104
0.6222381074228873
0.8225862909331618
0.13826421129075392
0.13320702960349917
0.1590216583238494
0.8121741983649002
0.7112466135371944
0.02730918581528119
0.44664282614864026
0.7601163687627058
0.3049810541320564
0.13491568247505564
0.11920775280436874
0.05853743759320812
0.4759494696779759
0.13766959177060822
0.918121017391443
0.14681768019975455
0.9701137521988286
0.8627116132457884
0.20147856919200166
0.006275270403913291
0.6536420665481757
0.06161846595986785
0.8627116132457884
0.3357742689517884
0.007180913751086648
0.7001003857041002
0.3873053229843153
0.7004370238291586
0.1433420735533567
0.4590520706383468
0.16629600942544262
0.3879756720199718
0.09936239877972929
0.2772222593231385
0.7973364177045699
0.758602703141618
0.16629600942544262
0.7513700256914527
0.15119857756507965
0.03944738380654156
0.22927670823523283
0.07323607026881851
0.8041024576369238
0.2617958880935549
0.38354993076695626
0.5198946115313015
0.36171219231307006
0.47366995667464457
0.7392030605449365
0.5011875290759755
0.23005166150280965
0.218411498176758
