0.42535331571338675
0.8306189005741297
0.21853572064397453
0.057776313393075984
0.7317640143888116
0.42535331571338675
0.5698757541294737
0.806944621003419
0.7049772418201625
0.8078277981074893
0.9081697911598265
0.42918045713897923
0.4921286498280954
0.7098814343305035
0.8824923335009089
0.6130212993470148
0.046592087207520394
0.4146446280694971
0.9762905121933514
0.7794631120963489
0.7443977039336005
0.2354260224470074
0.5015265178035065
0.26065290303401134
0.7316178940151512
0.39808052208626143
0.04708817072912519
0.47518106195211696
0.5698757541294737
0.7884490595320877
0.5449679493831306
0.06181885334948356
0.2710593370655099
0.746684181722364
0.5612327981263449
0.623364409607387
0.5838253459376906
0.5418961141106909
0.9534884187401219
0.8697915440269909
0.17944890003921046
0.27553008267713364
0.5631364217830446
0.8446272327129825
0.8560113383947592
0.7473565726911212
0.2339656180957424
0.5623119301582524
0.12434651039609396
0.49016481018837654
0.3984979836126952
0.47518106195211696
0.8762022033686055
0.9064280138029999
0.5437781190084262
0.8604166284922394
0.6179329767197259
0.9261010859543706
0.8458391512370095
0.1231305946419119
0.46880461330684126
0.806944621003419
0.0348642696363938
0.26312981674749925
0.18986086396802093
0.5299399634536979
0.6050814710186263
0.2330359957939437
0.5289645078602438
0.19945746701683728
0.878955435890766
0.14256649974722146
0.8596349720038842
0.10763468358348682
0.4471777373157414
0.7317640143888116
0.3888753875665746
0.6638218933114247
0.18886600383396768
0.2521777467801994
0.7098814343305035
0.4435344871549187
0.7592681303678417
0.9081697911598265
0.5339543530460045
0.32361270771848893
0.0022970258716931147
0.09583554993730647
0.6971264028100773
0.826581480168699
0.1835110772917895
0.8930743039655412
0.8654638793179972
0.07299414121557513
0.10763468358348682
0.8697915440269909
0.32502891726466976
0.5917418262280231
0.06593175220242536
0.17944890003921046
0.5238076719870308
0.06323954115816521
0.033570791745240414
0.028451102897695146
0.5364255146991118
0.4617225640893417
0.39808052208626143
0.21357084586951647
0.27553008267713364
0.14722661161620043
0.05147008732578873
0.24215272684723066
0.20403544549400537
0.14180963583973827
0.0830438691974269
0.6130212993470148
0.5214386658977015
0.7796733791510043
0.14063649301614722
0.534670037240321
0.5299399634536979
0.5418961141106909
0.28639074110806817
0.40301687132788155
0.8306189005741297
0.4146446280694971
0.20465534015639666
0.7049772418201625
0.5461433641545729
0.6158744782481649
0.3888753875665746
0.2521777467801994
0.1723040978417728
0.8351099692800388
0.6160739138342872
0.9261010859543706
0.8205256395135687
0.18986086396802093
0.14256649974722146
0.7437535283450685
0.19945746701683728
0.6448541321142617
0.8682990235238572
0.9508275147447467
0.5612327981263449
0.4580092298827967
0.5340194293788165
0.38182867462729503
0.43876696458736053
0.18549101207749585
0.11165810728912401
0.007121491484809006
0.23203742506419112
0.042691738731751694
0.5015265178035065
0.4156706715052978
0.49016481018837654
0.23549075924970037
0.5927077560553586
0.7379641561123014
0.16859299203341804
0.7147771729184872
0.151062978175866
0.8604166284922394
0.16438722696305053
0.5125268000041878
0.46888106987954536
0.28639074110806817
0.14180963583973827
0.20775491721075312
0.6127467991482275
0.4598651636129637
0.4471777373157414
0.5238076719870308
0.4679036550770418
0.17467285742596816
0.86445085636775
0.46550876641973815
0.3821119776656937
0.21853572064397453
0.41321038916136077
0.5848611522896252
0.5620706774811863
0.746684181722364
0.7925393965345426
0.8596349720038842
0.9661518873578793
0.6197768394626907
0.24161768924081695
0.4617225640893417
0.16032274174273742
0.28779417888277403
0.8424490901205872
0.25448723200225004
0.8762022033686055
0.14722661161620043
0.5296233837947674
0.12434651039609396
0.052012210606895426
0.11524625869378646
0.0348642696363938
0.623364409607387
0.5451103267122859
0.1738018817145902
0.6158744782481649
0.8663696965224617
0.04272331757183523
0.33594013124374256
0.18349391183315167
0.8958733369228619
0.09583554993730647
0.8326222011439026
0.30869478211650747
0.25448723200225004
0.7610607383370084
0.12308252479343484
0.8737828869381462
0.18886600383396768
0.07309959000775712
0.20465534015639666
0.24215272684723066
0.5264805399773624
0.2318875899164392
0.5515767780410941
0.6049618742288981
0.6352911410051088
0.23549075924970037
0.8326222011439026
0.24039652898039332
0.24584464725700086
0.28390602299836587
0.523701097324173
0.988146303124148
0.33633117232636184
0.8351099692800388
0.3720890702370889
0.0635146088994113
0.3599950675575657
0.4580092298827967
0.11165810728912401
0.43651616931214915
0.9236167594643482
0.24161768924081695
0.8981035076500038
0.9308918657840108
0.46880461330684126
0.16438722696305053
0.45720799663185585
0.476203121821264
0.7512329934281415
