0.532478216523855
0.6135885842283543
0.2056190395754954
0.1954775030497177
0.7094971171868529
0.6615595631535176
0.5907190642485283
0.6092012215364523
0.6583958078794165
0.7139278780387991
0.8331736485917399
0.719198841208881
0.5372340488216798
0.6433070248227974
0.7655315340988584
0.5952807067392156
0.21228016640878716
0.7005929502184576
0.7094971171868529
0.6557758810251051
0.7374907838424604
0.2066628914718338
0.5406896143362395
0.18122033310799368
0.5928188973181221
0.1927551168568337
0.1273616445732527
0.6931617405905461
0.6078535675928881
0.5406896143362395
0.6047141224636698
0.20549822519072097
0.17517894046953805
0.6116047788743901
0.5371537598514275
0.5225762901067814
0.580609936183694
0.738213317730544
0.7456707172006521
0.7775956880389203
0.19548665649438454
0.1967681949936539
0.6075079543048261
0.7196069734627439
0.8166000036343556
0.7383163180896937
0.2088822565057667
0.5079589477910338
0.19989752452577814
0.594913007430681
0.1966740701063811
0.5092963871588444
0.7666078245271184
0.8474706393757674
0.6615595631535176
0.7937366756087576
0.584123801665723
0.719198841208881
0.8070453672213541
0.1231305946419119
0.5928188973181221
0.7706920078768582
0.2032198882319997
0.5079589477910338
0.20695083439986137
0.5287878642797159
0.4889491755088333
0.16202446693996408
0.549689448726264
0.2049819366921996
0.7565902382934213
0.2007062964550343
0.7527872123433255
0.20809022956553128
0.5105829680603408
0.7500624878019385
0.5219627441168189
0.565764947378494
0.19429924288238798
0.2292763861855286
0.7066860739196759
0.18543863139608002
0.8022096201198179
0.7937007820121875
0.6055838045797057
0.2055811210732123
0.15330736158251593
0.18665627913015725
0.6358349405961303
0.6410518881914886
0.1841164870570211
0.8046134969066041
0.7781898906857853
0.20933202364755596
0.1927551168568337
0.7775956880389203
0.5171864857491306
0.4889491755088333
0.15289333906950903
0.19548665649438454
0.7100419980566427
0.1987682255788833
0.18657398918257906
0.1815280057070514
0.6116047788743901
0.5701359043221039
0.208300615948452
0.1888955219042609
0.1841164870570211
0.2056190395754954
0.17973797940370825
0.2372240515664088
0.1919935742737371
0.12067785908535794
0.23397958206503755
0.49866809774848553
0.532478216523855
0.5398717740265035
0.1273616445732527
0.6931617405905461
0.5983260116209581
0.5263714645321922
0.2411009394523842
0.16958533141029675
0.6559643584393393
0.5795152531958274
0.19977688499216564
0.7139278780387991
0.518493834781615
0.5506793780680255
0.2678813463740364
0.23422988234173123
0.22298634906280776
0.5997133564356404
0.5088549252886606
0.8103072368421919
0.8331736485917399
0.1919553300845543
0.2032198882319997
0.7574574447885488
0.2049819366921996
0.602401688157466
0.7697036964047048
0.7118384056145697
0.6135885842283543
0.21145047735490974
0.5088549252886606
0.5929421315644261
0.15709074588238103
0.14857455968330993
0.19237153163889048
0.15709074588238103
0.19236095704945194
0.18368675756519703
0.5006045029945482
0.2089462408210328
0.5781057018717709
0.20910707766412714
0.7439214029025398
0.7383163180896937
0.16859299203341804
0.7706920078768582
0.18248059887984858
0.7697036964047048
0.20170787768096882
0.5701359043221039
0.6738689810555822
0.2290831418256602
0.12067785908535794
0.18962580069511747
0.6968200373581888
0.6557758810251051
0.5929421315644261
0.602401688157466
0.565764947378494
0.21228016640878716
0.8444630937539788
0.49462313728159485
0.19664893442265924
0.18298296641830408
0.21633357215078042
0.6092012215364523
0.6828201304276382
0.7473016591135454
0.785110409150032
0.7937007820121875
0.9661518873578793
0.580609936183694
0.20769271126497924
0.5037269705512362
0.2290831418256602
0.2016066710070341
0.7501697926295667
0.4560449486326359
0.7666078245271184
0.21140891991008673
0.7560025218733653
0.19735599309292282
0.18122033310799368
0.16958533141029675
0.1906715134785646
0.5225762901067814
0.6195275313820842
0.18559733700698292
0.5451426842060254
0.738213317730544
0.208300615948452
0.23397958206503755
0.189006827984013
0.7753922057408462
0.18543863139608002
0.7217853616778989
0.5219627441168189
0.3327790170316151
0.5972954220101059
0.18331803201039457
0.8737828869381462
0.2019422066346187
0.07309959000775712
0.19989752452577814
0.18534956565795957
0.7500624878019385
0.2717161264235254
0.6220812231300354
0.5070966385733338
0.6352911410051088
0.20910707766412714
0.7217853616778989
0.23422988234173123
0.24955730190109016
0.2196919393066413
0.5907190642485283
0.988146303124148
0.1954775030497177
0.8219550138295224
0.526430868187326
0.17743027601070502
0.49605717515699327
0.5506793780680255
0.19237153163889048
0.5105829680603408
0.8872124577919209
0.20769271126497924
0.8266804964334384
0.7574574447885488
0.5774312371666861
0.19482866999564422
0.5161501947628943
0.5578597944743762
0.7857293678929438
