0.23479342912797374
0.34733396759586244
0.2347433884889647
0.23474330884537048
0.6773957531727063
0.6773960534353046
0.23474505170192936
0.6773958030906172
0.6773952348050287
0.23471112555611956
0.23470266373910695
0.6773957234223704
0.6773959248581136
0.6773968854882034
0.2345480269582632
0.6773956070327712
0.23477571864728222
0.677395599960821
0.6774010981347753
0.2346093444058967
0.23470495714770795
0.6773958261710846
0.23472466673146147
0.6773958030906172
0.6773963821886974
0.6773947600409438
0.23472679501941024
0.23478138449957187
0.9791341721401868
0.6773943407176424
0.6774006295869865
0.677396656922381
0.6773943463101498
0.67739548133306
0.2347916643214922
0.2347680505599602
0.6773942148295833
0.6773958508368235
0.6773951493522699
0.23473584115910223
0.6774070074198193
0.23482624260832077
0.6773966987481443
0.6773958273201308
0.23474505170192936
0.6773943463101498
0.6773952848810811
0.6773952404610576
0.6773963327744728
0.6774006295869865
0.2347708610292244
0.6773963602616639
0.6773968854882034
0.6773951261673966
0.6773960411712122
0.2347927901674815
0.9573648847435257
0.6773940363461022
0.677395706485987
0.6773939902221198
0.23462025193548908
0.23484336572886644
0.2348847717172152
0.23484646399860995
0.2347577826789301
0.23478549959895328
0.2348967512347565
0.6773962687955064
0.23477824261154684
0.6773968102199899
0.6773946110170351
0.6773969200735632
0.9367138737781819
0.6773935120191167
0.6773951331636355
0.6773953710810037
0.6773968873661953
0.23474311730409353
0.6773959430969843
0.6773956886256749
0.23483422638619633
0.23445881040435956
0.6773965956241141
0.23472904531518696
0.6773951105977805
0.23478138449957187
0.23477571864728222
0.6773964014599034
0.2347540048109485
0.23441551608415878
0.23480687307501769
0.234472453311018
0.6774010981347753
0.6773953402714721
0.2347502789217802
0.234666390814335
0.67739434748092
0.2347032263752582
0.677395715703685
0.2349187093193795
0.23479726054441075
0.6773973216929443
0.6773948495121168
0.23455522973747586
0.6773952562735445
0.6773957828842041
0.23475262990232498
0.6773957143123478
0.6773957447285801
0.6773951105977805
0.2348967512347565
0.6773963670220111
0.6773948829934715
0.6773946996724578
0.6773956653540694
0.23481817747815092
0.23516212043891985
0.23478140716957613
0.23473609859291023
0.6774037549021538
0.6773966462275542
0.6773963217983551
0.23471521945441548
0.677395677435505
0.6773963217983551
0.6773957143123478
0.6773967198052968
0.6773951567565354
0.23475084899473042
0.6773956716879237
0.6773952348050287
0.6773959430969843
0.23491582653442108
0.2352680131167101
0.6773969490824461
0.6774042327594372
0.23431802840339014
0.23476280931454796
0.23478549959895328
0.677395677435505
0.23482005462648456
0.6773965805665306
0.2348001511014957
0.23477351601080276
0.6773964755480599
0.23469767800527022
0.2346093444058967
0.23481289520788373
0.6773950193926805
0.6773964014599034
0.6773967194096752
0.6774010134062499
0.2348847717172152
0.6773951331636355
0.23474311730409353
0.6773953704467859
0.2348437684132025
0.23523346767809994
0.23407008685122094
0.6773977579284347
0.23483422638619633
0.6773965805665306
0.6773948829934715
0.6773951261673966
0.2348001511014957
0.6773958261710846
0.6773949205692715
0.677394408537894
0.6773951493522699
0.677395434838291
0.6773969490824461
0.23457648548071336
0.9545117426739218
0.23479726054441075
0.6774037549021538
0.2349285158440301
0.6773955956802447
0.6773971452212835
0.6773956070327712
0.23473888198207488
0.6773931798937028
0.2348437684132025
0.6773962152734766
0.6773951449852638
0.6773956255914833
0.6773947814103259
0.9367138737781819
0.2347127234212122
0.6773957128949571
0.9990329716356073
0.6773962988549611
0.677394944935477
0.6773962988549611
0.6773957234223704
0.23509611080753248
0.23483570197163817
0.6773962152734766
0.6773947814103259
0.23481149326957368
0.23476280931454796
0.2347025004197898
0.6773952848810811
0.6773950857425011
0.02730918581528119
0.6773957531727063
0.6773973156185177
0.23470400940997815
0.23367256001411446
0.23477507805351755
0.234512416070696
0.6773965956241141
0.23419029094647031
0.6773935241284325
0.2346967863468693
0.9701137521988286
0.6773956705236689
0.23455522973747586
0.23484550410891086
0.6773973156185177
0.23423163607926112
0.6773956705236689
0.23494932408651803
0.007180913751086648
0.6773961645411315
0.23516212043891985
0.6773965954988224
0.23482908908630984
0.2350654407754682
0.23419029094647031
0.2347697451521098
0.23462025193548908
0.23471112555611956
0.6774010134062499
0.677394944935477
0.23394376216426066
0.677395434838291
0.234743388029585
0.23470495714770795
0.2347032263752582
0.07323607026881851
0.6773958696308993
0.2347556877057802
0.234632177354538
0.6773954277683258
0.6773958687502435
0.6773960534353046
0.6774422734336126
0.67739434748092
0.23482920260483126
0.23394376216426066
