0.2216477026690888
0.34733396759586244
0.4856015792161598
0.06260713906061843
0.5011875290759755
0.8975382591710881
0.22699186727837062
0.7270515644748807
0.46665236313833947
0.08014405418897261
0.06365206129890147
0.5911778033811683
0.713462981906767
0.8096955178054566
0.0523536267790474
0.4591650574505344
0.5223361387102103
0.7440338206841679
0.7689220686028606
0.13806181696876324
0.31560674937504873
0.7275266603983734
0.09936239877972929
0.4613416370718262
0.6406648891778928
0.699409036413083
0.08734054315040987
0.195309066917003
0.9791341721401868
0.7237204624820504
0.8129598519262258
0.6801976044827129
0.8979414078539183
0.7448381355011525
0.15119857756507965
0.29006181435921546
0.5449598987796723
0.5210216442586916
0.4654664117670655
0.29924054419490276
0.8147019081929602
0.29543922979830906
0.6406648891778928
0.7802614975773736
0.2793658548181119
0.8526865043384253
0.8120807619614392
0.5911778033811683
0.9151705887704835
0.6206712891399631
0.1588332850847693
0.6333242974142654
0.571165464132533
0.7987992439870855
0.715266375040977
0.1468912357503106
0.9573648847435257
0.4881192949032658
0.571165464132533
0.574392530707214
0.13766959177060822
0.13280288088119874
0.07641725809280726
0.36385534619438675
0.25747814284913173
0.23005166150280965
0.32405680285992766
0.6333242974142654
0.11920775280436874
0.49166919809789555
0.8740347621390523
0.8979414078539183
0.9367138737781819
0.7169694253070806
0.7987992439870855
0.7772470344415593
0.624103169326153
0.29924054419490276
0.6196239599646918
0.6984466736136252
0.0523536267790474
0.1483000223769007
0.4831472441132211
0.5003836150137821
0.6349537099432763
0.195309066917003
0.3805337268973101
0.624103169326153
0.2139736494488475
0.20147856919200166
0.46875169524273075
0.12082132998827166
0.6616804697102527
0.8120807619614392
0.29333929778372064
0.24564270280449713
0.7782486493735628
0.3102315451851506
0.793001149326147
0.31560674937504873
0.2772222593231385
0.44505929001967415
0.5522182653406067
0.4856015792161598
0.4885038690144379
0.6773088471325558
0.2913612278304307
0.7175188296614117
0.6894644178127805
0.9028324065729573
0.32405680285992766
0.7726807596192655
0.7440338206841679
0.7241602616952715
0.43068701151314626
0.08014405418897261
0.4738128514772372
0.32631276090556355
0.2793658548181119
0.7582245855091696
0.4210517576925025
0.7799709272161797
0.09268491465473305
0.48587353351445683
0.755941910082101
0.7448381355011525
0.4210517576925025
0.7162962058846603
0.12703916116431574
0.7601163687627058
0.7274836668718945
0.7556963862986272
0.3267321353713136
0.28942700830517065
0.9111178746782369
0.7857276478038577
0.12523255081566176
0.6256399756234444
0.1943223509550334
0.27702777916527377
0.4943882268450127
0.715266375040977
0.4943882268450127
0.14987397885250472
0.8096955178054566
0.44445547086347237
0.1217722201220172
0.13320702960349917
0.824152741392485
0.8041024576369238
0.8287399330519369
0.5198946115313015
0.07641725809280726
0.7991248401820855
0.3141960905646719
0.5490718056649164
0.343046067146359
0.35805179136063986
0.12082132998827166
0.9492657733204348
0.09902643724754312
0.46665236313833947
0.918121017391443
0.7984736477920855
0.11089971817097044
0.42665281837245395
0.8113565897954185
0.899841090622526
0.579099730923459
0.7197199094480269
0.9111178746782369
0.06365206129890147
0.9545117426739218
0.16433533816139606
0.7407020644067424
0.11483568272689426
0.7795822577931834
0.7107550643995099
0.451453724263856
0.40298601499329256
0.4221313527674032
0.44445547086347237
0.5477234000869281
0.8377116335986504
0.7343832195017346
0.6818733484347166
0.9367138737781819
0.05749000456558201
0.4613416370718262
0.9990329716356073
0.6773088471325558
0.758602703141618
0.6349537099432763
0.6267735369555827
0.28942700830517065
0.17671612251905844
0.6678820680774812
0.7270515644748807
0.19638436839253523
0.13320702960349917
0.1590216583238494
0.8121741983649002
0.680635519758192
0.02730918581528119
0.44664282614864026
0.7601163687627058
0.38068540002887996
0.13491568247505564
0.11920775280436874
0.05853743759320812
0.4831472441132211
0.13766959177060822
0.918121017391443
0.13379696943295727
0.9701137521988286
0.9280868087870068
0.20147856919200166
0.006275270403913291
0.6196239599646918
0.05958487062083423
0.7799709272161797
0.3357742689517884
0.007180913751086648
0.6459773056885678
0.3873053229843153
0.7004370238291586
0.1433420735533567
0.4590520706383468
0.15621314592936497
0.3879756720199718
0.09936239877972929
0.2772222593231385
0.8147019081929602
0.758602703141618
0.17637887292152027
0.7807999658112563
0.15119857756507965
0.03944738380654156
0.14832187128531504
0.07323607026881851
0.8041024576369238
0.2216477026690888
0.38354993076695626
0.5198946115313015
0.3267321353713136
0.47366995667464457
0.7392030605449365
0.5011875290759755
0.23005166150280965
0.17637887292152027
