0.24962013449410675
0.34733396759586244
0.41789521454294143
0.20855383281152168
0.6197947661046689
0.7909604461006616
0.2951815840362379
0.41921273882476895
0.41217158849371716
0.10968688179753937
0.08817420300341805
0.7395113830321433
0.5823214603518032
0.7469094743814675
0.10073351072801741
0.6731196846741807
0.34934186619717233
0.7124143167875304
0.7707709865065635
0.12388141290660531
0.2571179465137837
0.6833243377946393
0.13591457070869853
0.6420828615473487
0.6377913918365267
0.7218414129118769
0.08734054315040987
0.23384881326636497
0.9791341721401868
0.6770661463394287
0.8129598519262258
0.6954763344411115
0.8753139560961718
0.7365250052880692
0.18176045322122375
0.22756675539884283
0.5791188503426492
0.4763109998137649
0.5191289189949723
0.26902168344132027
0.7041565078010127
0.23229739263591412
0.593106510960393
0.7355223765641128
0.2475344277384461
0.8753139560961718
0.7644952273170822
0.5595519164349214
0.8362208937556437
0.6102101020580533
0.20275771206848955
0.6722854554757299
0.6102101020580533
0.7136050237493997
0.6680140987118316
0.21313647004544278
0.9573648847435257
0.5791188503426492
0.6807126466597111
0.5385090492814374
0.1472461959325962
0.13280288088119874
0.07641725809280726
0.41921273882476895
0.34934186619717233
0.2050660364878596
0.40398521563942924
0.6437340358576801
0.10585284103509453
0.5520328879478444
0.8490937517657686
0.8979414078539183
0.9367138737781819
0.6554604874897494
0.7193122598507677
0.6437265140505456
0.5417233828136462
0.33567905009630516
0.6653913245159284
0.6463743312581708
0.10073351072801741
0.14294611109361283
0.593106510960393
0.4798636056574608
0.6765758043466823
0.23437234424167494
0.5097784974425059
0.6807126466597111
0.21313647004544278
0.2050435976770903
0.44881425978584366
0.14250959126716692
0.6925547428207454
0.7644952273170822
0.2122992906420381
0.19210688186541797
0.7782486493735628
0.3176145403572106
0.793001149326147
0.2886813482150529
0.2156598509190515
0.5097784974425059
0.5252296944922001
0.26314618081631147
0.49030906166510196
0.744321223002603
0.26902168344132027
0.7495729019014321
0.7271960715745354
0.9028324065729573
0.3219442894887079
0.7411280718539479
0.7833100558086649
0.8077450058131879
0.44881425978584366
0.10968688179753937
0.39457877980022926
0.2951815840362379
0.2793658548181119
0.7462940530839827
0.42523884475448415
0.6896282062108965
0.20855383281152168
0.49030906166510196
0.7411280718539479
0.7308971130998936
0.4373578998038701
0.7124143167875304
0.12703916116431574
0.7334977932090734
0.7274836668718945
0.6653913245159284
0.3946981883487131
0.35076915136568304
0.8587892662941079
0.7857276478038577
0.12523255081566176
0.5595519164349214
0.2649399144642404
0.3360126322539386
0.44872759444752275
0.7218414129118769
0.44872759444752275
0.18947152653777177
0.7572711987408038
0.4410922407371698
0.29697091645183127
0.12973967945226764
0.8490937517657686
0.6349178944951606
0.7533527825806859
0.6330080061930984
0.07641725809280726
0.7938156823331799
0.2878081694256541
0.639512135631719
0.2585118155072921
0.35076915136568304
0.12082132998827166
0.9492657733204348
0.10699113737893375
0.4287869652359274
0.850715536600054
0.7909604461006616
0.15423176425943932
0.4724304546269903
0.7193122598507677
0.8026449210191946
0.5191289189949723
0.7707709865065635
0.8587892662941079
0.1517220643121777
0.9545117426739218
0.18176045322122375
0.7041714427916104
0.10585284103509453
0.7495729019014321
0.6954763344411115
0.47347682029947796
0.22342097450549958
0.41789521454294143
0.34120286424411284
0.64085547317034
0.8528832996442637
0.7938156823331799
0.7744675153350057
0.9367138737781819
0.07283210378450003
0.5703992228672341
0.9990329716356073
0.6765758043466823
0.7610373708003524
0.6605968658726193
0.6301990244636433
0.2187966632292584
0.18947152653777177
0.6770661463394287
0.7885065244842742
0.12267172875761051
0.12973967945226764
0.13591457070869853
0.7880688766524026
0.7469094743814675
0.02730918581528119
0.44664282614864026
0.7111314809783763
0.2121850445300585
0.15060584595024912
0.11030447829151926
0.07283210378450003
0.4763109998137649
0.1472461959325962
0.850715536600054
0.17582076677047132
0.9701137521988286
0.7346678806922964
0.26314618081631147
0.006275270403913291
0.6886902392292046
0.10520760626626197
0.7700181965844105
0.39457877980022926
0.007180913751086648
0.6896282062108965
0.3843639993859458
0.7296349459451563
0.17201817585489296
0.41211129442619543
0.15198280059802544
0.4101007376936464
0.22756675539884283
0.41217158849371716
0.6731196846741807
0.7610373708003524
0.1891037366602705
0.7582025515622037
0.12388141290660531
0.14816631815334613
0.22927670823523283
0.07323607026881851
0.8065308230877665
0.23384881326636497
0.33567905009630516
0.5703992228672341
0.4287869652359274
0.47366995667464457
0.7404386474443263
0.5339281648878316
0.23798771815049596
0.24962013449410675
