0.5838253459376906
0.7974587161364819
0.24103172661690636
0.057776313393075984
0.8682990235238572
0.4141904621146244
0.4549180526784977
0.7592681303678417
0.7735630016342686
0.756748989269941
0.8205256395135687
0.5850018411775688
0.40043195371850016
0.6227912766371666
0.9078939124487451
0.46550876641973815
0.046592087207520394
0.335073945557549
0.9762905121933514
0.7794631120963489
0.7316178940151512
0.2489103986057596
0.5015265178035065
0.2723954074622631
0.7316178940151512
0.31979418271804716
0.04708817072912519
0.47518106195211696
0.5848611522896252
0.7743390659333577
0.5449679493831306
0.06181885334948356
0.24039652898039332
0.6700266787560782
0.5601536660944373
0.7025787976863217
0.5838253459376906
0.5418961141106909
0.9534884187401219
0.8062875966574005
0.17944890003921046
0.31979418271804716
0.5631364217830446
0.8446272327129825
0.8560113383947592
0.6743514202321385
0.2339656180957424
0.5623119301582524
0.18276126858976255
0.4084173018860988
0.3984979836126952
0.47518106195211696
0.8015768919924644
0.9064280138029999
0.5437781190084262
0.8604166284922394
0.6179329767197259
0.9261010859543706
0.8458391512370095
0.1231305946419119
0.43876696458736053
0.8546211116389963
0.033570791745240414
0.21357084586951647
0.18986086396802093
0.5299399634536979
0.6737374273381409
0.22504026497098106
0.5289645078602438
0.19945746701683728
0.878955435890766
0.04970697704743554
0.8864629828022054
0.10763468358348682
0.5125268000041878
0.7191303248440226
0.34857031799416993
0.6638218933114247
0.18886600383396768
0.2521777467801994
0.7617398866217138
0.4435344871549187
0.7592681303678417
0.9958139428060845
0.5339543530460045
0.32361270771848893
0.0022970258716931147
0.008160022582823445
0.6971264028100773
0.826581480168699
0.1835110772917895
0.8930743039655412
0.8654638793179972
0.07299414121557513
0.10763468358348682
0.9078939124487451
0.32502891726466976
0.6383733257437603
0.06593175220242536
0.17944890003921046
0.5685258906635338
0.06323954115816521
0.033570791745240414
0.028451102897695146
0.6179329767197259
0.4617225640893417
0.4763668614544757
0.21357084586951647
0.2312659826362201
0.0757294205181066
0.05147008732578873
0.21280062752705764
0.20403544549400537
0.14180963583973827
0.0830438691974269
0.6818925771655772
0.5507486819673075
0.7796733791510043
0.14063649301614722
0.40043195371850016
0.5299399634536979
0.5418961141106909
0.2675041590575104
0.40301687132788155
0.8637790850117775
0.4942153105814452
0.20465534015639666
0.6129828916164846
0.5461433641545729
0.6158744782481649
0.331880374300596
0.2521777467801994
0.1723040978417728
0.7794631120963489
0.6160739138342872
0.9261010859543706
0.8205256395135687
0.18986086396802093
0.21019914186000344
0.6796792585826477
0.19945746701683728
0.6448541321142617
0.8682990235238572
0.9508275147447467
0.5623119301582524
0.41350325352893147
0.5340194293788165
0.3373387886434429
0.43876696458736053
0.18549101207749585
0.11165810728912401
0.007121491484809006
0.23203742506419112
0.042691738731751694
0.5015265178035065
0.4156706715052978
0.5719123184906543
0.24047337346447206
0.5927077560553586
0.8015768919924644
0.16859299203341804
0.7147771729184872
0.151062978175866
0.8604166284922394
0.252343717354642
0.5125268000041878
0.46888106987954536
0.2675041590575104
0.14180963583973827
0.20775491721075312
0.6127467991482275
0.4598651636129637
0.42631856061114715
0.5631364217830446
0.4679036550770418
0.17467285742596816
0.86445085636775
0.46550876641973815
0.3821119776656937
0.20403544549400537
0.32361270771848893
0.5848611522896252
0.5620706774811863
0.8582343098452115
0.7925393965345426
0.832806961205563
0.9661518873578793
0.6197768394626907
0.24161768924081695
0.4617225640893417
0.16032274174273742
0.28779417888277403
0.8424490901205872
0.24584464725700086
0.9508275147447467
0.21872380271429426
0.5296233837947674
0.06593175220242536
0.052012210606895426
0.11524625869378646
0.03615774752754719
0.6227912766371666
0.5052188122470028
0.1738018817145902
0.6158744782481649
0.8663696965224617
0.04272331757183523
0.40437610342997465
0.18349391183315167
0.8958733369228619
0.1835110772917895
0.8626853491569875
0.30869478211650747
0.3126887876254821
0.7610607383370084
0.12308252479343484
0.8737828869381462
0.18886600383396768
0.07309959000775712
0.20465534015639666
0.2715048261674037
0.4612192537267017
0.2318875899164392
0.5515767780410941
0.6049618742288981
0.6352911410051088
0.23050814503492867
0.8315551046273667
0.24039652898039332
0.24584464725700086
0.28390602299836587
0.523701097324173
0.988146303124148
0.33633117232636184
0.9130424247080277
0.3720890702370889
0.0635146088994113
0.3599950675575657
0.5921128876795339
0.11165810728912401
0.3515936727265968
0.9236167594643482
0.24161768924081695
0.8981035076500038
0.9308918657840108
0.498842262026322
0.07643073657145905
0.45720799663185585
0.476203121821264
0.7512329934281415
