0.2074768387580445
0.34733396759586244
0.3318513525651837
0.22342097450549958
0.6296994396841522
0.9043280669246625
0.16957323788459722
0.3176145403572106
0.5228806538396147
0.13922970940610613
0.14879674657265607
0.7346678806922964
0.6244451694250281
0.6722854554757299
0.1070792462244671
0.6875566442614933
0.43566867036997076
0.7124143167875304
0.7833394214509233
0.11280748309354766
0.2187966632292584
0.7111881880995292
0.11280748309354766
0.5417233828136462
0.6406648891778928
0.6807948128908929
0.08734054315040987
0.18395029490087844
0.9791341721401868
0.6708079548842183
0.8129598519262258
0.6954763344411115
0.8753139560961718
0.7327212237047491
0.14786105552339604
0.38783169678768764
0.5873379427293277
0.5210216442586916
0.4862220709008921
0.29253339122752325
0.7518601423931912
0.29543922979830906
0.7144846818230477
0.7802614975773736
0.2793658548181119
0.8753139560961718
0.7846692316315614
0.5769753155883621
0.9151705887704835
0.5902211796524633
0.1588332850847693
0.6722854554757299
0.6301990244636433
0.724066161773492
0.6756165810654093
0.1716441010535958
0.9573648847435257
0.5252296944922001
0.6184357811211478
0.5228806538396147
0.11851599527516876
0.13280288088119874
0.07641725809280726
0.44309574245229855
0.2842307077247451
0.24592377479818228
0.387733058065897
0.6437340358576801
0.11030447829151926
0.5701376110078573
0.8740347621390523
0.8979414078539183
0.9367138737781819
0.7242950169283926
0.724066161773492
0.6875566442614933
0.5417233828136462
0.278645422399477
0.6797081442937984
0.6253379561437276
0.1070792462244671
0.14294611109361283
0.4717833234002836
0.4798636056574608
0.6589224223486808
0.18395029490087844
0.43566867036997076
0.6715555807217882
0.2139736494488475
0.15999728223358523
0.46401828990496874
0.16650318725916508
0.6772233577379367
0.7846350309019381
0.29333929778372064
0.1546473820516993
0.7782486493735628
0.3176145403572106
0.793001149326147
0.2886813482150529
0.1636180106365135
0.5559310232621683
0.5252296944922001
0.32481379244062125
0.48718870126444735
0.7040074151032678
0.2913612278304307
0.747285661409673
0.7271960715745354
0.9028324065729573
0.3219442894887079
0.7643113348506833
0.7833100558086649
0.746730733414986
0.43068701151314626
0.08014405418897261
0.3843639993859458
0.3318513525651837
0.2793658548181119
0.7582245855091696
0.4373578998038701
0.6907832555508518
0.16957323788459722
0.4934294220657566
0.7179448088572127
0.7308971130998936
0.4373578998038701
0.7124143167875304
0.12703916116431574
0.7334977932090734
0.7274836668718945
0.6490719627074731
0.4629761406350382
0.28942700830517065
0.8587892662941079
0.7857276478038577
0.12523255081566176
0.5559310232621683
0.2079850268120611
0.27702777916527377
0.4943882268450127
0.6604116163582539
0.4741416022183167
0.18507766661633104
0.8096955178054566
0.44445547086347237
0.28452784970012135
0.12973967945226764
0.824152741392485
0.7846692316315614
0.7533527825806859
0.5873379427293277
0.07641725809280726
0.7991248401820855
0.278645422399477
0.639512135631719
0.33143892163192357
0.42023737321296156
0.12082132998827166
0.9492657733204348
0.09131054600025698
0.4982411236437937
0.850715536600054
0.7984736477920855
0.15423176425943932
0.4724304546269903
0.7308442927842462
0.8026449210191946
0.5171812909084144
0.7833394214509233
0.8587892662941079
0.14879674657265607
0.9545117426739218
0.2842307077247451
0.7360058176128423
0.10140120377866979
0.7518601423931912
0.6954763344411115
0.42407298675934124
0.22342097450549958
0.4377290106108672
0.35096680685630205
0.6173208928400441
0.8377116335986504
0.7885065244842742
0.7744675153350057
0.9367138737781819
0.05749000456558201
0.5701376110078573
0.9990329716356073
0.7040074151032678
0.8026449210191946
0.6296994396841522
0.6301990244636433
0.2187966632292584
0.18507766661633104
0.6708079548842183
0.7885065244842742
0.13826421129075392
0.12973967945226764
0.1590216583238494
0.7880688766524026
0.7112466135371944
0.02730918581528119
0.44664282614864026
0.7111314809783763
0.2121850445300585
0.15060584595024912
0.11030447829151926
0.05853743759320812
0.4717833234002836
0.15198280059802544
0.850715536600054
0.14786105552339604
0.9701137521988286
0.7346678806922964
0.20147856919200166
0.006275270403913291
0.7327212237047491
0.06161846595986785
0.7744675153350057
0.4047935602145128
0.007180913751086648
0.6437340358576801
0.3843639993859458
0.7188312444459862
0.18041834107327243
0.42023737321296156
0.15198280059802544
0.3879756720199718
0.15999728223358523
0.3672839074267955
0.7655688778338153
0.7580648282721275
0.15060584595024912
0.7513700256914527
0.13495534271966297
0.14816631815334613
0.22927670823523283
0.07323607026881851
0.8041024576369238
0.32481379244062125
0.38354993076695626
0.5284821423508403
0.41418227772570476
0.47366995667464457
0.7290171524954614
0.5011875290759755
0.23005166150280965
0.1375887143833732
