0.31013653232794297
0.34733396759586244
0.326420236062388
0.21570300065878034
0.5339281648878316
0.834746749026871
0.2037804780175466
0.326420236062388
0.5100649430593498
0.10968688179753937
0.10520760626626197
0.7048468796761511
0.5907462021664481
0.7048468796761511
0.1070792462244671
0.667410706372614
0.4393822064111347
0.7124143167875304
0.7833394214509233
0.12388141290660531
0.2571179465137837
0.7111881880995292
0.13591457070869853
0.6377913918365267
0.6377913918365267
0.7194298205815102
0.08734054315040987
0.18395029490087844
0.9791341721401868
0.6708079548842183
0.8129598519262258
0.6954763344411115
0.8753139560961718
0.7365250052880692
0.14786105552339604
0.25008991312059536
0.5791188503426492
0.4972492322790848
0.4862220709008921
0.3094139832035412
0.7041565078010127
0.23229739263591412
0.5907462021664481
0.7802614975773736
0.2793658548181119
0.8753139560961718
0.7846692316315614
0.6276394657530894
0.9151705887704835
0.6102101020580533
0.1588332850847693
0.6722854554757299
0.6102101020580533
0.7077802269172893
0.6680140987118316
0.23249169941865822
0.9573648847435257
0.5791188503426492
0.6453606182984388
0.5100649430593498
0.14250959126716692
0.13280288088119874
0.07641725809280726
0.5024128453955993
0.25930152598321005
0.19442907231693882
0.40398521563942924
0.6437340358576801
0.11030447829151926
0.5701376110078573
0.8740347621390523
0.8979414078539183
0.9367138737781819
0.6401130200952805
0.7077802269172893
0.6875566442614933
0.5417233828136462
0.3094139832035412
0.64085547317034
0.6253379561437276
0.10699113737893375
0.14294611109361283
0.5570472349078681
0.4798636056574608
0.6605968658726193
0.23437234424167494
0.4389622112966065
0.7313901434344856
0.2139736494488475
0.15999728223358523
0.4389622112966065
0.14250959126716692
0.667410706372614
0.744321223002603
0.23249169941865822
0.1517220643121777
0.7782486493735628
0.3176145403572106
0.793001149326147
0.2886813482150529
0.1636180106365135
0.5559310232621683
0.5252296944922001
0.26314618081631147
0.49030906166510196
0.744321223002603
0.2913612278304307
0.7495729019014321
0.7271960715745354
0.9028324065729573
0.3219442894887079
0.7643113348506833
0.7833100558086649
0.7650350774329546
0.4422557522232422
0.10968688179753937
0.39457877980022926
0.3318513525651837
0.2793658548181119
0.7462940530839827
0.42523884475448415
0.6907832555508518
0.16957323788459722
0.49030906166510196
0.7179448088572127
0.7308971130998936
0.4373578998038701
0.7124143167875304
0.12703916116431574
0.7334977932090734
0.7274836668718945
0.6643900535006357
0.4629761406350382
0.28942700830517065
0.8587892662941079
0.7857276478038577
0.12523255081566176
0.6401130200952805
0.21570300065878034
0.34560502844548924
0.44872759444752275
0.6680140987118316
0.44872759444752275
0.18451398075860476
0.8096955178054566
0.44445547086347237
0.28452784970012135
0.12973967945226764
0.824152741392485
0.6349178944951606
0.7533527825806859
0.6330080061930984
0.07641725809280726
0.7938156823331799
0.278645422399477
0.639512135631719
0.34120286424411284
0.41211129442619543
0.12082132998827166
0.9492657733204348
0.10699113737893375
0.42192307604464147
0.850715536600054
0.834746749026871
0.15423176425943932
0.4724304546269903
0.7308442927842462
0.8026449210191946
0.5171812909084144
0.7650350774329546
0.8587892662941079
0.1517220643121777
0.9545117426739218
0.25930152598321005
0.7403287868713893
0.10140120377866979
0.7495729019014321
0.6954763344411115
0.47347682029947796
0.22342097450549958
0.4377290106108672
0.34120286424411284
0.64085547317034
0.8710198502616564
0.7938156823331799
0.7744675153350057
0.9367138737781819
0.05749000456558201
0.6423111464154525
0.9990329716356073
0.7040074151032678
0.8026449210191946
0.6605968658726193
0.6301990244636433
0.2187966632292584
0.19442907231693882
0.6708079548842183
0.7885065244842742
0.12267172875761051
0.12973967945226764
0.13591457070869853
0.7880688766524026
0.6575980550072913
0.02730918581528119
0.44664282614864026
0.7111314809783763
0.2121850445300585
0.15060584595024912
0.11030447829151926
0.05853743759320812
0.4717833234002836
0.15198280059802544
0.850715536600054
0.14786105552339604
0.9701137521988286
0.7346678806922964
0.26314618081631147
0.006275270403913291
0.7365250052880692
0.10520760626626197
0.7700181965844105
0.39457877980022926
0.007180913751086648
0.6437340358576801
0.3843639993859458
0.7296349459451563
0.18041834107327243
0.41211129442619543
0.15198280059802544
0.31013653232794297
0.25008991312059536
0.3672839074267955
0.7041565078010127
0.7194298205815102
0.1891037366602705
0.7513700256914527
0.12388141290660531
0.14816631815334613
0.22927670823523283
0.07323607026881851
0.8041024576369238
0.32481379244062125
0.38354993076695626
0.5284821423508403
0.42192307604464147
0.47366995667464457
0.7404386474443263
0.5339281648878316
0.23798771815049596
0.1891037366602705
