0.19654459991367557
0.34733396759586244
0.4951684541926897
0.06260713906061843
0.4590520706383468
0.8377116335986504
0.2139736494488475
0.7197199094480269
0.3764364915773535
0.19638436839253523
0.06365206129890147
0.48587353351445683
0.713462981906767
0.7807999658112563
0.05354561481331915
0.4591650574505344
0.5365473560526024
0.7162962058846603
0.7689220686028606
0.1217722201220172
0.29333929778372064
0.7275266603983734
0.09153099041978228
0.4591650574505344
0.6406648891778928
0.699409036413083
0.08734054315040987
0.195309066917003
0.9791341721401868
0.7237204624820504
0.8129598519262258
0.6801976044827129
0.8526865043384253
0.7721574413408934
0.16433533816139606
0.29006181435921546
0.5449598987796723
0.5210216442586916
0.44505929001967415
0.3102315451851506
0.7392030605449365
0.324299176777499
0.6406648891778928
0.7797230293434909
0.2793658548181119
0.8526865043384253
0.8121741983649002
0.6346322066754086
0.9151705887704835
0.6206712891399631
0.1588332850847693
0.6206712891399631
0.6158746370647179
0.699409036413083
0.6741007801051435
0.09723787158694563
0.9573648847435257
0.4881192949032658
0.579099730923459
0.574392530707214
0.08734054315040987
0.13280288088119874
0.08222662021638008
0.36385534619438675
0.28796441841989284
0.23005166150280965
0.32405680285992766
0.6459773056885678
0.14688451518895518
0.49166919809789555
0.8953830199396792
0.9218480535687844
0.9367138737781819
0.7169694253070806
0.8113565897954185
0.7772470344415593
0.7217500474519579
0.40298601499329256
0.5081249213678182
0.6984466736136252
0.05116163874477565
0.15753281339736672
0.5054959324647808
0.5003836150137821
0.6644763715190796
0.195309066917003
0.3805337268973101
0.4738128514772372
0.2139736494488475
0.05927250311724552
0.46875169524273075
0.09636522793234126
0.8414018349091448
0.8119873255579781
0.29333929778372064
0.24564270280449713
0.7782486493735628
0.3102315451851506
0.793001149326147
0.34103589276294416
0.2400100851078937
0.44505929001967415
0.5522182653406067
0.6028454687579179
0.4885038690144379
0.7107550643995099
0.2724909104757108
0.7175188296614117
0.6211775281184169
0.9028324065729573
0.32405680285992766
0.7726807596192655
0.7717714354836755
0.7241602616952715
0.43068701151314626
0.032459672623054825
0.4738128514772372
0.32631276090556355
0.2793658548181119
0.7582245855091696
0.4210517576925025
0.7084835247380004
0.09268491465473305
0.48587353351445683
0.7726807596192655
0.7175188296614117
0.4210517576925025
0.7162962058846603
0.14688451518895518
0.7601163687627058
0.7274836668718945
0.7556963862986272
0.3764364915773535
0.28942700830517065
0.9111178746782369
0.7857276478038577
0.12523255081566176
0.6256399756234444
0.1943223509550334
0.2709690847594014
0.5068163789723152
0.7410683322691736
0.46875169524273075
0.17797573758299223
0.8391295380335394
0.44445547086347237
0.1217722201220172
0.13034201255771496
0.824152741392485
0.8041024576369238
0.8287399330519369
0.5449598987796723
0.07060789596923445
0.7868930905687526
0.3141960905646719
0.49529814257191496
0.343046067146359
0.35805179136063986
0.14527743204420207
0.9492657733204348
0.05116163874477565
0.4697865095835609
0.918121017391443
0.9573648847435257
0.11089971817097044
0.47160785881152534
0.8113565897954185
0.899841090622526
0.579099730923459
0.7197199094480269
0.9111178746782369
0.06365206129890147
0.9545117426739218
0.16433533816139606
0.7407020644067424
0.11483568272689426
0.7795822577931834
0.7107550643995099
0.451453724263856
0.40298601499329256
0.3623026308170963
0.44445547086347237
0.6299803884067907
0.8377116335986504
0.7868930905687526
0.6535283087373225
0.9367138737781819
0.05749000456558201
0.5003836150137821
0.9990329716356073
0.5656096319133613
0.758602703141618
0.5656096319133613
0.6267735369555827
0.28942700830517065
0.17797573758299223
0.6678820680774812
0.7102183881321108
0.19638436839253523
0.1360720466492834
0.1590216583238494
0.8121741983649002
0.680635519758192
0.02730918581528119
0.44664282614864026
0.7601163687627058
0.38068540002887996
0.13491568247505564
0.09153099041978228
0.05853743759320812
0.46079855576166134
0.13906723135643467
0.918121017391443
0.13379696943295727
0.9701137521988286
0.9280868087870068
0.27512870262911293
0.006275270403913291
0.7169117812191732
0.05958487062083423
0.8734619063038194
0.3305126451406326
0.007180913751086648
0.6459773056885678
0.3873053229843153
0.7004370238291586
0.1433420735533567
0.4590520706383468
0.15621314592936497
0.47898496824279835
0.1270470711289427
0.21749626001693706
0.8734619063038194
0.758602703141618
0.15621314592936497
0.7807999658112563
0.12624965508502173
0.03944738380654156
0.14832187128531504
0.07323607026881851
0.8041024576369238
0.23981926785451768
0.36411384654061996
0.4948293242829307
0.28308647357114614
0.47366995667464457
0.7392030605449365
0.5370450934270151
0.23005166150280965
0.19654459991367557
