0.46224056836192895
0.8021230338074224
0.21906562559596252
0.057776313393075984
0.847764338493421
0.5114450833031388
0.5698672342727267
0.8029849475161288
0.7775842538394375
0.7564025199638259
0.9158932753120874
0.5040361790537702
0.5463848385844686
0.5428628115191563
0.8744185724932986
0.5344262159550783
0.11063247231674428
0.45097661864452965
0.8360321514033751
0.8257649959558759
0.7850813499447382
0.2175409396653482
0.47501983952226357
0.25819041802848147
0.592101365030214
0.3244249217206149
0.10628908642325836
0.4836775856829505
0.5442030524718391
0.7679028161116044
0.5449679493831306
0.06181885334948356
0.21831865383953228
0.5643772027573262
0.4970424581324537
0.5882411516883264
0.5732638729676948
0.5102179019310182
0.8601728496381038
0.8729667413954705
0.2155148677028918
0.3148733968607208
0.5585499091413406
0.8903545786355446
0.8404866202697121
0.8218866098513655
0.19562077710585712
0.5634973014149606
0.1343906535912422
0.4709262049316226
0.22002946105554166
0.480845411106006
0.8762022033686055
0.8812196760988795
0.5227859794243896
0.8792600680711216
0.6047513398017503
0.8935006877648649
0.8458391512370095
0.1231305946419119
0.5882411516883264
0.7855685458486765
0.21373596895219263
0.3658811019087991
0.09138830323427036
0.5046699279682711
0.508191780108332
0.2160141530677681
0.4678576893167934
0.19945746701683728
0.845628875521225
0.21831865383953228
0.827667232600116
0.10763468358348682
0.48285404406497295
0.8173699045550065
0.36383935081120106
0.6638218933114247
0.18886600383396768
0.1704465657360035
0.77919753110849
0.3244249217206149
0.8156675050916223
0.8601728496381038
0.5585499091413406
0.3392773966362017
0.09138830323427036
0.17462036571244527
0.7775842538394375
0.826581480168699
0.17654216032538478
0.8930743039655412
0.7852205605690799
0.15730591522819604
0.22442605476191646
0.8744185724932986
0.3703497943849838
0.5222352176538552
0.12022648912481662
0.14855481805766774
0.5757572951995441
0.08747768450739794
0.22002946105554166
0.06922829458906449
0.5991438502429565
0.4617225640893417
0.3658811019087991
0.17662207974203223
0.17646224090873736
0.1831461186060815
0.06060751744146771
0.24215272684723066
0.21128558306898995
0.118129269562085
0.14532278367163387
0.6130212993470148
0.5159499037906013
0.6819011342058123
0.14063649301614722
0.5463848385844686
0.5362786551993782
0.5170123819693931
0.2411009394523842
0.40301687132788155
0.8191647176701067
0.45097661864452965
0.19562077710585712
0.7564025199638259
0.513528548268406
0.6032184304089578
0.3888753875665746
0.2929414913397441
0.19415912545477046
0.8071537501942644
0.5340897806551368
0.8935006877648649
0.8205256395135687
0.06974494755714669
0.08871538469180763
0.8077105347660836
0.29897772531476624
0.5296105552716959
0.847764338493421
0.8021230338074224
0.4970424581324537
0.3788936167808611
0.5379577717447537
0.4758522143783843
0.43876696458736053
0.14857455968330993
0.11165810728912401
0.007121491484809006
0.2155148677028918
0.042691738731751694
0.5006045029945482
0.39785155504918523
0.49907387291475636
0.23549075924970037
0.6793300636005403
0.8218866098513655
0.16859299203341804
0.7855685458486765
0.151062978175866
0.85504205671713
0.18452128355972358
0.5125268000041878
0.5428628115191563
0.2411009394523842
0.10628908642325836
0.1726985710995058
0.6127467991482275
0.48395568450940235
0.5042052677210431
0.5643772027573262
0.5591354448935142
0.11063247231674428
0.86445085636775
0.47628404503531374
0.3821119776656937
0.21128558306898995
0.3392773966362017
0.5848611522896252
0.6468442857481688
0.6793300636005403
0.7993030190181465
0.827667232600116
0.9661518873578793
0.6018010927001907
0.24161768924081695
0.47501983952226357
0.23213852387463801
0.21088644577294308
0.8424490901205872
0.25448723200225004
0.9135148590566762
0.1831461186060815
0.5296233837947674
0.1343906535912422
0.06060751744146771
0.11524625869378646
0.0348642696363938
0.5634973014149606
0.5451103267122859
0.1738018817145902
0.6819011342058123
0.8663696965224617
0.04272331757183523
0.33594013124374256
0.17844688965058308
0.8903545786355446
0.17462036571244527
0.8326222011439026
0.44503328887965754
0.25448723200225004
0.7610607383370084
0.06922829458906449
0.8737828869381462
0.18886600383396768
0.07309959000775712
0.1770278614925686
0.24215272684723066
0.5264805399773624
0.22815682233917783
0.49907387291475636
0.5222352176538552
0.6352911410051088
0.23549075924970037
0.8029849475161288
0.2557279330229516
0.24584464725700086
0.25966602272268663
0.4960009449576217
0.988146303124148
0.33633117232636184
0.8071537501942644
0.5340897806551368
0.0635146088994113
0.46224056836192895
0.5040361790537702
0.14857455968330993
0.4583596421102569
0.9158932753120874
0.15730591522819604
0.8792600680711216
0.764192470693934
0.5272215408978901
0.16438722696305053
0.5102179019310182
0.476203121821264
0.8060666415017503
