0.5002378245911703
0.8072695635722682
0.23803250796367414
0.24844757226751746
0.8259698926362324
0.4812108509738342
0.5478743346381207
0.8231543796343276
0.7727073934290181
0.8131057178343402
0.8682094574128281
0.5240310169174823
0.52379987314498
0.545565641017631
0.8744185724932986
0.6480519844274815
0.28224928014247463
0.4832692089656463
0.8699836684234811
0.7995542781383402
0.7850813499447382
0.18143186166849104
0.4591235296950629
0.16189385622925467
0.592101365030214
0.2922973093937959
0.11487593807148058
0.5700361203630565
0.5676891280611377
0.67136086649992
0.5449679493831306
0.09807511646624655
0.21360335713385853
0.67136086649992
0.48306930646192586
0.5508642626929023
0.5358994101109913
0.5136151419502057
0.8498857546249784
0.8729667413954705
0.23939969764192198
0.23676232730273125
0.5459603768830885
0.8767739718275023
0.8446702217001966
0.8131057178343402
0.200149575067441
0.4646892016618798
0.1343906535912422
0.49309228222359447
0.24354517983049156
0.4591235296950629
0.8517348837116974
0.8812196760988795
0.5227859794243896
0.8792600680711216
0.6119365791826734
0.8395346168067708
0.8610206773028075
0.1231305946419119
0.5577313462931082
0.8149322396455649
0.20625174605486213
0.47599896012939424
0.14702040964377325
0.5046699279682711
0.5333708446248363
0.1918308729928996
0.48306930646192586
0.20888806042818478
0.8014208745846693
0.19773399095564537
0.827667232600116
0.10763468358348682
0.4958602156550306
0.8554352961599356
0.37635736918888785
0.6114786691024694
0.16187380078046387
0.1704465657360035
0.7931756406513772
0.2875756566636033
0.8156675050916223
0.8498857546249784
0.5459603768830885
0.28224928014247463
0.08043746215368797
0.13488159772696007
0.8014208745846693
0.826581480168699
0.17650220061706107
0.8930743039655412
0.7852205605690799
0.15730591522819604
0.22442605476191646
0.8744185724932986
0.3703497943849838
0.5021796439422022
0.12022648912481662
0.16187380078046387
0.5655691579352207
0.08747768450739794
0.21235391704228326
0.08030829891166742
0.5615667882268666
0.4617225640893417
0.2970189621239885
0.16056397220867308
0.23676232730273125
0.1831461186060815
0.0655972944300279
0.23580792250980948
0.15468034976761824
0.118129269562085
0.18143186166849104
0.5501650089719617
0.4766757760373606
0.5829706500125336
0.12346278971970279
0.5553810206708973
0.5362786551993782
0.5153956586304741
0.2411009394523842
0.3225847990875561
0.8191647176701067
0.4812108509738342
0.20625174605486213
0.6480519844274815
0.5322040876594858
0.6272481807450292
0.37635736918888785
0.2929414913397441
0.23803250796367414
0.7931756406513772
0.5002378245911703
0.8554352961599356
0.848853823130681
0.11624046382392139
0.08871538469180763
0.7887799864348884
0.24354517983049156
0.5296105552716959
0.8259698926362324
0.8347952645182589
0.5829706500125336
0.26747610629654783
0.5341219823545751
0.4758522143783843
0.43876696458736053
0.14857455968330993
0.13011633348621698
0.007121491484809006
0.2155148677028918
0.09562327839470972
0.5006045029945482
0.39785155504918523
0.5174866415128738
0.19327686871278318
0.7560756699798417
0.8384643332842477
0.16859299203341804
0.8395346168067708
0.19327686871278318
0.8431143358888344
0.17445425526138705
0.49769042203458036
0.545565641017631
0.17586670588456424
0.11487593807148058
0.17365946840597551
0.6127467991482275
0.5001704695721102
0.5223971201248245
0.5655691579352207
0.6114786691024694
0.11063247231674428
0.86445085636775
0.47599896012939424
0.3821119776656937
0.21128558306898995
0.3590855067085314
0.5676891280611377
0.6468442857481688
0.5700361203630565
0.7993030190181465
0.827667232600116
0.9661518873578793
0.6018010927001907
0.1994618022345065
0.47501983952226357
0.23213852387463801
0.1445058646753139
0.8517348837116974
0.25016593962962547
0.8347952645182589
0.1831461186060815
0.5296233837947674
0.1343906535912422
0.11624046382392139
0.11524625869378646
0.0348642696363938
0.5482684705161059
0.5451103267122859
0.1738018817145902
0.6272481807450292
0.8663696965224617
0.04272331757183523
0.40547998538300306
0.17844688965058308
0.8699836684234811
0.1741399170592104
0.8149322396455649
0.48248392553140124
0.25448723200225004
0.7610607383370084
0.1918308729928996
0.8737828869381462
0.18886600383396768
0.07309959000775712
0.2507263916065917
0.23580792250980948
0.5152583595155663
0.2922973093937959
0.522944625558403
0.5222352176538552
0.6352911410051088
0.23549075924970037
0.7727073934290181
0.2557279330229516
0.25016593962962547
0.25966602272268663
0.5240310169174823
0.988146303124148
0.19773399095564537
0.8071537501942644
0.5478743346381207
0.0635146088994113
0.5021796439422022
0.5404808653096512
0.13011633348621698
0.4958602156550306
0.9158932753120874
0.1994618022345065
0.8792600680711216
0.7887799864348884
0.522944625558403
0.17445425526138705
0.5102179019310182
0.476203121821264
0.8060666415017503
