0.19158058485953186
0.16430774808237184
0.36141522208892796
0.8243409935465797
0.629999551130411
0.8905932990801342
0.32971313525041335
0.5175627473817899
0.7763819778747556
0.5904773930008174
0.5944310511167139
0.6372830919807935
0.08402823414950053
0.362146968875505
0.37543957895883523
0.5203559199786248
0.7577321614630499
0.40449866013709124
0.12855853017503172
0.16430774808237184
0.40449866013709124
0.47831984772744085
0.12778386149079252
0.8278742574232353
0.8243409935465797
0.37543957895883523
0.15931396146781063
0.6882838147787187
0.03733109161841075
0.08970971282156087
0.8260443240776594
0.0198316359881732
0.8548043221371641
0.7577321614630499
0.04569722605366672
0.13869505701312454
0.7771865474760142
0.7772643888506593
0.06683161027530587
0.9740463882932568
0.48480107870470807
0.79066361352598
0.08970971282156087
0.8406778241230048
0.323773003898291
0.47831984772744085
0.2391135349543541
0.48770347664414415
0.18770462010299838
0.8406778241230048
0.22808791185103458
0.8818495125060826
0.7679706833927282
0.6882838147787187
0.03263565165082913
0.10514717529021385
0.4903795203623139
0.6949575229873455
0.362169858017541
0.362169858017541
0.558823224356359
0.8548043221371641
0.5307797174555646
0.5307797174555646
0.6715197211094297
0.3275813915360813
0.3612811304273144
0.79066361352598
0.6954702436377616
0.558823224356359
0.8905932990801342
0.630898556945884
0.5145324012588082
0.47200479159368725
0.8448733503582975
0.4314222712881711
0.19158058485953186
0.43684432446309185
0.5955643812676908
0.6715197211094297
0.6068705378777216
0.14139949567030724
0.2093997995452231
0.824098472276533
0.14903925945320867
0.8452998524988568
0.7077784499221889
0.09822574160108223
0.3749544477777425
0.7077784499221889
0.31015211367566986
0.8280339851758731
0.5175627473817899
0.7771865474760142
0.6372830919807935
0.5348528166858162
0.5287871000599551
0.7735718409632899
0.43185660681183785
0.6765813982275662
0.5944387622882671
0.7037402158473662
0.6765813982275662
0.019183270996058148
0.7735718409632899
0.10743667865149724
0.9007233563201982
0.3491108000126795
0.9255695626535263
0.6698572574765596
0.824098472276533
0.9450845825823655
0.17068300186859148
0.10743667865149724
0.6068705378777216
0.5287871000599551
0.8984525287400944
0.16824450870197227
0.4314222712881711
0.06683161027530587
0.31015211367566986
0.2401267079031007
0.5944310511167139
0.5980254789317943
0.9279914994041263
0.10160955899951465
0.5920727460214443
0.22808791185103458
0.7037402158473662
0.4100621232155489
0.6885400194534118
0.5904773930008174
0.7679706833927282
0.9355002098596841
0.3714062330985741
0.04460268368413768
0.9007233563201982
0.30876385969974585
0.5563587803431447
0.6346930999524364
0.14903925945320867
0.47200479159368725
0.6458992814157769
0.48770347664414415
0.6151910880924456
0.47694567250415487
0.3050791959781408
0.5944387622882671
0.3749544477777425
0.8278742574232353
0.3714062330985741
0.323773003898291
0.9355002098596841
0.037157018077924625
0.47694567250415487
0.10514717529021385
0.39965703011546894
0.4100621232155489
0.8452998524988568
0.06165772104352342
0.629999551130411
0.45294105199659795
0.7772643888506593
0.16824450870197227
0.053759881598491176
0.43185660681183785
0.5563587803431447
0.9280266467880455
0.7032381568973725
0.14139949567030724
0.15931396146781063
0.9438135801745352
0.2391135349543541
0.8307274324676447
0.2464588686807671
0.45294105199659795
0.35209956097973527
0.8280339851758731
0.03263565165082913
0.13869505701312454
0.8469165711716291
0.04460268368413768
0.3272147854893656
0.6074774276503571
0.6458992814157769
0.3762576817561162
0.35209956097973527
0.29975362670312744
0.9450845825823655
0.48480107870470807
0.6698572574765596
0.05335609940255284
0.2093997995452231
0.5920281321717475
0.6074774276503571
0.3275813915360813
0.29975362670312744
0.7570055418421997
0.2401267079031007
0.5517965599700094
0.6148891819709352
0.053759881598491176
0.5920727460214443
0.8307274324676447
0.8025732173116416
0.5517965599700094
0.6631033778969556
0.04569722605366672
0.9740463882932568
0.35975044590650823
0.5348528166858162
0.5532952827409399
0.362146968875505
0.8984525287400944
0.26295094716045075
0.05335609940255284
0.9995233484240581
0.10727026030245093
0.39965703011546894
0.9225472616137765
0.43684432446309185
0.18770462010299838
0.2464588686807671
0.3050791959781408
0.0198316359881732
0.5532952827409399
0.8818495125060826
0.6954702436377616
0.6148891819709352
0.08402823414950053
0.6631033778969556
0.049643398437688335
0.8240810795841991
0.9279914994041263
0.039111803597333315
0.8025732173116416
0.32971313525041335
0.26295094716045075
0.630898556945884
0.2351507622407145
0.5955643812676908
0.7640437827507864
0.35975044590650823
0.5920281321717475
0.3491108000126795
0.17068300186859148
0.6346930999524364
0.3612811304273144
0.14108132577093868
0.039111803597333315
