0.4734339662891143
0.4735096858204348
0.4735860593419229
0.47359428724729047
0.47360441261783676
0.47355764750096463
0.47359125252685236
0.473526720591495
0.47357362024234484
0.4736043324142771
0.4735096858204348
0.4735862532944773
0.47356116472893306
0.4735907169394905
0.473556586745385
0.47356672663405236
0.4735848992876617
0.4735862532944773
0.47359183126005316
0.4736161662481553
0.47340061621527335
0.4735712369488611
0.47357778162306324
0.47360318340943053
0.47357491003571406
0.47355764750096463
0.4735959726596129
0.4735915689370165
0.47361345241184793
0.4736120674827152
0.4729096126150502
0.47356785862019635
0.47359183126005316
0.4736070744227745
0.4735941526063363
0.47359113413804604
0.4735895775471246
0.4735765165163189
0.4736056152689551
0.4736103460060206
0.4735712369488611
0.4736022754120084
0.47362124902951236
0.4736042742581329
0.4735323421094409
0.4735996732538366
0.4735335504436653
0.4736043324142771
0.47360441261783676
0.473526720591495
0.47360354685894124
0.4736229551127531
0.4735455569230514
0.4736043324142771
0.4736056152689551
0.4736056152689551
0.47359113413804604
0.4735728343813864
0.47362124902951236
0.4736077172429097
0.47355489836979725
0.473570160975983
0.4736001837186487
0.47355865499542826
0.4736461789605535
0.473588484780677
0.47356785862019635
0.47355489836979725
0.4736992519528575
0.4735895775471246
0.4735857855992125
0.47360592975725657
0.4735971325174913
0.4736111919760731
0.47360111989861087
0.47360814715502153
0.47356116472893306
0.4736149236902934
0.47353240862972734
0.4735995670206435
0.473544308068181
0.47357005845544303
0.47364435819028144
0.4736168602324476
0.4736000385255138
0.4736028146952233
0.47364435819028144
0.4735504478594349
0.4736205142556224
0.4735420861553433
0.4735323421094409
0.4736172399219652
0.4734904626567001
0.47361095343201143
0.47356785862019635
0.4736335071742499
0.4736043671053681
0.4736461789605535
0.47359688699252295
0.47359598174800677
0.47361442524856273
0.5432425271584601
0.47360318340943053
0.47257938969485375
0.4735692410846582
0.47362124902951236
0.47354827256954535
0.4733818347905316
0.5805863145263819
0.473515509467584
0.47357362024234484
0.47361637214855135
0.47172943501270587
0.4733410412434024
0.47362258981468663
0.41402244355560563
0.4744008056107386
0.47172943501270587
0.47357483444056453
0.4736028146952233
0.4736070744227745
0.47362199427922375
0.4735905349613713
0.4736206277285384
0.47349961015408515
0.47361108524431456
0.4736097817401809
0.4736202164267101
0.47344034575866967
0.20774978190580973
0.47360354685894124
0.47358913962280447
0.4733275207548904
0.4735959726596129
0.47360361836467835
0.4735758098211882
0.47359598174800677
0.47352248221065907
0.47350832308173363
0.47352460970458327
0.4729096126150502
0.4531309386675346
0.4736475875853537
0.4736244106475692
0.4735873637276787
0.4735494168812835
0.47356554438525333
0.47361301216407276
0.5432425271584601
0.4736086907031478
0.4736230400338979
0.47361637214855135
0.4735494168812835
0.4736205142556224
0.4735959726596129
0.4735703039538925
0.47349961015408515
0.4736086907031478
0.47359125252685236
0.47359535921271356
0.473544308068181
0.4736182018641979
0.4735940499887224
0.4735775757611941
0.47357460054119427
0.47359153082262245
0.47359363740882215
0.4735845468864581
0.4736077172429097
0.4735751031260575
0.47361753090148834
0.4735712369488611
0.4735935848343644
0.47361493316790887
0.4736126244538908
0.4737807574122479
0.47359535921271356
0.4735935848343644
0.4735929044963442
0.47360060106990565
0.4735907169394905
0.4736108198516571
0.473515509467584
0.4736054849399968
0.47360365842553925
0.46891852275798007
0.4735857855992125
0.473559670176497
0.4735695176918311
0.4736097193221465
0.4736076093754469
0.47352248221065907
0.47359428724729047
0.47365224090381175
0.46891852275798007
0.47356672663405236
0.47396817872255603
0.47358065778464453
0.4736111919760731
0.47359363740882215
0.47356672663405236
0.47357460054119427
0.41402244355560563
0.4735969046291554
0.4735775757611941
0.4736110715574979
0.47366644158577187
0.20774978190580973
0.47362258981468663
0.2930218071208432
0.4736161662481553
0.47396817872255603
0.47361816540008334
0.47360829329123943
0.5805863145263819
0.4736042742581329
0.47370950968961345
0.4735970979524293
0.47362351198983815
0.4736000385255138
0.47363384178970824
0.4531309386675346
0.47370950968961345
0.47353390278842594
0.4736018061315987
0.4735766224519766
0.4736022754120084
0.47358913962280447
0.4736226616301895
0.47359183126005316
0.4744008056107386
0.47359962559182683
0.4733818347905316
0.47370481805885234
0.47358877457557697
0.47359292057771646
0.4735895775471246
0.4735326553352921
0.47365224090381175
0.47360361836467835
0.2930218071208432
0.4735819676752819
0.47364672638377453
0.4735096858204348
0.4737197674263694
0.473556586745385
0.47368643935263655
0.47359583335913186
0.47356116472893306
0.47364672638377453
