0.14252584104364896
0.6874769009814468
0.2285430702425641
0.6688213787563708
0.35865116430226024
0.88340258238593
0.8523663535604904
0.13412211826524262
0.768080802636508
0.5863444931661737
0.5953369730072073
0.3749569287239257
0.41895538043945324
0.14684873823348166
0.3967349531176367
0.8778028900210277
0.768080802636508
0.8611446459468759
0.6274685476845865
0.7203799644712183
0.13412211826524262
0.05861985949886342
0.10428904403514946
0.10428904403514946
0.8523663535604904
0.5863444931661737
0.19373823095319936
0.055418579485251196
0.23669328248979427
0.9625259593617428
0.13412211826524262
0.8665611746391371
0.22478489724974232
0.630458113347157
0.19646713718564504
0.7420473814852773
0.6465977187075898
0.05861985949886342
0.38977893537597563
0.6568156933470721
0.5821023476691457
0.6578111754881644
0.43982130566569555
0.14052978247999917
0.88340258238593
0.7334214739328819
0.6502993562983946
0.5150990820575863
0.05861985949886342
0.830024541987245
0.6324561170099494
0.6568156933470721
0.8330445599411325
0.5224272507170584
0.6324561170099494
0.19612066122801325
0.055418579485251196
0.26526586103416394
0.8808786754137208
0.8523663535604904
0.3451849439911987
0.8392401417987703
0.2932350098938448
0.6274685476845865
0.23434035718153967
0.9800943888780513
0.8523663535604904
0.8395912098127926
0.19646713718564504
0.35865116430226024
0.2235295409626129
0.5471648616147478
0.6578111754881644
0.5224272507170584
0.3387511261062758
0.1840829139031705
0.057631531410514025
0.8241689351126843
0.19569619098913046
0.3967349531176367
0.14684873823348166
0.5863444931661737
0.8172296472875293
0.7906822384823058
0.23434035718153967
0.3867147198702385
0.830024541987245
0.13412211826524262
0.830024541987245
0.20758093564922853
0.8807224576797461
0.2932350098938448
0.8798125956483893
0.630458113347157
0.2122408224161641
0.6568156933470721
0.5159891175066931
0.5984410048617931
0.23002752690584277
0.8829596547295915
0.14684873823348166
0.3749569287239257
0.5558888619036799
0.9625259593617428
0.8523663535604904
0.3913711197404486
0.8808786754137208
0.09354083267749885
0.04018766657197431
0.4448330453963606
0.04018766657197431
0.6390808171843423
0.7906822384823058
0.6274685476845865
0.3913711197404486
0.8778028900210277
0.45626782223572726
0.3749569287239257
0.19373823095319936
0.6688213787563708
0.29240676955721534
0.41895538043945324
0.7420473814852773
0.6390808171843423
0.6874769009814468
0.493979502123728
0.34582523352864714
0.8611446459468759
0.8370313430135343
0.3451849439911987
0.3749569287239257
0.9075795650688849
0.14490713024727675
0.708594685314398
0.8370313430135343
0.48921314107955893
0.8665611746391371
0.9800943888780513
0.6934224403658739
0.2285430702425641
0.6324561170099494
0.3749569287239257
0.38977893537597563
0.9306891929027299
0.5150990820575863
0.694756310862988
0.26526586103416394
0.34767463067019194
0.6502993562983946
0.10428904403514946
0.055418579485251196
0.14490713024727675
0.20758093564922853
0.3018387841521131
0.48921314107955893
0.2235295409626129
0.9044481489218725
0.2795763231317924
0.9306891929027299
0.7334214739328819
0.14252584104364896
0.8392401417987703
0.637519985287353
0.38977893537597563
0.34582523352864714
0.8395912098127926
0.6874769009814468
0.36878747311494126
0.7203799644712183
0.9044481489218725
0.23434035718153967
0.708594685314398
0.7334214739328819
0.630458113347157
0.3780731431712277
0.5558888619036799
0.6934224403658739
0.8778028900210277
0.8241689351126843
0.14252584104364896
0.3867147198702385
0.23669328248979427
0.4448330453963606
0.3018387841521131
0.8682747192897511
0.6013078343988674
0.5159891175066931
0.024828302532637347
0.7527260007291705
0.8798125956483893
0.2122408224161641
0.6064885650069305
0.8330445599411325
0.08009714764618764
0.5821023476691457
0.4448330453963606
0.8682747192897511
0.23002752690584277
0.7507359230194012
0.6390808171843423
0.43982130566569555
0.8778028900210277
0.057631531410514025
0.630458113347157
0.8892479830744148
0.5984410048617931
0.6013078343988674
0.3913711197404486
0.3749569287239257
0.14052978247999917
0.8807224576797461
0.7005605108058908
0.3387511261062758
0.08009714764618764
0.36878747311494126
0.9625259593617428
0.3780731431712277
0.19569619098913046
0.19612066122801325
0.34582523352864714
0.45626782223572726
0.1840829139031705
0.8808786754137208
0.6465977187075898
0.29240676955721534
0.8665611746391371
0.2795763231317924
0.7005605108058908
0.22478489724974232
0.6899193685420203
0.7420473814852773
0.637519985287353
0.6064885650069305
0.5471648616147478
0.6432193256297418
0.9044481489218725
0.8476214824446214
0.694756310862988
0.05861985949886342
0.44456004701712803
0.5953369730072073
0.5953369730072073
0.7527260007291705
0.14490713024727675
0.34767463067019194
0.3451849439911987
0.2285430702425641
0.09354083267749885
0.8172296472875293
0.6432193256297418
