0.33503740600790205
0.7321928360904852
0.2547690192422821
0.7321928360904852
0.2547690260943774
0.7321928360904852
0.7321928360904852
0.25476902301603715
0.7321928360904852
0.7321928360904852
0.7321928360904852
0.33503740600790205
0.25476902727806916
0.2547690306004741
0.12574750417291397
0.7321928360904852
0.7321928360904852
0.7321928360904852
0.7321928360904852
0.7321928360904852
0.2547690272420482
0.2547690204937223
0.2547690245678906
0.2541109747729433
0.7321928360904852
0.7321928360904852
0.25476901269859253
0.12574750417291397
0.2547690323398245
0.7321928360904852
0.2547690323398245
0.7321928360904852
0.2541109747729433
0.7321928360904852
0.254769021760918
0.7321928360904852
0.7321928360904852
0.254769027898874
0.2547690211339644
0.7321928360904852
0.7836890696969945
0.7321928360904852
0.25246277871150924
0.25476903106548665
0.7321928360904852
0.7321928360904852
0.7321928360904852
0.2547690199062601
0.25476902906312515
0.7321928360904852
0.6808412730671578
0.7321928360904852
0.7321928360904852
0.7083773982847699
0.7321928360904852
0.25476902023435566
0.21669596710303635
0.2547690290221202
0.7321928360904852
0.7321928360904852
0.25476901269859253
0.7321928360904852
0.25476903271616547
0.7321928360904852
0.33503740600790205
0.8690413166408826
0.7321928360904852
0.7321928360904852
0.2547690109217462
0.25246277871150924
0.2547690131296413
0.7321928360904852
0.7321928360904852
0.7321928360904852
0.25476901817586634
0.2547690166275396
0.25476901948943254
0.7321928360904852
0.2547690272420482
0.25476902769942045
0.25476903166541853
0.7321928360904852
0.6808412730671578
0.7321928360904852
0.25246277871150924
0.3797308878666018
0.7321928360904852
0.25476902178284216
0.7321928360904852
0.25476901795742857
0.7321928360904852
0.25476903271616547
0.7321928360904852
0.7321928360904852
0.2547690077104776
0.7321928360904852
0.7321928360904852
0.6808412730671578
0.25476903071113444
0.7836890696969945
0.2547690306004741
0.2547690192422821
0.6808412730671578
0.9308589834958529
0.7321928360904852
0.2547690228151963
0.7321928360904852
0.2547690271496267
0.04018766657197431
0.33503740600790205
0.04018766657197431
0.7321928360904852
0.7083773982847699
0.7321928360904852
0.2547690245089757
0.7321928360904852
0.254769030932455
0.25476902301603715
0.25476901809350294
0.7321928360904852
0.2547690257286463
0.254769027898874
0.7321928360904852
0.7321928360904852
0.7321928360904852
0.7321928360904852
0.254769021760918
0.7321928360904852
0.7321928360904852
0.21669596710303635
0.25476901948943254
0.7321928360904852
0.25476902062834095
0.7321928360904852
0.7321928360904852
0.6808412730671578
0.7321928360904852
0.8690413166408826
0.7321928360904852
0.25476898276707793
0.6808412730671578
0.2540536319876752
0.2547690252931341
0.703613345528634
0.2547690199062601
0.7321928360904852
0.2547690290221202
0.254768968845168
0.7321928360904852
0.25476904733646155
0.12574750417291397
0.25476901934779883
0.25476902023435566
0.25476902252876377
0.7321928360904852
0.2547690131296413
0.7321928360904852
0.25476903240394205
0.7321928360904852
0.7321928360904852
0.2540536319876752
0.7321928360904852
0.7321928360904852
0.2547690277994792
0.2547690198807311
0.7321928360904852
0.7321928360904852
0.25210388982645227
0.7321928360904852
0.7321928360904852
0.25476901761980975
0.7321928360904852
0.7321928360904852
0.7321928360904852
0.2547690211339644
0.7321928360904852
0.7321928360904852
0.7321928360904852
0.7321928360904852
0.2547690198199469
0.3797308878666018
0.2547690274824294
0.33503740600790205
0.25476902257538325
0.7321928360904852
0.7321928360904852
0.7321928360904852
0.24134516755556257
0.7321928360904852
0.7321928360904852
0.2547690077104776
0.7321928360904852
0.7321928360904852
0.25476902794711437
0.703613345528634
0.33503740600790205
0.7321928360904852
0.2547690273642963
0.8690413166408826
0.7321928360904852
0.25476903168993353
0.7321928360904852
0.2547690090929742
0.7321928360904852
0.7321928360904852
0.7321928360904852
0.7321928360904852
0.25476902407898305
0.24134516755556257
0.254769031372593
0.7321928360904852
0.7321928360904852
0.2547690186127419
0.25476902407898305
0.25210388982645227
0.9308589834958529
0.2547690198199469
0.25476902616012764
0.25476902727806916
0.25476902606961116
0.7321928360904852
0.2547690166275396
0.7321928360904852
0.7321928360904852
0.2547690306516771
0.7321928360904852
0.25476903240394205
0.7321928360904852
0.25412086146005847
0.6899193685420203
0.7321928360904852
0.7321928360904852
0.7321928360904852
0.7321928360904852
0.7321928360904852
0.7321928360904852
0.7321928360904852
0.7321928360904852
0.21669596710303635
0.25476904733646155
0.7321928360904852
0.7321928360904852
0.7321928360904852
0.25476902062834095
0.254768968845168
0.25476902914735106
0.2547690197649484
0.2547690271496267
0.7321928360904852
0.7321928360904852
