0.1420475001566448
0.6874769009814468
0.22354645190937505
0.6688213787563708
0.35865116430226024
0.88340258238593
0.8509432924450564
0.13412211826524262
0.7425931320024237
0.591183097844421
0.5953369730072073
0.3748486571812345
0.4006728437117517
0.14556840807965854
0.3967349531176367
0.8778028900210277
0.8278124604441668
0.8611446459468759
0.6274685476845865
0.7323051740125408
0.13412211826524262
0.05861985949886342
0.10428904403514946
0.10428904403514946
0.8509432924450564
0.591183097844421
0.19798136155695797
0.055418579485251196
0.23669328248979427
0.9625259593617428
0.13412211826524262
0.8665611746391371
0.22478489724974232
0.6326137893064527
0.2040364730990871
0.7425931320024237
0.6420588519974715
0.05861985949886342
0.37978610732418616
0.6572138862035086
0.5821023476691457
0.6572138862035086
0.43982130566569555
0.14556840807965854
0.88340258238593
0.7334214739328819
0.6502993562983946
0.5150990820575863
0.05861985949886342
0.834398179005791
0.6324561170099494
0.6572138862035086
0.8356241001023306
0.5224272507170584
0.6324561170099494
0.19892083113926912
0.055418579485251196
0.26526586103416394
0.8808786754137208
0.8509432924450564
0.3451849439911987
0.8387134151118065
0.2932350098938448
0.6274685476845865
0.23261522507126087
0.9800943888780513
0.8509432924450564
0.834398179005791
0.2040364730990871
0.35865116430226024
0.2235295409626129
0.5471648616147478
0.6572138862035086
0.5224272507170584
0.3387511261062758
0.1840829139031705
0.057631531410514025
0.8278124604441668
0.19569619098913046
0.3967349531176367
0.1431677890412401
0.591183097844421
0.8210401862615189
0.7906822384823058
0.23261522507126087
0.3867147198702385
0.834398179005791
0.13412211826524262
0.834398179005791
0.20257486111056766
0.8807224576797461
0.2932350098938448
0.8798125956483893
0.6326137893064527
0.21012918802615183
0.6572138862035086
0.5159891175066931
0.591183097844421
0.23261522507126087
0.8829596547295915
0.14556840807965854
0.3748486571812345
0.5558888619036799
0.9625259593617428
0.8509432924450564
0.3913711197404486
0.8808786754137208
0.09354083267749885
0.04018766657197431
0.4448330453963606
0.04018766657197431
0.6362065825719472
0.7906822384823058
0.6274685476845865
0.3913711197404486
0.8778028900210277
0.45626782223572726
0.3748486571812345
0.19798136155695797
0.6688213787563708
0.29240676955721534
0.4006728437117517
0.7425931320024237
0.6362065825719472
0.6874769009814468
0.493979502123728
0.36313369704986187
0.8611446459468759
0.8387134151118065
0.3451849439911987
0.3748486571812345
0.9075795650688849
0.14490713024727675
0.708594685314398
0.8356241001023306
0.48921314107955893
0.8665611746391371
0.9800943888780513
0.6934224403658739
0.22354645190937505
0.6324561170099494
0.3748486571812345
0.38570704132286443
0.9306891929027299
0.5150990820575863
0.694756310862988
0.26526586103416394
0.34767463067019194
0.6502993562983946
0.10428904403514946
0.055418579485251196
0.14490713024727675
0.20257486111056766
0.3018387841521131
0.48921314107955893
0.2235295409626129
0.9044481489218725
0.2795763231317924
0.9306891929027299
0.7334214739328819
0.1420475001566448
0.8387134151118065
0.6420588519974715
0.38570704132286443
0.36313369704986187
0.834398179005791
0.6874769009814468
0.36878747311494126
0.7323051740125408
0.9044481489218725
0.23261522507126087
0.708594685314398
0.7334214739328819
0.6326137893064527
0.37978610732418616
0.5558888619036799
0.6934224403658739
0.8778028900210277
0.8278124604441668
0.1420475001566448
0.3867147198702385
0.23669328248979427
0.4448330453963606
0.3018387841521131
0.8309548260804493
0.6013078343988674
0.5159891175066931
0.024828302532637347
0.7527260007291705
0.8798125956483893
0.21012918802615183
0.6064885650069305
0.8356241001023306
0.08009714764618764
0.5821023476691457
0.4448330453963606
0.8309548260804493
0.23261522507126087
0.7507359230194012
0.6362065825719472
0.43982130566569555
0.8778028900210277
0.057631531410514025
0.6326137893064527
0.8892479830744148
0.591183097844421
0.6013078343988674
0.3913711197404486
0.3748486571812345
0.1431677890412401
0.8807224576797461
0.7005605108058908
0.3387511261062758
0.08009714764618764
0.36878747311494126
0.9625259593617428
0.37978610732418616
0.19569619098913046
0.19892083113926912
0.36313369704986187
0.45626782223572726
0.1840829139031705
0.8808786754137208
0.6420588519974715
0.29240676955721534
0.8665611746391371
0.2795763231317924
0.7005605108058908
0.22478489724974232
0.6899193685420203
0.7425931320024237
0.6420588519974715
0.6064885650069305
0.5471648616147478
0.6432193256297418
0.9044481489218725
0.8476214824446214
0.694756310862988
0.05861985949886342
0.44456004701712803
0.5953369730072073
0.5953369730072073
0.7527260007291705
0.14490713024727675
0.34767463067019194
0.3451849439911987
0.22354645190937505
0.09354083267749885
0.8210401862615189
0.6432193256297418
