0.14252584607625965
0.6874508204231102
0.22854307021636033
0.6688213787563708
0.35865116430226024
0.88340258238593
0.852346900118226
0.13412210768549282
0.768080802636508
0.5863444899698347
0.5953357159772346
0.374957082383175
0.41895538043945324
0.14684876782774314
0.3967349531176367
0.877802901019427
0.768080802636508
0.8611446459468759
0.6274685526369665
0.7203799644712183
0.13412213518918012
0.05861987116170378
0.10428904402821577
0.10428904403861633
0.852371621499845
0.5863444899698347
0.19373823095319936
0.055418579486730964
0.23669328248979427
0.9625260738824
0.13412212250080469
0.866551066558858
0.22478489724974232
0.6304564744746314
0.19646713718564504
0.7420473816865749
0.6465977187075898
0.05861986139467685
0.3897789354353035
0.6568156543778695
0.5821023476691457
0.6578111754881644
0.43982130566569555
0.14052978247999917
0.88340258238593
0.7334214494602973
0.6502993562983946
0.5150990820575863
0.058619834277369276
0.8300245418503895
0.6324554536455422
0.6568157128316734
0.8330445599411325
0.5224272507170584
0.6324574437387634
0.19612066122801325
0.055418579486730964
0.26526586103416394
0.8808786833709004
0.8523786500860291
0.34505209944032966
0.8392401417987703
0.2932350098938448
0.6274685526369665
0.23434035821961807
0.9800943888780513
0.852346900118226
0.8395912098127926
0.19646713718564504
0.35865116430226024
0.2235295409626129
0.5471648616147478
0.6578111754881644
0.5224272507170584
0.3387511261062758
0.1840829139031705
0.057631531410514025
0.8241689351126843
0.19569619098913046
0.3967349531176367
0.14684867904495896
0.5863444995588517
0.8172296472875293
0.7906822384823058
0.23434035510538273
0.3867147198702385
0.8300245420556723
0.13412210768549282
0.8300245420556723
0.20758093564922853
0.8807224576797461
0.2932350098938448
0.8798125956483893
0.6304602143535384
0.2122408224161641
0.6568157128316734
0.5159891175066931
0.5984410048617931
0.23002752690584277
0.8829596547295915
0.14684876782774314
0.3749591274606259
0.5558888619036799
0.9625259021014141
0.8523876959801266
0.39137142610797526
0.8808786833709004
0.09354083267749885
0.04018766657197431
0.4448125557237851
0.04018766657197431
0.6396203905699553
0.7906822384823058
0.627468537779826
0.39137142610797526
0.877802901019427
0.45626782223572726
0.374957082383175
0.19373823095319936
0.6688213787563708
0.29240676955721534
0.41895538043945324
0.7420473810826819
0.6388110304915358
0.6875290620981194
0.493979502123728
0.3458252335584567
0.8611446459468759
0.8370313430135343
0.34505209944032966
0.3749575665126109
0.9075795650688849
0.14490712178448556
0.708594685314398
0.8370313430135343
0.48921314107955893
0.8665813907996948
0.9800943888780513
0.6934224403658739
0.22854307021636033
0.6324554536455422
0.37495650843997463
0.3897789353463117
0.9306891929027299
0.5150990820575863
0.694756310862988
0.26526586103416394
0.34767463067019194
0.6502993562983946
0.10428904403861633
0.05541857948229166
0.1449071471728589
0.20758093564922853
0.3018387841521131
0.48921314107955893
0.2235295409626129
0.9044481529158488
0.2795763231317924
0.9306891929027299
0.7334215228780513
0.14252584607625965
0.8392401417987703
0.637519985287353
0.3897789353463117
0.34582523346902805
0.8395912098127926
0.6874508204231102
0.36878747311494126
0.7203799644712183
0.9044481469248842
0.23434035821961807
0.708594685314398
0.7334214494602973
0.6304564744746314
0.3780731431712277
0.5558888619036799
0.6934224403658739
0.8778028538445395
0.8241689351126843
0.14252583097842753
0.3867147198702385
0.23669328248979427
0.44484329023264857
0.3018387841521131
0.8682747192897511
0.6013078343988674
0.5159891175066931
0.024828302532637347
0.7527260007291705
0.8798125956483893
0.2122408224161641
0.6064885650069305
0.8330445599411325
0.08009714764618764
0.5821023476691457
0.44484329023264857
0.8682747192897511
0.23002752690584277
0.7507359230194012
0.6388110304915358
0.43982130566569555
0.8778029042007175
0.057631531410514025
0.6304592900858266
0.8892479830744148
0.5984410048617931
0.6013078343988674
0.3913705070053957
0.3749542051639938
0.14052978247999917
0.8807224576797461
0.7005605108058908
0.3387511261062758
0.08009714764618764
0.36878747311494126
0.9625259021014141
0.3780731431712277
0.19569619098913046
0.19612066122801325
0.3458252335584567
0.45626782223572726
0.1840829139031705
0.8808786594993625
0.6465977187075898
0.29240676955721534
0.866551066558858
0.2795763231317924
0.7005605108058908
0.22478489724974232
0.6899193685420203
0.7420473816865749
0.637519985287353
0.6064885650069305
0.5471648616147478
0.6432193256297418
0.9044481469248842
0.8476214824446214
0.694756310862988
0.05861987116170378
0.44456004701712803
0.5953394870671529
0.5953357159772346
0.7527260007291705
0.14490712178448556
0.34767463067019194
0.3454506330929369
0.22854307029497153
0.09354083267749885
0.8172296472875293
0.6432193256297418
