0.2626167512652319
0.7266872131444715
0.2626167512652319
0.7266872131444715
0.2626167512652319
0.6262322021526167
0.7266872131444715
0.2626167512652319
0.7266872131444715
0.6683397412563354
0.7028228806133903
0.2626167512652319
0.20614798870151385
0.20614798870151385
0.2626167512652319
0.7266872131444715
0.7266872131444715
0.744382184083271
0.7266872131444715
0.7266872131444715
0.20614798870151385
0.13334443704774646
0.2626167512652319
0.2626167512652319
0.7266872131444715
0.748071137081695
0.2499091211567842
0.055418579485251196
0.2626167512652319
0.9308589834958529
0.2626167512652319
0.8536928889976689
0.2626167512652319
0.7266872131444715
0.2626167512652319
0.7266872131444715
0.7266872131444715
0.13334443704774646
0.2626167512652319
0.744382184083271
0.5862523293446986
0.744382184083271
0.2626167512652319
0.20614798870151385
0.748071137081695
0.7436200774659596
0.7266872131444715
0.2626167512652319
0.20614798870151385
0.8087312839113804
0.7132642542379921
0.7517970031340462
0.7625563303320617
0.5862523293446986
0.7266872131444715
0.2626167512652319
0.055418579485251196
0.2626167512652319
0.7643838259146563
0.7266872131444715
0.2626167512652319
0.7776688409362773
0.2574122899441595
0.7266872131444715
0.2626167512652319
0.9800943888780513
0.7266872131444715
0.7517970031340462
0.2626167512652319
0.2626167512652319
0.2626167512652319
0.6954128699369213
0.7266872131444715
0.6683397412563354
0.2626167512652319
0.2499091211567842
0.2180150537389999
0.7266872131444715
0.2626167512652319
0.2626167512652319
0.20614798870151385
0.7776688409362773
0.7069796972080684
0.7485695224965703
0.2626167512652319
0.3797308878666018
0.8087312839113804
0.13334443704774646
0.7266872131444715
0.2626167512652319
0.7925968126643516
0.2802487449711891
0.8572862225721027
0.7266872131444715
0.2626167512652319
0.8020385141118602
0.6711176553214457
0.631705241771908
0.20614798870151385
0.8829596547295915
0.20614798870151385
0.2626167512652319
0.6346552654178756
0.9308589834958529
0.7266872131444715
0.2626167512652319
0.7643838259146563
0.21298672112957756
0.04018766657197431
0.4151878562713629
0.04018766657197431
0.7485695224965703
0.7738938080706643
0.7266872131444715
0.3240752246645004
0.7266872131444715
0.2626167512652319
0.42432919745290687
0.2499091211567842
0.7233463624606216
0.2626167512652319
0.3797308878666018
0.7266872131444715
0.7266872131444715
0.7266872131444715
0.6262322021526167
0.2626167512652319
0.7266872131444715
0.7266872131444715
0.2802487449711891
0.2626167512652319
0.748071137081695
0.2626167512652319
0.7266872131444715
0.7518733951875376
0.5567656194077639
0.8536928889976689
0.9800943888780513
0.6954128699369213
0.2626167512652319
0.7132642542379921
0.2626167512652319
0.2626167512652319
0.9306891929027299
0.42432919745290687
0.6711176553214457
0.2626167512652319
0.2626167512652319
0.7266872131444715
0.345494589806834
0.055418579485251196
0.2626167512652319
0.2626167512652319
0.2626167512652319
0.5567656194077639
0.2626167512652319
0.7266872131444715
0.2802487449711891
0.9306891929027299
0.7436200774659596
0.2626167512652319
0.7738938080706643
0.7266872131444715
0.2626167512652319
0.2944851311322817
0.7517970031340462
0.7266872131444715
0.2574122899441595
0.7266872131444715
0.7266872131444715
0.2626167512652319
0.7266872131444715
0.7436200774659596
0.7233463624606216
0.2626167512652319
0.6346552654178756
0.6954128699369213
0.7266872131444715
0.7266872131444715
0.2626167512652319
0.3797308878666018
0.2626167512652319
0.4151878562713629
0.2626167512652319
0.7266872131444715
0.7355105481904678
0.6711176553214457
0.12385966329776259
0.7266872131444715
0.8572862225721027
0.2626167512652319
0.6954128699369213
0.7625563303320617
0.2574122899441595
0.5862523293446986
0.4151878562713629
0.7266872131444715
0.20614798870151385
0.7507359230194012
0.7266872131444715
0.2626167512652319
0.7266872131444715
0.2180150537389999
0.7509816178797157
0.7509816178797157
0.748071137081695
0.7355105481904678
0.3240752246645004
0.12385966329776259
0.20614798870151385
0.7925968126643516
0.7266872131444715
0.2626167512652319
0.20614798870151385
0.2574122899441595
0.9308589834958529
0.2626167512652319
0.2626167512652319
0.2626167512652319
0.3797308878666018
0.5862523293446986
0.2499091211567842
0.7643838259146563
0.7266872131444715
0.2626167512652319
0.8020385141118602
0.20614798870151385
0.7266872131444715
0.2626167512652319
0.6899193685420203
0.7266872131444715
0.7266872131444715
0.6954128699369213
0.6954128699369213
0.6683397412563354
0.7518733951875376
0.7028228806133903
0.631705241771908
0.13334443704774646
0.345494589806834
0.7028228806133903
0.6954128699369213
0.7266872131444715
0.2626167512652319
0.2626167512652319
0.2626167512652319
0.2944851311322817
0.21298672112957756
0.7069796972080684
0.6683397412563354
