0.32320833136766364
0.314461106906142
0.3173080816307052
0.3144759689502853
0.810247121063377
0.31637934379593086
0.31463063389473084
0.8102471235721549
0.31444867126841813
0.314297913016339
0.8102471242946857
0.3174541193904141
0.3142919543061957
0.3149974685142526
0.8102471216822916
0.3144754173064407
0.3143757444982336
0.8102471228417201
0.3209649020958819
0.3153245225340049
0.3144072107927509
0.3142958860466152
0.8102471227606318
0.31437716363243023
0.3143660795774184
0.8102471221112852
0.8102471228417201
0.810247117203756
0.31535081220116834
0.8102471306505794
0.31437716363243023
0.3143680337109369
0.810247123705048
0.8102471262727419
0.26020908744538285
0.31447330298972775
0.3143140059075432
0.3142997213388684
0.31467544751599424
0.31436933947173235
0.8102471233303872
0.3143757444982336
0.8102471248581931
0.31438149122048875
0.8102471227606318
0.31443344892506836
0.3147885728887554
0.8102471211932092
0.8102471222341744
0.31430175888710304
0.314461106906142
0.31555112921155
0.31445587633563293
0.3142947357442641
0.3145343042420528
0.3151322985063281
0.3152523461627279
0.8102471197467938
0.8102471248694944
0.8102471222341744
0.810247123758167
0.3143755974285791
0.3152052567819774
0.26020908744538285
0.3149974685142526
0.31431085360509636
0.8102471224378558
0.31555112921155
0.31475600330285597
0.32220892080561736
0.3144072107927509
0.3144768189460282
0.8102471220235332
0.31458187292188716
0.31466027879054065
0.8102471211932092
0.3143140059075432
0.31446075776415766
0.810247123758167
0.810247120968674
0.8102471237496072
0.31431205562275727
0.31445587633563293
0.3145343042420528
0.31447707005214826
0.3145675073282124
0.3143012568641086
0.3152052567819774
0.31552785098341646
0.8102471169875896
0.3157954702101404
0.31445090600304265
0.8102471231635329
0.8102471237496072
0.3147504067105199
0.3161536659066265
0.8102471208583333
0.8102471235594174
0.8102471216602961
0.31765809702201026
0.3143232877778934
0.8102471305297749
0.8102471218711061
0.31429680160992596
0.8102471234435052
0.31447330298972775
0.8102471206578099
0.31475600330285597
0.31430091168788277
0.31445587633563293
0.3174541193904141
0.31431979850247416
0.3143000903888758
0.810247119363504
0.8102471177163861
0.8102471227725734
0.3151322985063281
0.31447707005214826
0.810247123705048
0.31535081220116834
0.8102471229009873
0.3147504067105199
0.31458187292188716
0.31447615709003923
0.31447707005214826
0.8102471301136341
0.31429653708102445
0.3209649020958819
0.31552785098341646
0.314304792589154
0.8102471306505794
0.31501101198352877
0.31458187292188716
0.31480989337811477
0.810247123705048
0.8102471232215738
0.31430274657538104
0.3142947357442641
0.31436933947173235
0.3142948650473587
0.3143068798191427
0.31467544751599424
0.8102471221677581
0.8102471215497671
0.8102471227606318
0.8102471222341744
0.31430028905139734
0.31467544751599424
0.8102471227800503
0.3142990644322623
0.8102471248369341
0.8102471233303872
0.8102471221677581
0.3144785736285786
0.8102471217552576
0.3143660795774184
0.31438370331208126
0.3142953331460607
0.31501101198352877
0.31450602977036796
0.3143660795774184
0.31429493630552613
0.8102471215497671
0.8102471244559595
0.31601919338921225
0.3143600481692058
0.315386834489328
0.810247124381956
0.31601919338921225
0.810247123758167
0.3143680337109369
0.3143012650757576
0.3147504067105199
0.3144768189460282
0.3145553288598661
0.31430274657538104
0.31466027879054065
0.3144759689502853
0.8102471215047691
0.3143012650757576
0.3142980378028536
0.8102471248581931
0.3145343042420528
0.8102471226786226
0.3143430122735438
0.3142947357442641
0.8102471192788107
0.8102471216602961
0.3142980378028536
0.8102471221677581
0.8102471248694944
0.8102471221112852
0.3143372012516361
0.3142948650473587
0.8102471196545604
0.31430175888710304
0.8102471306505794
0.31443344892506836
0.3144031035800587
0.8102471156845463
0.3145553288598661
0.8102471227725734
0.31445314073766717
0.3152523461627279
0.3143012650757576
0.32220892080561736
0.8102471237740585
0.31466027879054065
0.31429815331071104
0.8102471229009873
0.8102471224378558
0.3142939978298831
0.8102471253988751
0.810247120968674
0.810247123059178
0.314592925885598
0.31432036917956674
0.3151322985063281
0.3145553288598661
0.31765809702201026
0.3152523461627279
0.8102471254194099
0.3142960225867115
0.3142953331460607
0.8102471229009873
0.31451634230954423
0.31433225190014824
0.8102471226812702
0.3142986555041241
0.8102471233303872
0.31535081220116834
0.8102471214200186
0.8102471211932092
0.3143067283401511
0.3143232877778934
0.810247122058309
0.8102471231635329
0.31438149122048875
0.3143436287570532
0.31435521402729666
0.3142982412607321
0.31436933947173235
0.3142948650473587
0.3142980378028536
0.8102471230254634
0.8102471156845463
0.3143019692865626
0.314592925885598
0.8102471263319891
0.31463063389473084
