0.34528343358478103
0.8172848521004135
0.18537811789470807
0.34528343358478103
0.8299506194449506
0.8566081039700232
0.3973824596682643
0.8411461126817865
0.20320670212564526
0.8450344691416944
0.8188304471071574
0.3493109471496656
0.5080205612208532
0.46332459820712696
0.8171790670652116
0.17674343105242668
0.2590794300221867
0.8255136162101254
0.42898771356195486
0.28552388146108615
0.372349094889805
0.22207133618633712
0.20706101764389984
0.5315184299873211
0.3028897805716781
0.19425946469864805
0.8264682172645064
0.7895460882322949
0.8260501413227231
0.4066734718309066
0.24132594838952148
0.2165456130979994
0.8425913893388243
0.8425913893388243
0.2557006033025826
0.537079513375347
0.5315184299873211
0.44495066186683196
0.20706101764389984
0.46332459820712696
0.7621703994061415
0.19964324848216708
0.8382081977754008
0.4746466460950087
0.7542017231907021
0.4726989637354597
0.7607642283393151
0.8144457255875032
0.7542017231907021
0.20484362623974814
0.2139123913137385
0.8153815350663255
0.43604562720756146
0.8119723598855049
0.8717814088249853
0.47408269782416607
0.24132594838952148
0.7568254234736808
0.23852026179818178
0.42898771356195486
0.22241055076328056
0.27340170365279043
0.40484904578112185
0.22103528635658246
0.2590794300221867
0.48364375925400477
0.7596815639965764
0.0948736892464633
0.20320670212564526
0.5315184299873211
0.8171790670652116
0.5317243647297252
0.8020387064825663
0.42898771356195486
0.9300422181990861
0.3648207285413632
0.43604562720756146
0.8135205994508847
0.1927953135217528
0.8299506194449506
0.7919926379001384
0.2358091932098289
0.2064363662963719
0.35662470814999225
0.27340170365279043
0.19399170794120205
0.22241055076328056
0.31937178947799694
0.39770106580387304
0.8089969272366572
0.1576043360638225
0.3692304642747472
0.16492456490358254
0.7980146905321729
0.7542017231907021
0.30580545342875287
0.42937949768223604
0.8832602466406243
0.8411461126817865
0.29235785031831557
0.17476225944662946
0.8188304471071574
0.8717814088249853
0.372349094889805
0.8260501413227231
0.388514393863088
0.8153815350663255
0.499446234771219
0.43604562720756146
0.2547564672449227
0.24701968126034246
0.40245632680316157
0.4746466460950087
0.7963409627426952
0.8135205994508847
0.7919926379001384
0.4916742349619434
0.21804217085086042
0.21804217085086042
0.8404147602660351
0.8020387064825663
0.3692304642747472
0.3293273672999151
0.3028897805716781
0.16492456490358254
0.8264682172645064
0.17674343105242668
0.14511461593317126
0.4389752462179006
0.34154814953514695
0.9300422181990861
0.22276584782252948
0.3293273672999151
0.4066734718309066
0.35200211232599105
0.47408269782416607
0.41817964739661945
0.388514393863088
0.8717814088249853
0.18317077956661432
0.8119723598855049
0.7928335091412361
0.8197163511522298
0.21661875188746296
0.195653992389169
0.3973824596682643
0.9552655976383021
0.19415449401291954
0.7895460882322949
0.499446234771219
0.7928335091412361
0.7963409627426952
0.7928335091412361
0.14393303401727192
0.18384779438661036
0.7144179884207211
0.42937949768223604
0.4212671989618504
0.28552388146108615
0.24456484730481876
0.18317077956661432
0.35262530009641146
0.47408269782416607
0.8225973443153219
0.1576043360638225
0.8075401110682265
0.4444198994441228
0.7607642283393151
0.12060905743598546
0.8197163511522298
0.7519761454517622
0.5665192047067804
0.25613991177757556
0.19425946469864805
0.33696105340087734
0.9552655976383021
0.2841231812301987
0.45933609633514816
0.2581983464914327
0.2557006033025826
0.8172848521004135
0.23811047314611433
0.35662470814999225
0.8197163511522298
0.3028897805716781
0.30580545342875287
0.8225973443153219
0.7802344550561893
0.23811047314611433
0.8705146057202329
0.7802344550561893
0.8197163511522298
0.4444198994441228
0.8425913893388243
0.7575162353110989
0.33696105340087734
0.7621703994061415
0.8020387064825663
0.4206428175796979
0.8170208283774699
0.22241055076328056
0.2139123913137385
0.4916742349619434
0.1927953135217528
0.4066734718309066
0.19964324848216708
0.8404147602660351
0.278590436699538
0.34154814953514695
0.537079513375347
0.39770106580387304
0.19415449401291954
0.24132594838952148
0.8144457255875032
0.20185656106531405
0.21169802161341333
0.12060905743598546
0.44836798865842864
0.23973701115952567
0.28013366320602406
0.1927953135217528
0.8832602466406243
0.20185656106531405
0.21169802161341333
0.7963409627426952
0.3973824596682643
0.3303002430182227
0.8705146057202329
0.4212671989618504
0.8031069014459096
0.8404147602660351
0.8566081039700232
0.5170726856033935
0.5170726856033935
0.44495066186683196
0.8172848521004135
0.19425946469864805
0.20706101764389984
0.4726989637354597
0.3648207285413632
0.5170726856033935
0.8089969272366572
0.31283838789771545
0.2547564672449227
0.7519761454517622
0.8172848521004135
0.14511461593317126
0.2932959859059745
0.7519761454517622
0.10418998763290893
