0.28278995431460613
0.3485700032140913
0.28278995431460613
0.28278995431460613
0.815293904436907
0.9037712332228165
0.41506978935149763
0.8597703023919211
0.15699656124199843
0.8504210391954135
0.8060682615325339
0.3493109471496656
0.5080205612208532
0.41506978935149763
0.8171790670652116
0.31631574928863154
0.38527454444456305
0.8472226315800958
0.4735624135644791
0.2519731721434235
0.38311425313039466
0.7692607386164552
0.20097890115205722
0.8125582874041142
0.6257547029955431
0.15347465950024464
0.4301873028911362
0.782408994619988
0.1547334201538288
0.15178133459101742
0.32626524767039866
0.23083358956134162
0.8125582874041142
0.8125582874041142
0.19997724961810404
0.48210684085626476
0.5632720470892492
0.7148677105834811
0.18161038815742236
0.44857155506059554
0.8031069014459096
0.20990829079671236
0.8452258487898302
0.4976997470187069
0.6988955433424647
0.46715010158996034
0.7618468926820539
0.8193965275667205
0.6988955433424647
0.3301582111887244
0.22147505168741952
0.4106317412507923
0.48756129017110256
0.4418125791924726
0.41273550026047356
0.4816188178710443
0.5663890555761452
0.8145290692477234
0.14975338883279837
0.43168225252352
0.7096209757689645
0.27340170365279043
0.4750497317456119
0.20668741658125867
0.15674580689222475
0.5173066189441422
0.7512730541916124
0.0948736892464633
0.13037932178874329
0.5567066293500732
0.8171790670652116
0.5010004213398173
0.8185884464234241
0.7096209757689645
0.941206703108594
0.4106317412507923
0.4088387882754632
0.19609271882781878
0.15347465950024464
0.815293904436907
0.6684963175162495
0.782408994619988
0.5171203893435008
0.41273550026047356
0.27340170365279043
0.15178133459101742
0.1567741952985583
0.31068815019467094
0.7692607386164552
0.782408994619988
0.1576043360638225
0.4439152974585913
0.16265671726117226
0.8098275125629089
0.20668741658125867
0.3037055333998755
0.7953527442497168
0.8832602466406243
0.8098275125629089
0.19997724961810404
0.160617530643944
0.8025666244762176
0.4015291804767254
0.17282728929447844
0.8430917395617646
0.3516512780813988
0.872230593281455
0.499446234771219
0.4311655044973097
0.15567751208228647
0.15178133459101742
0.3485700032140913
0.44857155506059554
0.8070089125747857
0.8311905467609713
0.8146594789878098
0.48756129017110256
0.5663890555761452
0.5663890555761452
0.08713761436445083
0.7833721023238751
0.828914911183653
0.4088387882754632
0.4106317412507923
0.16265671726117226
0.8387715640751096
0.14359010830715724
0.14511461593317126
0.4389752462179006
0.4301873028911362
0.941206703108594
0.877382870305563
0.3037055333998755
0.4311655044973097
0.4418125791924726
0.5080205612208532
0.39863074001915494
0.3516512780813988
0.941206703108594
0.15315112055004856
0.840422234440702
0.1547334201538288
0.8145290692477234
0.31631574928863154
0.18332704884446854
0.4620454477016716
0.9552655976383021
0.8132293496116269
0.8145290692477234
0.499446234771219
0.8090823915870661
0.5663890555761452
0.8071256028697694
0.08713761436445083
0.18332704884446854
0.6257547029955431
0.5010004213398173
0.4439152974585913
0.2519731721434235
0.20097890115205722
0.15315112055004856
0.3849741542525329
0.8430917395617646
0.8094534580286696
0.1576043360638225
0.8185884464234241
0.43945757510064815
0.7618468926820539
0.12060905743598546
0.1547334201538288
0.7812044606489502
0.4976997470187069
0.38527454444456305
0.2086343624742737
0.31068815019467094
0.9552655976383021
0.8255665525337352
0.34399976576440405
0.1567741952985583
0.3624349279108414
0.8597703023919211
0.20742414465414516
0.41273550026047356
0.7918794236365091
0.4750497317456119
0.4510568180411872
0.8069156524191426
0.6257547029955431
0.10418998763290893
0.8705146057202329
0.5032931379928918
0.184655762999581
0.5032931379928918
0.941206703108594
0.7512730541916124
0.2747289379041914
0.7096209757689645
0.8430917395617646
0.15567751208228647
0.8115281046881752
0.15684831727970502
0.22147505168741952
0.49677759180279385
0.1560222027619197
0.46715010158996034
0.2100617331727024
0.8146594789878098
0.278590436699538
0.0948736892464633
0.4891363971758743
0.5313619830003282
0.872230593281455
0.1826653736666934
0.840422234440702
0.0948736892464633
0.18332704884446854
0.12060905743598546
0.48756129017110256
0.21360151773179045
0.3624349279108414
0.15347465950024464
0.8832602466406243
0.160617530643944
0.4418125791924726
0.5663890555761452
0.8705146057202329
0.2984851349415001
0.8705146057202329
0.38311425313039466
0.8031069014459096
0.8586280764946128
0.8472226315800958
0.7918794236365091
0.5567066293500732
0.4510568180411872
0.4735624135644791
0.15674580689222475
0.19609271882781878
0.8090823915870661
0.1547334201538288
0.5621616272052066
0.816996203088943
0.15286398460514025
0.160617530643944
0.7864359860626168
0.8094534580286696
0.14511461593317126
0.7590055246143317
0.7096209757689645
0.10418998763290893
