0.18090186277172893
0.7469943141243045
0.4632445825437558
0.7290574950846959
0.1379032344992276
0.4961704308102639
0.20298049974599985
0.4908598926107902
0.13113186051497383
0.44588320815157334
0.8098635356607081
0.7478213305195047
0.16180750426067608
0.2076108231169308
0.7381518850251068
0.2369385061082773
0.5388085211379023
0.5687530934560516
0.7571686214486619
0.1480282315975735
0.5324090186972802
0.18090186277172893
0.2818091925405856
0.1583731428660303
0.8093453176673484
0.14022660130803433
0.21669786508909478
0.20878818931169688
0.1583731428660303
0.17949709510012485
0.4238739879019666
0.6696816341406986
0.4758008139324399
0.7525954883153978
0.44588320815157334
0.7525954883153978
0.4703588378758628
0.7469943141243045
0.6816090462526285
0.19024459948822106
0.19688433732115856
0.1717039527398192
0.15328077952246
0.7520203573930214
0.20598006837664112
0.2209151219704171
0.7485787126053385
0.7232951623548071
0.5687530934560516
0.4208733163023981
0.7067830996025599
0.6993578015525255
0.7168232580184508
0.5820293316005495
0.5493537733129917
0.19425530368939486
0.516741664219281
0.21669786508909478
0.23769502587200853
0.7381518850251068
0.7168232580184508
0.6356718220807577
0.8303334567051783
0.20298049974599985
0.4979589225207961
0.17234498656165081
0.7135920059701071
0.13113186051497383
0.15790558145867428
0.7511270613421193
0.7720610905333015
0.188311628502002
0.19425530368939486
0.4795704064704618
0.5156601527039403
0.7481520293372443
0.7135920059701071
0.40142482219659703
0.7485787126053385
0.7626616027145238
0.17509145619099747
0.4208733163023981
0.4961704308102639
0.1981573200603203
0.6866612071710523
0.17152286904089525
0.5172586869703615
0.7563353630901852
0.6993578015525255
0.4520574785616587
0.5135167887255276
0.48103189513196887
0.1372574183910211
0.17509145619099747
0.6606815847953244
0.5145917472234455
0.7494523242590702
0.1863464856315259
0.7756719970100712
0.15418340255632723
0.8098635356607081
0.7618993140170807
0.8153664327442136
0.14702281256978972
0.5135167887255276
0.5221058413053457
0.20026430473158807
0.5098952539769046
0.4760544108620301
0.7618993140170807
0.5401156367203457
0.13106831826868157
0.6905369954406095
0.2369385061082773
0.4526155688826854
0.4413204207599187
0.1379032344992276
0.7772713863112166
0.5044544622775953
0.14022660130803433
0.1903487984721575
0.8153717988035301
0.7423244214236944
0.7646469656487507
0.7893218751397886
0.5288051126587379
0.4526155688826854
0.7772713863112166
0.19482487726084524
0.521797720991917
0.22323233213591345
0.23220298574084694
0.6905369954406095
0.640372005225249
0.5117429179879724
0.5820293316005495
0.5044544622775953
0.7583776338717234
0.5167354920790765
0.7467319046932269
0.15953349789848914
0.5117429179879724
0.14495775627511226
0.526917415142341
0.4238739879019666
0.15060310756305847
0.23220298574084694
0.7577172800649119
0.9255695626535263
0.19821925990990485
0.1863464856315259
0.7481520293372443
0.188311628502002
0.8186437043436595
0.15953349789848914
0.5289306153430189
0.6091202657982813
0.1480282315975735
0.7198849403393276
0.8303334567051783
0.508649615091979
0.7634142027368025
0.4758008139324399
0.16798913605516375
0.18890962982344126
0.5324090186972802
0.19688433732115856
0.19465575133986596
0.7646469656487507
0.4413204207599187
0.524354643675306
0.7626616027145238
0.6091202657982813
0.47037445889468416
0.7470670496507872
0.7583776338717234
0.7009463687207298
0.17234498656165081
0.8018929061100198
0.6776428415627754
0.15790558145867428
0.5493537733129917
0.12465225035659494
0.47037445889468416
0.7609471047081521
0.5101878465267431
0.4520574785616587
0.7893218751397886
0.4285218337593909
0.7820136611762701
0.15060310756305847
0.7481984709538635
0.7467319046932269
0.5733442474336632
0.17949709510012485
0.5716970264903065
0.4979589225207961
0.7976747079438591
0.2755111813752394
0.7009818446262012
0.7363889963179591
0.47518985130056035
0.17152286904089525
0.8018929061100198
0.7820136611762701
0.7290574950846959
0.7946956491923333
0.22323233213591345
0.19821925990990485
0.47518985130056035
0.7976747079438591
0.1446908256868476
0.7624146110601228
0.1717039527398192
0.43909550124955177
0.7756719970100712
0.16102364346089484
0.695377850488341
0.526917415142341
0.8024729989177306
0.19465575133986596
0.7871507963059894
0.7363889963179591
0.1819021387700919
0.43909550124955177
0.521797720991917
0.497140859681624
0.5221058413053457
0.7075192969511034
0.8153717988035301
0.17489464771674254
0.7577172800649119
0.16180750426067608
0.16253038339488854
0.5226327801955137
0.7705265939252984
0.19024459948822106
0.7481984709538635
0.2209151219704171
0.1372574183910211
0.8153664327442136
0.20878818931169688
0.5401156367203457
0.7640650654978521
0.2076108231169308
0.2755111813752394
0.23769502587200853
0.7984078770282358
0.7511270613421193
0.7946956491923333
