0.1904486888711699
0.645276752685358
0.6452767525321017
0.6452767525795412
0.19044868888090558
0.6452767529329358
0.19044868887137026
0.645276752439044
0.19044868887508118
0.6452767522632485
0.6452767529379226
0.645276752685358
0.19044868890356165
0.19044868885163427
0.645276752381025
0.19044868885572097
0.6452767528267753
0.6452767526769164
0.6452767526670953
0.1904486888711699
0.6452767522849567
0.1904486888520952
0.19044868886951552
0.19044868884251714
0.6452767528458839
0.19044868887481875
0.19044868888148186
0.19044868889794472
0.19044868894526915
0.19044868887467192
0.6452767527952287
0.6452767527209589
0.6452767524570402
0.6452767527957697
0.6452767526888408
0.645276752449911
0.6452767527462708
0.6452767522849567
0.6452767526437215
0.19044868886273353
0.19044868886183564
0.19044868884863178
0.19044868888942112
0.6452767526967719
0.19044868887579167
0.1904486888757902
0.645276752674346
0.645276752620533
0.6452767524034422
0.19044868887508118
0.6452767527462708
0.6452767526055316
0.6452767525776144
0.6452767526019481
0.6452767524936942
0.19044868887982874
0.6452767527007652
0.19044868887392874
0.19044868886273353
0.6452767525697691
0.6452767526749955
0.6452767526141643
0.6452767529114277
0.19044868886603095
0.6452767528011812
0.1904486888614868
0.6452767529329358
0.19044868887054198
0.1904486888609037
0.6452767525512797
0.645276752669485
0.19044868887631988
0.19044868884871996
0.6452767530998004
0.645276752452255
0.6452767523361764
0.6452767529379226
0.6452767527052872
0.6452767527642658
0.645276752744964
0.19044868886346455
0.6452767526124538
0.645276752677048
0.19044868887631988
0.6452767525844263
0.19044868886618393
0.6452767525580045
0.6452767526141643
0.6452767526663389
0.6452767529858758
0.6452767520866446
0.6452767527551252
0.19044868886618393
0.19044868885163427
0.6452767525913861
0.6452767529759227
0.6452767526871757
0.19044868888567326
0.6452767523935543
0.19044868888502892
0.6452767529587029
0.6452767525759737
0.6452767524679028
0.190448688839792
0.6452767526769164
0.6452767527593497
0.19044868887208427
0.6452767525316703
0.6452767529166804
0.6452767529353729
0.6452767529817092
0.19044868889265448
0.6452767526246955
0.19044868891238345
0.6452767527052872
0.6452767525659052
0.19044868887054198
0.6452767527636762
0.6452767531267726
0.1904486888814623
0.190448688873388
0.6452767526670953
0.6452767529279578
0.645276752669485
0.645276752786301
0.6452767530035892
0.6452767526679923
0.6452767528093784
0.19044868888440397
0.6452767526558442
0.19044868888446448
0.190448688839792
0.6452767533710722
0.6452767530998004
0.6452767529114238
0.6452767528304536
0.6452767526019481
0.6452767525872916
0.645276752786301
0.6452767527969936
0.19044868884966082
0.6452767528458423
0.19044868887392874
0.6452767525501039
0.6452767525795412
0.19044868884871996
0.1904486888878167
0.6452767527405644
0.6452767526406221
0.1904486888589051
0.1904486888414434
0.6452767526663389
0.19044868887137026
0.6452767525368278
0.1904486888469439
0.6452767526080752
0.6452767527357939
0.19044868885048102
0.6452767529127101
0.6452767524548821
0.645276752655194
0.6452767528304536
0.6452767524570402
0.19044868889369243
0.19044868886977132
0.6452767526768018
0.19044868887023636
0.1904486888878167
0.6452767525913861
0.6452767527041392
0.6452767525741181
0.6452767525705142
0.6452767524823098
0.6452767531186179
0.6452767529444107
0.6452767525662007
0.6452767527382799
0.19044868885244443
0.6452767532140997
0.6452767525321017
0.19044868886386293
0.6452767526888408
0.19044868889629124
0.645276752655194
0.6452767521922808
0.6452767526639076
0.6452767529817092
0.6452767528622299
0.645276752745465
0.6452767532555683
0.19044868886346455
0.6452767531821038
0.6452767531424228
0.6452767527790577
0.19044868884966082
0.6452767521473375
0.6452767525283944
0.6452767529858758
0.1904486888938311
0.6452767520301167
0.6452767526523566
0.6452767527196202
0.19044868888502892
0.6452767526080752
0.6452767525316703
0.6452767525872916
0.6452767528009512
0.1904486888566886
0.1904486888935538
0.6452767528093784
0.6452767527436737
0.1904486888896499
0.6452767526556298
0.19044868885048102
0.6452767525580045
0.6452767527317445
0.19044868891167416
0.6452767530876345
0.6452767526120886
0.6452767525851277
0.19044868888567326
0.6452767527317445
0.6452767527007652
0.19044868887143757
0.19044868888370428
0.6452767525101034
0.6452767527209589
0.6452767527571726
0.645276752449911
0.6452767531664967
0.1904486888814623
0.6452767529074162
0.19044868888177346
0.19044868889582708
0.6452767527986774
0.6452767526437215
0.19044868887982874
0.6452767529074162
0.1904486888968273
0.19044868888064684
0.6452767527250552
0.1904486889350766
0.6452767529759227
0.6452767524877643
0.19044868886183564
0.19044868888370428
0.19044868891167416
0.6452767529279578
0.6452767524996212
0.6452767532331077
