0.24582514976454523
0.7139941154639445
0.6500941198522222
0.7347074499383827
0.12639532487313665
0.40287156203751445
0.138991912435313
0.47305981736480235
0.09161711101282116
0.5611274159688793
0.8620138485700342
0.621928030760701
0.027856300027655212
0.19562893872233195
0.7889579681541914
0.3025934512455212
0.5223050376947107
0.45630786606700713
0.8639715758095721
0.05921842279747397
0.5255403437273379
0.12466758756557539
0.17860593429030536
0.38759012909146595
0.850886104579817
0.14756541918780003
0.14136235629099922
0.1518946609747332
0.06637278554926695
0.10385115288038915
0.38759012909146595
0.5587328076463385
0.5570198097902372
0.5937567653892848
0.404284960432409
0.5641463967594924
0.23225367319044354
0.7124952576913767
0.7011821148046391
0.24253031482175336
0.10981768648158158
0.17860593429030536
0.34594663620474025
0.9438135801745352
0.17336403686139853
0.33289782578300847
0.9847337459796554
0.7559969596797949
0.5974220374734521
0.5421877514116158
0.6665223519674186
0.822243049407481
0.7371827282711849
0.45630786606700713
0.719547907620773
0.1718584093087223
0.5734045337087219
0.14136235629099922
0.3384766783310006
0.8639715758095721
0.6720524732203526
0.5937567653892848
0.9255695626535263
0.026044160068182748
0.4661307424555705
0.41652026047985186
0.7394598563568442
0.0776936568539625
0.09850353325061832
0.8825769633288237
0.520991178811151
0.16326153171345453
0.2595150098808626
0.47305981736480235
0.5232606828366682
0.9123607730086734
0.8211910297606415
0.2685949083828956
0.8230790904462244
0.7645308804783357
0.12466758756557539
0.36190958204795853
0.6701027223916691
0.33555761890757485
0.6586790506933011
0.15282310716712075
0.5290027343142336
0.6587806457115493
0.5829780908322195
0.404284960432409
0.4164072873196427
0.5968399754409011
0.13404018160216497
0.10293853651616416
0.7124952576913767
0.5743037142407985
0.8825769633288237
0.23554530999436513
0.8763510428188671
0.047105782305084554
0.7972583440985329
0.7892795670930577
0.7371827282711849
0.3384766783310006
0.5421877514116158
0.5641463967594924
0.23199931615352248
0.5479847585292772
0.4825846998115851
0.7686917412103582
0.7011821148046391
0.18305716372913072
0.5829780908322195
0.1718584093087223
0.34594663620474025
0.269738940158069
0.25674451941162585
0.8135131428893483
0.5859357527405548
0.2181118855964952
0.23199931615352248
0.7889579681541914
0.4873416361663309
0.8846975049284398
0.8043407978088521
0.4662574204416402
0.3912822585042891
0.8768835386267411
0.17035278175604604
0.5686666865746837
0.23225367319044354
0.10385115288038915
0.7347074499383827
0.6701027223916691
0.5974220374734521
0.5859357527405548
0.42743767590277526
0.8620138485700342
0.5223050376947107
0.5968399754409011
0.23554530999436513
0.3912822585042891
0.05921842279747397
0.4191328905810697
0.4477463559443301
0.07591505234724033
0.32342743655536055
0.7008361741441289
0.9255695626535263
0.13404018160216497
0.09185600738813382
0.5371979570903643
0.138991912435313
0.850886104579817
0.2595150098808626
0.5255403437273379
0.5290027343142336
0.3983199622834789
0.71290500096105
0.739567302192434
0.5739996589967546
0.8312929449867569
0.4441015674197579
0.1518946609747332
0.272149601146597
0.4661307424555705
0.10981768648158158
0.1489738445751113
0.6723509214485512
0.5587328076463385
0.6045188601943013
0.5800024493702038
0.8779637522110306
0.4125133138023639
0.7109963999188088
0.9029044292379984
0.71290500096105
0.0776936568539625
0.9029044292379984
0.5570198097902372
0.14756541918780003
0.6045188601943013
0.13265373265934965
0.4125133138023639
0.9995233484240581
0.44282588937090067
0.3381978249610336
0.8043407978088521
0.2566118393776538
0.8982189211901005
0.08720929279892933
0.9123607730086734
0.6586790506933011
0.5734045337087219
0.2566118393776538
0.47111080976385
0.4477463559443301
0.8411532466171958
0.32342743655536055
0.7911327671264805
0.7173751805047066
0.6194241244039689
0.027856300027655212
0.9660753294373401
0.669389871554419
0.6587806457115493
0.8258249469867076
0.20657385167001807
0.05492498015689498
0.41652026047985186
0.7008361741441289
0.06817802090899566
0.8128699441107448
0.026044160068182748
0.4191328905810697
0.7116360613579271
0.05492498015689498
0.49108315426576854
0.5739996589967546
0.7498597475423097
0.21019544387735067
0.7972583440985329
0.7911327671264805
0.04175362253885684
0.4868339270386768
0.4868339270386768
0.6500941198522222
0.621928030760701
0.6697315813505464
0.763615775769251
0.2181118855964952
0.7394598563568442
0.18305716372913072
0.269738940158069
0.8312929449867569
0.8846975049284398
0.2685949083828956
0.8172937682682333
0.33289782578300847
0.05128628363918242
0.8230790904462244
0.272149601146597
0.16326153171345453
0.7856407608642597
0.36837510831707565
0.44282588937090067
0.15147777507244722
0.9590111858332079
0.4661054068583566
0.6194241244039689
