0.4183402523686178
0.4113815527619209
0.40140300676136975
0.9104263885882011
0.9099768371784509
0.8064402678995348
0.1713557073345034
0.3563451538058212
0.6906395740208344
0.014170245013315041
0.6239265641764737
0.09843172753432128
0.22546151213897214
0.7521115372813567
0.2338769746762795
0.6527851813365099
0.6453046973735452
0.3584963884928356
0.46875973702774204
0.7804366347026607
0.7084849499112174
0.9155519333936546
0.6132490014133016
0.8701609064692244
0.3327471225723768
0.1729369307545091
0.8247519487889476
0.9155519333936546
0.45095842457564306
0.4032027154419695
0.30130875484972147
0.35637738325398594
0.4369658309746409
0.7378997108102614
0.696493389398244
0.912849926542179
0.5999763729531674
0.4032027154419695
0.47731260078977034
0.1729369307545091
0.8578710935368441
0.8627073045596341
0.014170245013315041
0.7413467964074241
0.23282166665757859
0.1713557073345034
0.298075701060174
0.6792531827752128
0.696493389398244
0.8627073045596341
0.9104263885882011
0.45095842457564306
0.2793572214504353
0.9562006244826298
0.3946584144663199
0.44680543732594835
0.08277866633247322
0.4183402523686178
0.27823803966630345
0.3433630895585827
0.38390080647779756
0.6200718396089311
0.6894137059896712
0.1721993133978652
0.8247519487889476
0.17631076536020937
0.6570557071809272
0.5704589271735794
0.29348964816756695
0.2338769746762795
0.8954549434601948
0.06395576232865058
0.6453046973735452
0.8508429949284808
0.9190607421209978
0.9562006244826298
0.7521115372813567
0.912849926542179
0.3584963884928356
0.10939520607185832
0.9263500277115266
0.3188063125812137
0.5895189649972843
0.7084849499112174
0.1713557073345034
0.47731260078977034
0.8701609064692244
0.5895189649972843
0.8373750033593281
0.5704589271735794
0.5179079090252763
0.11788182293832572
0.03706512694696901
0.36775618509111946
0.7012136578961848
0.18318126059706052
0.7804366347026607
0.5577884951311332
0.298075701060174
0.5577884951311332
0.27823803966630345
0.7723189867165833
0.9011081503353852
0.9263500277115266
0.9169937674952079
0.927664153627765
0.1591639707239575
0.5895189649972843
0.9099768371784509
0.09843172753432128
0.5360974722104099
0.6894137059896712
0.43253077708356047
0.29348964816756695
0.3224187218911161
0.9190607421209978
0.74319019152641
0.6453046973735452
0.23282166665757859
0.3327471225723768
0.08127572703903435
0.2338769746762795
0.11788182293832572
0.8508429949284808
0.8580477916641238
0.2006279066946574
0.03706512694696901
0.4113815527619209
0.6527851813365099
0.5999763729531674
0.38390080647779756
0.6052769555736273
0.04668978267250662
0.9575528085393952
0.3188063125812137
0.9575528085393952
0.47129976882766106
0.6906395740208344
0.17631076536020937
0.44680543732594835
0.3224187218911161
0.74319019152641
0.20408837230010457
0.3433630895585827
0.4113815527619209
0.04668978267250662
0.41017446401094065
0.08381114272851109
0.8498468791525876
0.7198644838025611
0.20408837230010457
0.9104263885882011
0.10939520607185832
0.8604989107366213
0.6968555383036448
0.08277866633247322
0.4183402523686178
0.043355332794906776
0.7413467964074241
0.10328658905961136
0.4369658309746409
0.5895189649972843
0.4113815527619209
0.4369658309746409
0.10328658905961136
0.7198644838025611
0.7012136578961848
0.3722284847365123
0.3188063125812137
0.69379629453788
0.1591639707239575
0.18067623549433937
0.22546151213897214
0.8954549434601948
0.9562006244826298
0.6792531827752128
0.7717819506490287
0.46333302161708384
0.043355332794906776
0.5028207968514495
0.6239265641764737
0.6052769555736273
0.8508429949284808
0.8247519487889476
0.06395576232865058
0.46875973702774204
0.8382600839181542
0.7723189867165833
0.41017446401094065
0.5820068421001805
0.8580477916641238
0.5360974722104099
0.04668978267250662
0.9169937674952079
0.298075701060174
0.45095842457564306
0.12698947000369537
0.5028207968514495
0.8604989107366213
0.36775618509111946
0.6894137059896712
0.3563451538058212
0.35637738325398594
0.8498468791525876
0.6570557071809272
0.3327471225723768
0.7717819506490287
0.8382600839181542
0.1729369307545091
0.8373750033593281
0.08127572703903435
0.8701609064692244
0.7731099355630286
0.6968555383036448
0.3722284847365123
0.1721993133978652
0.5820068421001805
0.69379629453788
0.2006279066946574
0.6132490014133016
0.18318126059706052
0.7378997108102614
0.12698947000369537
0.3188063125812137
0.3946584144663199
0.6239265641764737
0.47129976882766106
0.46333302161708384
0.9011081503353852
0.2793572214504353
0.927664153627765
0.7084849499112174
0.08381114272851109
0.8578710935368441
0.43253077708356047
0.8580477916641238
0.40140300676136975
0.18067623549433937
0.8064402678995348
0.5179079090252763
0.8777039406208974
0.2585020479269645
0.8777039406208974
0.7731099355630286
0.29348964816756695
0.18318126059706052
0.7731099355630286
0.6200718396089311
0.9099768371784509
0.2585020479269645
