0.12382704450997208
0.5833463062225915
0.5349040677335549
0.09143099664728276
0.21171637156942605
0.25642137477778554
0.8450007508715667
0.5301337233819977
0.48801479638747275
0.2762937310127381
0.21171637156942605
0.2668294830242713
0.5212394175118905
0.2028648161300025
0.8638752778522676
0.5481113695142203
0.5798585073467364
0.5182006920663886
0.5433330636484033
0.45401687493347787
0.5340751850245431
0.25100752881323074
0.09795315437324692
0.9232464570509108
0.1749588952815719
0.5183454741268152
0.1749588952815719
0.525412224726115
0.8277767677212595
0.5212394175118905
0.52291395892851
0.5968296127983189
0.5659843192575714
0.5155147507156481
0.4980570989062458
0.5861091935921631
0.48592024917330706
0.5094658731584643
0.6196182706743141
0.5094658731584643
0.5659843192575714
0.12382704450997208
0.2664991841393309
0.14416383365094132
0.8819143759370687
0.5377500515713556
0.1727179391275968
0.45401687493347787
0.25642137477778554
0.4980570989062458
0.5323345614256675
0.8638752778522676
0.23712693748506516
0.5481113695142203
0.5295559891862935
0.307198378800335
0.5328564392274187
0.5424790409038589
0.5211652289654483
0.5553233692720521
0.5693296395917657
0.5659843192575714
0.2098392918750626
0.5409561350379996
0.5433330636484033
0.5864684481193393
0.672466546826661
0.5861091935921631
0.5276947832327971
0.12169478823769257
0.09795315437324692
0.5340751850245431
0.873138345738863
0.7507783277901277
0.507901318270322
0.9252061750339785
0.8626415344563376
0.21147189214451045
0.26391145788084697
0.5529392402448862
0.2700049758792132
0.24303870502427458
0.5243423659913202
0.532276463953352
0.39734781990068707
0.4566814824256334
0.3784818516822177
0.5330984613589858
0.5409561350379996
0.5291807537282649
0.5062676607507796
0.927643333165867
0.6000465144664715
0.5388256072207371
0.5212394175118905
0.3678133638810123
0.5968296127983189
0.19954514289086367
0.1603024975009076
0.7766925710629868
0.45329632208686227
0.7942461004378367
0.5798585073467364
0.2648284043537609
0.8911327056335413
0.5208691264137348
0.531741831924514
0.18095278735416256
0.09795315437324692
0.17793368080265393
0.14416383365094132
0.5238644817066515
0.5180479359595064
0.3186094788570333
0.7246904129256417
0.6138007182499013
0.8450007508715667
0.21147189214451045
0.8614405202626232
0.8638752778522676
0.1727179391275968
0.5009004461141762
0.15148452349801014
0.429291626336041
0.20363154728717603
0.5349040677335549
0.8698883105472013
0.31696806388632676
0.24783936585591415
0.19312502802979417
0.5301337233819977
0.30135643941383417
0.33478079622106005
0.4941764686440354
0.13105194156558175
0.09143099664728276
0.45401687493347787
0.09143099664728276
0.5553233692720521
0.4281106927389889
0.15148452349801014
0.565862877012787
0.22047240221419587
0.19901108861160652
0.469331534356552
0.3678133638810123
0.32970208775607623
0.532276463953352
0.5340751850245431
0.5654480178846643
0.3248311643679504
0.5144253410255764
0.4600120455131276
0.5905909984698753
0.23037647758031057
0.8277767677212595
0.8235974965852874
0.6169205733972825
0.21171637156942605
0.3248311643679504
0.4030624083027892
0.8446244386311865
0.052945402907662246
0.8503259032934487
0.25642137477778554
0.42381264188742857
0.5540767008461626
0.5693296395917657
0.23770485642729725
0.2098392918750626
0.31696806388632676
0.5211652289654483
0.5628533438210427
0.858737410566433
0.8819143759370687
0.5346742134071172
0.665035440188984
0.5412963063301142
0.5388256072207371
0.5180479359595064
0.8450007508715667
0.9232464570509108
0.8277767677212595
0.5265756803871424
0.23712693748506516
0.672466546826661
0.2668294830242713
0.19521502426333148
0.1305001992843809
0.6063649835003659
0.507901318270322
0.18095278735416256
0.27850203506254606
0.22047240221419587
0.5182006920663886
0.2181643998633446
0.5133977143090865
0.11786603374424887
0.4813784640545919
0.5656688706488456
0.5349040677335549
0.3168087204395835
0.25100752881323074
0.5366409335316781
0.8302028025172369
0.5861091935921631
0.5144253410255764
0.7572062808531297
0.477816595429398
0.2664991841393309
0.48801479638747275
0.858737410566433
0.2028648161300025
0.3186094788570333
0.5313802033544629
0.52291395892851
0.32970208775607623
0.477816595429398
0.7987943192166796
0.5460930252155742
0.24072141287050877
0.052945402907662246
0.5265756803871424
0.565862877012787
0.1731883668489964
0.2148700479899313
0.8698883105472013
0.7994489514459153
0.5168007161140147
0.48592024917330706
0.24783936585591415
0.5173364877050409
0.6239450039335878
0.20363154728717603
0.48801479638747275
0.2668294830242713
0.927643333165867
0.5377500515713556
0.5155147507156481
0.5587281309535768
0.5540767008461626
0.236404008252955
0.5173364877050409
0.5168007161140147
0.14416383365094132
0.5208691264137348
0.2163401261014759
0.48437492683316075
0.45619788809152323
0.9232464570509108
