0.053055576942473474
0.842997815524065
0.8930045294291378
0.22022668458580186
0.5366409335316781
0.5650279913757815
0.6322706060301505
0.4600120455131276
0.4658839626045331
0.17290847418141153
0.14099242647020568
0.9655562714748795
0.17290847418141153
0.22022668458580186
0.6196182706743141
0.26261337731047196
0.11786603374424887
0.5300032291943643
0.5402856548372139
0.4566814824256334
0.4281106927389889
0.23268556197337
0.8235974965852874
0.33217433823463205
0.11781797759335216
0.1266566389584708
0.658712400103111
0.17793368080265393
0.5289836262876524
0.5529392402448862
0.5848353935044671
0.6138007182499013
0.511381802262028
0.11786603374424887
0.45667118199349943
0.9655562714748795
0.45472541202745154
0.2148700479899313
0.1519678640602725
0.9655562714748795
0.09143099664728276
0.500687436558614
0.7942461004378367
0.1955957621101878
0.531741831924514
0.23268556197337
0.23268556197337
0.5289124883923988
0.17290847418141153
0.4281106927389889
0.1519678640602725
0.8458361797674664
0.222359434948701
0.5926267169526224
0.5300032291943643
0.28797769552183794
0.5328564392274187
0.5424790409038589
0.5414300118167202
0.5628533438210427
0.5835038058748152
0.6322706060301505
0.20393467873205992
0.7942461004378367
0.843028681242735
0.5864684481193393
0.6196182706743141
0.45667118199349943
0.5680086338741746
0.12169478823769257
0.8626415344563376
0.47575217857311464
0.873138345738863
0.7507783277901277
0.5402856548372139
0.9252061750339785
0.8626415344563376
0.24072141287050877
0.873138345738863
0.5529392402448862
0.2700049758792132
0.24303870502427458
0.5243423659913202
0.5362120361317608
0.33217433823463205
0.4566814824256334
0.4030624083027892
0.5366409335316781
0.13090262356315513
0.5293247628283491
0.5182382514280722
0.9252061750339785
0.6322706060301505
0.49355479838458766
0.252902008715781
0.3678133638810123
0.6138007182499013
0.19954514289086367
0.14099242647020568
0.7435399488324477
0.45329632208686227
0.7942461004378367
0.5864618741164376
0.2969712467341518
0.8911327056335413
0.842997815524065
0.531741831924514
0.11781797759335216
0.043938444686221365
0.17793368080265393
0.1519678640602725
0.19954514289086367
0.511381802262028
0.3186094788570333
0.7246904129256417
0.6138007182499013
0.8629401537555426
0.18222237141851216
0.8614405202626232
0.30334725914882127
0.07966661845863353
0.5009004461141762
0.842997815524065
0.429291626336041
0.20363154728717603
0.33217433823463205
0.8930045294291378
0.31696806388632676
0.24468802448019736
0.19312502802979417
0.5926267169526224
0.30135643941383417
0.890552550297218
0.4600120455131276
0.13105194156558175
0.09143099664728276
0.44610958051102045
0.09143099664728276
0.5628533438210427
0.4281106927389889
0.10010423086601776
0.5717971024958947
0.26737925760059267
0.18010734175948956
0.469331534356552
0.3678133638810123
0.32970208775607623
0.45329632208686227
0.5293247628283491
0.5864618741164376
0.07125016614717497
0.5680086338741746
0.4600120455131276
0.5905909984698753
0.2372451613030319
0.8109290968113324
0.8235974965852874
0.6169205733972825
0.14099242647020568
0.29513735378832395
0.4030624083027892
0.8503259032934487
0.052945402907662246
0.8503259032934487
0.5835038058748152
0.2700049758792132
0.5289836262876524
0.5314666376272995
0.24441175265119466
0.20393467873205992
0.31696806388632676
0.5009004461141762
0.5628533438210427
0.8269222708356481
0.8948763532247342
0.49382701436692367
0.665035440188984
0.13204396406145089
0.5300032291943643
0.511381802262028
0.6351531978036626
0.9232464570509108
0.8389229739689243
0.39545744514990233
0.21163501696940829
0.6196182706743141
0.26261337731047196
0.5103424719968809
0.1305001992843809
0.8843119956514061
0.5402856548372139
0.11781797759335216
0.252902008715781
0.1788582812876219
0.5362120361317608
0.22022668458580186
0.5133977143090865
0.11786603374424887
0.4813784640545919
0.5656688706488456
0.5465991235392694
0.3826267336475362
0.29513735378832395
0.5366409335316781
0.8302028025172369
0.5864684481193393
0.8843119956514061
0.7572062808531297
0.500687436558614
0.23268556197337
0.4658839626045331
0.890552550297218
0.222359434948701
0.3186094788570333
0.5401858573898694
0.5529392402448862
0.32970208775607623
0.47904082806419096
0.7435399488324477
0.545586926891879
0.24072141287050877
0.052945402907662246
0.5098228068643074
0.5848353935044671
0.1266566389584708
0.2148700479899313
0.8458361797674664
0.8629401537555426
0.40343912574616203
0.45472541202745154
0.21163501696940829
0.5424790409038589
0.6239450039335878
0.20363154728717603
0.4658839626045331
0.26261337731047196
0.9300804912977555
0.5289124883923988
0.5008714032634721
0.5289124883923988
0.5703931324297925
0.236404008252955
0.8955644798378168
0.49355479838458766
0.13635980324161012
0.586452013112085
0.2163401261014759
0.48437492683316075
0.45619788809152323
0.9232464570509108
