0.5233233468381928
0.5231312353269312
0.5231380258744244
0.5231466463729392
0.5231407097152506
0.523146670953897
0.5231407097152506
0.5231328295326412
0.5231328295326412
0.5231470192163347
0.5231519033308231
0.5231153094073373
0.523137661905048
0.5231502767039192
0.5231514551240424
0.5231519033308231
0.5231447897881636
0.5231613650923682
0.5231284730523303
0.5231332883132408
0.5231224497059189
0.5231365716704881
0.5231372779969986
0.5231227962281136
0.5231466463729392
0.5231514551240424
0.5231424820587165
0.5231284294566741
0.5231447786248234
0.5231443702141405
0.5231638608036179
0.5231332883132408
0.5231236352749358
0.5231264787982361
0.5231525535183031
0.5231741469786594
0.523144384062303
0.5231090886852942
0.5231376435784433
0.5231124500184423
0.5231349702212129
0.5231305694187571
0.5231602118590704
0.5231306631411429
0.523146670953897
0.5231413202713154
0.5231614458724158
0.5231489972285996
0.5231424820587165
0.5231315324949365
0.5231924597286742
0.5231302663282885
0.5231206017362031
0.5231038641753275
0.5231568973265639
0.5231475739492959
0.5231815466896239
0.5231503333435475
0.5231443702141405
0.5231428908445993
0.5231228531507757
0.5231656684410102
0.523139185698023
0.5231095906925518
0.5231588220180532
0.523110362157856
0.5231341504555234
0.5231420059345305
0.5231553082210254
0.5231519033308231
0.5231455676139661
0.5232272302100394
0.5231386011021167
0.5231393797403475
0.5231485451286825
0.5231720492616426
0.5233233468381928
0.5231444937520059
0.5231487648429244
0.5231716216477472
0.5231495400757016
0.5231172518131735
0.5231012428679443
0.5231384535799345
0.5232272302100394
0.5231254561620324
0.5231386011021167
0.5231356378236128
0.5231418733952723
0.5231326379151233
0.5229530248184386
0.5231434763767439
0.5231495400757016
0.5231370277095319
0.5231414845531116
0.5231869188357212
0.5232137421332693
0.5233860657939454
0.5231018348239068
0.5231284730523303
0.5231315869048982
0.5231398343789322
0.5231447897881636
0.5231484714309799
0.523135361263822
0.5231312353269312
0.5231341504555234
0.5231069070281963
0.5231212225546664
0.5231521073948572
0.5232141090262967
0.5231482379063243
0.5231484714309799
0.5231502767039192
0.5231211006974862
0.5230951018975102
0.5231090886852942
0.5231447786248234
0.2276578869792398
0.5231134161062764
0.5231502767039192
0.5231380258744244
0.5231312353269312
0.5231286104095433
0.5231257535225374
0.5231349702212129
0.5231407097152506
0.5231555265240901
0.5231796161791161
0.5231374266614938
0.5231807269510202
0.5231264787982361
0.5231205536924833
0.5231613650923682
0.5230956763482116
0.5231349702212129
0.5231341504555234
0.15436939422288776
0.5231382167725992
0.5231326379151233
0.5231472562457754
0.5231716216477472
0.5231372779969986
0.5231246520938213
0.5231289485856545
0.5231869188357212
0.5231324292577924
0.5231235184635862
0.5231739714518056
0.523116178055098
0.5231374266614938
0.5230951018975102
0.5230646083730186
0.5235917547803759
0.523138688850001
0.5231438939288631
0.523135318684549
0.5231424820587165
0.5232961640133594
0.5231503545754821
0.5231284730523303
0.5231411556711337
0.5231466463729392
0.523164547880538
0.523137661905048
0.2129353692489449
0.5231764108576993
0.5231807269510202
0.523120716738948
0.5231380258744244
0.5231555265240901
0.5231472562457754
0.5230806990371043
0.523139185698023
0.5231519184256883
0.5231347110729013
0.5230313961907371
0.5231332883132408
0.5231623676812052
0.5231236352749358
0.5231436921908735
0.523129898856468
0.52314706359977
0.5231815801384164
0.5231486697031212
0.5231443352080679
0.2129353692489449
0.5231521073948572
0.5231296313086221
0.5231124500184423
0.5231208101135442
0.5231638608036179
0.5231413202713154
0.5231715516005272
0.5231427365384603
0.5231274270366143
0.5231257535225374
0.2276578869792398
0.5231986330891841
0.5231452042082799
0.5233139675281815
0.5231568973265639
0.5231486697031212
0.5231432033832787
0.5231315324949365
0.523110362157856
0.5231156847710596
0.5231310441952265
0.5231124500184423
0.5231345941785124
0.5231147549328014
0.5231452042082799
0.5231438939288631
0.5231470192163347
0.5231532248236312
0.5231638608036179
0.5231153094073373
0.5231397736395187
0.5231487648429244
0.523129898856468
0.218636963972547
0.5231525535183031
0.5231503333435475
0.5230989123875984
0.5231419795185891
0.5231381830341871
0.523024097364664
0.5231353889237244
0.5231287836398811
0.523144384062303
0.5231503545754821
0.5231302663282885
0.5232543745766586
0.5231172518131735
0.5231378246370473
0.5231315324949365
0.523137661905048
0.5231413202713154
0.5231224497059189
0.5231501897569557
0.523151012219946
0.523135318684549
0.5231602118590704
0.5231824130423942
0.5231444261286319
0.5231447897881636
0.5231720492616426
0.5231319294038997
0.5231516323473411
0.5231150104864034
