0.5511311327238329
0.5262714092864846
0.5230346420879484
0.09143099664728276
0.18740143098428755
0.5262133562988999
0.5095565400507192
0.518818131363715
0.26282227658500623
0.5154006944231359
0.5383728114242051
0.16481549765089662
0.52398228709188
0.5227335224665745
0.5191535006773745
0.5305866672922773
0.5215227283483521
0.18747607072357847
0.5266154218743414
0.25472792675383293
0.5246992099264999
0.5198969853089438
0.1943018237547006
0.18732679124499663
0.5162202560190208
0.5212734878782332
0.5248124671304013
0.5222094585387171
0.5260349090826687
0.24022937675540298
0.5190900683928773
0.25472792675383293
0.5177047900067566
0.5177047900067566
0.5240042431928008
0.5262714092864846
0.5284726484892719
0.5187254246612608
0.5217456507852543
0.5197863824992789
0.09143099664728276
0.5240042431928008
0.5093613101433937
0.2531346995952267
0.5235642990177461
0.524445344937263
0.2641922087569808
0.5190900683928773
0.25313409424758376
0.26591915688875395
0.2367947872241376
0.49630161265750194
0.51532828353161
0.5233344908267078
0.26363805869282947
0.2116418200953769
0.5216754384413456
0.5235642990177461
0.25456286793614885
0.5171006851026422
0.5270399679294873
0.541614218793317
0.5215227283483521
0.5248833511341903
0.5171006851026422
0.531738765740359
0.5190900683928773
0.517692587814968
0.5245464183104386
0.531738765740359
0.5327796812635097
0.5256519437531216
0.5316170746315334
0.5351996095981101
0.5197863824992789
0.518818131363715
0.5257707563919622
0.26486408860763727
0.5216179439979877
0.5276256125156437
0.5248274346222096
0.5231953173509548
0.5252621655260398
0.5241242684266131
0.5191535006773745
0.5174784940159984
0.24981155237291394
0.52398228709188
0.5171691274833867
0.5325307373842603
0.526658815030737
0.518818131363715
0.5316170746315334
0.5246992099264999
0.5223950141467154
0.24022937675540298
0.5270126650515534
0.5196684298629315
0.5288329765461591
0.5221394722213973
0.5192460819067991
0.20289513028637646
0.8773590221556826
0.524445344937263
0.517692587814968
0.5266872292540785
0.526658815030737
0.525454099994566
0.5248124671304013
0.5255283661494478
0.5210323640311672
0.5325667126274539
0.5154006944231359
0.30967529515944736
0.5212734878782332
0.5273725961731817
0.26282227658500623
0.5321825161774266
0.21568449826361957
0.5270831880793406
0.5166609959637721
0.5075635764112318
0.21568449826361957
0.5227335224665745
0.24218315250902314
0.5203529193736997
0.5256688664580187
0.26363805869282947
0.2531353049428696
0.5256688664580187
0.5305866672922773
0.18747607072357847
0.541614218793317
0.5182536254425834
0.5238869278870626
0.09143099664728276
0.5202559160859545
0.09143099664728276
0.5171006851026422
0.5075635764112318
0.18740143098428755
0.5351996095981101
0.5174784940159984
0.16481549765089662
0.5216170333109426
0.5233659869569208
0.49570442853364616
0.5194120347642622
0.5383728114242051
0.5306348983572186
0.5273533816303226
0.5260349090826687
0.5287571790300944
0.528394340143024
0.525473091264324
0.47429289619684994
0.1943018237547006
0.25472792675383293
0.5192296047554638
0.26282227658500623
0.5248495998324373
0.5227335224665745
0.15800500758813868
0.5305866672922773
0.5271167877610923
0.2116418200953769
0.5093613101433937
0.5327796812635097
0.5249201488737576
0.5256868085668762
0.2792791714134995
0.5216170333109426
0.527403459578065
0.5270399679294873
0.8773590221556826
0.5278356765976411
0.16304774690343507
0.5313990447771946
0.5192296047554638
0.5272553792348744
0.5095565400507192
0.8980250627126037
0.5257707563919622
0.5142907637371245
0.5325307373842603
0.513863023438363
0.24459176490002865
0.5266872292540785
0.18732679124499663
0.5262133562988999
0.25456286793614885
0.5198969853089438
0.5270126650515534
0.18740143098428755
0.5128689662221086
0.5313990447771946
0.24218315250902314
0.2021330428285762
0.5216754384413456
0.5040247532276425
0.5223950141467154
0.5246992099264999
0.5222094585387171
0.16481549765089662
0.5330907513258453
0.5234275771881196
0.5383728114242051
0.5254492844329371
0.5197863824992789
0.49630161265750194
0.5212734878782332
0.858737410566433
0.5093613101433937
0.2641922087569808
0.5265150556519773
0.5321825161774266
0.5238958661442217
0.5261768947392257
0.1943018237547006
0.5241242684266131
0.26363805869282947
0.14652718657368255
0.5259023128959082
0.5225235092385768
0.5171691274833867
0.5221840056017469
0.525407208481516
0.52226070745273
0.5262133562988999
0.5142907637371245
0.2531346995952267
0.5266154218743414
0.5262714092864846
0.5206402393947195
0.5271841112224706
0.5222094585387171
0.5166609959637721
0.5233659869569208
0.5240042431928008
0.5359989310253237
0.525407208481516
0.23254734873306082
0.23254734873306082
0.5111031378067963
0.22492060033951072
0.5230346420879484
0.5235642990177461
0.5187254246612608
0.5273533816303226
0.8980250627126037
