0.5117911120334521
0.5117911120012778
0.5117911118081229
0.5117911149481215
0.5117911020614642
0.5117911003026618
0.5117911113588464
0.5117911113588464
0.5117911229526545
0.5117911141264883
0.5117911060157533
0.5117911118311325
0.5117911141264883
0.5117911118311325
0.5117911197025471
0.511791121895686
0.5117911105619529
0.5117911149481215
0.5117911020614642
0.511791128718193
0.5117911118685042
0.5117911120012778
0.5117911146920121
0.5117911129561027
0.5117911116004974
0.5117911122018216
0.5117911146920121
0.5117911235161533
0.5117911008536727
0.5083063116280297
0.5117911084417961
0.5117911033174959
0.5117911118311325
0.5117911074745632
0.5117911176438121
0.5117911074745632
0.5117911014168797
0.5117911132724914
0.511791128890112
0.51179112634572
0.5117911206241781
0.5117911110303143
0.511791128890112
0.5117910865797632
0.5117911166732193
0.5117911110303143
0.5117911254053512
0.5117911200612322
0.5117910919694564
0.5117910768994269
0.5117911119585301
0.5117910873983589
0.5117911083256598
0.5241135134261616
0.5117911119585301
0.5117911276213568
0.5117911106917225
0.5117911084417961
0.511791128890112
0.515750556163612
0.511791086567401
0.5117911120012778
0.5046164791002257
0.5117911367122295
0.5117911140206068
0.5117911028347477
0.5117911218463984
0.2754925515506006
0.5117911317480893
0.5117911042004651
0.5117911120334521
0.511791121882704
0.5020756741571978
0.40413579218079154
0.5117911176438121
0.5117911020614642
0.5117911231279829
0.5117910769343385
0.5117911153073695
0.5117911294964442
0.5117911113588464
0.5117910996184825
0.5117911019665011
0.5117910768994269
0.46637544802591535
0.5117910295806974
0.5117911186785286
0.5117911130836852
0.5117911095184903
0.5117911060157533
0.5426959441328607
0.5117911178399673
0.23089767698749006
0.3829492292409194
0.5117910953854231
0.5117910642721325
0.5117911105890319
0.5117911134560467
0.5117911009979308
0.5117910815335398
0.5117911036009821
0.5729354371834308
0.5117911155580575
0.5117911141264883
0.5117910553121882
0.5117911186639228
0.511791111279008
0.5117911098964534
0.5117911023519995
0.5117911303093613
0.5916461192722071
0.5117911071389718
0.5117910895041952
0.5117911066258989
0.5054725918060895
0.3471273906425806
0.2790471531396462
0.5117910895041952
0.5117911097676362
0.5117911244317381
0.5117911154351971
0.5117911104670693
0.5117911132724914
0.5117911143192497
0.5117907761771003
0.511791121895686
0.5117911197865787
0.5117911360713366
0.5117910999883972
0.23807916548470232
0.5117911205878449
0.5117911218463984
0.5117911206241781
0.5117911062507993
0.5117911254053512
0.5117911025181173
0.5117907761771003
0.5117911169782332
0.511791102293255
0.5117911105890319
0.5117911196593034
0.5157822650151334
0.30842344930372034
0.30842344930372034
0.5117911105890319
0.5117911113536656
0.511791121895686
0.5117911140970034
0.5729354371834308
0.30842344930372034
0.5117910873983589
0.5117910994678465
0.5117911234833041
0.5117904867130482
0.5117911062507993
0.5117911400442096
0.3471273906425806
0.5117905389810913
0.511791121772335
0.5117911194682909
0.511791079593185
0.17862830429171223
0.5117911042004651
0.511790932167282
0.5117911109760244
0.511791135829075
0.5117911171856325
0.5157822650151334
0.5117911229526545
0.5117910988876445
0.5117911231648371
0.5117911456707542
0.5117911118048025
0.5117910185146931
0.511791117470917
0.5117911030302942
0.5117911003026618
0.515750556163612
0.511791110036675
0.5401481037110687
0.5117910943831651
0.5054725918060895
0.511791121882704
0.5083063116280297
0.5117911128108944
0.9536173736679413
0.5117910919694564
0.5020756741571978
0.5117910953854231
0.511791133137534
0.5117911457327536
0.5117911113536656
0.5117911320046119
0.7343453323682885
0.9536173736679413
0.5117910242451558
0.5167802488897182
0.5117911393712433
0.40413579218079154
0.5117911140970034
0.5117911016776536
0.5117911170153454
0.8889841932774007
0.5117911126715963
0.5117910756485753
0.5117911205878449
0.3829492292409194
0.23807916548470232
0.5426959441328607
0.4809477309423299
0.511791128718193
0.5167802488897182
0.5117911267071267
0.5117910994678465
0.5117911276266146
0.5117911106917225
0.5188883195439185
0.5117911398902077
0.5046164791002257
0.46637544802591535
0.8889841932774007
0.5157822650151334
0.2754925515506006
0.5117910242451558
0.5117911190908768
0.5117912223244444
0.5046164791002257
0.5117911218463984
0.5117904867130482
0.511791121772335
0.2790471531396462
0.5916461192722071
0.5117911060157533
0.5117910995075241
0.5117911128995658
0.5117911033174959
0.5117911042004651
0.511791111279008
0.7343453323682885
0.5401481037110687
0.4809477309423299
0.5117911356298174
0.5435444433620674
0.23089767698749006
0.5188883195439185
0.5117911175889454
0.5117910505635083
0.17862830429171223
0.511791110850762
0.5435444433620674
