0.639891741470423
0.4155968873047061
0.2479075029296972
0.6899124056628997
0.638626191582624
0.6492251217583066
0.781479136103561
0.846018613819211
0.5696078897304987
0.1228390189436459
0.8656199164893206
0.3056008759949208
0.670746797878479
0.06671426141149905
0.11919894989739988
0.8529694227008205
0.40862497504028605
0.2423035352656513
0.7451253902135239
0.18878271004803404
0.9610823134284755
0.4790920398133841
0.12481046762748749
0.5017825914947778
0.17173369755416068
0.5268842812519232
0.8819690223915362
0.5283304804268698
0.4863092114893761
0.05038742926497397
0.23404526399944403
0.44832262502902676
0.9450582730919458
0.6779313328926686
0.913086704494537
0.9990831264803397
0.0757175983261823
0.2608574514025708
0.8282143776851595
0.7496849314982672
0.0427670115600427
0.42324333125026203
0.6526886720029207
0.6537837846745747
0.143031581116434
0.7541544775978504
0.3603013247385297
0.07614619309106097
0.22077562333318634
0.5547889758925839
0.6686361566383817
0.8851970688123021
0.03215452886104608
0.7331916391516184
0.035145562403438135
0.3138453584611882
0.8825113348636343
0.2068617702754535
0.91298224019687
0.9387363247521091
0.8693896215313003
0.21461511542438094
0.2269193265541083
0.06117222410122236
0.6603286750461682
0.4125550660600875
0.49155672000003114
0.1701036127627067
0.11535289514945646
0.4552881577657558
0.12296713284645489
0.7241287013643094
0.22712762685112697
0.1976578613273935
0.3524669438526361
0.9411988431728406
0.7693620975136521
0.3507928581432399
0.667846068252102
0.9595182085631008
0.8014958147405911
0.9272659879209914
0.38327568337911755
0.9481226080279854
0.460694491084397
0.3546287577873918
0.3808437266668454
0.35047622603530215
0.6030322765332219
0.5459803326711554
0.04687883768486201
0.7216895018983011
0.4843682866204039
0.9033763333926985
0.33440492110222775
0.1041179168426225
0.13856939215860253
0.538823040002139
0.9598989152817207
0.03750317729196584
0.6963381462216941
0.9111477717451067
0.13252731114152405
0.9983434301249933
0.08065803083643763
0.6741725651223439
0.9524143868338777
0.540464803713589
0.3160978927217857
0.988577051490008
0.22209483118903584
0.6258963684970819
0.4571757385857953
0.37577067333491554
0.26922174929883036
0.27003154421062003
0.32711709390490074
0.2088721289140134
0.16060598890806943
0.42093133387975024
0.5228360266076999
0.4806221777859625
0.774148223207875
0.9122031060859842
0.5756785128185153
0.15713407081455555
0.7367293207769723
0.42206234955376476
0.450585089069064
0.1992874224469673
0.2062874110315036
0.5398410239210663
0.4058498344031357
0.25830367396679144
0.8710846419306579
0.6694176161836556
0.014122194406430588
0.7377477619603678
0.6579726378506165
0.40946659212453407
0.19609056239203948
0.5030642506307565
0.16863492063518126
0.1633788676363046
0.32235591372038197
0.5779461048818562
0.21199778597126395
0.9126134348717421
0.7002197295038026
0.2997823088478814
0.7013853014566508
0.9235238870974346
0.8421462428485857
0.7557628417856882
0.7248789342598329
0.334960987144147
0.2205344549499172
0.3205626559299698
0.10335884285860486
0.008864071083980685
0.6396912454813717
0.17913002216437524
0.4696646795906657
0.4522145886360587
0.8419784638784332
0.9999172997114839
0.9537157799022083
0.6322603769095074
0.7726534714860361
0.2551346295241309
0.07972222011426267
0.7464090014162496
0.9079428328693621
0.3925785642793186
0.8476326799142154
0.2444196129098961
0.2116927352735577
0.6129905496628011
0.027983273610912685
0.8296242106944625
0.21831380349181995
0.8222090662979318
0.15008939606839267
0.14241563087553744
0.1644576626647669
0.9223612095522338
0.39998235083351674
0.9315298767964274
0.6249391233166739
0.7608013777014846
0.10761782711672052
0.7895723813870247
0.722389422698805
0.7991648595745694
0.9848735377836488
0.29551697461432247
0.9765186204036009
0.6847270780980853
0.9975390338897698
0.3862480876645833
0.2769884689072001
0.2914526084283009
0.8221347850269428
0.4404285537267266
0.5235350086954751
0.9084504759197721
0.47954469087009155
0.41517242488627215
0.5955424173643932
0.17828444287028522
0.35665006329753435
0.7994546157315137
0.139342570040638
0.7093516988732138
0.2890337293789653
0.2830439439630932
0.5008094198463869
0.5112739958834623
0.9980909430313584
0.3839740688883184
0.9558336015278587
0.5117792832307315
0.15711102618338713
0.7382448219708776
0.49574584764032126
0.6648466308722847
0.2569630263241558
0.9920400321918873
0.4998815073994599
0.7626760585857899
0.1890874052529533
0.6784233042583588
0.4317447542536873
0.4922671843137063
0.8562673689112632
0.8579055717485653
0.8844865472988204
0.10421864490929644
0.7079309419208069
0.9132563302761539
0.5431406710234749
0.6848295920082452
0.6384818644163937
0.10293880763396368
0.48266251096778
0.5542169711263775
0.17352659791333613
0.15664418190671892
0.5423290708555962
0.5452976432288166
