0.04783996563917746
0.21130765407091365
0.3635183286956863
0.2006568400008596
0.18483277944837997
0.2206740259866951
0.1500293592985133
0.13407929499669038
-0.012387298593345392
-0.1638876937471719
0.05864439059216077
0.29261334851870135
0.14733835378458157
0.18154890529393033
0.13881130017768675
0.3896663163067949
0.09160557850943313
0.23267183727573845
0.23732468311171956
0.20564658580298098
0.21009080074388456
0.08012644330593166
0.37532415948251757
0.07089599989420992
0.19020459241997792
0.038359725605529145
0.1048324283341957
0.2729564588044438
-0.03880825435891186
0.232661511511144
0.20206750567954482
0.1452997769085086
0.1749493557448031
-0.08856589630676813
0.21536930563990542
0.006763601770873009
0.20808988979982568
0.10664470434514291
0.15784251442465908
0.09712256661360741
0.10241269334045554
-0.08418542991574188
0.017855668122242277
0.19599107597854118
0.10069196473493332
0.1663978997971431
0.34623576370379
-0.021034325086832964
0.10141305901905459
0.08770718146295572
0.23857070561501828
0.10426453254549128
0.09860656393737646
0.26196596791689086
0.18822883134400528
0.05251393298976174
0.07798662220792936
0.08912674369772368
-0.15982364464021862
0.16525301516496368
0.1939505777619969
0.13856808432911183
0.051205827954311466
0.08695570600589765
0.0999532772073435
-0.13500934012277183
0.3051232600038343
-0.11779881321465441
0.1830782052396717
0.1572625214554267
0.19331858438327854
-0.13650455620764573
0.02726434992214253
0.22902220609268606
0.17785413282921994
0.20461688461074015
0.12799009647288437
0.13032751964899353
0.3169184506300895
0.1292354976451359
0.0639840449941711
0.3324660176685332
0.3062357552412174
0.27181831866931133
0.4329854349754164
-0.07763726044286082
0.17804125326563436
0.26363152142594815
0.20792015588982274
0.2715013946124368
0.10602876970360892
0.21922979134318232
0.004909425744008624
0.07003164549181035
0.0804418317323906
-0.03105387450333937
0.13692282029740513
-0.2196124304324926
0.07951262766886892
0.1007802061208608
0.12926209964768404
0.22949936241041832
0.048902253219659984
-0.05386381133513328
-0.006475654467482025
0.12361346651293002
0.04621452563079224
0.012747044054970055
0.22369571132266353
0.040269026236738774
0.42397126253151846
-0.0146659747911295
0.16751353697936108
0.14876064056976976
0.036333451696712614
-0.02133764529263621
0.2812791973081506
0.19432800042529286
-0.07296801678865447
0.012195195132987965
0.1950653546688045
0.08210064843475456
-0.08182582209722385
0.14048561790597988
0.16061613246911957
0.33058416749591024
0.12525753917774496
-0.03181374951818251
0.09132323939265602
0.12065782931846032
0.01017743484058239
0.1170605161038511
0.3014417780888064
0.2779477165592068
-0.0867150147486296
0.150165743860777
0.223140035982497
0.06131517834674708
-0.007106128497967782
0.3059470688016566
0.05470379550849107
0.15042925805566193
-0.02388975077372003
-0.054259669441435725
0.05728178918101712
0.132872305529357
0.12191514078672414
0.17719385790208364
0.06920996702643474
0.14125864382645775
0.12974712064663393
-0.061413028922056696
0.1789308157675722
0.09317611282371588
0.19296798762844833
0.17498211769032115
-0.15053568537461717
0.14060725756047654
0.0657951970588072
0.018899184755548023
0.20186976779733048
-0.10759064831504854
0.14542616394013352
0.24019210708895508
0.3425513577013304
0.18367732997524774
0.03642482952814615
0.2608753449424948
0.14413006447153248
0.20253006396529982
0.030977911407461728
0.02095388535593274
-0.11929040903431058
0.046694108921489376
0.0037834049748843323
0.09783131847986715
0.04136855673302272
0.2659416307105446
0.09238135997415363
0.08557395374286215
0.18850977424857315
-0.11611624579896043
0.04541560027627714
0.1967610384184918
0.21866162405876463
0.1889689097143214
0.1324578512501823
0.17517707755162312
0.1849212953428766
0.06915573868661422
0.06655088899957372
0.11698712959062685
0.14718557074624364
0.08767418263607757
-0.1802174924267003
0.14885950381621849
0.05013635832996415
0.12632469441227626
0.14897430956206048
0.22822564503207285
-0.15279183719673414
0.22337257338339706
0.2266712312973478
0.11397581914062005
-0.028883829691733084
0.05848650165083295
0.14795734111877845
0.1457212900950501
0.04855546658698365
0.25872256977863806
0.07580363031438112
0.36905051521556126
-0.013701067129565208
0.4195616484971611
0.10335680704703863
0.2608952838711366
0.22984169985452035
0.1793818006371183
0.12943212972396412
0.06483844951559038
0.03855744770790731
0.1932906449355811
0.08933765276588428
0.3235361396192264
0.07739504774941043
0.01828493512011739
-0.16649155985880562
0.16538076822937828
0.2491250034020315
0.21212616688128139
0.13560395909688563
0.18263610216991463
0.1486854082114911
0.19943341528054478
0.14877159788200378
0.09174844929166333
0.016755826460866426
0.032506026076635025
-0.0036265727999253623
-0.0006526556153756948
0.14165456922411854
0.19064920336409616
0.057625995699408385
0.026231406737857992
0.2167106138547359
-0.05521628124776876
0.16809960187069276
0.17262431657816923
0.12063668133906691
0.07416731874963473
