0.032132243140050365
0.1569534540949038
0.7698937212232995
0.661577179723998
0.4256505915183395
0.4911307519199136
0.5732663747149463
0.05305978325275229
0.05003381788676664
0.8299293857726676
0.028097144872531787
0.9028433243398223
0.8127349545045598
0.9244786868177648
0.5800193798137788
0.1869773449036779
0.7019146605394584
0.061811830062976414
0.623973499649246
0.1746564578792139
0.22963410803137463
0.09456521167100129
0.8267920821559259
0.2506462884453432
0.8593415058683281
0.036117416593707596
0.2508137656516293
0.6815734419754084
0.6733735887225137
0.5409921938936971
0.0296973865344643
0.8904204942453393
0.7480616640438169
0.45120529414719346
0.4659584791612591
0.2895726859362482
0.8474527649270854
0.10388846166897059
0.34779599744782497
0.9808885737965126
0.6062300760801874
0.022496787606998248
0.8900718698306186
0.2327460649248888
0.4951555707233761
0.02669707184091008
0.004873344816271663
0.26950456319375105
0.29603349548083746
0.48799836691260745
0.11326331752392971
0.7767416074033711
0.9205319621938375
0.6322811732664847
0.1752180712091086
0.2899023223889232
0.44691562472172863
0.17098060315898733
0.08466299539377742
0.4074977344455879
0.26716604797790455
0.37723071320111845
0.043894953607719556
0.10623574077362041
0.7998643835678478
0.08977344011807453
0.7680501165550296
0.12416133374089644
0.5341383599069902
0.579282943958422
0.48275984946235084
0.39482268398628206
0.07947563020436665
0.02649212203203355
0.15506236640048254
0.9514354517449548
0.814002415317284
0.20688983461854038
0.9359840994090673
0.565741037437137
0.33356509534194034
0.3105643904209803
0.26798645884772343
0.7317665483434378
0.7673321296666581
0.1765841454482988
0.47100548815674925
0.43348468871293144
0.3385549544411025
0.3627804270987157
0.7352552913956059
0.9852188421414445
0.47981378936344377
0.564631012989369
0.3336639787608292
0.6500477345012697
0.588288350368528
0.7710900961538074
0.37086735747415667
0.6524378752316706
0.3338766747961027
0.8855716615727026
0.8501293060822
0.21132853599699097
0.011278071834633363
0.8660547708987949
0.026549449227470046
0.8014439947551867
0.030940545138697595
0.7453875984674895
0.8829636887502119
0.2879978310402932
0.825514321979603
0.39918471652110965
0.7402427538369772
0.7905566755743105
0.018682197927620048
0.8362850313689837
0.8708320908037851
0.22819607910643103
0.1426850231682305
0.5846144061563626
0.7955472917607038
0.5909367931384509
0.18353930447199118
0.22105250907173168
0.9172475729455467
0.5345014388375247
0.41421300098327907
0.7555946838735162
0.7086387760696592
0.3921804559974711
0.904199296272413
0.6102915647435991
0.12223421073003571
0.02088425976548669
0.674499757506696
0.08697206754746811
0.17715536706904322
0.40269561539949583
0.06710112867409757
0.8592612549805667
0.27436443218996565
0.117337352956287
0.3613711609578387
0.47563270086100595
0.326482562651805
0.4382700247488006
0.02346778679482997
0.37069147859835216
0.05195735385971978
0.5109020252064709
0.8538322449807243
0.5532786158284544
0.5227632370433763
0.8131389359471068
0.8037119748092645
0.5754993531150181
0.14339477228085873
0.23178002820951904
0.47328833039813356
0.3143820110604305
0.01528557326263802
0.9531695865417511
0.06175451507748497
0.8932186120780724
0.6661542944191423
0.6168403525760304
0.20722432131664903
0.575931922814372
0.40606381421995896
0.507248897046179
0.5067198949640975
0.8217691563285153
0.8897318228569683
0.4704036796116595
0.7238408042977804
0.16281531321403686
0.5015153275654602
0.510693990996892
0.47228219186988496
0.942111229616606
0.7668102441218696
0.9229415729135957
0.5099999914785152
0.7091380720143063
0.4160680220213401
0.4245845492343444
0.14978200701242728
0.89838929904962
0.8152155099174097
0.07467169684814723
0.3075019672671716
0.2504381115992572
0.4697939362503758
0.06191335115865115
0.15116890224951485
0.19978887679921375
0.41570074721814776
0.5976406443703934
0.2496016412676051
0.18947341633369075
0.28096391123346176
0.6467447449257059
0.3323233345277724
0.44270460362774133
0.9976595248694613
0.8988860937023908
0.45866750231891473
0.23302359335126366
0.41702668954602384
0.9801171667236841
0.8081875594052331
0.3211152526286346
0.458521798059929
0.5738972663800458
0.37292530776380806
0.8598069459090608
0.8520489497214613
0.6602865245102901
0.15796367589978455
0.04570419578327911
0.4721106357639733
0.7429365222500253
0.1313717819126986
0.046494477414951496
0.9801493242528184
0.8842525638526405
0.412055567506042
0.09072793616134833
0.2573639145830815
0.4977358376769231
0.8240289302742662
0.6260689740002422
0.534962709127265
0.2279182346744193
0.9502239691532465
0.5898411036421491
0.4553866408250683
0.8530289256804996
0.5853667378723276
0.2246189882311891
0.9481002784328986
0.39758476034028634
0.49651867477459477
0.7188668753818193
0.28054321407930605
0.30782488793454976
0.8599349504377575
0.9504154176981059
