0.422115314180062
0.7167180213240016
0.717554371266825
0.6022603488642427
0.01656853451554115
0.5033652520820006
0.46397163049400775
0.45141064406645626
0.2002329510421161
0.1248163798092672
0.1775857831243953
0.5912673851988779
0.7127506049102218
0.15254954218599528
0.7800134831168613
0.6513843445295104
0.6317242592973001
0.10690315594660167
0.6272918208278667
0.6546343228105317
0.6690192909349623
0.17304348575298692
0.9486309285819281
0.49845995531828746
0.7084396421855791
0.6683052619127208
0.6164517112369003
0.5379147125226369
0.9169991265238606
0.625538535907829
0.08744648230614069
-0.004313199918191434
0.33286092018254043
0.08666543496843829
0.6304571649098104
0.7662749603308244
0.29339652517817794
0.17206568167309721
0.666757748275034
0.7242518228540505
-0.1172349694771385
0.5470424404975696
0.07417343231383153
0.6668685512192166
0.8253036425979184
0.6965657525789319
0.5876991617544385
0.7134847930504522
0.7049391687917648
0.7866168334482905
0.648012793222538
0.6223822877191248
0.7403177094040843
0.13086621562087458
0.7056759023429431
0.7817046914068694
0.5948842810732744
0.5930125907039775
0.13155450693686316
0.5703063139517
0.14066496519890276
0.500470745541144
0.77866873271104
0.4434968766538112
0.6979260567802795
0.5239812044650337
0.5142001051578435
0.0996902906187383
0.6397211262820727
0.007696441784872982
0.6819718120221013
0.6176574650316313
0.08428951022800561
0.5863894021662777
0.7266831571594402
0.850064871361096
0.25621655943891786
0.5565477075289597
0.13904491329532703
0.7999390703360657
0.6656410366830792
0.7405468197765981
0.17134793514418656
0.15365640276173387
0.7089308376035136
0.7922404131399593
0.7547781560752022
0.8278329696219844
0.12773313777248724
0.7843127785861831
0.5368974930894178
0.7805737738364128
-0.01751582326971704
0.6293863239758635
0.10366364540293774
0.11964039622524673
0.46548887564244157
0.03239484882810016
0.5995136240980099
0.2460655214490246
0.5946942990023248
0.7748784683872667
0.6562784844749114
0.6726272507003717
0.5610091982312686
0.4891886375341425
0.22792717979846797
0.8264821841831115
0.6325081275344993
0.6592510473927019
0.5526283567288469
0.5723618238005137
0.653802959599621
0.3763226657772019
-0.1239532724197199
0.7210926478484081
0.31000920983132046
0.6598368183794492
0.6685695020384792
0.6479892798244387
0.029378891636421843
0.7982385938975826
0.8705370816253771
0.03637309373893872
0.6543055131471417
0.3717149638587762
0.6624951248559288
0.7562980323715867
0.0689033302037386
-0.09647786913736522
0.06198593569127814
0.5741736890408696
0.6143964179194151
0.03245229968146232
0.6477632364873679
-0.07829414177748623
0.7134465724588146
0.4547908259646948
0.645859905484325
0.5179294274992781
0.657818361749447
0.7597808626537236
0.11260866939867412
0.6640162791221328
0.388560292640488
0.6233514319546779
0.5166314755058722
0.5788920320736891
0.2697734792401465
-0.2246835104581302
0.17875184819345627
0.649860511547588
0.5027620573808047
0.5790964035091049
0.7168398211684776
0.6140909722283499
0.8834366267684032
0.6972949507883394
0.6929120425177827
0.54408809208696
0.12283569945038106
0.6652707564041224
0.49714025975863013
0.6415104917572985
0.7077072206536578
0.5763919544453687
0.4992875507383259
0.6372513201389254
0.7460918390060753
0.5261865807824089
0.0349781264408232
0.11064056000590437
0.12174377554767486
0.06809381535036704
0.6934028271340543
0.24664232824546845
0.5537540505211459
0.1417723830262163
0.5698897112274175
0.6053314749448172
0.266587424809754
0.6000067304754754
0.7736200722565927
0.07812312238026142
0.6409492701892832
0.65895633817798
0.7907406213125882
0.07105506466053092
0.619211226970809
0.5926216306940012
0.23030500521748726
0.7961766021911382
0.7310215447791423
0.6839378282429326
0.540546455925518
0.12808900162358053
0.02847385863663064
0.5557489663637373
0.6617454206989527
0.6082880205738339
-0.07816466454377387
0.7858196526673646
0.7405382198406543
0.5827555044781195
0.6278315181251201
0.7375018930457442
0.1342849700868302
0.674649804592234
0.6913119020400782
0.07171576074737354
0.6282289373510777
0.6286983823019417
0.5377738594674557
0.07117955004836768
0.031879196424584894
0.7077504172615728
0.8780436922452985
0.17670137368198194
0.0937042126815292
0.6537730920611377
0.13864925486250052
0.7513133970986564
0.45803724547305613
0.3612437238661913
0.5542151307596973
0.6313082573668194
0.049786113925259425
-0.09762035478615061
0.6241401875894756
0.17494058723460945
0.587662824323044
0.694871002975975
0.7341166256136699
0.6670153428903653
0.5605809372711181
0.682316964726285
0.5991716362896069
0.6824583000533454
0.657101309652536
0.10661173062467093
0.43796572231683867
0.7783290822392517
0.6219943759630847
0.7072450528347849
0.5552204349593086
0.6822252189636875
0.7698848275628835
0.7458218362237152
0.6755056342619309
0.006731493696012833
