0.816420324024706
0.9998067990341198
0.9349649743217084
0.9641724191402147
0.9692688853207142
0.9131419544091209
0.9482994517841206
0.9998575231645213
0.9058845534585477
0.8345441918312834
0.9216782332817476
0.9425193478201782
0.923249028848634
0.7786013576226128
0.8481883772552569
0.9997021818038689
0.9998950119681934
0.956493604475169
0.8010306402526529
0.9054990887563402
0.9998558071133066
0.99986921324268
0.940793472837015
0.9998455416240836
0.8846186021948577
0.8975662302348383
0.9682919119747263
0.8359764034013372
0.9999246769325778
0.9615386047876926
0.8890657093531164
0.9994962744756505
0.9525659688573437
0.9613686346613555
0.9662943620120329
0.8798106942329421
0.9998477466490868
-0.1589275128722998
0.8942249789508618
-0.4267911229978534
0.9280394682122908
0.8641740761007819
0.8333971539794232
0.7842723192780563
0.9998270767353347
0.8160640667632689
0.9998833121839247
0.9353720178070838
0.9998580284963122
0.9419888523379636
0.8852057937749688
0.875978590456779
0.942311894503468
0.8677768593477471
0.9318064300208899
0.9551017151648137
0.9485050734347592
0.9999186552764293
0.9249452171917162
0.9179199120904533
0.962598539654785
0.8834360066046453
0.9998268567236573
0.8752764802483695
0.9578279741993674
0.9261132997428301
0.9998036390952487
0.9286627180091129
0.9079415804095571
0.9216260359200437
0.9996951671456265
0.9372375596866614
0.8922662063296304
0.8749496193869871
0.8849509785792974
0.9997555009888632
0.9974144066145089
0.8813350893733933
0.9643244458369973
0.9138574296691256
0.9998819236848279
0.9997704264948766
0.8360541335424303
0.9652862542003064
0.884269514065377
0.9458687933794742
0.9505454619575376
0.9565724680285902
0.9997946142910741
0.9998243748593186
0.9527022701816221
0.9998621254177619
0.9997328837368875
0.9032520380543946
0.8992813561300387
0.8445697902838623
0.9478275712320927
0.9997270633512331
0.877951779547675
0.9997811538645819
0.7974488682236918
0.8333810629485151
0.9998436639554079
0.9631363226256541
0.9283148201788846
0.952411342479002
0.9702273600993627
0.9998821061297779
0.9998785321583664
0.9082983314287421
0.9603668957731787
0.9179441139398528
-0.25586883338296396
0.9997294802730976
0.7757720137805582
0.9999369909872575
0.928133248677979
0.9062013939146103
0.8847211789677433
0.904518804670503
0.99982715776934
0.881199363261802
0.9100088147780482
0.9350570342443436
0.9249512612567677
0.8756233872221499
0.8491858557036108
0.8562432364990281
-0.21687523501036599
0.9548681092435014
0.8975205643791356
0.9612374997280929
0.801490978619991
0.926154892465207
0.9058291739545126
0.9999001703121488
0.9386504242446876
0.8374666763014534
0.930614408790562
0.9137186787018337
0.9999084654864033
0.9997642801860286
0.9357015930775622
0.8981283775173258
0.9009424039595767
0.7697227577404689
0.9998690513006699
0.9997572710276388
0.9998379523674003
0.9281365394181139
-0.2694034362549881
0.9582190148025823
0.9551614421597199
0.950679504665901
0.9999048920864171
0.9997422411588652
-0.3162625108315885
0.9599297237859881
0.9216524678745223
0.8782777790132281
0.9997460927830351
-0.193938221996365
-0.07147509835220087
0.9527270225377066
0.999822450449312
0.9998278270186823
0.9998777827658633
0.9998196445061395
0.8622204013664021
0.8957365392524557
0.9995068175927715
0.9998906586846322
0.9451917864406155
0.8787832820085016
0.9582963335714447
0.8645778196009537
0.839658437774128
0.9063662981014344
0.9644562093588377
0.9099813367531474
0.9998840198459128
0.9673000689926832
0.9281854885995275
0.9136864284549472
0.9331715869288661
0.9093451004760008
0.9998146388061514
0.9995971924693166
-0.3931682700707397
0.9381219027146531
0.9207098038692323
0.9998854346819286
0.9093643075933923
0.8452380963493231
0.9305917966392936
0.9138876149416908
0.9041535040843258
0.7935787097963926
0.9527800685737446
0.9286209293082605
-0.2150829891933816
0.9093923079659507
0.9998422741992432
0.8142274296798546
0.999596851864594
0.884673833371145
0.9451857446912961
0.8880292367922575
-0.3341040073180564
0.9461139316279348
-0.13852630369116176
0.9255507802453898
0.8579986476388304
0.8893794377269572
0.9656332392567367
0.8723958880357648
0.9998998777757905
0.9092413508232227
0.8421750286429016
0.9597844605461503
0.9308485922409168
0.8169337566686058
0.9019035471689896
0.9458506311744419
0.9365858281321932
0.8072330354564414
-0.43670968739833543
0.9998998672066665
0.8844044382630112
0.8141834777370379
0.958450638572533
0.8996850987158705
0.9443600440219876
0.9995986112641156
0.9997455850034601
0.8359165975062106
0.9997389743654606
0.9480029331792986
-0.20089927320633488
-0.18018442584954422
0.9067755509377314
0.9015130672509929
0.9348493268411346
0.9628005040709791
0.8622880721214493
0.9484493129683942
0.875112668730095
0.8423527005558686
0.9485540476402925
0.9547831181375187
