0.22804514905016252
0.2280451490481541
0.22804514904810114
0.22804514904973297
0.22804514904935105
0.22804514904988207
0.22804514904970605
0.22804514905004666
0.22804514904926998
0.22804514905002327
0.2280451490492681
0.22804514905106363
0.22804514905007914
0.22804514904973297
0.22804514904902248
0.22804514904987686
0.2280451490501707
0.22804514904959625
0.2280451490493093
0.22804514904958925
0.2280451490499585
0.22804514904961062
0.22804514904958925
0.22804514905005377
0.22804514904872145
0.8921816048916211
0.2280451490500988
0.22804514904987186
0.22804514904890305
0.22804514904979242
0.8921816048916211
0.8921816048916211
0.22804514905034556
0.2280451490468612
0.2280451490495863
0.2280451490499585
0.22804514905000497
0.22804514904810114
0.22804514904595288
0.22804514905002327
0.22804514904973297
0.22804514905016252
0.22804514905005147
0.2280451490501978
0.22804514904988207
0.22804514904965367
0.22804514904979148
0.22804514905034556
0.22804514905076934
0.22804514904941225
0.22804514904595288
0.2280451490482878
0.22804514906209805
0.22804514904976678
0.228045149051757
0.22804514905007914
0.22804514904965367
0.22804514905028447
0.8921816048916211
0.22804514904912612
0.2280451490492681
0.22804514904889364
0.2280451490500988
0.22804514904810114
0.22804514905000497
0.22804514904917697
0.22804514904923945
0.22804514904956175
0.2280451490504777
0.2280451490492681
0.2280451490482012
0.22804514904959625
0.22804514904979223
0.22804514904935105
0.22804514905134465
0.2280451490500988
0.22804514904978268
0.22804514905064108
0.2280451490481051
0.2280451490479712
0.22804514904988207
0.22804514904958925
0.2280451490499585
0.22804514905003215
0.2280451490501258
0.2280451490493044
0.2280451490481541
0.22804514904971215
0.22804514904976678
0.22804514904888987
0.22804514905064108
0.22804514904742937
0.22804514905052206
0.22804514905000497
0.22804514904978268
0.22804514904979223
0.2280451490500787
0.22804514905177142
0.2280451490504683
0.22804514905028714
0.2280451490489265
0.22804514904924167
0.2280451490498899
0.22804514904887999
0.22804514905026296
0.22804514904922313
0.22804514904825482
0.2280451490501707
0.22804514905158607
0.2280451490501659
0.2280451490505722
0.8921816048916211
0.22804514904965367
0.2280451490499564
0.22804514904916373
0.22804514904961062
0.22804514905010928
0.2280451490495863
0.22804514904898263
0.22804514905033368
0.22804514904986933
0.22804514904930948
0.22804514904968687
0.22804514904968542
0.22804514904766268
0.22804514905028714
0.22804514904964768
0.22804514904923945
0.2280451490492352
0.2280451490472679
0.22804514904987686
0.2280451490415306
0.22804514904888987
0.2280451490505722
0.22804514904917697
0.22804514904985593
0.2280451490506371
0.22804514904916373
0.22804514905003215
0.22804514904831116
0.2280451490415306
0.22804514904766268
0.22804514904970605
0.2280451490718124
0.22804514904994347
0.22804514904913542
0.2280451490491996
0.22804514905050718
0.22804514904872145
0.22804514904961062
0.22804514905043968
0.22804514904890305
0.22804514904982554
0.22804514904986933
0.22804514904902248
0.22804514904949447
0.22804514905047168
0.2280451490497415
0.22804514905051584
0.2280451490482878
0.2280451490493093
0.22804514904924167
0.22804514904970039
0.22804514904938114
0.2280451490497415
0.2280451490501215
0.22804514905180873
0.22804514904713882
0.22804514904981907
0.2280451490483195
0.22804514904765294
0.22804514904825482
0.22804514904997783
0.2280451490517357
0.22804514904887999
0.2280451490504683
0.2280451490504777
0.22804514904948872
0.2280451490500787
0.22804514905061757
0.22804514904890305
0.2280451490501062
0.2280451490501707
0.2280451490557336
0.2280451490493093
0.22804514905021434
0.2280451490642222
0.22804514904922313
0.8921816048916211
0.2280451490459728
0.22804514904968542
0.22804514905238368
0.2280451490509541
0.22804514904926274
0.22804514905050718
0.22804514904889364
0.22804514905004666
0.2280451490485993
0.2280451490503674
0.22804514904948872
0.22804514904994613
0.22804514905005147
0.2280451490504091
0.22804514904686482
0.2280451490500699
0.22804514905051584
0.22804514906209805
0.22804514904912612
0.22804514904976161
0.22804514904972964
0.2280451490501978
0.22804514904971215
0.22804514905238368
0.22804514905076648
0.2280451490491996
0.22804514905025186
0.2280451490494001
0.22804514904976678
0.22804514905039383
0.22804514904930948
0.22804514905026296
0.22804514905158607
0.2280451490491109
0.22804514904666398
0.22804514904979148
0.22804514904990722
0.22804514904979295
0.2280451490495863
0.22804514905076648
0.22804514904887738
0.2280451490492352
0.22804514904742937
0.2280451490521985
0.22804514905127596
0.22804514904963014
0.22804514904868867
0.22804514904996132
0.22804514904964768
0.22804514905034556
0.22804514904970039
0.22804514904956474
0.22804514904898263
0.22804514904595288
0.22804514904912032
0.22804514904987686
0.22804514904968687
0.22804514904977888
0.22804514904960552
0.2280451490505513
0.22804514905031
