0.1302314726389826
0.5848698861583868
0.7591894430878603
0.2030612691975253
0.81255798823026
0.26815595641466916
0.26815595641466916
0.6167608665049245
0.8722635403609845
0.29789611101667807
0.19677437062140857
0.22750634190718944
0.8414738919729108
0.13309044866378986
0.1924061626713528
0.7591894430878603
0.2310834289460857
0.6428014964402035
0.7436762305584315
0.024152502849378643
0.8949428534516486
0.2946673566903663
0.22797247211664665
0.2096289747445045
0.3834849916886884
0.1924061626713528
0.2692837655338673
0.34199885750942194
0.6020343179640393
0.3367489362028606
0.23566788895467047
0.22750634190718944
0.5972026335412344
0.6020343179640393
0.25402122304702696
0.6181145780408119
0.6615074835260972
0.3013560527458144
0.6010162707186835
0.8944577972058472
0.13309044866378986
0.7591894430878603
0.889905412577395
0.6442109816726193
0.8722635403609845
0.3834849916886884
0.14464822587612128
0.024152502849378643
0.27252455162939543
0.5769775574285024
0.2884743435418496
0.5993734880061153
0.2223702437975339
0.1302314726389826
0.6018513698737515
0.25402122304702696
0.2946673566903663
0.6518890257628113
0.15938053333876298
0.2576238130810668
0.5888146789895776
0.6835567105915903
0.5793637821048413
0.5652605526298328
0.9021206418150871
0.17249709433461635
0.5922291738654523
0.6087347754384999
0.811139615243169
0.17249709433461635
0.15938053333876298
0.23850586975997276
0.23153609689724916
0.39714076102587076
0.15542584946529772
0.8414738919729108
0.13309044866378986
0.676716519041905
0.18709841899090449
0.1979734439435651
0.6637485126474607
0.2128976338169083
0.21852246657288651
0.1302314726389826
0.6757837698754534
0.9604634153087381
0.22849128509525476
0.08603295866028142
0.23566788895467047
0.18561445014463063
0.15542584946529772
0.08603295866028142
0.6209591812366305
0.19730583359169707
0.1874424203284125
0.8241172083813244
0.3910797671532338
0.9820855648025837
0.675420747856868
0.20584972169204427
0.49652516034254157
0.2692837655338673
0.81255798823026
0.6637485126474607
0.9615944400676095
0.6209591812366305
0.6087347754384999
0.1979734439435651
0.2635791939805317
0.6230530207107815
0.2635791939805317
0.5888146789895776
0.29789611101667807
0.2525937128056356
0.923330331816955
0.19730583359169707
0.25341935065522814
0.273472375134747
0.5850801039249902
0.8414738919729108
0.24840567428671378
0.3367489362028606
0.9664266532958767
0.0843371591309297
0.6428014964402035
0.27984457836034426
0.5848698861583868
0.27930566066780527
0.5848698861583868
0.8701376472231912
0.5204132116876027
0.024152502849378643
0.19573593723527072
0.22750634190718944
0.6367701427066752
0.5922291738654523
0.636905953660938
0.2030612691975253
0.024152502849378643
0.2816252461423983
0.6757837698754534
0.6518890257628113
0.49652516034254157
0.6010854463740777
0.7123603309166576
0.22601032882907152
0.6041689284679231
0.19617483396033034
0.24938389041461806
0.8461849635072252
0.6523094612960184
0.5769775574285024
0.6167608665049245
0.2497525256973115
0.2694330412095395
0.6020343179640393
0.910665309956383
0.22773006960243447
0.2400063239595552
0.22366868815719915
0.20233320701099558
0.2485590950875277
0.675420747856868
0.2068366801670153
0.2531656660308655
0.2310834289460857
0.23153609689724916
0.4647092125591168
0.2393051549903631
0.25402122304702696
0.7591894430878603
0.16093717826941928
0.894885479242038
0.7075796439394695
0.8722635403609845
0.5799267773225549
0.512701271621764
0.27910457721361487
0.20106638242977767
0.34199885750942194
0.27910457721361487
0.3056558891832666
0.34361512513633374
0.13309044866378986
0.2223702437975339
0.2692837655338673
0.8352665867307179
0.7436762305584315
0.889905412577395
0.7436762305584315
0.6523094612960184
0.6496042601408297
0.6835567105915903
0.8944577972058472
0.1874424203284125
0.6442109816726193
0.8983367246496057
0.20584972169204427
0.636905953660938
0.15542584946529772
0.6498515562298627
0.18561445014463063
0.2223702437975339
0.565407924831288
0.22797247211664665
0.2211163831829477
0.5799267773225549
0.5972026335412344
0.8944577972058472
0.5793637821048413
0.20584972169204427
0.8827056443354464
0.6496042601408297
0.27060692334104813
0.2525937128056356
0.24848238468712075
0.27252455162939543
0.321492159781904
0.565407924831288
0.9022021290649559
0.2946673566903663
0.41113481333635815
0.3910797671532338
0.23566788895467047
0.6836995687657297
0.23850586975997276
0.910665309956383
0.6026369387925192
0.26815595641466916
0.5176887480405638
0.5204132116876027
0.2139541420594302
0.4647092125591168
0.22797247211664665
0.81255798823026
0.889905412577395
0.2478639472998807
0.1924061626713528
0.5972026335412344
0.5524089352770919
0.25341935065522814
0.19573593723527072
0.5773640274282421
0.6428014964402035
0.2139541420594302
0.6367701427066752
0.5652605526298328
0.3013560527458144
0.27930566066780527
0.7229138473955641
