0.0481682159961859
0.9222413617385039
0.8056034532440609
0.8712960542661625
0.743853927007099
0.999999999999974
0.8690380962671774
0.8222660124018757
0.8056034082265128
0.8085941387845199
-0.14219828310040544
0.9197330246207528
0.723524870699215
0.8303448088274223
0.8377211460383072
0.8868965225535548
0.7630213170733723
0.9999999999999751
-0.1351476362329587
0.9999999999999595
0.8377211827332021
-0.16599405386516516
0.9570987048232127
0.8755861787816309
0.953920803547742
0.9078416232991094
0.8114942501204341
0.869038096561043
0.9308812136750143
0.9539208021680884
0.9111330020856092
0.7926436382389611
0.7737930930668651
-0.17880715594672142
0.8394660274357372
0.8918140756069658
0.7235249093662652
0.7037766380727698
0.8963218199464876
0.8963218142475154
0.8283947638551209
0.688965531148987
-0.19471313715577895
0.817038513675667
0.8755861899475914
-0.1993081783616701
0.8868965308507277
0.8056034230030356
0.8303448091596125
-0.03643920457198063
0.7926436552335385
0.8394661097852765
0.8755861897169136
0.7778325302438908
0.9539208058953882
0.8963218179221614
0.8755861727483196
0.9111330087179361
0.8377211267498095
0.8222659729302276
0.7778325415185884
0.9042970589780335
0.8933596250427147
0.7014068538501751
0.8085941880278811
0.8963218489981316
0.8283947441497092
0.668229867402904
0.8666994835923303
0.8918141016512763
0.7630212895314379
0.96229883926634
0.8444827317312786
0.8868965308507235
0.8963218275573565
0.9308812053216603
-0.11047051739336068
0.727844861199542
0.9141973638160273
0.8755861907599337
0.8617624214659108
0.9999999999999638
0.6445319644486397
0.8341149136026557
0.9308812176162886
0.8690380819820366
0.8222659742397186
0.945907044140258
0.8564456079455767
0.9308812409430348
0.8868965346928852
0.8444827591550398
-0.17265683912373495
0.9570987048232249
0.7993325577229087
0.7380762157404966
0.9377931021585303
-0.07874277051227528
0.8377211627991382
0.8056034135235414
0.8035571549769678
0.9570986778806175
0.8918140654212819
0.8666994745953923
0.8283947292160903
0.7737930648671874
-0.1421982132155327
0.8918140805727789
-0.17880697186094155
0.917057457033872
0.9042970931846093
0.881510656296704
0.9170575039106131
0.7926436957379838
0.8755861787815897
0.8222659672814834
0.9570986890663914
0.9170574733016681
0.8156832641167254
0.8283947484418018
0.9570986791651491
0.8833620417127699
0.9434482680955234
0.7667241202648933
0.9459070374725048
0.6516413793953413
0.7926436948727814
0.9017785572866123
0.783628220792214
0.9459070286321306
0.8156832360731029
0.815683244733418
0.8868965422945971
0.8303448459791682
0.9434482783088618
-0.142198155783081
0.8617624312912988
0.8536308127704508
0.8394661007090666
0.8444827286506484
0.8617624292910747
0.9434482588995202
0.9222414126331205
0.9078416310518603
0.2670894380891554
0.9481609184654133
0.8303448105171676
0.8444827302027638
0.999999999999933
0.9502344678315897
0.7926436852848548
0.7511723599805334
0.7836281747658984
0.8222660549195614
0.8918140650511593
0.9078416212746141
0.9999999999999405
0.9999999999999558
0.8868965298764162
0.8536308059829226
-0.12755465057973406
0.7511723519720337
0.9111329855221185
-0.09028015883853975
0.9141973916195595
0.6889655264995959
0.8666995127812351
0.9434482880443003
0.8815106802868785
0.8617624519673289
0.9004690081704199
-0.18450182393342113
0.8133792729516969
-0.17579190700221134
-0.11935431785093621
-0.06605167923900773
0.7926436530852201
0.7511724801752625
0.8755861899475206
0.8377211452127394
-0.15085119849446835
0.8056034277208922
0.8283947473103361
-0.18450182240922713
0.9521485325442304
0.9345190453615014
0.9999999999999435
0.9004689913750958
0.9502344703669854
0.7778324842486836
-0.1275546164709735
0.9222413592555505
0.8963218389859803
0.8712960560688512
0.9004689531630362
0.9611206879758003
0.861762414164792
0.7696040650455342
0.8918140790688938
0.8712960500180216
-0.2056536477898005
0.9197330134746766
0.9170574537627108
0.8394660888696239
0.8963218241602804
0.9170574558426001
0.8133792709256958
0.8666994872271888
0.8009378954837844
-0.12435142440811704
0.839466055950802
0.8666995643455216
0.8303448246174644
0.8444827584790348
0.7854934342999481
0.8868965516209921
0.891814075743543
0.8617624349486933
0.8755862173547744
0.8085941487471004
-0.1726568606893263
0.8815107085594031
0.6445320189430168
0.8755861957141828
0.7778325120730761
0.8222660081969783
-0.1659938638901894
0.9459070427358983
0.9078416199614977
-0.23005948311408841
0.8009379165299726
0.7854934410123854
0.9598665051141453
0.9078416215641225
0.7295351992175598
0.8815106610014594
0.8377211088045857
0.8755861908548714
0.8170385402202784
0.9078416290615535
0.7380762904571182
0.9308812106381035
0.9268153938699295
0.8617624487460501
0.9377931060653625
0.8222660056885781
0.9111329915444198
0.8755861958633735
0.6889654412261443
-0.10081420404151661
