0.5853871544376629
0.2584892183278824
0.2584892183278824
0.14377063606620397
0.40766316624742027
0.2816252461423983
0.2045801424686133
0.32975882909286064
0.2173500558920851
0.2896486339798972
0.6399541182676849
0.10750007497917768
0.11798946965698213
0.2560706897454022
0.6858919199257998
0.5182394096230898
0.399544845514459
0.10750007497917768
0.811139615243169
0.16639089791735898
0.8999104552179427
0.11798946965698213
0.32032170779404806
0.6282544396921954
0.11149291323629791
0.27518502598218386
0.19298579046454156
0.13581518326375097
0.4564646636742406
0.9542716734277239
0.6282544396921954
0.20292754556119377
0.6282544396921954
0.2303110210218845
0.0542577711387735
0.5568043204712636
0.6399541182676849
0.4014531282820731
0.6117871185586496
0.17334767805571383
0.6282544396921954
0.12421319692163076
0.3799691001924533
0.8886104332216105
0.573034294819396
0.17209961509675514
0.22219982450572723
0.971258866524144
0.804108214028584
0.1434952412856536
0.32032170779404806
0.5993734880061153
0.073233418029756
0.1302314726389826
0.6237759624249481
0.2800255017382304
0.46800745145498557
0.13624974835633447
0.9001377405426888
0.3067985442124272
0.566507043174676
0.9145610831156296
0.5703042999938037
0.6118746502293098
0.9021206418150871
0.22660927841470876
0.2744291882844692
0.5568043204712636
0.811139615243169
0.5445291699237405
0.12198669605611738
0.9392484465325164
0.13581518326375097
0.3223260645932542
0.10528356434960218
0.890013501158428
0.002796094060050547
0.7554713759514696
0.30316908455808567
0.22620976053652816
0.2045801424686133
0.10750007497917768
0.3490163187982865
0.1302314726389826
0.6757837698754534
0.9496679640933323
0.3822868914998352
0.11149291323629791
0.17530467313443873
0.13931447374498404
0.0542577711387735
0.018982054580389485
0.6118746502293098
0.09108067285152295
0.14049240300245536
0.8241172083813244
0.3910797671532338
0.9820855648025837
0.8886104332216105
0.08707065944552543
0.40766316624742027
0.4564646636742406
0.9022021290649559
0.746562464546902
0.9615944400676095
0.28079495196387344
0.6185119383847038
0.18303020793263958
0.32032170779404806
0.13581518326375097
0.8886104332216105
0.5558084045824355
0.3223260645932542
0.3799691001924533
0.956755251056515
0.0570439884044119
0.21404029745990272
0.3571133827845805
0.5169760879446392
0.8999104552179427
0.27573954913555887
0.8759638908039029
0.9664266532958767
0.0843371591309297
0.7124715734797029
0.4014531282820731
0.43384353401708514
0.9542716734277239
0.15004632251818106
0.3799691001924533
0.4779000714330004
0.012104799779328435
0.17558303273211007
0.22219982450572723
0.971258866524144
0.5568043204712636
0.6228035066435147
0.14049240300245536
0.040854558779067796
0.2816252461423983
0.6757837698754534
0.11857827813312372
0.5853871544376629
0.5780094037499335
0.9421369005286588
0.20297686232192036
0.5993734880061153
0.17530467313443873
0.30171719229481364
0.812877488502102
0.2173500558920851
0.5703042999938037
0.6377425914542324
0.28079495196387344
0.3508781704338445
0.5993734880061153
0.8886104332216105
0.19400694177223898
0.16639089791735898
0.6936395025717259
0.17334767805571383
0.5624873980740364
0.6718573770980163
0.27520018590849543
0.2531656660308655
0.7075796439394695
0.8759638908039029
0.4779000714330004
0.22325341807892074
0.0843371591309297
0.7653847609681164
0.5359100846292547
0.9342683759504284
0.7075796439394695
0.8496033520068573
0.5624873980740364
0.46964493659889006
0.31741608458866455
0.16639089791735898
0.32685581801431923
0.21404029745990272
0.073233418029756
0.9664266532958767
0.32685581801431923
0.17334767805571383
0.2584892183278824
0.8352665867307179
0.2751745150280631
0.8999104552179427
0.811139615243169
0.7453749825997946
0.6858919199257998
0.8310652496791795
0.9291356792032134
0.956755251056515
0.3108845864952355
0.9001377405426888
0.17209961509675514
0.6836995687657297
0.2173500558920851
0.6859433030681867
0.16988895053056619
0.27573954913555887
0.12198669605611738
0.28306010602198256
0.22660927841470876
0.5973661565710734
0.20297686232192036
0.15687809468871122
0.6117871185586496
0.17209961509675514
0.2482384847270173
0.6859433030681867
0.2816252461423983
0.832583974459832
0.22620976053652816
0.2908677620621727
0.32601816082537627
0.3490163187982865
0.9022021290649559
0.26396344059994803
0.41113481333635815
0.3910797671532338
0.2754164654762695
0.6836995687657297
0.22325341807892074
0.9327201866911554
0.5558084045824355
0.35022240066259647
0.5182394096230898
0.5182394096230898
0.8496033520068573
0.4564646636742406
0.28079495196387344
0.7229138473955641
0.8814741005051843
0.2303110210218845
0.19513623112987216
0.5169760879446392
0.5524089352770919
0.3657380904907635
0.2531656660308655
0.5773640274282421
0.6463742447546668
0.28640661136441975
0.6399541182676849
0.3410751970451673
0.4282224657420901
0.6064464867329998
0.7229138473955641
