0.16982125169839435
0.8175306381905404
0.41153827816264876
0.7951382257783404
0.38491872016958634
0.41153827816264876
0.40522251458549496
0.4043412196916123
0.35415004302706493
0.30814580376735384
0.15239853311970616
0.7951382257783404
0.30814580376735384
0.8036706789427647
0.176284913595065
0.3860563756559417
0.8138588644271008
0.4043412196916123
0.35560769010955495
0.42813306540249385
0.41153827816264876
0.35046006698124765
0.176284913595065
0.7986313398859148
0.44313245849150945
0.39341943795039613
0.36893268366370324
0.2727468685499222
0.423435478671989
0.440447796587567
0.786876390114402
0.3538596454595639
0.8137606108252802
0.395699631728297
0.7951382257783404
0.36205857800256785
0.3201799686138063
0.28460129056848466
0.3545918878919358
0.37609774443338045
0.8084103186560676
0.3673478695412649
0.44175230640454416
0.3638795964768662
0.423435478671989
0.34652915583257604
0.38497710025078663
0.3638795964768662
0.36902545681488874
0.37610576657198386
0.8267831198930424
0.46609392539823674
0.37609774443338045
0.40522251458549496
0.35560769010955495
0.3201799686138063
0.7999104362528925
0.38491872016958634
0.45516090034065243
0.39341943795039613
0.7941145030972301
0.22335926904126424
0.8322125047604926
0.8017554861107721
0.2185077134503749
0.7846564199295241
0.7798127748338368
0.3673478695412649
0.4043412196916123
0.786876390114402
0.8138588644271008
0.3629218498556627
0.36128355139100843
0.29948625173650406
0.42813306540249385
0.8322125047604926
0.16982125169839435
0.25549926701785713
0.8172379761213499
0.4425947045667638
0.35415004302706493
0.379790785962947
0.4380625557199352
0.7951382257783404
0.7999104362528925
0.22961950938774267
0.4007523938688868
0.3805668401684863
0.3775292462072535
0.2945832631723929
0.8267831198930424
0.38497710025078663
0.44239294652378197
0.3443636646896523
0.17582328161584954
0.35205267320911987
0.786876390114402
0.8017554861107721
0.3894797030742586
0.3443636646896523
0.4358481588241221
0.33528436253921917
0.8175306381905404
0.25549926701785713
0.3984873067010838
0.8394697916576597
0.4007523938688868
0.18390548341376162
0.12695562574078315
0.4697586588858092
0.8054544773812216
0.4271967917493107
0.30814580376735384
0.8075613785047202
0.25438106559307805
0.38290514814286686
0.778127491818956
0.8368788951041782
0.2498160042289353
0.2727468685499222
0.7986313398859148
0.4215607029418749
0.8394697916576597
0.42813306540249385
0.17970275087613813
0.2019198126540923
0.8346907473864346
0.2498160042289353
0.44175230640454416
0.8036706789427647
0.781367129668263
0.2185077134503749
0.38163281815369826
0.48322022289686983
0.17823298084051953
0.1522719234170205
0.3211321539403515
0.17582328161584954
0.2185077134503749
0.29948625173650406
0.46187571259177385
0.8252193733978745
0.16903946454690372
0.30854432083667344
0.46519978657440686
0.3590089644324522
0.17970275087613813
0.1813592010718822
0.2945832631723929
0.38941084284083294
0.40466629234137397
0.38941084284083294
0.30854432083667344
0.49455446736728315
0.47743854567614047
0.3860563756559417
0.4707160871680927
0.45153238225829606
0.4563199711414398
0.22216829970613913
0.4177763786006475
0.8275666848479831
0.1502089185628755
0.8084103186560676
0.395699631728297
0.3957790025886992
0.8033285149370714
0.8267831198930424
0.39188140400275645
0.22600979768059404
0.38606110618816214
0.4425947045667638
0.45153238225829606
0.8196564191219876
0.8346907473864346
0.39336048898785597
0.4552735467926372
0.15239853311970616
0.3775292462072535
0.8172379761213499
0.4685857752679799
0.8036706789427647
0.39188140400275645
0.3538596454595639
0.37609774443338045
0.19675345678935074
0.4552735467926372
0.2592824392013056
0.213160400176554
0.40284798485231454
0.44175230640454416
0.37610576657198386
0.19675345678935074
0.38606110618816214
0.4475743020063213
0.3303568557185514
0.28998653283646636
0.12695562574078315
0.8275666848479831
0.455616144352821
0.2019198126540923
0.4003906288626475
0.44313245849150945
0.8252193733978745
0.3860563756559417
0.4215607029418749
0.4399560092701425
0.8241927067134891
0.3756867746500776
0.3984873067010838
0.8392836648932214
0.8024092121571998
0.8392836648932214
0.4621475683420976
0.34652915583257604
0.4563199711414398
0.4426590621933746
0.8017554861107721
0.42870058481336243
0.8175306381905404
0.23455707653651886
0.379790785962947
0.423435478671989
0.8332683833285524
0.19366444129519422
0.40522251458549496
0.32106858747161027
0.8277963510157907
0.3629218498556627
0.3538596454595639
0.19675345678935074
0.38491872016958634
0.16039934054339616
0.4399560092701425
0.28460129056848466
0.15239853311970616
0.29018802528322857
0.34652915583257604
0.8230444713412797
0.8263129345003695
0.42870058481336243
0.3686440844320369
0.3686440844320369
0.43600062919651067
0.3984054670049042
0.17823298084051953
0.45192250557339464
0.824934135531762
0.46187571259177385
0.4627245142549538
