0.4623201073379939
0.6238796857475032
0.03140713722236496
0.4989660476424318
0.03614984178606809
0.3072234948371343
0.38251214396760586
0.25043180911051915
0.39176761349035755
0.40496724248869886
0.3081985828535793
0.193264841990004
0.5694221910080153
0.4652222849764698
0.631767405120365
0.405047074721228
0.5997182761029373
0.2962753697667787
0.4579433163246201
0.20806907912597872
0.4624791358618201
0.1827571994814826
-0.1474090664489646
0.44225338508873013
0.16613448497291386
0.49381312737682
0.19448083869999377
0.4642358393343121
0.8822804036720735
0.40001001269459385
0.5994010311592964
0.12357067529857257
0.31127517499127977
0.48342950544855046
0.5430993570366061
0.6063434331561693
0.47861053465343484
-0.048692426723276915
0.5988039318007722
0.3819592407834975
0.05547806921305364
0.2190952175083063
0.5608257641699353
0.4209658450181743
0.5527760357616427
0.4954935425415299
0.3175263510293314
-0.007867583944114978
0.5704067327382027
0.6662080253616033
0.4267364996840267
0.1979397486453953
0.5376428155355357
0.40119055153312877
0.5495507058546137
0.4214675756839929
0.40458367055782407
0.5088182109529156
0.30440666278164885
0.4474720315323107
0.4575279414912133
0.5214413299132665
0.6186216410377401
0.422954777674312
0.34545188415838024
0.433426590891644
0.3698947063539611
0.05828470720651994
-0.16826573549859872
0.22806349682411434
0.5582599553044244
0.21615912885529237
0.3342892194437335
0.12391967732009715
0.579643404983457
0.062396554019324535
0.2440478680997863
0.1384708033232518
0.1809177850176854
0.3596956349773642
0.46538611754862624
0.15457695020195086
0.18916739989772607
0.17717314738719064
0.6044382585454275
0.3007723788751007
0.7875101959662795
0.2840270704537838
0.06158597263130949
0.5028701565238266
0.48390367497087006
0.546848356551107
0.1517252861651234
0.248395906484918
0.3034112359713229
0.05357364379220555
0.3593079968579204
0.5104780882897125
0.08131993517639004
0.36781114136321147
0.3422545615504951
0.5674687534658144
0.6956533382354114
0.4819655719006821
0.381499806331727
0.14545036563242011
0.42148481370444535
0.6488896461831838
0.4665504718106533
0.22054700435803837
0.2828776502128691
0.3426732581847733
0.4922210445541771
0.20340235485063726
0.2800433007651373
0.40437649040168855
0.15069759143059455
0.46184824802243474
0.6595703913805239
0.4199818343307782
0.05919632115352779
0.5838496268162131
0.41005122156886015
0.055604677782406256
0.5259310859736309
0.17486594395022437
0.5793309900643908
0.5843124733413024
0.24285797451908261
0.035656976402339856
0.03639083359200601
0.12212589028240968
0.4560847995028133
0.37933869657515135
0.6041020781701
0.4857796194825217
0.513924518523476
0.46392744162715127
0.40621193256298144
0.4330059338996446
0.009554397245352021
0.5128534199876165
0.19560012915289832
-0.06029893394363862
0.22754925634540077
0.6386377740049246
0.17109235697431854
0.3494051989702238
0.005087297690427012
0.5562262262613554
0.2039391431073551
0.5730811621211476
0.5319072654748594
0.320311168823556
0.3924004847882134
0.37256483292018006
0.3204402998346023
0.1679024844064963
0.513710726377446
0.3421450392588812
0.1365798237648395
0.5901718980609488
0.3097588754849511
0.5281667259695834
0.46112431418178307
0.45791860843723425
0.4169287712469321
0.6249393358382224
0.09005843691396313
0.4115048252325408
0.03393275320557256
0.2536875726534747
0.26382214694305983
0.21874462132774034
0.7030180777549522
0.3326247685096017
0.5996575577401903
0.28542930655661775
0.4063690449020134
0.38431116321505693
0.1489889985333113
-0.005296647570212441
0.44611909049330206
0.23634800059862768
0.19545338308241933
0.5562806278953362
0.4499226686135966
0.15634596166781917
0.27991188695226815
0.32266909352542517
0.2822402921381375
0.4901217843608365
0.5384771939717105
0.6681184703547447
0.11537327294490331
0.1282991293177789
0.14152225747459277
0.591281832409334
0.3770850545513406
0.35226494481753867
0.09241940506969966
0.5351344504868767
0.38065015439125005
0.1547028583945822
0.5786624316284313
0.5844147855687746
0.27787948409119334
0.47689290087717745
0.4821243251633602
0.12132004350028124
0.5117919293152755
0.5294907881063521
0.4367958459593181
0.14806318853317546
0.17443351066408852
0.6458685769142024
0.5016123446854257
0.527339275327448
-0.07705741447903995
0.5255007731923502
0.2266970683536823
0.5265196410205474
0.35103849156086103
0.38549161630773365
0.5047123608873713
0.43810008650967686
0.06344149124910796
0.22631753319034867
0.3292084548368482
0.3630088697207858
0.19727603060002874
0.515052829453209
0.5554135999414385
0.4129997591801075
0.2519462898166896
0.1995333978481816
0.428210787798786
0.5032859945241717
0.5650668813146432
0.15266834434257126
0.29363095496198877
0.5975937698963362
0.5389030217836578
0.5923991384854044
0.43737352037528054
0.19196661141035776
0.5255488732354393
0.04511166312788345
0.20997042240457203
0.4442912492519042
