0.2011186193642928
0.251461970630976
0.25252840914504304
0.6153706671249114
0.22329905257357313
0.24577197234458126
0.6305299036469613
0.6519130267135386
0.21778087950989214
0.23715177509117533
0.24386461311524302
0.5930665509756803
0.25187724064372236
0.21778087950989214
0.8591351937172229
0.22166145569581833
0.6361643046443024
0.21927081080814842
0.23918564462408068
0.5793149897036215
0.3163684063105857
0.5994766463797679
0.910665309956383
0.22555859708841075
0.21188176882377618
0.6253075316012509
0.5863474884318822
0.5930665509756803
0.2410581915608789
0.24577197234458126
0.6793876538838074
0.2702043107897138
0.6227017975359638
0.6241200540202758
0.5441089948061762
0.6044730980820963
0.62529326091576
0.23918564462408068
0.5761567398604232
0.22852803088725424
0.1874360098432799
0.2011186193642928
0.8866107850183611
0.23377648029035406
0.23001274778667596
0.26184907809274255
0.22358206659521662
0.5441089948061762
0.2088555163460711
0.08603295866028142
0.5988714052041759
0.5793149897036215
0.6122978607475675
0.2011186193642928
0.6361643046443024
0.268436106786481
0.18779973867168387
0.6305299036469613
0.15938053333876298
0.14273328298663454
0.25252840914504304
0.6305299036469613
0.6099156598210316
0.2285377664319636
0.812052082346724
0.1908335101921407
0.2299726856190917
0.6197262299208065
0.024152502849378643
0.22187006060306688
0.2202772007075827
0.22187006060306688
0.2726740319787958
0.2780808210117938
0.21981859779412258
0.812052082346724
0.1673072921735094
0.6099156598210316
0.22061824217105658
0.23784945944877992
0.22029283891133344
0.21927081080814842
0.25034057899207274
0.22329905257357313
0.6309064105913609
0.2303631289023146
0.6361643046443024
0.2410581915608789
0.21079842756335984
0.18561445014463063
0.8606175804181825
0.2202772007075827
0.6381460535763521
0.1899302343181272
0.21982326379591058
0.2469037669292452
0.3163684063105857
0.9820855648025837
0.675420747856868
0.20584972169204427
0.49652516034254157
0.5863474884318822
0.21981859779412258
0.6566763863941452
0.9640105466817431
0.6227017975359638
0.5973775726426884
0.2022484384834967
0.24354303859688722
0.22329905257357313
0.5761567398604232
0.622445293763005
0.26184907809274255
0.24364512720928264
0.5793149897036215
0.2172429255365702
0.25341935065522814
0.245373033189242
0.21778087950989214
0.8591351937172229
0.23715177509117533
0.251461970630976
0.9640105466817431
0.18779973867168387
0.6395423356302607
0.24982377462743352
0.604762312529497
0.25187724064372236
0.5941704831453031
0.8866107850183611
0.5761567398604232
0.024152502849378643
0.21430811893777504
0.22358206659521662
0.6367701427066752
0.604762312529497
0.2299726856190917
0.21982326379591058
0.024152502849378643
0.26184907809274255
0.6373275875398147
0.6153706671249114
0.49652516034254157
0.5930665509756803
0.6227017975359638
0.21188176882377618
0.6016288042698862
0.21849051179851636
0.24643208168226566
0.7212125476867062
0.6523094612960184
0.6178841695010726
0.6381460535763521
0.24643208168226566
0.24577197234458126
0.6253075316012509
0.910665309956383
0.22291789889799674
0.2365174432225633
0.21729621788225909
0.2299726856190917
0.22721960333132452
0.675420747856868
0.251461970630976
0.2156554986805026
0.22895966162961237
0.24386461311524302
0.22166145569581833
0.24354303859688722
0.25252840914504304
0.6424993536665539
0.1809010491520937
0.2787229137414558
0.7112354192286423
0.23582921440744628
0.6496128295684589
0.653372774278357
0.2530667520186998
0.3163684063105857
0.2780808210117938
0.25666787082901904
0.2392449031387807
0.2815857240192328
0.20997076822531588
0.21188176882377618
0.24755519012790644
0.22291789889799674
0.7098439462876853
0.889905412577395
0.7700836324345408
0.08603295866028142
0.6566763863941452
0.6153706671249114
0.8944577972058472
0.22852803088725424
0.23715177509117533
0.6197262299208065
0.20584972169204427
0.6219064114449658
0.24372959728192473
0.6498515562298627
0.2442181916902202
0.6128318761299322
0.5930665509756803
0.22166145569581833
0.2365174432225633
0.6016288042698862
0.6424993536665539
0.8944577972058472
0.6496128295684589
0.2392449031387807
0.6205922697567007
0.7098439462876853
0.5941704831453031
0.25034057899207274
0.2382274284018837
0.295009480852201
0.24364512720928264
0.6253075316012509
0.653372774278357
0.2702043107897138
0.5441089948061762
0.3910797671532338
0.6477083567046317
0.6178841695010726
0.22852803088725424
0.910665309956383
0.6205922697567007
0.23007134554280992
0.6304026829888918
0.5826880808397369
0.23918564462408068
0.5863474884318822
0.23764558258450766
0.6128318761299322
0.8866107850183611
0.25187724064372236
0.1904051645353764
0.5941704831453031
0.5524089352770919
0.24386461311524302
0.21430811893777504
0.6269630496602209
0.2702043107897138
0.2442181916902202
0.6367701427066752
0.622445293763005
0.23397562517806644
0.21927081080814842
0.24165704546793765
