0.3931119247111207
0.5477064861411842
0.5059352553085281
0.1400439016357669
0.09221352808753748
0.4429301157180202
0.34000097439192006
0.26745163214960455
0.43646516449730105
0.1905757377179524
0.2890596059856551
0.249078774083313
0.1404241690405007
0.4002916173108714
0.6297037575376951
0.36000824904017326
0.5104300225658751
0.07366063837252242
0.416911696875943
0.24770664352308774
0.06248127739315513
0.15273230537014912
0.4165698310156444
0.36965992000393333
0.3371090571458612
0.4938321873583212
0.17616711233859886
0.1489609122704156
0.7468433673892579
0.19981711792114384
-0.17006273690734422
0.22380366607223293
0.3237844630770553
0.4180555322783714
0.38249024518083125
0.3120683668300692
0.43298290435374753
0.41837592112475347
0.49051578356509445
0.21221297606456457
0.43018666357870927
0.2302852720330324
0.36374254833104125
0.48116014414693814
0.5347468750674829
0.12812968704237107
0.33213282252331616
0.4002686434456078
0.42195553845602446
0.6547994237162303
0.33723927855718766
0.4679076714730865
0.515227252068497
0.3480427374888128
0.5327258319098888
0.37714779578308044
0.23843815028119208
0.3411211088444263
0.22977624808127564
0.2916268953048882
0.10235814417885214
0.35297652938462526
0.5635607222656863
0.5908065803447999
0.4146624423674521
0.3457276934405012
0.28176609359763694
0.24371279338223703
-0.13512891272200006
0.33481422699074875
0.5056594040634378
0.12000809015688124
0.2584385975513914
0.20688975977675383
0.49708926388306457
-0.002314998923012358
0.37596961416859265
0.30666573144722237
0.49034842962602004
0.2802295300319454
0.3332790967899999
0.06352704678531937
0.39691704243712844
0.09745451895914625
0.48319849454966185
0.29238408434873575
0.5904541335557041
0.2519034279336448
0.0839448289176235
0.4984164011964219
0.37077113307164794
0.26752719718044493
0.20157207956235026
0.0800683673010889
0.14668453660372427
0.092208140967204
0.35951745930311024
0.5941332134375332
0.2674812409819349
0.14512449699867963
0.21262970683758975
0.5525150859671393
0.6934717226099798
0.4404548579170502
0.3391452801816187
0.009535480780024181
0.3113003049703357
0.6043874614060523
0.2686977410269792
0.3214588859036498
0.37633877290008866
0.2408871394872774
0.28563605796283825
0.15994749765416752
0.3864495281697725
0.17711959350610304
0.18512064035337816
0.48391843561351455
0.4890290252193265
0.4471994877717358
0.1154876492583625
0.4584736379760283
0.3265247478232709
0.24655347187062826
0.4747875698245676
0.08164538805276673
0.5646321938145284
0.44937443146325057
0.39757190945234433
0.26305423279995394
0.2509445239755556
0.21665689572079258
0.18623021011503096
0.4483427666780005
0.6081680660874962
-0.003660558877102868
0.5207395033544021
0.31536775789289306
0.42261472021679924
0.4454098476096866
0.0620400555433024
0.3775049951407512
0.16142338139823467
0.1844076146711522
0.20580766470378337
0.4783772387779053
0.06696286884684516
0.34710388645988477
0.03552530045498096
0.4833436735461493
0.3265758113013233
0.5314293994033112
0.28309809080750836
0.45581534748052244
0.37538099017636695
0.32710513546087633
0.3912974390594232
0.10928636226961091
0.5226309621550519
0.4386339830859545
0.16609235269186304
0.3010271862640398
0.0876428053393722
0.5005938665769899
0.4561969436755406
0.3815173501547269
0.1473973875387196
0.4574004157287114
0.08290486607291891
0.2795438094489068
-0.0031219347183276814
0.1980886074451409
0.290476655440675
0.31698055893840865
0.5039342563241689
0.24785534946138466
0.45877298255292204
0.40917005523143346
0.43250142751160786
0.3569770181369591
0.14606256775449508
0.022497860918477747
0.4205239474884356
0.2488298164577937
0.2932957438175938
0.4515696216774274
0.3098028733961975
0.13600101243263424
0.2851608139652433
0.2571408877941871
0.32189855815069446
0.4497741387454047
0.4628336683734677
0.525269774301533
0.31872152277611915
0.15045784507355842
0.21668474279830885
0.5443411978510612
0.3553376376757837
0.2832167555173692
0.3001971623072786
0.40122432355350396
0.3560275563657948
0.16046618581425065
0.43245597492531757
0.5140483205782591
0.29088679112513904
0.4260799948278508
0.31952902403190364
0.21475169332092625
0.428130402207324
0.2617446988431455
0.46223838992741667
0.1377507995275723
-0.0338167967131951
0.5052417489364281
0.48875110041179043
0.34778589507747193
-0.12048714685605023
0.31816505043947085
0.3173242037304639
0.5060778589949623
0.35749764599713185
0.2908593518099944
0.41698442208230274
0.4411904809886675
0.09291872365704183
0.2642322223351599
0.3017588019410266
0.37114606292483077
0.14148915486245628
0.0769143185514229
0.5326313097186963
0.4732148844690921
0.20220701081511422
0.19730831084930373
0.3573543010120842
0.3027917415707035
0.5416893622882398
0.13237044137329376
0.12642710942911825
0.5882420496284744
0.37666006869514
-0.036362763291159575
0.38651501703701335
0.16958917004449894
0.48855751537561076
-0.04435099533649794
0.3104321227107242
0.33024522882146423
