0.4523734394539264
0.1382306362049839
0.8719864297646942
0.36970353496700253
0.16198937072081182
0.12462812653176397
0.08549778460778654
0.37208614231228687
0.15660233898581916
0.9572456151040671
0.5559430929370103
0.8464273318999445
0.6845814828990241
0.1289945558057562
0.3739330910213898
0.7646185033900629
0.514884794868153
0.47006848662068873
0.9059430138655091
0.8553701356708554
0.41307079060295626
0.16210642489962368
0.4444362411790464
0.13338713668898822
0.3511463685134335
0.352722844708776
0.7720395900143933
0.7809308292515569
0.9059430138655091
0.12077660415848132
0.5825356163170037
0.514676396245611
0.6042677812642782
0.9360786669403691
0.9084319062635264
0.4523734394539264
0.33241327280971295
0.4073710387748328
0.3763480705739773
0.6558592728900704
0.9572456151040671
0.9219580257171023
0.7973465168604376
0.1960732704325867
0.444590471730146
0.0915012015233302
0.46796810214001805
0.7888932726559224
0.8829225817032702
0.6845814828990241
0.11969347753280461
0.8510984767023545
0.375474955704941
0.17411333320664985
0.5669681697898394
0.18441621684612308
0.8688036076787772
0.06059439252571834
0.36739365423920956
0.12681134116876008
0.10560103629177549
0.8986970709566158
0.42025824516036436
0.9613732687971772
0.8920033734559711
0.12681134116876008
0.7997950852065797
0.3989408152095387
0.0429384570172924
0.9249495251086922
0.4371035305467523
0.40901792527211045
0.4073710387748328
0.514676396245611
0.3608430498358439
0.7767325485256823
0.7016394518164889
0.3036049477005731
0.6158621169568341
0.13715308039851715
0.4445941438861245
0.6264042389479578
0.09757219861883602
0.915680343408212
0.09639135240967905
0.611598339027422
0.11137733925749177
0.3989408152095387
0.3730258027704899
0.7870153281262116
0.1905326388516856
0.3739330910213898
0.9084319062635264
0.7866059230057182
0.11466437263561144
0.836491510357141
0.24832954575779226
0.09639135240967905
0.3511463685134335
0.4445941438861245
0.0915012015233302
0.4943556458337244
0.3813887705582198
0.6502632819969437
0.6073159408837174
0.8401580053879448
0.6258838018112953
0.6158513562997056
0.5760053816591161
0.41307079060295626
0.4943556458337244
0.3559229250527477
0.8553701356708554
0.6264042389479578
0.10190182347194832
0.5431058056896567
0.38617090657584857
0.7063676115405995
0.10560103629177549
0.11015906004697092
0.11075967169012045
0.9405087198810302
0.9576976555743216
0.6297483089614782
0.5050567075306297
0.6073159408837174
0.14031705940567132
0.4788491893916964
0.7971574697055346
0.8316577871733393
0.898299757976337
0.17411333320664985
0.915680343408212
0.07307181363847555
0.22205426190223584
0.3351811566451655
0.9613732687971772
0.24832954575779226
0.16518469754372334
0.2332501179779466
0.6558592728900704
0.36739365423920956
0.4788491893916964
0.22205426190223584
0.8635381714348813
0.5431058056896567
0.3061372421387183
0.3036049477005731
0.24843878687259746
0.3956560970993832
0.41580851602638347
0.42025824516036436
0.7971574697055346
0.5167379978515988
0.16210642489962368
0.7053032751484207
0.5985391873412801
0.5304036495762524
0.1679559181665
0.352722844708776
0.11075967169012045
0.2332501179779466
0.10575779730779684
0.7487921459541501
0.11442619677678209
0.762637330874326
0.4271644381842583
0.7063676115405995
0.3956560970993832
0.3730258027704899
0.7720395900143933
0.6297483089614782
0.07945365699626329
0.39566882768723893
0.1002154299710256
0.641805609049201
0.6103429887008774
0.07657085799500403
0.6042677812642782
0.38226390236040997
0.3061372421387183
0.8719864297646942
0.13715308039851715
0.4150801053602421
0.8316577871733393
0.5742582326739046
0.8635381714348813
0.8013753882916174
0.1120989946585092
0.641805609049201
0.6278918438395064
0.7767325485256823
0.6491536292220788
0.7487921459541501
0.8448983080160409
0.13338713668898822
0.8013753882916174
0.24843878687259746
0.3653561332068602
0.7685736525889838
0.7926872436918327
0.3608430498358439
0.3250378048558803
0.7973465168604376
0.6607249743279324
0.03469894013482602
0.6278918438395064
0.18441621684612308
0.10190182347194832
0.836491510357141
0.11466437263561144
0.09757219861883602
0.708924509223035
0.1002154299710256
0.4150801053602421
0.7685736525889838
0.15660233898581916
0.6502632819969437
0.5669681697898394
0.3250378048558803
0.11015906004697092
0.7926872436918327
0.1960732704325867
0.3174168178313338
0.14270549816124634
0.7870153281262116
0.9576976555743216
0.6803403768309614
0.9472078087720459
0.9360786669403691
0.4371035305467523
0.08431652074677365
0.3559229250527477
0.5825356163170037
0.3174168178313338
0.8448983080160409
0.8920033734559711
0.5985391873412801
0.3351811566451655
0.8985128007261325
0.07945365699626329
0.31224263174974676
0.11137733925749177
0.17676295699231434
0.4107163081974463
0.9405087198810302
0.23797378720758539
0.5742582326739046
0.5050567075306297
0.14270549816124634
