0.6946144789245432
0.6946144789245432
0.6946144789245432
0.22797470066510578
0.22797470066510578
0.22797470066510578
0.22797470066510578
0.19195004160790868
0.6946144789245432
0.19195004160790868
0.8256134276160165
0.8256134276160165
0.19195004160790868
0.22797470066510578
0.6946144789245432
0.6946144789245432
0.19195004160790868
0.22797470066510578
0.8256134276160165
0.22797470066510578
0.8256134276160165
0.6946144789245432
0.22797470066510578
0.5197757177899207
0.22797470066510578
0.6946144789245432
0.6946144789245432
0.8256134276160165
0.6946144789245432
0.6946144789245432
0.6946144789245432
0.6946144789245432
0.8256134276160165
0.22797470066510578
0.6946144789245432
0.22797470066510578
0.6946144789245432
0.19195004160790868
0.22797470066510578
0.6946144789245432
0.6946144789245432
0.22797470066510578
0.5197757177899207
0.19195004160790868
0.6946144789245432
0.19195004160790868
0.22797470066510578
0.8256134276160165
0.19195004160790868
0.22797470066510578
0.22797470066510578
0.8256134276160165
0.8256134276160165
0.6946144789245432
0.6946144789245432
0.5197757177899207
0.5197757177899207
0.22797470066510578
0.6946144789245432
0.6946144789245432
0.22797470066510578
0.6946144789245432
0.8256134276160165
0.6946144789245432
0.8256134276160165
0.22797470066510578
0.5197757177899207
0.19195004160790868
0.22797470066510578
0.22797470066510578
0.19195004160790868
0.22797470066510578
0.22797470066510578
0.19195004160790868
0.6946144789245432
0.6946144789245432
0.19195004160790868
0.8256134276160165
0.22797470066510578
0.6946144789245432
0.6946144789245432
0.19195004160790868
0.19195004160790868
0.6946144789245432
0.8256134276160165
0.19195004160790868
0.6946144789245432
0.5197757177899207
0.22797470066510578
0.22797470066510578
0.19195004160790868
0.6946144789245432
0.5197757177899207
0.6946144789245432
0.6946144789245432
0.22797470066510578
0.22797470066510578
0.19195004160790868
0.8256134276160165
0.6946144789245432
0.22797470066510578
0.5197757177899207
0.6946144789245432
0.19195004160790868
0.6946144789245432
0.22797470066510578
0.6946144789245432
0.8256134276160165
0.22797470066510578
0.8256134276160165
0.6946144789245432
0.22797470066510578
0.5197757177899207
0.6946144789245432
0.6946144789245432
0.6946144789245432
0.6946144789245432
0.22797470066510578
0.5197757177899207
0.8256134276160165
0.6946144789245432
0.5197757177899207
0.8256134276160165
0.6946144789245432
0.22797470066510578
0.6946144789245432
0.6946144789245432
0.22797470066510578
0.22797470066510578
0.8256134276160165
0.22797470066510578
0.6946144789245432
0.22797470066510578
0.19195004160790868
0.19195004160790868
0.6946144789245432
0.22797470066510578
0.22797470066510578
0.22797470066510578
0.22797470066510578
0.19195004160790868
0.19195004160790868
0.5197757177899207
0.19195004160790868
0.6946144789245432
0.22797470066510578
0.6946144789245432
0.6946144789245432
0.22797470066510578
0.8256134276160165
0.8256134276160165
0.6946144789245432
0.19195004160790868
0.6946144789245432
0.22797470066510578
0.6946144789245432
0.5197757177899207
0.22797470066510578
0.22797470066510578
0.6946144789245432
0.6946144789245432
0.19195004160790868
0.6946144789245432
0.19195004160790868
0.6946144789245432
0.19195004160790868
0.8256134276160165
0.22797470066510578
0.22797470066510578
0.22797470066510578
0.19195004160790868
0.6946144789245432
0.19195004160790868
0.19195004160790868
0.8256134276160165
0.8256134276160165
0.6946144789245432
0.5197757177899207
0.22797470066510578
0.6946144789245432
0.22797470066510578
0.6946144789245432
0.22797470066510578
0.6946144789245432
0.6946144789245432
0.8256134276160165
0.22797470066510578
0.19195004160790868
0.6946144789245432
0.6946144789245432
0.22797470066510578
0.6946144789245432
0.6946144789245432
0.22797470066510578
0.22797470066510578
0.5197757177899207
0.19195004160790868
0.22797470066510578
0.22797470066510578
0.6946144789245432
0.19195004160790868
0.22797470066510578
0.6946144789245432
0.22797470066510578
0.6946144789245432
0.6946144789245432
0.6946144789245432
0.6946144789245432
0.5197757177899207
0.22797470066510578
0.19195004160790868
0.6946144789245432
0.8256134276160165
0.22797470066510578
0.22797470066510578
0.8256134276160165
0.19195004160790868
0.6946144789245432
0.6946144789245432
0.6946144789245432
0.6946144789245432
0.19195004160790868
0.6946144789245432
0.19195004160790868
0.5197757177899207
0.8256134276160165
0.6946144789245432
0.6946144789245432
0.19195004160790868
0.22797470066510578
0.22797470066510578
0.22797470066510578
0.22797470066510578
0.5197757177899207
0.6946144789245432
0.19195004160790868
0.6946144789245432
0.22797470066510578
0.6946144789245432
0.19195004160790868
0.6946144789245432
0.22797470066510578
0.19195004160790868
0.6946144789245432
0.19195004160790868
0.6946144789245432
0.6946144789245432
0.8256134276160165
0.22797470066510578
0.6946144789245432
