0.4815668880629862
0.7770753806772674
0.6811269017956338
0.8232398012217663
0.4528869767712179
0.9156296129155563
0.8003805320892978
0.5026866819038708
0.8720454805072037
0.7899285814549482
0.7184603093730626
0.5303220829447413
0.10347681000311548
0.5799530434185173
0.8878100453114776
0.27546490928177797
0.06671249997784075
0.9227607832111115
0.32783456153174534
0.2603199687151627
0.26774498036897254
0.6780218445645461
0.31751724075599064
0.6811269017956338
0.5758703271774283
0.6861825110976059
0.6710668232295514
0.8692489837269152
0.33511667110926974
0.860052818856803
0.9190108809047075
0.20457396906030897
0.29508295369279985
0.7982662439470545
0.6456966442807033
0.8767146990142046
0.5420737809129567
0.4931251960927598
0.8692489837269152
0.8320748364966887
0.5211039426346331
0.10347681000311548
0.09105979899894834
0.5264856770138041
0.27953548478215395
0.2860352599237015
0.6648645475899835
0.2136529146891992
0.5598286510516615
0.33511667110926974
0.12650629067388325
0.9470051811987206
0.09693471832575958
0.4995062609241974
0.0684055351211635
0.39650970831544896
0.7728354909422419
0.28507300335078245
0.6902633768817324
0.6227395307632443
0.8175867519604821
0.47329806026044907
0.6515048098445668
0.4815668880629862
0.860052818856803
0.9002012929492621
0.40018450090593416
0.3047925834027142
0.3167080065047375
0.6870417277467464
0.4995062609241974
0.3861295423585602
0.14214912649371855
0.6697048669805383
0.055423323212225345
0.8991413205682788
0.29284928690339496
0.6870417277467464
0.8003805320892978
0.11101834645300324
0.5303220829447413
0.11101834645300324
0.17492665177948785
0.4766364286625253
0.015313730343633508
0.5398241143657938
0.09693471832575958
0.1640118299326939
0.7302757362296662
0.30085710502789315
0.24090553564511064
0.5398241143657938
0.7929886851501851
0.2769875661546032
0.055423323212225345
0.38001675027757786
0.24090553564511064
0.21714784889680283
0.5799530434185173
0.17536290466626903
0.34488467552404634
0.9895792344992936
0.20476839550112472
0.5420737809129567
0.5446424171010211
0.0684055351211635
0.4979872059056508
0.25614427352296587
0.314852242885713
0.7366038191725102
0.9895792344992936
0.7929886851501851
0.6444177627604216
0.8320748364966887
0.20321561704130353
0.17536290466626903
0.5271639724124224
0.8348825478244011
0.4766364286625253
0.9036154196294293
0.264418840486192
0.3289419486170827
0.26774498036897254
0.8995329195974178
0.2909953262303454
0.2056818235292121
0.7184603093730626
0.31751724075599064
0.8555005082690395
0.8452544084635755
0.5572231912092409
0.49188729711005624
0.6710668232295514
0.1084329666651802
0.06513583531282008
0.6678956939634244
0.6515048098445668
0.30085710502789315
0.13560164159201935
0.4856641844947142
0.30592026452437004
0.4876817145498763
0.5961683223577705
0.08999463358686202
0.3167080065047375
0.3778740757690163
0.7982662439470545
0.9190108809047075
0.5572231912092409
0.4730060864319888
0.8452544084635755
0.7452291986001369
0.9190939855668894
0.8767146990142046
0.3502089813439935
0.20457396906030897
0.5640600250324402
0.7723488705901457
0.2689647560437247
0.2860352599237015
0.4297473041216827
0.2205449283656476
0.9134334362498835
0.3943719245577547
0.6456966442807033
0.8688808398411998
0.6613578356655738
0.5640600250324402
0.20476839550112472
0.08024124909908736
0.8878100453114776
0.8757869387502533
0.8757869387502533
0.2689647560437247
0.3502089813439935
0.17492665177948785
0.3189493691187761
0.08894405610794472
0.30886492315239134
0.49188729711005624
0.47329806026044907
0.1640118299326939
0.9002012929492621
0.2305664171330633
0.13560164159201935
0.5264856770138041
0.38269373187094946
0.06671249997784075
0.6648645475899835
0.9185147814404164
0.36082726296776446
0.7592353226575072
0.7899285814549482
0.7338889044901233
0.8236701296395302
0.015313730343633508
0.29955539850608776
0.3083787798959913
0.8688808398411998
0.6488121558549937
0.5026866819038708
0.6488121558549937
0.314852242885713
0.2136529146891992
0.2603199687151627
0.9043953415457608
0.4730060864319888
0.7757738621564478
0.12650629067388325
0.4656695198000027
0.8991413205682788
0.40018450090593416
0.6861825110976059
0.6671372349816151
0.8995329195974178
0.5271639724124224
0.8111975050678999
0.2515452398029785
0.3083787798959913
0.08894405610794472
0.3786331543222959
0.5598286510516615
0.28507300335078245
0.2517877960634819
0.4626706515854794
0.6645696029826921
0.20321561704130353
0.5444811347452172
0.6613578356655738
0.7556738977706494
0.5444811347452172
0.6560270381436788
0.396761801024709
0.29955539850608776
0.14214912649371855
0.8886510847163509
0.7338889044901233
0.27546490928177797
0.6025816384307017
0.7017540852089439
0.08436208510287752
0.6444177627604216
0.8555005082690395
0.4979872059056508
0.08999463358686202
0.7366038191725102
0.3189493691187761
0.3778740757690163
0.21714784889680283
0.3861295423585602
