0.4692328161300916
0.7770753806772674
0.5912464800482499
0.8703944621157296
0.4529129893271999
0.9156296129155563
0.8003805320892978
0.46073094670672043
0.8720454805072037
0.7567001687700826
0.7302757362296662
0.43548150027890076
0.10304094295129587
0.6329859128070255
0.8703944621157296
0.19353901241267807
0.033171622181156546
0.9156296129155563
0.3289419486170827
0.2735873777690281
0.32905871751205296
0.6780218445645461
0.25234074964103176
0.7395142728280235
0.6656182429680488
0.6025816384307017
0.7498840161765548
0.9183184686942893
0.35180181198741967
0.8781565115422674
0.9195719534710896
0.15583957383163055
0.34280549109006403
0.8251274333861602
0.6456966442807033
0.849965765337733
0.6098604469732155
0.4931251960927598
0.9285475256173001
0.8628235194730198
0.5211039426346331
0.10304094295129587
0.09105979899894834
0.7028054751198233
0.26903301166498417
0.2517877960634819
0.6581307852496574
0.23883198768428743
0.4978156837294986
0.4163181320965921
0.12559018361785207
0.9296384166524443
0.09693471832575958
0.4829154705037808
0.016902127131890987
0.39650970831544896
0.7624509325207776
0.2727409249973651
0.7262941722852262
0.640569468993053
0.7761898031825518
0.48582093854437103
0.6568019350311363
0.48248685623329324
0.8317487850539333
0.966142490626575
0.40018450090593416
0.3211580831116304
0.2727409249973651
0.6821599454440954
0.4297473041216827
0.3861295423585602
0.227279135068034
0.6218416183738243
0.04571081111163061
0.9183184686942893
0.22005615102165887
0.7038818276576491
0.8003805320892978
0.11101834645300324
0.4669639524720822
0.11101834645300324
0.03173689921573428
0.48248685623329324
0.014784264747547682
0.5398241143657938
0.09693471832575958
0.1640118299326939
0.7302757362296662
0.38001675027757786
0.19353901241267807
0.5398241143657938
0.8131418793581281
0.30218733624572447
0.06513583531282008
0.38001675027757786
0.39650970831544896
0.30271209592681503
0.6937248165834893
0.17536290466626903
0.36082726296776446
0.9895792344992936
0.20476839550112472
0.537866756655037
0.6285538874953218
0.09729644634675992
0.436623679902786
0.27345655936164437
0.2993164724183568
0.8812674415413875
0.9895792344992936
0.7832200493637063
0.7195703077941311
0.735250595951308
0.234021530717903
0.17536290466626903
0.5242638281691508
0.7556738977706494
0.49659812487747
0.966142490626575
0.234021530717903
0.3289419486170827
0.271071120251753
0.8111975050678999
0.42036298203713496
0.14252883259832172
0.697025968535483
0.38269373187094946
0.8555005082690395
0.8716395748011511
0.5242638281691508
0.5211039426346331
0.6123339060844937
0.1084329666651802
0.06513583531282008
0.6329859128070255
0.6462076846579974
0.3157350551996366
0.1707825618939278
0.4866518582034399
0.30592026452437004
0.48582093854437103
0.5593507319085156
0.059692820656929046
0.34280549109006403
0.3778740757690163
0.7757738621564478
0.9285475256173001
0.5901825542493309
0.4529129893271999
0.7770753806772674
0.7452291986001369
0.8720454805072037
0.8864063275027659
0.43548150027890076
0.15583957383163055
0.5222614766563506
0.7195703077941311
0.2671182750029408
0.19537294355063653
0.4297473041216827
0.22005615102165887
0.9450646073175502
0.3943719245577547
0.6456966442807033
0.8781565115422674
0.6150281077518744
0.6150281077518744
0.20476839550112472
0.10478441115857434
0.9643719457449967
0.8864063275027659
0.8798882241259035
0.29778568270098504
0.326727174446408
0.23883198768428743
0.31946720800643236
0.08894405610794472
0.2671182750029408
0.5181477392505267
0.4607751819765271
0.1640118299326939
0.8813086003316348
0.2617445954185592
0.1267670507911583
0.44354991451361714
0.38269373187094946
0.10025337777452495
0.6581307852496574
0.8716395748011511
0.36082726296776446
0.7832200493637063
0.8848893267582829
0.7338889044901233
0.7624509325207776
0.014784264747547682
0.12559018361785207
0.3211580831116304
0.8251274333861602
0.6821599454440954
0.46073094670672043
0.7372772506820284
0.31946720800643236
0.2993164724183568
0.271071120251753
0.9431711437264068
0.4931251960927598
0.7757738621564478
0.12742239772991446
0.4528297491480575
0.8813086003316348
0.40018450090593416
0.8092910312993536
0.6462076846579974
0.9878683341269356
0.537866756655037
0.8111975050678999
0.2735873777690281
0.22756135385814133
0.08894405610794472
0.3157350551996366
0.6218416183738243
0.26903301166498417
0.2517877960634819
0.30592026452437004
0.6780218445645461
0.13750192490359536
0.46099327273006613
0.6656182429680488
0.7556738977706494
0.5312462632105706
0.697025968535483
0.4866518582034399
0.3289420880803282
0.05687800852434943
0.8366999599354374
0.7338889044901233
0.31964380652472485
0.6025816384307017
0.6996263427602387
0.02474994326778611
0.5721653544806022
0.8555005082690395
0.5593507319085156
0.1707825618939278
0.5117712954822826
0.21200539666145146
0.3778740757690163
0.25234074964103176
0.3861295423585602
