0.7084512764254725
0.7084512764254725
0.7084512764254725
0.25325509217251363
0.7084512764254725
0.7084512764254725
0.7084512764254725
0.2532550921725091
0.7084512764254725
0.7084512764254725
0.7084512764254725
0.7084512764254725
0.7084512764254725
0.7084512764254725
0.2532550921725246
0.7084512764254725
0.25325509217254694
0.25325509217250125
0.2532550921725087
0.25325509217249803
0.7084512764254725
0.25325509217252423
0.7084512764254725
0.253255092172502
0.7084512764254725
0.25325509217255826
0.7084512764254725
0.7084512764254725
0.7084512764254725
0.2532550921725158
0.253255092172515
0.25325509217250125
0.2532550921725199
0.2532550921725436
0.2532550921725202
0.25325509217253234
0.25325509217250747
0.2532550921724628
0.7084512764254725
0.2532550921724868
0.2532550921725018
0.25325509217255826
0.7084512764254725
0.7084512764254725
0.7084512764254725
0.7084512764254725
0.7084512764254725
0.7084512764254725
0.7084512764254725
0.25325509217252323
0.25325509217249015
0.7084512764254725
0.7084512764254725
0.7084512764254725
0.25325509217249803
0.2532550921724682
0.7084512764254725
0.7084512764254725
0.2532550921725267
0.7084512764254725
0.25325509217248865
0.2532550921725246
0.7084512764254725
0.25325509217251074
0.2532550921725324
0.25325509217249803
0.7084512764254725
0.2532550921725142
0.7084512764254725
0.2532550921725246
0.7084512764254725
0.7084512764254725
0.2532550921725091
0.7084512764254725
0.25325509217255254
0.7084512764254725
0.7084512764254725
0.7084512764254725
0.7084512764254725
0.7084512764254725
0.7084512764254725
0.7084512764254725
0.7084512764254725
0.253255092172502
0.7084512764254725
0.7084512764254725
0.2532550921725792
0.7084512764254725
0.25325509217256625
0.7084512764254725
0.24813640749656937
0.2532550921725446
0.7084512764254725
0.7084512764254725
0.7084512764254725
0.7084512764254725
0.2532550921725041
0.7084512764254725
0.2532550921725233
0.2532550921725436
0.25325509217245457
0.7084512764254725
0.7084512764254725
0.7084512764254725
0.2532550921725155
0.2532550921725292
0.7568918926528794
0.2532550921725194
0.7084512764254725
0.788346655221886
0.7084512764254725
0.7084512764254725
0.7084512764254725
0.2532550921724868
0.7084512764254725
0.25325509217254705
0.7084512764254725
0.7084512764254725
0.7084512764254725
0.7084512764254725
0.2532550921725272
0.253255092172502
0.25325509217248887
0.25325509217250414
0.2532550921725159
0.2532550921725342
0.7084512764254725
0.25325509217254694
0.7084512764254725
0.2532550921725342
0.25325509217258835
0.7084512764254725
0.7568918926528794
0.253255092172442
0.25325509217253234
0.7084512764254725
0.2532550921723782
0.7084512764254725
0.2532550921724881
0.7084512764254725
0.7084512764254725
0.7145905890227613
0.7084512764254725
0.25325509217242287
0.7084512764254725
0.2532550921725267
0.7084512764254725
0.253255092172477
0.25325509217251185
0.2532550921724868
0.2656225234925099
0.7084512764254725
0.25325509217245457
0.2532550921725285
0.7084512764254725
0.2656225234925099
0.7084512764254725
0.2532550921725303
0.25325509217249287
0.7084512764254725
0.25325509217243963
0.7084512764254725
0.2532550921725087
0.7084512764254725
0.7084512764254725
0.7084512764254725
0.2532550921724798
0.24813640749656937
0.7084512764254725
0.25325509217256087
0.7084512764254725
0.25325509217251735
0.7084512764254725
0.25325509217245484
0.25325509217252806
0.7084512764254725
0.7084512764254725
0.7084512764254725
0.7084512764254725
0.7084512764254725
0.7084512764254725
0.25325509217246533
0.7084512764254725
0.7084512764254725
0.2532550921725434
0.7084512764254725
0.7084512764254725
0.2532550921724682
0.7084512764254725
0.7084512764254725
0.25325509217252185
0.7084512764254725
0.7084512764254725
0.7084512764254725
0.24909820972723123
0.7084512764254725
0.2532550921725018
0.7084512764254725
0.7084512764254725
0.7084512764254725
0.7084512764254725
0.7084512764254725
0.25325509217251446
0.7084512764254725
0.7084512764254725
0.24909820972723123
0.2532550921724611
0.7084512764254725
0.7084512764254725
0.7084512764254725
0.7084512764254725
0.35311191013629073
0.7084512764254725
0.7084512764254725
0.7084512764254725
0.7084512764254725
0.7084512764254725
0.2532550921725087
0.25325509217250647
0.2532550921725336
0.7084512764254725
0.2532550921725233
0.7084512764254725
0.788346655221886
0.7084512764254725
0.7084512764254725
0.7145905890227613
0.2532550921725502
0.25325509217248215
0.7084512764254725
0.7084512764254725
0.25325509217252806
0.25325509217252423
0.7084512764254725
0.2532550921725054
0.7084512764254725
0.7084512764254725
0.7084512764254725
0.2532550921725336
0.35311191013629073
0.25325509217255077
0.25325509217254694
0.7084512764254725
0.2532550921724792
0.2532550921725792
0.7084512764254725
0.2532550921725041
0.2532550921725324
0.7084512764254725
0.25325509217253234
