0.19229934434463689
0.8798796880141802
0.5643428698049567
0.8859278601163944
0.18533877913960894
0.8639063429866558
0.8492037956768838
0.5762558101112978
0.8845266927652489
0.18549403546349766
0.5393984587844401
0.21096794726944496
0.5577853824461723
0.1949517855965103
0.5577853824461723
0.2556242536721789
0.1851943449802592
0.6232400564289455
0.15841034994306838
0.18915908260424524
0.8434220130565023
0.4864070684827823
0.874151375731847
0.1966777545474282
0.18533877913960894
0.15039299309966989
0.19316480339372616
0.4639686408949524
0.15039299309966989
0.19485891643910694
0.5318282601699177
0.8798235464637316
0.21336023503156673
0.18549403546349766
0.531743485995664
0.21096794726944496
0.8186255728518499
0.874151375731847
0.1905218092186742
0.883659967549727
0.305118548549361
0.20724795112739622
0.24618881737879428
0.8828644346784675
0.21243886166810722
0.19295003347802916
0.885781958804999
0.9083589116054616
0.5922100117337711
0.6077050778131982
0.1150456140364754
0.1896718706727074
0.18915908260424524
0.15257136191445722
0.4934582492165694
0.2114428886213326
0.9145237003638895
0.6107046991523101
0.8714951867446366
0.8639063429866558
0.4534480718689388
0.9205662735805019
0.19172302294655597
0.21494536375617543
0.6988107932403502
0.2499455699815876
0.8828644346784675
0.5934836925856457
0.592396598973351
0.1949517855965103
0.8798235464637316
0.6359853863654285
0.2018795572904223
0.8767966944863962
0.2018795572904223
0.2135371637916322
0.8162728613879641
0.8492037956768838
0.5757095568749921
0.1893504679253563
0.5393984587844401
0.5626072774307722
0.6271187298967792
0.2706871196689559
0.5564994710390571
0.5996705110690786
0.8492037956768838
0.9156369365262721
0.6232400564289455
0.5710175238600484
0.6243372813793671
0.21704575207656387
0.1568229015028207
0.8798235464637316
0.16455706354709942
0.689926528528721
0.1949517855965103
0.6271187298967792
0.16455706354709942
0.5919715469681989
0.4934582492165694
0.4639686408949524
0.2556242536721789
0.1565788199990877
0.1376264789320432
0.5950339134972581
0.14035397034944963
0.8696505822135077
0.8639063429866558
0.5917429705369849
0.5643428698049567
0.5688774635607536
0.19295003347802916
0.5922100117337711
0.9052773268320529
0.20325572357251423
0.15841034994306838
0.5393984587844401
0.4639686408949524
0.20382290152242144
0.20724795112739622
0.5575393532735048
0.2018795572904223
0.5762558101112978
0.9185430311714471
0.6210952229905581
0.23960043272527462
0.8434220130565023
0.884427251766926
0.6988107932403502
0.9156369365262721
0.6645971879447996
0.531743485995664
0.18549403546349766
0.9328350258573397
0.09619513972297078
0.5203040013708085
0.49762628227669725
0.20963673011020745
0.5850487441223727
0.6645971879447996
0.5215433855222695
0.8813421315988474
0.8710980512370113
0.14193786359707158
0.21096794726944496
0.1966777545474282
0.305118548549361
0.6988107932403502
0.5337533085779507
0.4864070684827823
0.18284796592558816
0.8863861831493024
0.2556242536721789
0.21767785499999817
0.19172302294655597
0.2314241384791015
0.6359853863654285
0.8845266927652489
0.14850578234255263
0.5992233732674248
0.21717621992122493
0.5911413661843963
0.5822165007266396
0.8162728613879641
0.1966777545474282
0.8955167785016217
0.21704575207656387
0.8798796880141802
0.5337533085779507
0.9328350258573397
0.8714951867446366
0.8845266927652489
0.18915908260424524
0.2078751989681286
0.18533877913960894
0.5789296401514805
0.19485891643910694
0.9083589116054616
0.5996705110690786
0.1983748019258225
0.8828644346784675
0.1740428545063921
0.2314241384791015
0.8798796880141802
0.19229934434463689
0.1851943449802592
0.9185430311714471
0.37501012908819575
0.8434220130565023
0.11019067262505663
0.5577853824461723
0.4934582492165694
0.8863861831493024
0.5762558101112978
0.8859278601163944
0.6210952229905581
0.1568229015028207
0.22760534530661428
0.8714951867446366
0.3664760501876177
0.5577853824461723
0.885781958804999
0.5992233732674248
0.58714029478471
0.21494536375617543
0.24541386850547176
0.1102024901568625
0.6005865741765457
0.24541386850547176
0.689926528528721
0.8696505822135077
0.6223584442330038
0.14850578234255263
0.15749458497107804
0.8646287903633668
0.2159884512580673
0.5757095568749921
0.1036041999848856
0.592396598973351
0.1905218092186742
0.5917429705369849
0.5850487441223727
0.6077050778131982
0.20963673011020745
0.5710175238600484
0.5203040013708085
0.24618881737879428
0.21336023503156673
0.1036041999848856
0.5934836925856457
0.26794073921049766
0.5767548844618433
0.8767966944863962
0.88710466439007
0.5994757268196524
0.3664760501876177
0.2558684900961969
0.8475024584201615
0.531743485995664
0.1851943449802592
0.1918064976571464
0.6077050778131982
0.18261907725799045
0.5789296401514805
0.5710612450793741
0.8955167785016217
0.37501012908819575
0.8710980512370113
0.8820406531531476
