0.2156531313799348
0.305118548549361
0.1281457725750785
0.2156531313799348
0.9365470782362734
0.20014930888111107
0.5641817193989137
0.16540576099933268
0.18202580607983468
0.24961178344309756
0.570365823230735
0.8687292209546783
0.6003297196825926
0.2635637749737337
0.723527163644558
0.20014930888111107
0.15546194839566987
0.15816881806342628
0.889810452200531
0.09885727756979674
0.8802394152206192
0.5176659464566749
0.5424533644267144
0.2191027634791297
0.31353590868639675
0.9030970076001636
0.723527163644558
0.46156763268625367
0.8786164627277196
0.570365823230735
0.4735139831183994
0.5335185938961303
0.24961178344309756
0.867044912974484
0.48518650255777684
0.09510192676035474
0.6065746491523308
0.31920661113532006
0.27051349135004316
0.8802394152206192
0.305118548549361
0.9205662735805019
0.5712572064058627
0.8609376613477762
0.5176659464566749
0.19826462754835988
0.8595444437559139
0.9013817784198812
0.22099056856179025
0.09885727756979674
0.18227498503680306
0.18202580607983468
0.11627075477655369
0.21157293911702002
0.4740965648739898
0.22619830783394818
0.9365470782362734
0.18202580607983468
0.09612822917996475
0.8617085522144446
0.07858272506913899
0.9205662735805019
0.5520644748712592
0.15546194839566987
0.9159455716693437
0.20532657277837743
0.871788093233659
0.7671893926393212
0.5642535446003571
0.11627075477655369
0.8687292209546783
0.6634980930172776
0.2191027634791297
0.889810452200531
0.18227498503680306
0.1970513921455674
0.8162728613879641
0.867044912974484
0.5424533644267144
0.9444227908204487
0.5822755473530448
0.5714215105013699
0.630014794860431
0.29971660846638926
0.5685830568804796
0.613397124037795
0.867044912974484
0.9205024971182487
0.7671893926393212
0.5469905008273035
0.5567517239609816
0.23197092723444848
0.09510192676035474
0.8687292209546783
0.5639560540450117
0.8089559165454963
0.2005704209324578
0.630014794860431
0.10872201958803054
0.5867779426239711
0.4740965648739898
0.48518650255777684
0.2005704209324578
0.16540576099933268
0.11800364140473334
0.5179311660333556
0.07610742789277311
0.8089559165454963
0.8595444437559139
0.5380269438779012
0.5424533644267144
0.570365823230735
0.16540576099933268
0.5460058526074318
0.9190326679018027
0.15546194839566987
0.0881929135873293
0.5822755473530448
0.48518650255777684
0.22309093719762765
0.22619830783394818
0.5678761898633247
0.1970513921455674
0.5710612450793741
0.9190326679018027
0.6112023261356248
0.31353590868639675
0.8186255728518499
0.9030970076001636
0.759499238146176
0.9444227908204487
0.6056672122450412
0.5085315414365318
0.15111907897518323
0.9365470782362734
0.07560346469223551
0.5211391497460729
0.5176659464566749
0.22099056856179025
0.5933276086539536
0.723527163644558
0.4601140887997015
0.8802394152206192
0.8983939019864905
0.07560346469223551
0.21009430003685267
0.20532657277837743
0.305118548549361
0.759499238146176
0.5335185938961303
0.5176659464566749
0.18227498503680306
0.9036772948631255
0.16749688009737104
0.29971660846638926
0.10124728834660428
0.22729303647310714
0.6634980930172776
0.8957529562157065
0.16158359253980317
0.6093832449493658
0.23080643610429716
0.5947157338579093
0.5872181885508038
0.8162728613879641
0.1916685515167782
0.9221806019972189
0.2635637749737337
0.8431460271507474
0.5335185938961303
0.9365470782362734
0.8577051731092487
0.8380849400111168
0.09885727756979674
0.22619830783394818
0.12828542821360653
0.5789296401514805
0.12828542821360653
0.8957529562157065
0.6056672122450412
0.2156531313799348
0.9030970076001636
0.15111907897518323
0.20014930888111107
0.9039815830099462
0.22729303647310714
0.2305190166549543
0.9267127098768542
0.37501012908819575
0.8186255728518499
0.10872201958803054
0.5149841907157989
0.4740965648739898
0.9039815830099464
0.5639560540450117
0.9159455716693437
0.6112023261356248
0.07382097587954707
0.21261680863734447
0.8879211395364806
0.46156763268625367
0.6003297196825926
0.9013817784198812
0.6093832449493658
0.5714215105013699
0.15816881806342628
0.24541386850547176
0.07610742789277311
0.6003297196825926
0.24541386850547176
0.6949155032085716
0.35049689772147896
0.5872181885508038
0.16158359253980317
0.07382097587954707
0.8412244158689535
0.27051349135004316
0.6065746491523308
0.1036041999848856
0.5642535446003571
0.31920661113532006
0.6118361677237018
0.5933276086539536
0.5344574526234116
0.2607711569280928
0.5469905008273035
0.5211391497460729
0.26794073921049766
0.24961178344309756
0.1036041999848856
0.705541126393749
0.26794073921049766
0.5867779426239711
0.8786164627277196
0.8879211395364806
0.5567517239609816
0.46156763268625367
0.31920661113532006
0.845653380154474
0.5085315414365318
0.23197092723444848
0.09612822917996475
0.5380269438779012
0.2862525547671863
0.5789296401514805
0.5710612450793741
0.9221806019972189
0.37501012908819575
0.8764226798200667
0.8609376613477762
