0.20510746945683966
0.2050730983088047
0.2050895926075213
0.20510746945683966
0.5892935761921576
0.5892935761921576
0.589194724871955
0.20508282661480196
0.8716013173479278
0.5892749639406201
0.2050838502341627
0.20519148751820726
0.8711236856453152
0.5889872043514724
0.2051002523813103
0.5892912583195838
0.8737313879501598
0.20510236405191898
0.5891193328711446
0.5892040566756171
0.5891248004658914
0.205093698209694
0.5890103868959977
0.20512892011566677
0.20509486449411535
0.8711236856453152
0.2050965231584879
0.2050797515567281
0.5891492379147087
0.20507624169116462
0.5892749639406201
0.8706995921041814
0.20511892920852573
0.20503935353073183
0.5890103868959977
0.8715916211295442
0.8709735224584433
0.20509671639277033
0.5890261465425906
0.5891683012121209
0.8715009655673822
0.205089607323749
0.5891592262060771
0.5892044312474176
0.5891814528421123
0.8737313879501598
0.20501280992602006
0.8714282761654453
0.5890760204861514
0.20501280992602006
0.8706995921041814
0.2050963946001308
0.20510067146571564
0.5892036821038167
0.5889934339092254
0.8709713903852503
0.8732555184483954
0.5892912583195838
0.20508282661480196
0.20510272642511473
0.5888829013058556
0.8696480339483847
0.8709713903852503
0.5892044312474176
0.5892964779212065
0.589515421330298
0.8709735224584433
0.58937922335592
0.5901282210254021
0.5893031142227841
0.20509875746060424
0.871524711374739
0.20503760364906476
0.20510718059958466
0.8719035989931652
0.5888878892753502
0.8695822771807128
0.8725579592003789
0.5891492379147087
0.20503760364906476
0.589194724871955
0.5891248004658914
0.5893966745411671
0.2050895926075213
0.5891521981322231
0.5893604620115007
0.20507604001931806
0.8715973464693114
0.5891947544842123
0.589515421330298
0.5892935761921576
0.20513368313364783
0.2050838502341627
0.8711236856453152
0.20509013308641222
0.20507524018737766
0.20534126359083837
0.5893188587027655
0.20504704028007056
0.5893821256749102
0.5889934339092254
0.5892716482524452
0.2050797515567281
0.5893183868695919
0.18297950498158394
0.5891193328711446
0.5888829013058556
0.8719542089150217
0.8719542089150217
0.5892423710154077
0.2050895926075213
0.5890760204861514
0.20508846359699512
0.5890103868959977
0.8711236856453152
0.20508177907700548
0.2050973961429076
0.589274302890713
0.5889465570556319
0.1814950823794552
0.20511332045156938
0.5890391517130731
0.20504704028007056
0.5889493008065767
0.9185430311714471
0.5893821256749102
0.20512892011566677
0.8711723212553458
0.8718344323626487
0.5893966745411671
0.8719035989931652
0.5899452925215487
0.5894028834590929
0.20505960048202368
0.8732555184483954
0.10113451323091396
0.5203040013708085
0.5891320944539524
0.21301242318896874
0.5903452775605142
0.5899452925215487
0.5891191227480217
0.8706619085595568
0.8711723212553458
0.5906877412717843
0.20509949452614196
0.20509193827524616
0.2051627051027877
0.5893008540613577
0.58937922335592
0.589240979209945
0.18297950498158394
0.8719035989931652
0.21301242318896874
0.20509193827524616
0.2051320809970072
0.20505960048202368
0.5889872043514724
0.8717428783260848
0.20510111796677624
0.5892716482524452
0.2051002523813103
0.5903452775605142
0.5892860472098982
0.8695822771807128
0.20519148751820726
0.873717324421154
0.18326791079816035
0.8714561186704987
0.5890391517130731
0.8732656040045523
0.8715858957897771
0.8737313879501598
0.20510718059958466
0.2050713058681946
0.589957529347814
0.5894035299283862
0.2050797515567281
0.8716013173479278
0.8811782515291184
0.2051133191599113
0.8811782515291184
0.1814950823794552
0.23002780845838747
0.8706619085595568
0.20510746945683966
0.20510391521658938
0.9185430311714471
0.37501012908819575
0.8709735224584433
0.18297950498158394
0.5891521981322231
0.20507604001931806
0.8711384063261558
0.5889872043514724
0.20507819354792606
0.5896475506164818
0.20509013308641222
0.20508656796313043
0.8716278512835587
0.20509875746060424
0.5898946631577663
0.8714282761654453
0.5891392496233405
0.5891248004658914
0.20509949452614196
0.20503935353073183
0.23002780845838747
0.5889657949127705
0.2050730983088047
0.5893658369889364
0.8725579592003789
0.5892749639406201
0.18326791079816035
0.20514779234013333
0.8706995921041814
0.205089607323749
0.5892877187214353
0.10113451323091396
0.5901282210254021
0.20505647691107637
0.5892032973215295
0.5892935761921576
0.5890324687667519
0.2051002523813103
0.5892428287780744
0.5203040013708085
0.2051320809970072
0.20511892920852573
0.10113451323091396
0.5891814528421123
0.20509875746060424
0.5893120504769154
0.8714561186704987
0.8714739303443731
0.5891193328711446
0.20514608843290488
0.20505815285817786
0.8715900469363257
0.5890261465425906
0.20511892920852573
0.20511093564842536
0.5894028834590929
0.20508282661480196
0.5892036821038167
0.5890830477548326
0.8716013173479278
0.37501012908819575
0.8695822771807128
0.8738191041639181
