0.19229934434463689
0.5994757268196524
0.5767548844618433
0.5794077885334067
0.1831344563699807
0.8543755286159495
0.6119863415173624
0.689926528528721
0.9083589116054616
0.18261907725799045
0.5916794520187618
0.17975941041500978
0.8641376953230444
0.8710980512370113
0.1844296253115462
0.8543755286159495
0.19377005510461898
0.6223584442330038
0.18159523662757224
0.5878846644978668
0.22760534530661428
0.1792092019852333
0.1102024901568625
0.18261907725799045
0.689926528528721
0.2114428886213326
0.5215433855222695
0.13583070881342552
0.1150456140364754
0.20111624717746712
0.1792092019852333
0.5337533085779507
0.2135371637916322
0.19191744266542665
0.5916794520187618
0.12859995864917287
0.8186255728518499
0.3664760501876177
0.2499455699815876
0.884427251766926
0.305118548549361
0.9197994707411523
0.271997890993
0.8820406531531476
0.23960043272527462
0.58643117370731
0.8886413276030898
0.9083589116054616
0.5922100117337711
0.58643117370731
0.1150456140364754
0.17975941041500978
0.1844296253115462
0.12859995864917287
0.4576562994793443
0.2114428886213326
0.9145237003638895
0.617575112611102
0.9064546121539316
0.8543755286159495
0.4534480718689388
0.9205662735805019
0.17199767724616888
0.1833698284065954
0.6988107932403502
0.2499455699815876
0.8828926833325279
0.6366814399515248
0.5794077885334067
0.1844296253115462
0.8798235464637316
0.6090148152837821
0.19659990510157985
0.8767966944863962
0.19659990510157985
0.2135371637916322
0.8162728613879641
0.850905132933606
0.5757095568749921
0.1893504679253563
0.5545388560134853
0.5626072774307722
0.6301304833498897
0.27809643445533544
0.5575393532735048
0.6119863415173624
0.8475024584201615
0.9156369365262721
0.6357754137055811
0.5565792458051199
0.5863163863998843
0.2259294936403642
0.13933110342565783
0.8798235464637316
0.1429545254440914
0.689926528528721
0.1792092019852333
0.6301304833498897
0.1150456140364754
0.5919715469681989
0.4534480718689388
0.4639686408949524
0.25677660604404334
0.1565788199990877
0.1376264789320432
0.5432633399734563
0.11311616116730291
0.8696505822135077
0.8543755286159495
0.5994757268196524
0.5430454457901673
0.5574135853899942
0.18978381310125358
0.5922100117337711
0.9059753246389723
0.18978381310125358
0.11311616116730291
0.5545388560134853
0.4639686408949524
0.20382290152242144
0.2114428886213326
0.5575393532735048
0.19659990510157985
0.5757567357607524
0.9185430311714471
0.6266202016939122
0.23960043272527462
0.8293854262124353
0.884427251766926
0.6988107932403502
0.9156369365262721
0.6645971879447996
0.531743485995664
0.1740428545063921
0.9328350258573397
0.09619513972297078
0.5203040013708085
0.49762628227669725
0.22457538995780627
0.58714029478471
0.6645971879447996
0.5215433855222695
0.8811840252403981
0.8710980512370113
0.14193786359707158
0.20111624717746712
0.2078751989681286
0.305118548549361
0.6988107932403502
0.5337533085779507
0.49762628227669725
0.18227498503680306
0.8975104270624316
0.2668552995951224
0.27809643445533544
0.1916395482359655
0.2314241384791015
0.6090148152837821
0.874151375731847
0.14850578234255263
0.6088112083574817
0.23080643610429716
0.5911413661843963
0.5916794520187618
0.8162728613879641
0.20769036935672375
0.9075275743801144
0.2159884512580673
0.8815002379572969
0.5337533085779507
0.9328350258573397
0.8641376953230444
0.874151375731847
0.1831344563699807
0.2078751989681286
0.1831344563699807
0.5789296401514805
0.20111624717746712
0.9083589116054616
0.6119863415173624
0.21610453005588137
0.8828926833325279
0.1740428545063921
0.2314241384791015
0.8815002379572969
0.19229934434463689
0.20348558876115153
0.9185430311714471
0.37501012908819575
0.8293854262124353
0.10872201958803056
0.5149841907157989
0.4534480718689388
0.8975104270624316
0.5767548844618433
0.9064546121539316
0.6266202016939122
0.13933110342565783
0.22760534530661428
0.8974635638728254
0.3664760501876177
0.6008434286704989
0.8990539665983993
0.6088112083574817
0.58714029478471
0.1833698284065954
0.24541386850547176
0.1102024901568625
0.6003297196825926
0.24541386850547176
0.689926528528721
0.8696505822135077
0.6223584442330038
0.14850578234255263
0.1565788199990877
0.8557740905448844
0.2159884512580673
0.5757095568749921
0.1036041999848856
0.5794077885334067
0.2499455699815876
0.5957054817039911
0.5833555587428224
0.6013571376584051
0.22457538995780627
0.5565792458051199
0.5203040013708085
0.26794073921049766
0.18261907725799045
0.1036041999848856
0.6366814399515248
0.26794073921049766
0.5767548844618433
0.8767966944863962
0.88710466439007
0.5994757268196524
0.3664760501876177
0.26692412934334775
0.8475024584201615
0.531743485995664
0.19377005510461898
0.17199767724616888
0.5433517533362962
0.18261907725799045
0.5789296401514805
0.5710612450793741
0.9075275743801144
0.37501012908819575
0.8710980512370113
0.8820406531531476
