0.8244955360514241
0.9509940008538867
0.9610887589438505
0.1036974852143474
0.7288965729631851
0.7003091866183155
0.208039959866831
0.22455236026449388
0.7176079015307926
0.22957397253264744
0.07250673689153309
0.5225507392129628
0.7513087150067116
0.439011370721648
0.8099110984489809
0.3127398424183443
0.43702570647506256
0.7034110051038497
0.9274789439224354
0.6944576081602603
0.9419825496242593
0.31382952254773777
0.14030355170721343
0.14016012954626555
0.5920329874534876
0.2361181118693202
0.8282345681919981
0.4569684164842406
0.670295287078538
0.27456215908455395
0.11269336777736572
0.9505712647851278
0.4213134705083226
0.9260277734405241
0.08153681352898812
0.6387881201380148
0.9821436144278257
0.6000349710286069
0.10044493099911289
0.48648928812703207
0.4427988848069422
0.7261005927266619
0.2196553162182059
0.2506651798557399
0.6155915513877247
0.30270518746431074
0.4367050964466834
0.9274652307225298
0.047566457067305
0.5321659133685706
0.5132007773371916
0.6252844194971695
0.9320746142590335
0.9314479163771884
0.9034889640037878
0.986873430333484
0.7863683835605965
0.511791166203686
0.9228440835153423
0.7952271417531871
0.003176767462195751
0.2799229853741606
0.35153627269193277
0.675381477715253
0.8149777565332096
0.1806697281117251
0.6773009136525204
0.11016383912966266
0.28299355003788984
0.08793672258660834
0.9677473951008461
0.8202879418098827
0.7630847590205269
0.8740491233002617
0.059378396802733935
0.06224429382869956
0.09022044635350479
0.4064900156893795
0.9180836956517614
0.946280546208979
0.21986997428796395
0.8872596015565358
0.22668785876223096
0.847353859738696
0.685244536054182
0.9605707786018552
0.3429840775536587
0.7160713441830061
0.1598976146125477
0.5626077855740347
0.33261305393821694
0.056302969015734616
0.2901723118234566
0.5266287835218822
0.13586017979601483
0.9893837179929594
0.5409526898016928
0.09691597072432279
0.07306029213702503
0.2039645629567427
0.20414573268607283
0.7792307945286007
0.033425619553237085
0.06323979745210451
0.5365635298547148
0.08406117425894499
0.9475168044588842
0.49270835700608984
0.5960080927702023
0.9784315657795529
0.6663265518729837
0.7197186140420526
0.9059255555601953
0.4893113125482136
0.6018880454048285
0.37943418585972155
0.3825188364212744
0.7890765586495073
0.3237569162016345
0.36666657536359315
0.45605644456560657
0.7004111246310548
0.6015365290348542
0.0623859815605492
0.4896135541534703
0.5961528158907112
0.03517362710369065
0.992907797778055
0.44321048508950456
0.11491499868169608
0.5289278233420882
0.9715251815874006
0.2701208759051088
0.06141860436061686
0.7636992965861377
0.5016770547800011
0.3457309294668155
0.5615154359704703
0.7997932917038425
0.20204459537811825
0.19433252475310647
0.4561907739780111
0.9408290047063661
0.3385828806475871
0.5155347696853064
0.8081738670107659
0.2920248630483967
0.013468113351020272
0.8072958270542053
0.18586178065622572
0.5569984883505039
0.9761692642852696
0.3987182930431824
0.7802662081383859
0.8649674661019926
0.7280103073383677
0.004258667311251796
0.8984882053658616
0.30602129369779985
0.3426981878036802
0.9393818166481106
0.36678937036690507
0.011923128743123512
0.0068207601105183535
0.4100701763304294
0.4002562936272114
0.19836541403207342
0.27977807156905665
0.25527407799334023
0.29350281904111497
0.3763616451477686
0.6614885451454383
0.21100442958437238
0.5521725582161208
0.14427946658202107
0.7066413509389523
0.5862135789133759
0.9037260115502432
0.6600391099641729
0.8562649617358585
0.6870685756764311
0.7184420321129739
0.24012787907149036
0.5765615460662962
0.8584627878365729
0.042254840710146624
0.12353910415311653
0.7947501101437207
0.23603708374275212
0.3590470250876019
0.7607693762294453
0.7328000231413625
0.42548739003721514
0.5312636412617273
0.3798945851952643
0.15591136642282122
0.22346605750846504
0.5006698980342857
0.38638691539951797
0.5148980199961548
0.8438040799834894
0.6870205758345548
0.875121653725853
0.6964397329107588
0.7489368307793286
0.6534405858864657
0.04330012131345251
0.26509436144192944
0.06277979946830492
0.36838682593869587
0.1312373368135863
0.6151293226034314
0.4713057031325235
0.5523875559930735
0.1970392821785425
0.8661581064466644
0.28764238921894514
0.3135316805719017
0.9082067079287472
0.85953127801489
0.35439494979100594
0.25410394161686833
0.34797350951429584
0.6349659909771227
0.8582400966278374
0.6464116174991648
0.6986421549944538
0.6949241058098665
0.4865603160762183
0.3894341465474981
0.2951651567772312
0.3215739367886453
0.2753416826897086
0.6312526951369519
0.9872838775442543
0.18404004171978483
0.9332516606610863
0.4649656661949121
0.5956321900081293
0.5193549967572327
0.2966912577029006
0.470917065310139
0.1494941467743972
0.22770970216683628
0.3048003634722377
0.8167807039471182
0.7788014936959564
0.4612473919299468
0.34019767143168167
0.20185157108025453
