0.7666923880020342
0.766730139787376
0.7665842064519883
0.2953539635502579
0.29535937362783427
0.766730139787376
0.29535527179043886
0.29536076598609584
0.7667200409239392
0.5393567558726398
0.2953586067373376
0.29533901344164054
0.29535906278004237
0.2953724622759981
0.29535822026546243
0.7666903568512822
0.2953620406634894
0.7664972163980086
0.7665035889050227
0.7665608974487419
0.29535101844146605
0.2953637948470167
0.29535704085511394
0.7668599068770674
0.7665986057669991
0.2953604155224184
0.7666652746944772
0.7667919338544298
0.2953618535092668
0.5447813752655155
0.29536040779258327
0.7666503298370404
0.7663997661972874
0.7666664309361285
0.29536088391878623
0.2953623215992092
0.7667709524149513
0.7665645450582665
0.2953530255720169
0.2953598810505298
0.7666405994821892
0.29535451724806416
0.29535836602515053
0.7667286464166988
0.7667207775406846
0.29535849290543986
0.7666733897836798
0.29536382489818824
0.2953593067604019
0.7666851171374502
0.2953627611948181
0.7666541337664723
0.2953590436047295
0.29535345040246747
0.2953596219220157
0.2953566381383371
0.29535723867014496
0.7665594042609838
0.7667209581421071
0.2953606376955087
0.7667160307969916
0.29538269873896816
0.7668003965789664
0.7667266107096536
0.29535838066198505
0.29535900002131377
0.7666384400337634
0.7667375021230439
0.295358818969673
0.2953542971329287
0.29535573609469
0.2953724622759981
0.2953598139040133
0.2953570060815605
0.29536403773427355
0.7665665955192621
0.2953570060815605
0.7666966777406246
0.7668312877217666
0.29535692270814573
0.2953676152827145
0.7667286464166988
0.7667041762092129
0.766688422654617
0.2953601159346516
0.7666696759303708
0.766693317748219
0.2953674681123061
0.29535723867014496
0.765993899770772
0.29535897051793997
0.29535774698426365
0.2953612497161897
0.552946166505252
0.2953530255720169
0.2953568710185659
0.7668067691491309
0.29535811123911626
0.29536076598609584
0.2953676152827145
0.2953525240199887
0.766784914049748
0.7668429129516149
0.7665645450582665
0.7666664309361285
0.2953556303689202
0.2953573839552347
0.29535849290543986
0.2953560622722653
0.2953560622722653
0.2953637168625973
0.29535531608985455
0.2953539635502579
0.7666903568512822
0.29536807911007423
0.2953637168625973
0.7666696759303708
0.2953634232931231
0.295346798301799
0.7668990976800382
0.2953810118320433
0.29534662088747266
0.29535120446914703
0.7665455623625093
0.2953586171051296
0.7667016709834754
0.7667557587481991
0.2953556987992323
0.2953586171051296
0.2953637885148195
0.7668429129516149
0.2953617659675669
0.7668518614359443
0.7666856981488975
0.29535590092400477
0.29535944102591793
0.29535704085511394
0.29535177277269187
0.7666230164752592
0.2953556303689202
0.7666392836811076
0.2953584519698965
0.7666090335945106
0.7666396622375943
0.7667429362112901
0.29535842606589346
0.29536069498738216
0.7667960624718144
0.7667277930567478
0.29537190930086404
0.2953619593924017
0.7667429362112901
0.29535732446127216
0.7667442534043709
0.2953592795753912
0.7665665955192621
0.2953523753413962
0.7667507149033284
0.7665291189216352
0.29536104042848155
0.2953589521005322
0.2953615186815387
0.2953525240199887
0.7667522708301469
0.7664086045472851
0.29535822026546243
0.29536192864314303
0.29535372521939307
0.7665608974487419
0.2953594610881647
0.2953645909613517
0.7666851171374502
0.295360968224322
0.7667557895911506
0.765993899770772
0.29535821091178427
0.29536742653444714
0.2953559121365105
0.2953609249331598
0.2953627611948181
0.7667507149033284
0.2953634638416779
0.29535345040246747
0.7666999951359897
0.295346798301799
0.7665602290477502
0.29535153291787414
0.29535863519437966
0.29536104042848155
0.29535101844146605
0.2953594610881647
0.7667223890341199
0.7668280602770864
0.7666230164752592
0.2953596219220157
0.29535836602515053
0.2953592478267455
0.7668026195093939
0.2953586067373376
0.766784914049748
0.7666392836811076
0.7667911122489193
0.2953481505773421
0.7667307508417169
0.29535915435485705
0.2953561142664404
0.2953593067604019
0.7667016709834754
0.2953623215992092
0.7668026195093939
0.2953645909613517
0.7669637935646971
0.2953617659675669
0.29535491448788365
0.7667791172697815
0.29536807911007423
0.7663898582342266
0.29535856520377934
0.766651071136804
0.2953535760856354
0.7666966777406246
0.766693317748219
0.295365519864355
0.29535909996363885
0.29535915435485705
0.76675798601714
0.766771099844179
0.7668311335414579
0.2953601159346516
0.2953615337401348
0.7666726848556419
0.295385305125592
0.766698208808474
0.2953449599029511
0.29535979455113087
0.29536741764732255
0.2953626779578717
0.7665268331986241
0.7665291189216352
0.2953584545053009
0.7667160307969916
0.2953598139040133
0.7666889884770892
0.2953551437162474
0.29536060778290746
0.7665268331986241
0.29535900002131377
0.7667772937722707
0.29535732446127216
0.2953590436047295
