0.7569579893789746
0.7569579893789746
0.7569579893789746
0.7569579893789746
0.7569579893789746
0.7569579893789746
0.4657772548068216
0.46577725480682264
0.17972962620250277
0.4657772548068218
0.46577725480682186
0.7569579893789746
0.17972962620250277
0.17972962620250277
0.4657772548068221
0.17972962620250277
0.46577725480682036
0.17972962620250277
0.46577725480682186
0.7569579893789746
0.7569579893789746
0.7569579893789746
0.46577725480682036
0.46577725480682153
0.7569579893789746
0.46577725480682153
0.17972962620250277
0.7569579893789746
0.7569579893789746
0.7569579893789746
0.7569579893789746
0.4657772548068217
0.7569579893789746
0.46577725480681836
0.17972962620250277
0.7569579893789746
0.17972962620250277
0.17972962620250277
0.46577725480682153
0.7569579893789746
0.7569579893789746
0.17972962620250277
0.7569579893789746
0.17972962620250277
0.7569579893789746
0.46577725480682197
0.7569579893789746
0.7569579893789746
0.7569579893789746
0.7569579893789746
0.7569579893789746
0.17972962620250277
0.17972962620250277
0.17972962620250277
0.4657772548068223
0.46577725480682175
0.7569579893789746
0.4657772548068214
0.17972962620250277
0.7569579893789746
0.7569579893789746
0.7569579893789746
0.7569579893789746
0.17972962620250277
0.7569579893789746
0.17972962620250277
0.7569579893789746
0.7569579893789746
0.17972962620250277
0.7569579893789746
0.17972962620250277
0.465777254806821
0.7569579893789746
0.7569579893789746
0.17972962620250277
0.7569579893789746
0.7569579893789746
0.4657772548068212
0.17972962620250277
0.4657772548068214
0.4657772548068231
0.46577725480682197
0.46577725480682386
0.17972962620250277
0.7569579893789746
0.7569579893789746
0.17972962620250277
0.7569579893789746
0.4657772548068214
0.46577725480682197
0.7569579893789746
0.17972962620250277
0.17972962620250277
0.7569579893789746
0.7569579893789746
0.46577725480682186
0.7569579893789746
0.7569579893789746
0.7569579893789746
0.17972962620250277
0.17972962620250277
0.4657772548068216
0.7569579893789746
0.17972962620250277
0.7569579893789746
0.7569579893789746
0.46577725480682036
0.7569579893789746
0.465777254806822
0.17972962620250277
0.7569579893789746
0.7569579893789746
0.7569579893789746
0.7569579893789746
0.4657772548068209
0.7569579893789746
0.7569579893789746
0.7569579893789746
0.17972962620250277
0.46577725480682225
0.7569579893789746
0.46577725480682364
0.46577725480681953
0.7569579893789746
0.4657772548068215
0.17972962620250277
0.17972962620250277
0.46577725480682153
0.17972962620250277
0.17972962620250277
0.7569579893789746
0.7569579893789746
0.7569579893789746
0.7569579893789746
0.46577725480682125
0.7569579893789746
0.7569579893789746
0.7569579893789746
0.7569579893789746
0.7569579893789746
0.17972962620250277
0.7569579893789746
0.17972962620250277
0.17972962620250277
0.17972962620250277
0.4657772548068225
0.4657772548068224
0.7569579893789746
0.7569579893789746
0.7569579893789746
0.17972962620250277
0.17972962620250277
0.17972962620250277
0.17972962620250277
0.46577725480680254
0.7569579893789746
0.7569579893789746
0.46577725480681836
0.7569579893789746
0.7569579893789746
0.7569579893789746
0.7569579893789746
0.4657772548068224
0.46577725480682386
0.17972962620250277
0.17972962620250277
0.4657772548068222
0.7569579893789746
0.17972962620250277
0.17972962620250277
0.7569579893789746
0.4657772548068206
0.46577725480682036
0.7569579893789746
0.7569579893789746
0.7569579893789746
0.7569579893789746
0.17972962620250277
0.4657772548068215
0.17972962620250277
0.4657772548068212
0.7569579893789746
0.17972962620250277
0.7569579893789746
0.46577725480682125
0.46577725480682086
0.7569579893789746
0.7569579893789746
0.7569579893789746
0.4657772548068221
0.7569579893789746
0.17972962620250277
0.17972962620250277
0.7569579893789746
0.7569579893789746
0.7569579893789746
0.4657772548068206
0.46577725480682197
0.17972962620250277
0.7569579893789746
0.7569579893789746
0.7569579893789746
0.17972962620250277
0.46577725480682175
0.46577725480681953
0.17972962620250277
0.17972962620250277
0.17972962620250277
0.17972962620250277
0.4657772548068212
0.4657772548068217
0.7569579893789746
0.17972962620250277
0.4657772548068224
0.7569579893789746
0.46577725480682086
0.7569579893789746
0.7569579893789746
0.17972962620250277
0.17972962620250277
0.17972962620250277
0.46577725480682086
0.4657772548068214
0.7569579893789746
0.7569579893789746
0.7569579893789746
0.7569579893789746
0.7569579893789746
0.7569579893789746
0.17972962620250277
0.7569579893789746
0.46577725480681736
0.17972962620250277
0.46577725480681864
0.17972962620250277
0.17972962620250277
0.7569579893789746
0.7569579893789746
0.17972962620250277
0.4657772548068214
0.4657772548068231
0.7569579893789746
0.7569579893789746
0.46577725480682186
0.7569579893789746
0.17972962620250277
0.46577725480680254
0.7569579893789746
0.7569579893789746
0.17972962620250277
