0.723649530230171
0.49204753631359277
0.7594771750543713
0.3083634948311931
0.09990468346498493
0.8252042988403455
0.5118024865776976
0.3445700140955037
0.9845759680094841
0.39754802736086314
0.4561742344648695
0.1736653463810397
0.45792854202883093
0.07899578837718169
0.4959656553129218
0.8691025408550147
0.10312264248210579
0.876604819155898
0.7663868224877193
0.6686391043856671
0.3872322369077711
0.28398827042091734
0.26130238362594815
0.928306571671786
0.4583620198749486
0.5797674513235733
0.48483734651562416
0.7757851597062735
0.10723628722757972
0.3699141574327013
0.7006455433385078
0.8176303314430252
0.9428377413177462
0.6942471632348485
0.2727471981714692
0.20239997922718156
0.6635594824694719
0.8316827535541716
0.3986522023070911
0.11926264221329475
0.7186003271724143
0.11527703612764706
0.021468692671116507
0.6691008567811103
0.9846879750260734
0.576768483744827
0.7023200747561822
0.09642442945138274
0.3369382420949393
0.954884080158575
0.467156786382807
0.46876350503210196
0.5217260446421151
0.0016462415019217191
0.053026283107010186
0.15176443645806814
0.4780742101298291
0.6534578334662275
0.9926450533735132
0.09598044023325791
0.8628302155297438
0.7176880089655757
0.9768829261179633
0.6581889975170575
0.05899829924772959
0.09950908855946561
0.8303193315053632
0.9560258248273307
0.37463711453050486
0.5379048224217982
0.3330618036864189
0.3084276511008953
0.3181530224223915
0.6149628783074605
0.32107214431565523
0.6245598152193582
0.003865473676226694
0.4612674910595742
0.9109165628977891
0.15101902187106386
0.10757444975758057
0.8141042988793993
0.6742923892366043
0.8392844837558036
0.4258532730712108
0.6848710864595627
0.6436447486724687
0.04839573098852623
0.35720228529217946
0.9874071316033801
0.24330831745081682
0.0926147991683246
0.21151346764447898
0.46847432392005595
0.31778170554199325
0.04466428762736596
0.9812957642628768
0.3436163660841419
0.2698683889698317
0.3495813302640429
0.3036945644298251
0.9485986370397065
0.8591958138811113
0.8778706656836205
0.6889152894267458
0.04595776534209117
0.45678523645881575
0.2956794446580491
0.06843850741800084
0.6182615289210693
0.39929351294159543
0.045977577350638676
0.3645324450879186
0.6945610180969382
0.1628894667949783
0.502851702355882
0.9154151851392716
0.3259291495580433
0.2797372134700561
0.948372971313923
0.6469583521098521
0.6379819627047112
0.037174105063113916
0.8436007800149408
0.348519884592568
0.7779032848471967
0.5405928309533723
0.2156938449864737
0.35313575793241225
0.4205651525832488
0.8777168967187748
0.5832230102386053
0.6295605761457711
0.7113300421973892
0.3879785874501557
0.24295459318169266
0.5329799472070671
0.6195785787015577
0.827822705134428
0.21609922493080858
0.7808862576045528
0.03387654367471038
0.6174632651163136
0.8393963560323568
0.8212469644629559
0.42630756266238334
0.3557286869600532
0.8660115002803687
0.5028385862221681
0.5065823031942018
0.3361124941726753
0.8789623699397506
0.41113468280849375
0.6927703692493614
0.10871720882660729
0.8191307550742988
0.4016712635370461
0.7764205883812842
0.7639185698883499
0.2946155298372055
0.2393141785419124
0.19580414878837926
0.2506457585932639
0.8102574173052309
0.7421955666089105
0.4209357801779807
0.12485482407299164
0.48475486916613053
0.8512330838118912
0.029676002172540183
0.7990467230048561
0.7022681875138801
0.24120063927339142
0.42168916000608414
0.5861645083086251
0.18328103264091222
0.16094658247055482
0.16207229952154756
0.24455250435123554
0.517587607265297
0.5562703489748115
0.09768503465908207
0.2020919399562312
0.7904535442418262
0.2882114021415002
0.9610703299528668
0.6087091977674695
0.2595844671273797
0.026326958121109745
0.2540454349450566
0.06493611074050687
0.7823763427047161
0.839192160758483
0.771070559728641
0.1487206623585805
0.1306860708609182
0.3478375712779197
0.858090716060601
0.5321953025533883
0.7426232529904616
0.4121974863838834
0.9557386988460562
0.30905317098701623
0.7314799070805271
0.2839038967098698
0.524875132097292
0.10832047510126686
0.9511371009470142
0.03421693770769485
0.789961738135645
0.14922233338736746
0.9681150067978371
0.2158237326056015
0.568270466536527
0.7733658443324686
0.2730503307585217
0.980773208300594
0.21758105762142377
0.9875478042456841
0.296605426103958
0.8736352651191364
0.9312009895057236
0.2895964633719874
0.1545119307368873
0.2697196268977503
0.5130455301609809
0.6767309448372271
0.9587252363461752
0.5709317529759188
0.10445975577076194
0.9115919425768394
0.4772728082472155
0.8412387873608735
0.18637775245005606
0.144523909155148
0.004185674988027022
0.619399558387258
0.5019173018841174
0.6133466855929923
0.03582055604272205
0.8676420614294575
0.4805492362299061
0.7777678520554834
0.3064039679377383
0.09388728472313435
0.8586713794129408
0.19991886461950859
0.6250928652106434
0.3868933225554514
0.17955241407094225
