0.7159147031691611
0.6244272008485983
0.8761585830581959
0.2265110470502869
0.1904696127748095
0.7397069271002849
0.5188475855496233
0.23532493445797198
0.8318410042513842
0.5175196412039607
0.4912164559132829
0.15243083626285725
0.377719173229575
0.20497921590568252
0.31981363322568457
0.8279118993557901
0.17059854601981694
0.7447588570217516
0.8284372403363861
0.6244272008485983
0.265064278691336
0.2819384927349164
0.26433496084601926
0.8284372403363861
0.7159147031691611
0.5082263831879211
0.5564075220375979
0.8392871960246197
0.31981363322568457
0.5082263831879211
0.4845825356229245
0.7923806180545911
0.809368906120167
0.7934992741060194
0.4845825356229245
0.25285678254900235
0.5331810741239409
0.7857780484123121
0.5399588896369941
0.24648999161238588
0.8352197720516688
0.2407129620810961
0.1904696127748095
0.8279601161183718
0.929360215211728
0.6439596702962578
0.7857780484123121
0.2039506518764202
0.35341753673769566
0.9295633151164734
0.2833156658571992
0.567835622968504
0.3486653140930662
0.21704610047158668
0.16857774503523285
0.22658718167630149
0.5289432977604215
0.6484089176969849
0.8424995913184579
0.28596011706833596
0.7861256160230311
0.362267635539811
0.8638109224585137
0.6581889975170575
0.17575042346291075
0.19618880875839567
0.8366177186510453
0.8392871960246197
0.2906275512406247
0.39884111098289
0.2040785953407938
0.2592772668362282
0.2906275512406247
0.526350890180192
0.20567807810829988
0.751411596202022
0.18925602989823884
0.7335274311676063
0.7353623184560236
0.1876070715535783
0.1598678247490157
0.8279601161183718
0.667021422148258
0.7750613351652118
0.42156998695710307
0.777654491333587
0.8096623154869231
0.20058938870593482
0.4765502281777332
0.9019197867631037
0.28673768883782735
0.1765715243787277
0.1876070715535783
0.5329904772559235
0.19618880875839567
0.22948785476031752
0.873263253849989
0.3045138779155919
0.1426446388799899
0.28067529342104613
0.35341753673769566
0.9646859226701503
0.8102050167813862
0.7353623184560236
0.548183205837296
0.2220534649825135
0.5046336630542847
0.24668240284316742
0.15697266567671134
0.29438244678566616
0.3101224116750845
0.15483045709576906
0.20567807810829988
0.6920648317345102
0.1628894667949783
0.42156998695710307
0.8157628719399158
0.2819384927349164
0.19855564200396592
0.8424605204128135
0.5217366302803155
0.6685572972787936
0.15245694075887165
0.873263253849989
0.21217207486557982
0.8098543521570744
0.5289432977604215
0.4957858217632826
0.4705544951910303
0.26273823036583444
0.7773795156236386
0.362267635539811
0.8229813197158504
0.6484089176969849
0.265064278691336
0.4875306958282539
0.4705544951910303
0.5046336630542847
0.8112688077170014
0.1986111564426934
0.8487448108119262
0.03387654367471038
0.7888959497276167
0.8187984495303542
0.809368906120167
0.20031758080360063
0.10197760293988961
0.8638109224585137
0.5804445078499807
0.38357801938195135
0.38490816780635106
0.767586882673847
0.4337917154238279
0.777654491333587
0.24648999161238588
0.805686960189629
0.5091498178542004
0.8351730688908191
0.526350890180192
0.24668240284316742
0.2314800959104495
0.22148021841953347
0.299948550302659
0.7888159184771113
0.8497891086942855
0.32623695604329994
0.2120901529299098
0.48616791097897655
0.8487448108119262
0.2230304575601194
0.5232856610820376
0.7497199375984325
0.3068295010943054
0.5553436292784799
0.4878445882674776
0.2801252563478097
0.15697266567671134
0.38357801938195135
0.22658718167630149
0.38232351409057186
0.548183205837296
0.30392448045015297
0.1922135406870577
0.8174655505943278
0.23313834106516884
0.792301401943679
0.4957858217632826
0.14862403691661216
0.15483045709576906
0.217256685262608
0.1611034615193237
0.7750613351652118
0.8424605204128135
0.7393622529780461
0.20316342904637924
0.15245694075887165
0.3045138779155919
0.7807158976145763
0.5091498178542004
0.7335274311676063
0.5804445078499807
0.7915501919673225
0.23297884116575124
0.7892027706284057
0.2314800959104495
0.28596011706833596
0.2453429059395698
0.8112688077170014
0.1843078176238265
0.8125547805162731
0.26896452142620564
0.7416744912416747
0.217256685262608
0.26433496084601926
0.8083132975432374
0.17177037879812176
0.9760465271367652
0.22148021841953347
0.9875478042456841
0.2480428781948913
0.8394576968725973
0.8349001432369145
0.2039506518764202
0.2253592083206033
0.1598678247490157
0.7714922910521602
0.7547856814517344
0.8308884409090409
0.5619560211594736
0.27481667166288787
0.751411596202022
0.5813363673431098
0.736888980823365
0.2265110470502869
0.25542338578385704
0.0810634404697106
0.5188475855496233
0.7276926093571665
0.736888980823365
0.24568327809337195
0.8701239423596954
0.5462161345507929
0.7923806180545911
0.18925602989823884
0.16875692007596255
0.8226099731385972
0.23532493445797198
0.5331810741239409
0.4337917154238279
0.20058938870593482
