0.7447104489117442
0.7748515222566152
0.7131790373286451
0.7103786551681271
0.7950861901372425
0.8028460082378109
0.39067817422137185
0.4516583168479913
0.32419737797890796
0.45807624276791525
0.4547512282834315
0.7548434097070644
0.15833300948204082
0.17185615891627054
0.47196228523131106
0.13868212813556086
0.4741916969400891
0.5145135456706605
0.44599810449054433
0.6834357926759639
0.8164989765630937
0.7255992260061463
0.43646954451518677
0.4602622088746684
0.726894407378894
0.45506562792125765
0.18455479320538212
0.6290750168700732
0.7453961452305273
0.7556505992409576
0.792057967674678
0.6196815797405225
0.7402329052016323
0.4653216205387354
0.18989661674442043
0.7695067466013603
0.17372499655361195
0.10659270291676956
0.27975668203888904
0.8115922361485669
0.7837169436048161
0.19457167139571643
0.7865166652984222
0.1935316720136805
0.8033504702666294
0.6606137717446564
0.6398081007147527
0.829386276637924
0.7365394449930246
0.8665967346419157
0.7865166652984222
0.10735294942191999
0.1538751903756467
0.22259261719427118
0.4974513153654735
0.4324244805900722
0.82699270117025
0.4905142941395982
0.1779838908285208
0.7418271344943369
0.8155531600505759
0.7233080442673974
0.7615225690906076
0.17978376478201796
0.7632103168143445
0.1928497086505852
0.7776247046101716
0.7894287469736507
0.2070964325615539
0.7863920407564958
0.18989661674442043
0.46849298909941134
0.7533582804453268
0.7755006067353885
0.09586293634124154
0.8278701655631013
0.7558876083739825
0.46174478843145655
0.1871240537165634
0.48136660573929735
0.4974513153654735
0.4516583168479913
0.5027630905711986
0.12768450807553483
0.7465593462322722
0.9144617307895291
0.18455479320538212
0.8270147582606847
0.45807624276791525
0.454777393177042
0.6196815797405225
0.19757772163618847
0.2070964325615539
0.7763327439999712
0.7683501649695496
0.4178045120409995
0.7010412449165309
0.7319941342371459
0.7781378790245741
0.1538751903756467
0.14000729723548896
0.5145135456706605
0.8040059716906862
0.18006587267575858
0.7287479230007203
0.7773236775017166
0.48805613906301315
0.7402329052016323
0.5027526079717614
0.1094466297679055
0.7959600581980625
0.8083272049604844
0.7665925845461956
0.7234590500805759
0.45004915348088814
0.7341216238319761
0.7955783371513863
0.8033996999357567
0.1997109787886594
0.5203441576444834
0.7489419244483235
0.4756714771312718
0.43752621334873787
0.6398081007147527
0.4905142941395982
0.08288169397684123
0.1566879210097456
0.4583568316177723
0.16088193271945594
0.18268164662441438
0.8022440435284388
0.7591612458844468
0.8022440435284388
0.6956682494178215
0.4745009998297827
0.7184267277184428
0.7010412449165309
0.7950861901372425
0.7524793998106732
0.6755467350445467
0.13971424868678511
0.7048602563126991
0.14000729723548896
0.19630710272863613
0.15630000400523592
0.541231969989413
0.49595381555408863
0.7302728675920944
0.7894287469736507
0.8089321659271568
0.1871240537165634
0.16657249630973442
0.1928497086505852
0.20184332683559988
0.43646954451518677
0.604023973544651
0.792057967674678
0.4653216205387354
0.8111011039329528
0.7571577661358673
0.7683501649695496
0.46373546067354265
0.4688495461287554
0.4756714771312718
0.19630710272863613
0.22688377124639128
0.5155372330018755
0.741027763049923
0.15991879952115634
0.09586293634124154
0.7632103168143445
0.4390747562277619
0.45367066074153395
0.7755006067353885
0.7820072195720023
0.7757329727626844
0.8316969314528678
0.14089757726865076
0.4547512282834315
0.12366047363219969
0.4583568316177723
0.8628644449315428
0.15776231284787817
0.8665967346419157
0.4602622088746684
0.19332571612220492
0.7533582804453268
0.8108393416734508
0.6606137717446564
0.46153676505587216
0.604023973544651
0.1935316720136805
0.19457167139571643
0.7407609226021614
0.7302728675920944
0.7354792396872896
0.43752621334873787
0.46849298909941134
0.1896358768836765
0.7473025093179344
0.7384565266795065
0.7570006769045741
0.22688377124639128
0.5027526079717614
0.43167958733745
0.2144343423215288
0.3643611064753519
0.2157897316544108
0.2117472126352238
0.4688495461287554
0.5241552015094479
0.7234590500805759
0.17978376478201796
0.5460163125261932
0.7407609226021614
0.46690778040392805
0.777277758370115
0.7773236775017166
0.17372499655361195
0.1797623719501287
0.19757772163618847
0.4324244805900722
0.460684430634713
0.7570006769045741
0.7695067466013603
0.7460395112815993
0.7412031652038835
0.7354792396872896
0.6956682494178215
0.21860334500337875
0.8164989765630937
0.43167958733745
0.17185615891627054
0.45004915348088814
0.1225248837534384
0.18008423591246736
0.7548434097070644
0.8240869136767714
0.12366047363219969
0.4523511202672209
0.4602744990237629
0.8278701655631013
0.8340824337044312
0.4523511202672209
0.7524793998106732
0.15776231284787817
0.4208951422063001
0.7465593462322722
0.6240741981796412
0.13971424868678511
