0.9198491721506075
0.6291921347958414
0.7294847838545919
0.7434354136040521
0.8668969618865974
0.8616545875296572
0.5611498387142063
0.47340436251088097
0.18900300318486946
0.43299317067835963
0.5251056203087028
0.7369574529760918
0.22561713268250905
0.09108038940878194
0.41240474750453915
0.08874976350164088
0.5057619422449053
0.5011336391135264
0.4773058044818394
0.6332437719876995
0.736160279068265
0.853009337759969
0.5057619422449053
0.4497258143590632
0.6825779375571719
0.38071201923728626
0.17335675355277566
0.4498702511224919
0.7369574529760918
0.8232112930386208
0.9178500185582488
0.4403499109810115
0.8954214158280315
0.5684903585077115
0.08412578518787805
0.7159019315178075
0.31586700597458306
0.04967767705266213
0.2446893215581103
0.9069743480697197
0.9923108573206073
0.06829318063800749
0.7375300333730108
0.28697036167772905
0.8636180225068741
0.7297243639159805
0.554044602179306
0.9407418581382855
0.893149752551915
0.9407418581382855
0.5819468541243205
0.11281870314220555
0.19393257170080075
0.2181844813395391
0.4471411997719238
0.3860329326140418
0.864595732615175
0.4440575496716575
0.18913196603551619
0.681162322246882
0.8385039266623652
0.7758461529558016
0.6762125690885286
0.18968871142574623
0.7149222081420932
0.2029590001661411
0.9941891948530217
0.7014709179279965
0.210971080180899
0.7297243639159805
0.3420809291252905
0.6291921347958414
0.8698518446070251
0.7014709179279965
0.046274243681762806
0.9465349016110518
0.7440259564369308
0.5031456193994284
0.1626602188050477
0.470076506778484
0.3604002781919359
0.3604002781919359
0.5840683495544255
0.0756433706743585
0.7460208027115838
0.9011997625516852
0.2743182152744451
0.9275466197003613
0.48620538810336433
0.48733575474044466
0.8633431281431541
0.1626602188050477
0.15319821529222777
0.6521456275318904
0.7445207365125424
0.43299317067835963
0.7536318471956577
0.6825779375571719
0.7149222081420932
0.09010027737203452
0.163507728780877
0.4362311288720643
0.8712115623274693
0.24161775500953184
0.7004098808867512
0.8712115623274693
0.45747928231050483
0.5257819130899801
0.40479832614893185
0.06989181382384224
0.9804708773154448
0.7299639439773691
0.6426187828042363
0.6224771169370955
0.4617774101081251
0.7651941136592157
0.9532261871931107
0.9178500185582488
0.22573381377512208
0.5819468541243205
0.8018267308659454
0.461223581212321
0.4810767923646089
0.6285139915779661
0.4440575496716575
0.08288169397684123
0.1007408264031523
0.38730306009991766
0.17754896971355894
0.10370659329184556
0.8523920956859488
0.6858815228708648
0.561316012763577
0.7267752181996139
0.3993019958507715
0.6148275212369094
0.8046819654273689
0.6110201613762549
0.7758461529558016
0.6715385429269474
0.13971424868678511
0.6583562249030652
0.14900144571196877
0.38730306009991766
0.15570651386728346
0.561316012763577
0.5684903585077115
0.7861899315406095
0.8523920956859488
0.8668969618865974
0.08376422758198698
0.16475318076499995
0.2480756595123367
0.24080042367885385
0.5096393516172946
0.5911579385145462
0.8871020724770748
0.4498702511224919
0.6744829358596007
0.5598258477233279
0.7267752181996139
0.2480756595123367
0.44978445567880987
0.38071201923728626
0.18968871142574623
0.4907989218625076
0.47340436251088097
0.8871020724770748
0.09010027737203452
0.003772590589729341
0.7861899315406095
0.6223480181492722
0.4403499109810115
0.6715385429269474
0.8545944844518744
0.893149752551915
0.36638970015060185
0.15319821529222777
0.7915146438691648
0.16475318076499995
0.22475655549286666
0.9275466197003613
0.08874976350164088
0.9162953264151062
0.3993019958507715
0.24080042367885385
0.8620044598904832
0.8636180225068741
0.492384501384635
0.5416335653846897
0.5911579385145462
0.047786807934713904
0.06829318063800749
0.6858815228708648
0.7651941136592157
0.6079604920378843
0.4362311288720643
0.4105792388815829
0.1526992558676286
0.733524222237678
0.6706303279785896
0.736160279068265
0.10370659329184556
0.29786028755753946
0.30714831583980395
0.163507728780877
0.3326602671213551
0.18913196603551619
0.24717387639137545
0.47975485161195675
0.6079604920378843
0.482906675292719
0.1666001217017007
0.6148275212369094
0.7051939626708387
0.41601522965544513
0.723159028094589
0.6224771169370955
0.14900144571196877
0.17754896971355894
0.2616566999569832
0.41601522965544513
0.7019390731770303
0.9198491721506075
0.9465349016110518
0.7460395112815993
0.7834763373887959
0.7259282579322908
0.8041517532579994
0.4085970148351835
0.864595732615175
0.5134834942731019
0.22573381377512208
0.4773058044818394
0.15570651386728346
0.17698580044325637
0.46113520294957466
0.9642536974170623
0.14014788785814503
0.2616566999569832
0.5590247144952292
0.7296149408319064
0.87797251349971
0.467554322876936
0.9993334715907414
0.046274243681762806
0.492384501384635
0.8155763951571076
0.6583562249030652
0.13971424868678511
