0.7844244877369316
0.5648571920929064
0.8083132975432374
0.28116909043859517
0.11607608071232617
0.6825599412479507
0.5118024865776976
0.26760449508062795
0.8696136633656433
0.4987909706561894
0.46747232735416855
0.1736927193049323
0.49009590306030887
0.1065016497072008
0.5091144597023542
0.8478735188497236
0.1675043727347016
0.8272540520015474
0.7652167300488372
0.6718640492916337
0.3266397816056177
0.31138385368827826
0.27098883852349714
0.9435159040089807
0.5349316771919411
0.5349316771919411
0.6490077714105621
0.8328404180662419
0.27098883852349714
0.47018670116845124
0.5515440252273296
0.8696136633656433
0.7762167119830359
0.6915812263307972
0.3790995401529131
0.23090455312423197
0.5660169031947639
0.9089002923105842
0.49050878147585686
0.2514224739724183
0.7608228026974317
0.20892999104923587
0.08021173611659417
0.762796005247585
0.929360215211728
0.5573366530833126
0.691100866388424
0.09642442945138274
0.3113212478282628
0.954884080158575
0.3562186508311584
0.46876350503210196
0.4923446131717386
0.08216032693828727
0.14377736865883178
0.2616987125766352
0.4176382477110043
0.6578980986807091
0.901451235339372
0.09598044023325791
0.8045203104599377
0.4787600988027051
0.9089002923105842
0.6581889975170575
0.05899829924772959
0.23696443962782657
0.8593294724365219
0.9560258248273307
0.2484544976970567
0.5024517985172019
0.27532143065392134
0.3084276511008953
0.3181530224223915
0.5648571920929064
0.21806158262964023
0.7744764414652394
0.003865473676226694
0.41406441226030977
0.9109165628977891
0.27159365878034125
0.14647106623319123
0.8535666570275544
0.691100866388424
0.8392844837558036
0.4828088915307663
0.6378400631411427
0.735449400337008
0.16392266864518773
0.41472800357086864
0.9760465271367652
0.2780531753815574
0.21576259942239373
0.2853729897459413
0.6226103664178573
0.40473946354363466
0.17999837314748074
0.8946436085227304
0.1369151547502005
0.1510261512540823
0.28067529342104613
0.22421166724054278
0.9646859226701503
0.8873054995101914
0.8645518747477559
0.6915812263307972
0.04595776534209117
0.5443807690684814
0.28315890726726545
0.11469254494427783
0.45483933371151153
0.3090472669152473
0.17644802371303042
0.28315890726726545
0.7763258670787696
0.1628894667949783
0.5079486162584315
0.8873054995101914
0.4490906907327741
0.2027612675097358
0.8973761901034709
0.5661702072433579
0.503300244182711
0.037174105063113916
0.8513175306526573
0.17644802371303042
0.7656617228071543
0.6378400631411427
0.2706383698764818
0.45540662077044547
0.31138385368827826
0.8777168967187748
0.503300244182711
0.7573674137893647
0.6578980986807091
0.3266397816056177
0.33877943695563917
0.48553406862539095
0.5515440252273296
0.8894799030407211
0.1675043727347016
0.8329377468760965
0.03387654367471038
0.733104534052581
0.8393963560323568
0.8593294724365219
0.29285129718075376
0.19780572732673726
0.9179017044451641
0.6664965290959491
0.5065823031942018
0.39362899175396293
0.8256299296973341
0.43697824766865834
0.7197162833635717
0.10871720882660729
0.7744764414652394
0.5443807690684814
0.7761028740437789
0.6226618847225793
0.23696443962782657
0.17341913036818124
0.21806158262964023
0.22421166724054278
0.8994137127214215
0.7485072167130526
0.43141173406902095
0.15866740413954067
0.47018670116845124
0.8645518747477559
0.18761902272858227
0.6226103664178573
0.7958740452773005
0.20084739408214314
0.40473946354363466
0.41472800357086864
0.26760449508062795
0.11469254494427783
0.32034154743938303
0.2853729897459413
0.29681943535966526
0.5495083261080715
0.17999837314748074
0.2020919399562312
0.7904535442418262
0.1736927193049323
0.9135409151166177
0.626409019655541
0.20892999104923587
0.026326958121109745
0.2780531753815574
0.23483097723007715
0.8513175306526573
0.8994137127214215
0.8114815616844986
0.2056948785411401
0.08021173611659417
0.41406441226030977
0.7763258670787696
0.46747232735416855
0.747515137158115
0.5219774465180078
0.7844244877369316
0.21216510355733165
0.733104534052581
0.20926178792640712
0.35933083717640324
0.11559508468610268
0.7656617228071543
0.03421693770769485
0.861160525672546
0.09759995536900307
0.6718640492916337
0.15955786093380805
0.3790995401529131
0.8083132975432374
0.14684407890503437
0.9760465271367652
0.2816724894712922
0.9875478042456841
0.21409260704339067
0.8331621104553429
0.8328404180662419
0.20084169380661338
0.3877897670811852
0.1510261512540823
0.7652167300488372
0.6767309448372271
0.9435159040089807
0.5619560211594736
0.19780572732673726
0.6664965290959491
0.54258722119266
0.7197162833635717
0.28116909043859517
0.3113212478282628
0.004185674988027022
0.5549541699315574
0.5855090793326139
0.7363239056003892
0.17563030275215374
0.9222624937737105
0.5024517985172019
0.7777678520554834
0.27159365878034125
0.08216032693828727
0.8586713794129408
0.21576259942239373
0.5549541699315574
0.43697824766865834
0.21132042021087277
