0.8237436866648251
0.2379568203964612
0.47438881443798364
0.5176725120831864
0.4139299570701738
0.6856071937026726
0.23740746056731724
0.82375398775913
0.23781750525029594
0.23839689305534123
0.8237419415495342
0.2662416686342949
0.23773649307231515
0.8237611354201533
0.8168243922822411
0.32462450561725165
0.8237580970469806
0.2662416686342949
0.23791292526710095
0.5180123685979778
0.23620918757826403
0.31445630179848616
0.821735448410821
0.23882783422912124
0.2813360246185421
0.539711979484277
0.5211377217245021
0.23741801928925807
0.6124423083204715
0.3584308646406309
0.569026425845285
0.569026425845285
0.8264367682147609
0.5664028140693412
0.2366559072052146
0.5101846656461112
0.23791292526710095
0.23916316134930107
0.23714368671869035
0.2373618782741928
0.23773649307231515
0.5664028140693412
0.23803481672154325
0.23464970694648535
0.019214958774392776
0.2351319390729616
0.8237606515176557
0.2607589554510535
0.23736915921557544
0.23412309911773466
0.7647651666980084
0.8237589742687981
0.31445630179848616
0.2988547234353311
0.5109764868482327
0.5121650194338894
0.23642254659379588
0.8236666812769196
0.2851715235723019
0.2622751269939234
0.25742407880137713
0.5121650194338894
0.2371792232653794
0.8226090140786846
0.8237589896599287
0.2851715235723019
0.2373618782741928
0.7647651666980084
0.8276188932945832
0.2388041836747325
0.6768177180018382
0.7708433018616916
0.8237580970469806
0.8168283377547366
0.2464217407262912
0.8264367682147609
0.22353225643381655
0.019214958774392776
0.5105714563423112
0.7751131963853687
0.28133602232943744
0.23800719514739554
0.8276188932320601
0.23882783422912124
0.2378205568649942
0.8237585304847641
0.23836629770653744
0.6124423083204715
0.2374441904119918
0.23789147716654818
0.7464318151699608
0.6856071937026726
0.5538881854143872
0.23781750525029594
0.5215148083436996
0.23750086831652753
0.5176725120831864
0.5109261118204322
0.6359708004244458
0.823462515916006
0.23916316134930107
0.35356442357744866
0.8730848000599998
0.25742407880137713
0.8237568790286154
0.242553760908833
0.2851715235723019
0.23642254659379588
0.47438881443798364
0.23756161690947064
0.8168283377547366
0.8237418248259637
0.2378585599885082
0.7742150296356871
0.8226090140786846
0.821735448410466
0.2379568203964612
0.8043266114036376
0.8236839466692675
0.5105714563423112
0.2351319390729616
0.2388014431282017
0.242553760908833
0.6156594236033716
0.7708433018616916
0.25373745308986473
0.6359708004244458
0.5220737044990185
0.23750086831652753
0.8166301979346302
0.23790041251743255
0.6359708004244458
0.7742150296356871
0.7921316389116367
0.8257593273375918
0.8269392744661133
0.23698291763734244
0.8237697066823193
0.6856071937026726
0.5186703203162499
0.823760168043096
0.23800719514739554
0.5097887550450504
0.23931721377047055
0.28133602232943744
0.2388096647677941
0.5180123685979778
0.7921316389116367
0.823462515916006
0.23691062028805154
0.31445630179848616
0.6856071937026726
0.8237697073758994
0.8168243922822411
0.8237436866648251
0.22353225643381663
0.5220737044990185
0.2366559072052146
0.23412309911773466
0.23796748676419416
0.8246673185562039
0.23620918757826403
0.2388014431282017
0.8264693073393137
0.366933725881424
0.8237597818223316
0.8276188932945832
0.6156594236033716
0.8237550818396017
0.48759236176456305
0.8043266114036376
0.8730848000599998
0.8237568790286154
0.8730848000599998
0.32462450561725165
0.8237616276469615
0.23839689305534123
0.8261413106039819
0.22353225643381655
0.366933725881424
0.23789147716654818
0.7464318151699608
0.8237611354201533
0.8261413106039819
0.2988547234353311
0.8237455485036866
0.8237419415495342
0.23756161690947064
0.8258900222380269
0.5211377217245021
0.4139299570701738
0.7708433018616916
0.8125685490149701
0.8237567534314915
0.8257593273375918
0.23773323295280477
0.23790626926938557
0.7932669083287178
0.8258900222380269
0.8237589896599287
0.5109261118204322
0.8246673185562039
0.5350818722940234
0.23740746056731724
0.6768177180018382
0.23773323295280477
0.23839174655971176
0.48759236176456305
0.5350818722940234
0.5613720773204856
0.2813360246185421
0.8234625368361812
0.23739954741099173
0.8269392744661133
0.2464217407262912
0.539711979484277
0.8166301979346302
0.23790041251743255
0.25373745308986473
0.2374441904119918
0.23714368671869035
0.5350818722940234
0.821735448410821
0.2607589554510535
0.5186703203162499
0.82375398775913
0.23698291763734244
0.8237585304847641
0.23839673476158874
0.366951390287081
0.35356442357744866
0.5538881854143872
0.2360703267267873
0.5613720773204856
0.5613720776235668
0.23803481672154325
0.3584308646406309
0.8125685490149701
0.2378144536355977
0.5215148083436996
0.7751131963853687
0.8276188936071986
0.7932669083287178
0.23830528080874988
0.2622751269939234
0.23787757285166755
0.366951390287081
0.8237697073758994
0.23836629770653744
0.35356442357744866
