0.7471311441156938
0.25690412600634926
0.7471311441156938
0.698279589731181
0.5256627252297579
0.7471311441156938
0.25690412600634926
0.7471311441156938
0.25690412600634926
0.25690412600634926
0.7471311441156938
0.25690412600634926
0.25690412600634926
0.7471311441156938
0.7471311441156938
0.25690412600634926
0.7471311441156938
0.25690412600634926
0.25690412600634926
0.5257250705909489
0.25690412600634926
0.25690412600634926
0.7471311441156938
0.25690412600634926
0.25690412600634926
0.7471311441156938
0.7295235258150417
0.25690412600634926
0.7471311441156938
0.5259646839408249
0.7471311441156938
0.7471311441156938
0.7471311441156937
0.7336106017897484
0.25690412600634926
0.5243680210039205
0.25690412600634926
0.25690412600634926
0.25690412600634926
0.25690412600634926
0.25690412600634926
0.7471311441156938
0.25690412600634926
0.25690412600634926
0.019214958774392776
0.25690412600634926
0.7471311441156938
0.25690412600634926
0.25690412600634926
0.25690412600634926
0.7471311441156938
0.7471311441156938
0.25690412600634926
0.25690412600634926
0.7295235258150417
0.5258487367641207
0.25690412600634926
0.7471311441156938
0.25690412600634926
0.25690412600634926
0.25690412600634926
0.5257027786327689
0.25690412600634926
0.7471311441156938
0.7471311441156937
0.25690412600634926
0.25690412600634926
0.7471311441156938
0.7295235258150417
0.25690412600634926
0.7471311441156938
0.7471311441156938
0.7471311441156938
0.7471311441156938
0.25690412600634926
0.7471311441156937
0.25690412600634926
0.019214958774392776
0.5243680046869379
0.7471311441156938
0.25690412600634926
0.25690412600634926
0.7295235258150417
0.25690412600634926
0.25690412600634926
0.7471311441156938
0.25690412600634926
0.7471311441156938
0.25690412600634926
0.25690412600634926
0.7471311441156938
0.7471311441156938
0.7471311441156938
0.25690412600634926
0.5251835142631693
0.25690412600634926
0.7471311441156938
0.5249999027762833
0.7471311441156938
0.7471311441156938
0.25690412600634926
0.25690412600634926
0.7471311441156938
0.25690412600634926
0.7471311441156938
0.25690412600634926
0.25690412600634926
0.25690412600634926
0.5262684607334112
0.25690412600634926
0.7471311441156938
0.7471311441156938
0.25690412600634926
0.7471311441156938
0.7471311441156938
0.7471311441156937
0.25690412600634926
0.7471311441156934
0.7471311441156938
0.5243680131648515
0.25690412600634926
0.25690412600634926
0.25690412600634926
0.7471311441156938
0.7471311441156938
0.25690412600634926
0.7471311441156938
0.5257012298159242
0.25690412600634926
0.7471311441156937
0.25690412600634926
0.7471311441156938
0.7471311441156938
0.7471311441156938
0.7471311441156936
0.7295235258150417
0.25690412600634926
0.7471311441156938
0.7471311441156938
0.5257012298159242
0.7471311441156938
0.25690412600634926
0.5243680210039205
0.25690412600634926
0.25690412600634926
0.25690412600634926
0.5257250705909489
0.7471311441156938
0.7471311441156938
0.25690412600634926
0.25690412600634926
0.7471311441156938
0.7471311441156938
0.7471311441156938
0.7471311441156938
0.25690412600634926
0.5262684607334112
0.25690412600634926
0.25690412600634926
0.25690412600634926
0.7471311441156937
0.25690412600634926
0.25690412600634926
0.7471311441156937
0.25690412600634926
0.7471311441156938
0.7471311441156936
0.698279589731181
0.7471311441156938
0.7471311441156938
0.7295235258150417
0.7471311441156938
0.7471311441156938
0.7471311441156938
0.25690412600634926
0.7471311441156938
0.25690412600634926
0.7471311441156933
0.25690412600634926
0.25690412600634926
0.25690412600634926
0.7471311441156938
0.7471311441156938
0.7471311441156931
0.25690412600634926
0.7471311441156938
0.7471311441156938
0.25690412600634926
0.7471311441156934
0.5258487367641207
0.5256627252297579
0.7471311441156938
0.7471311441156938
0.7471311441156938
0.7471311441156936
0.25690412600634926
0.25690412600634926
0.7471311441156938
0.7471311441156933
0.7471311441156938
0.5243680046869379
0.7471311441156937
0.5264959730800387
0.25690412600634926
0.7471311441156938
0.25690412600634926
0.25690412600634926
0.5243680486121868
0.5264959730800387
0.5249999027762833
0.25690412600634926
0.7471311441156938
0.25690412600634926
0.7471311441156938
0.25690412600634926
0.7471311441156938
0.7471311441156936
0.25690412600634926
0.25690412600634926
0.25690412600634926
0.25690412600634926
0.7336106017897484
0.7471311441156938
0.25690412600634926
0.7471311441156938
0.7471311441156938
0.25690412600634926
0.7471311441156938
0.25690412600634926
0.25690412600634926
0.25690412600634926
0.7471311441156938
0.25690412600634926
0.7202622750229022
0.7202622750229022
0.25690412600634926
0.5259646839408249
0.7471311441156938
0.25690412600634926
0.5251835142631693
0.7471311441156938
0.7471311441156938
0.7471311441156938
0.25690412600634926
0.25690412600634926
0.25690412600634926
0.25690412600634926
0.7471311441156938
0.25690412600634926
0.25690412600634926
