0.7442335630559618
0.25690412600634926
0.7455456145887387
0.7328494697340502
0.5254244594474407
0.7455456450499546
0.25690412600634926
0.7455456239273842
0.25690412600634926
0.25690412600634926
0.7411885744595414
0.25690412600634926
0.25690412600634926
0.7449155348974792
0.7455456347467135
0.25690412600634926
0.7455456462793412
0.25690412600634926
0.25690412600634926
0.5254244594474415
0.25690412600634926
0.25690412600634926
0.7455456567382204
0.25690412600634926
0.25690412600634926
0.7455456190425502
0.7455455931253003
0.25690412600634926
0.74554564359557
0.5254244594474479
0.7455456449516044
0.7454315934707036
0.7455455936562041
0.7455456689399347
0.25690412600634926
0.5254244594466901
0.25690412600634926
0.25690412600634926
0.25690412600634926
0.25690412600634926
0.25690412600634926
0.7455456519260477
0.25690412600634926
0.25690412600634926
0.019214958774392776
0.25690412600634926
0.745017940117547
0.25690412600634926
0.25690412600634926
0.25690412600634926
0.745545671204425
0.7455456474896347
0.25690412600634926
0.25690412600634926
0.7425963060183822
0.52542445944743
0.25690412600634926
0.7455456400215956
0.25690412600634926
0.25690412600634926
0.25690412600634926
0.5254244594474271
0.25690412600634926
0.7444088457113918
0.7455455886186748
0.25690412600634926
0.25690412600634926
0.7455456450499098
0.7425963060183827
0.25690412600634926
0.7455456808552838
0.7450536290259628
0.7455456400215956
0.7435703028287322
0.25690412600634926
0.7455455886186748
0.25690412600634926
0.019214958774392776
0.5254244594466901
0.7455456606780481
0.25690412600634926
0.25690412600634926
0.7425963060183822
0.25690412600634926
0.25690412600634926
0.7455456372283054
0.25690412600634926
0.745545664586291
0.25690412600634926
0.25690412600634926
0.7455456606397617
0.745545671204425
0.7455456501477216
0.25690412600634926
0.5254244594469232
0.25690412600634926
0.7328494697340502
0.5254244594474271
0.7455456578818691
0.7442848824764072
0.25690412600634926
0.25690412600634926
0.7455456127328741
0.25690412600634926
0.7455456310161608
0.25690412600634926
0.25690412600634926
0.25690412600634926
0.5254244594474498
0.25690412600634926
0.7454315934707036
0.7455456391069826
0.25690412600634926
0.74554564359557
0.7447171017521781
0.7455456211360623
0.25690412600634926
0.7455456392285471
0.7455456341586467
0.525424459446747
0.25690412600634926
0.25690412600634926
0.25690412600634926
0.7455456572312213
0.7454315222018323
0.25690412600634926
0.7455456787223882
0.5254244594474473
0.25690412600634926
0.7452816545437768
0.25690412600634926
0.7455456572949637
0.7449155348974792
0.7383898618861644
0.7455455133405844
0.7383898618861644
0.25690412600634926
0.7455456686015395
0.7455456866052431
0.5254244594474154
0.7455456508815996
0.25690412600634926
0.5254244594467148
0.25690412600634926
0.25690412600634926
0.25690412600634926
0.5254244594474415
0.7447171017521781
0.745017940117547
0.25690412600634926
0.25690412600634926
0.7455456914478341
0.7455456501477216
0.7455456343606455
0.7455456077211928
0.25690412600634926
0.5254244594474453
0.25690412600634926
0.25690412600634926
0.25690412600634926
0.7455455994107207
0.25690412600634926
0.25690412600634926
0.7455455133405844
0.25690412600634926
0.7455456631308289
0.7425963060183823
0.7328494697340502
0.7455456498309647
0.7411885744595414
0.7383898618861338
0.7455456770109332
0.7442954525767057
0.7455456897644646
0.25690412600634926
0.7455456012581785
0.25690412600634926
0.7455456012581785
0.25690412600634926
0.25690412600634926
0.25690412600634926
0.7455456612423876
0.7455456397085046
0.7455455931253003
0.25690412600634926
0.7455456458845444
0.7455456077211928
0.25690412600634926
0.7455455785646223
0.5254244594474473
0.5254244594474407
0.7454315222018323
0.7450536290259628
0.7455456310161608
0.7452816545437768
0.25690412600634926
0.25690412600634926
0.7455456465854984
0.7425963060183823
0.7455456450499546
0.5254244594469232
0.7455456372283054
0.5254244594474453
0.25690412600634926
0.7455456689399347
0.25690412600634926
0.25690412600634926
0.5254244594467385
0.5254244594474695
0.5254244594467437
0.25690412600634926
0.7455456145887387
0.25690412600634926
0.7455455645607861
0.25690412600634926
0.7455455791891785
0.7440708644328986
0.25690412600634926
0.25690412600634926
0.25690412600634926
0.25690412600634926
0.7455456866052431
0.7455456211360623
0.25690412600634926
0.7455456456666305
0.7442335630559618
0.25690412600634926
0.7455456561172172
0.25690412600634926
0.25690412600634926
0.25690412600634926
0.7455456770109332
0.25690412600634926
0.7455456315429712
0.7435703028287322
0.25690412600634926
0.5254244594474122
0.7442954525767057
0.25690412600634926
0.5254244594472648
0.745545646407398
0.7440708644328986
0.745545646407398
0.25690412600634926
0.25690412600634926
0.25690412600634926
0.25690412600634926
0.7455456904643376
0.25690412600634926
0.25690412600634926
