0.8178233736460848
0.2453953441788621
0.4640310687810957
0.511391657118788
0.46706915949797634
0.7256503148709814
0.24108165403120446
0.8106439697255614
0.24108165403120446
0.24596326198888033
0.8179764757847766
0.24104735790291837
0.24104735790291837
0.7796908018991267
0.8064890244427506
0.3180315797053766
0.8439091558600205
0.24597865410452274
0.24116146270996
0.5184601175216119
0.24103121969243504
0.29437973008448726
0.7791732680536625
0.24330983194826705
0.2827210586479658
0.5667207722604644
0.5039209324589721
0.2460168088052498
0.5762865301084915
0.32025635622068194
0.5603272722967029
0.5667207722604644
0.8240703210665086
0.6165205929200845
0.2411314547386686
0.5154756957211535
0.24112057996876898
0.24628763699791212
0.2444670960083599
0.24099019616198436
0.2409943837316436
0.6165205929200845
0.24933746533306997
0.24107041431924464
0.019214958774392776
0.2410623733072359
0.8218720151017158
0.2918949809019226
0.27753682909754873
0.24113499299735344
0.6994083820540606
0.82210461265147
0.2510741436940228
0.24933746533306997
0.511391657118788
0.4703034655623576
0.24107378789761835
0.8154469043807018
0.3089933264901553
0.24539664557398366
0.24108065741651474
0.5184635902336419
0.24108065741651474
0.8178234140802545
0.82210461265147
0.2453953441788621
0.2409880147236029
0.7353735816726612
0.8220100674676757
0.24820780605538947
0.7353735816726612
0.7951230657488053
0.8154469043807018
0.8131956625852543
0.24098944922764126
0.8241036101361262
0.24253012261728535
0.019214958774392776
0.543934173303027
0.7824501515376878
0.2827210586479658
0.24149566757901358
0.8234071713852966
0.2452194596731819
0.2409588769353748
0.8174400311841798
0.24193843410983312
0.56989303014473
0.24098928397836866
0.24466254802585974
0.8132913370826644
0.7353735816726612
0.5603272722967029
0.24106622879224088
0.5055970139953923
0.24795179431351408
0.511391657118788
0.46706915949797634
0.691778387703263
0.8209032781385912
0.24596326198888033
0.3089933264901553
0.8439091558600205
0.2410454239062977
0.8061171198676034
0.24116146270996
0.30157542426826
0.24107378789761835
0.5097037622680682
0.24104273540363344
0.8131956625852543
0.8106439697255614
0.24229981497964953
0.7350026825819574
0.8047640077667364
0.8234091753911172
0.24760078697211713
0.8152717471158945
0.8111415260498589
0.505156648366119
0.24106558704010533
0.24300923997450924
0.24120234545115102
0.7353735816726612
0.7951221820465622
0.27753682909754873
0.7350026825819574
0.511917971390449
0.24330983194826705
0.8178234140802545
0.2409935217742952
0.691778387703263
0.7796908018991267
0.8061171186361326
0.8236350758605786
0.8220100674676757
0.24106558704010533
0.7791732680536625
0.7063528424740442
0.518592080581588
0.8176600819072464
0.2431407086750633
0.505156648366119
0.24605698896829648
0.32025635622068194
0.24820780605538947
0.5184635902336419
0.8047640077667364
0.8218720151017158
0.2444670960083599
0.29437973008448726
0.6994083820540606
0.7987747683412713
0.8064890244427506
0.8178233736460848
0.2460168088052498
0.511917971390449
0.24112791647998372
0.2411314547386686
0.24149566757901358
0.8240703210665086
0.24229981497964953
0.24300923997450924
0.8236350758605786
0.3032622501984089
0.8179833227637672
0.8234058146920122
0.5718498641156643
0.8200342334354924
0.49957026721570974
0.8132913370826644
0.8730848000599998
0.8061171198676034
0.8730848000599998
0.3180315797053766
0.8209032781385912
0.24393585006808693
0.8241472542671873
0.24253012261728535
0.3032622501984089
0.24466254802585974
0.691778387703263
0.8174400342296682
0.8241498393824178
0.3029540259606091
0.8200342334354924
0.816790621772372
0.24093187360562113
0.8240604830281112
0.5039209324589721
0.4640310687810957
0.7464132019624914
0.7951235075999269
0.8209032781385912
0.8240839340593313
0.24099019616198436
0.2411973851613099
0.8111415260498589
0.8241472542671873
0.82210461265147
0.5154756957211535
0.8111415260498589
0.5097037621882883
0.24103121969243504
0.7063528424740442
0.2409923776003658
0.24628763699791212
0.49957026721570974
0.5097037621882883
0.5549617137823654
0.2827210586479658
0.8209032781385912
0.2410662942202863
0.816790621772372
0.24097899900982925
0.543934173303027
0.8152717471158945
0.24597865410452274
0.24605698896829648
0.24098928397836866
0.24795179431351408
0.5718498641156643
0.7464132019624914
0.2508761090089439
0.518592080581588
0.8218720151017158
0.24106622879224088
0.8174400311841798
0.24393585006808693
0.366951390287081
0.3029540259606091
0.56989303014473
0.24109430517006925
0.5762865301084915
0.5549617137823654
0.2918949809019226
0.4703034655623576
0.7951235075999269
0.2411973851613099
0.5055970139953923
0.7824501515376878
0.8234058146920122
0.7256503148709814
0.24106108980296476
0.2452194596731819
0.2410131474853311
0.366951390287081
0.7987747683412713
0.24193843410983312
0.30157542426826
