0.6262177436849915
0.11578315906514312
0.4963153116229019
0.4684914051414377
0.41480445723953907
0.6113552537647524
0.312431120383228
0.8380708974149221
0.29816735619329315
0.192914551049559
0.8255220503663693
0.36465701625530333
0.2793656923838923
0.8820667120446346
0.8594885767107652
0.40313301040849886
0.7980405259916068
0.5066218281729569
0.08716546863506013
0.4758662724345393
0.2753393793478113
0.5008532584378669
0.7920946220167402
0.19275772779284617
0.2752413029818608
0.49683484893948104
0.6354969043938156
0.4199264042329547
0.6316637295969016
0.2021112981415587
0.6011701223575903
0.49683484893948104
0.8161958481112315
0.6577785274587737
0.31866864732296163
0.5355096796417438
0.36465701625530333
0.19355547284260335
0.20169608938430428
0.27988839410115735
0.18974464743466657
0.5678639733040649
0.193555456771361
0.13995358013798517
0.019214958774392776
0.1579055114234522
0.7980405259916068
0.19275772779284617
0.18974695578618656
0.13995358013798517
0.6577785274587737
0.6832550748355082
0.5008532584378669
0.6832550748355082
0.5468776632221531
0.552534553505988
0.17918591374928572
0.7892064232334794
0.07736079969116658
0.19355550265879318
0.23692847853041163
0.2023422861604965
0.2793656923838923
0.8369864441671534
0.7875599582842023
0.25063445859222094
0.27988839410115735
0.879896956644763
0.8804210542531699
0.192914551049559
0.8827679819492729
0.8838068610010922
0.7980405259916068
0.8594885767107652
0.30040631733112266
0.8161958481112315
0.04748593461563558
0.019214958774392776
0.5066218281729569
0.6168157931223508
0.4684914051414377
0.19166215920186286
0.8804210542531699
0.2120955615979658
0.2123052716448394
0.7907464521331296
0.1845110431909008
0.6495222734915296
0.31866864732296163
0.25063445859222094
0.7892064232334794
0.6327901983298526
0.6011701223575903
0.1579055114234522
0.500403894168185
0.18974464743466657
0.4758662724345393
0.5468776632221531
0.9020599628715944
0.8734254136870203
0.19292884281752248
0.3900023246257509
0.825764962282282
0.04748593461563558
0.879896956644763
0.08716546863506014
0.24009020887541765
0.3653887792535786
0.6262177436849915
0.2944764088985464
0.8594885767107652
0.8162313038229091
0.13183359943900003
0.6316637295969016
0.6495222734915296
0.8804210542531699
0.2082783253188208
0.8743850534846649
0.86727595145888
0.5264024601262121
0.17918591374928572
0.41480445723953907
0.08716546863506014
0.8820667120446346
0.883843568437989
0.1928717419332988
0.5677533491207751
0.4963153116229019
0.18974233908314658
0.8722579562549531
0.4190907130335835
0.5678639733040649
0.8734254136639206
0.8838397910449993
0.8526116387007419
0.8541976427565495
0.3867821767125659
0.7920946220167402
0.6113552537647524
0.4639566322103531
0.8369864441671534
0.19166215920186286
0.5355096796417438
0.19127218758083686
0.2752413029818608
0.19290025928159552
0.4199264042329547
0.883843568437989
0.8734254136787556
0.20169608938430428
0.20211127699279485
0.6327901983298526
0.9020599628715944
0.8162313038229091
0.8427704430510604
0.11578315906514312
0.5599317446503274
0.23692847853041163
0.3653887792535786
0.18451104316526434
0.8380708974122212
0.07736079969116658
0.19166215919776092
0.8161958481112315
0.29960501633757064
0.8255220503663693
0.8804210542531699
0.4684914051414377
0.8016685865772247
0.5264024601262121
0.8541976427565495
0.922384936391911
0.8045228938936331
0.922384936391911
0.3900023246257509
0.825764962282282
0.28575760922693405
0.7913604048753446
0.04748593461563558
0.29960501633757064
0.2023422861604965
0.6113552537647524
0.7907464521331296
0.7913604048753446
0.3900023246257509
0.8016685865772247
0.8427704430510604
0.29816735619329315
0.7913604048753446
0.6354969043938156
0.19166215919896354
0.8837987037928929
0.8838397910449993
0.8734254136870203
0.8722579562549531
0.08812060788368842
0.13183359943900003
0.8380708974128801
0.7913604048753446
0.7875599582842023
0.5598075204048949
0.8380708974122212
0.5599317446503274
0.2753393793478113
0.5677533491207751
0.312431120383228
0.28575760922693405
0.552534553505988
0.5599317446503274
0.5598075204048949
0.40313301040849886
0.86727595145888
0.2123052716448394
0.8526116387007419
0.2944764088985464
0.5009431312918033
0.8743850534846649
0.4190907130335835
0.19127218758083686
0.30040631733112266
0.24009020887541765
0.6577785274587737
0.8820667120446346
0.193555456771361
0.4639566322103531
0.8734254136787556
0.3867821767125659
0.8045228938936331
0.41480445723965353
0.5355096796417438
0.1285964681043293
0.6495222734915296
0.20169608938430428
0.5674573740373725
0.5674573740373725
0.19355550265879318
0.20211127699279485
0.8045228938936331
0.189751535848732
0.500403894168185
0.6168157931223508
0.8804210542531699
0.8827679819492729
0.08812060788368842
0.2120955615979658
0.2082783253188208
0.24009020887541765
0.9020599628715944
0.1845110431909008
0.1285964681043293
