0.8152108365667994
0.2447026926618922
0.4661971183596536
0.5521128128200586
0.4661971183596536
0.7163320922478102
0.2432398660303198
0.8111481129677551
0.2432354601524629
0.24506387047424602
0.8167283678533921
0.2434012175854422
0.24323519431806306
0.7933203989576567
0.8039889020889963
0.3030360986736402
0.8223059071557199
0.25359945803983097
0.24324081060038882
0.5118087367301452
0.24323522051256052
0.29315191457044654
0.7480812255093784
0.25359945803983097
0.3004942962480439
0.5833203612348734
0.5082391708262872
0.24446857964836374
0.6404915614353994
0.39399663270091184
0.5940238718150024
0.5940238718150024
0.8222003565034375
0.5440141457828281
0.24349110362393586
0.508427474173776
0.24323646381758643
0.24568362955377343
0.24324132389389602
0.24323560941497835
0.24321476409003834
0.5726168506547443
0.24454524147952497
0.243244745372022
0.019214958774392776
0.24348301198448807
0.8156318548158996
0.28088322427292095
0.2494296492304679
0.2433589184945126
0.5935661837167217
0.8182406460782039
0.24454524147952497
0.24455872983678728
0.5091708176436246
0.5100428287177612
0.24324203247308238
0.8167283678533921
0.2840551841854093
0.24492873616429423
0.24323519431806306
0.5100428287177612
0.24322873181148416
0.8140082413595411
0.8195496075321937
0.2437416541574703
0.243234302265967
0.7113335849307263
0.8180378565178164
0.24442078260495842
0.7118635150034653
0.7946510699773119
0.8166636986084481
0.8032385367158481
0.24323463081369223
0.8221786381584854
0.24339508251282893
0.019214958774392776
0.5629036638180989
0.7960802939952976
0.3026142943203606
0.24465576093241467
0.8180441077760581
0.2477320472555754
0.24323395539086118
0.8124802670250155
0.24391952270244757
0.6404915614353994
0.24323715197176568
0.24436347442652057
0.8173181002302804
0.723280793593235
0.7162866424480026
0.24348301198448807
0.5070619034821684
0.2431876703136795
0.5082391708262872
0.5091708176436246
0.7480812255662679
0.8156318548158996
0.24501346068166657
0.30261570779081526
0.8222523536773907
0.24339508254905157
0.7783954829610931
0.24323888889971831
0.26447437976581534
0.24324212323386166
0.5082391708262872
0.24324155177595005
0.8032385367158481
0.8223059071557199
0.2434616193398615
0.6404915614353994
0.8126078158360919
0.7997780987804963
0.2447026926618922
0.7163320922478102
0.8117369575799408
0.5196855701612026
0.2432390204732573
0.2445057575494371
0.2432496247137242
0.7836993606069572
0.7946510699773119
0.2494296492304679
0.723280793593235
0.5117974385424678
0.24321476409003834
0.8180378565178164
0.24323571306912264
0.6907161352968403
0.7906892644847654
0.7844473666790432
0.8195146067742871
0.8173096069957854
0.24323888889971831
0.7897708936328915
0.7474744505164964
0.5492377730366704
0.8126078158360919
0.24456111166669137
0.5196855701612026
0.24568362955377343
0.3004942962480439
0.2449860080465031
0.5118087367301452
0.7946510699726849
0.8156318548158996
0.2432394746507442
0.29315191457044654
0.7113335849307263
0.7752071716779797
0.8173181002302804
0.8152108365667994
0.24436347442652057
0.5117974385424678
0.24349110362393586
0.24325621764916372
0.24391952270244757
0.8039889020994462
0.2840551841854093
0.2445057575494371
0.8220772858497347
0.3026689909880444
0.8152101585560295
0.7997780987804963
0.5521128128200586
0.8182406460782039
0.5106861667392021
0.8173096069957854
0.8730848000599998
0.7783954829610931
0.8730848000599998
0.30303609867370984
0.8222523536773907
0.2445109069548616
0.8223234271464
0.24339508251282893
0.3026689909880444
0.24402253478286626
0.6907161352968403
0.7933203989576567
0.8223234271464
0.30261570779081526
0.8166636986084481
0.8124802670250155
0.24323560941497835
0.8220338491555345
0.5237158172512264
0.4661971183596536
0.7474744505164964
0.7844473666790432
0.8140082413595411
0.8195146067742871
0.24323595312783675
0.2433589184945126
0.8039889020942212
0.8222003565034375
0.8195496075321937
0.5440141457828281
0.8039889020942212
0.5118016814378056
0.243244745372022
0.7480812255093784
0.24323550632943125
0.24506387047424602
0.5106861667392021
0.5118016814378056
0.5764252285676683
0.30049160585282864
0.8117369575799408
0.24324212323386166
0.8168651619009902
0.2432376287873505
0.5237158172512264
0.8168651619009902
0.24448469348309906
0.24608802314540126
0.24323715197176568
0.26447437976581534
0.5935661837167217
0.7836993606069572
0.24465576093241467
0.5492377730366704
0.7906892644847654
0.24323741396024345
0.8111481129677551
0.2445109069548616
0.366951390287081
0.30264539067036367
0.5629036638180989
0.24323987559376786
0.5833203612348734
0.5764252285676683
0.28088322427292095
0.39399663270091184
0.7897708936328915
0.2432354601524629
0.5070619034821684
0.7960802939952976
0.8195496075321931
0.7129233751489434
0.24323605725122166
0.2477320472555754
0.2432394746507442
0.366951390287081
0.7752071716779797
0.2431876703136795
0.3030360986736402
