0.741578062395696
0.1953573315691915
0.558229268701374
0.4807517895749964
0.4237426771007501
0.6078428961915987
0.2795969366835366
0.815616284580057
0.2945862926806088
0.25417661186857865
0.741578062395696
0.2604777119979569
0.23086185836926384
0.878998766955339
0.8764936475071203
0.36465558895690064
0.8139455300190384
0.5928052048128821
0.08421314013106856
0.45467194523204796
0.27741629744979235
0.5008121140471209
0.7985346632828918
0.19535373802342532
0.36465558895690064
0.49683484893948104
0.6308573240394035
0.3548044890686618
0.6267136852844377
0.19613223023202214
0.587501327481596
0.49683484893948104
0.8366937869312939
0.5802452174155646
0.30586560647625527
0.5308585208061025
0.2604777119979569
0.22940797458730955
0.19814920187763504
0.3016902920049727
0.20512884474656778
0.5802452174155646
0.19672929677074869
0.13324068891825824
0.019214958774392776
0.13324068891825824
0.8462323260131355
0.19530214646078664
0.2121633806665475
0.19814920187763507
0.6577785274587737
0.7746003318600818
0.5008121140471209
0.5928052048128821
0.4807517895749964
0.552534553505988
0.20228021567177107
0.81687020551907
0.07736079969116658
0.19535350094423126
0.2539595726371076
0.35202729145452555
0.2539595726371076
0.8462323260131355
0.7746003318600818
0.1953573315691915
0.3019095486887713
0.8579110192514922
0.872028833298869
0.19713943784772334
0.8765125291039055
0.8787307693856814
0.8119735508718577
0.87477033535665
0.3016902920049727
0.8366937869312943
0.06694191883031045
0.019214958774392776
0.5144881698183066
0.6168157931223508
0.34885207793141393
0.19528286650692223
0.872028833298869
0.2268204719447841
0.23086185836926384
0.8169157984075459
0.19518258800346577
0.6495222734915296
0.27741629744979235
0.20196419283266015
0.81687020551907
0.6208220734406955
0.587501327481596
0.2842882304940223
0.5017009079687594
0.20512884474656778
0.45467194523204796
0.5747514298752511
0.8967257431310991
0.8462323260131355
0.19898593040769824
0.34885207793141393
0.8139452115205812
0.06694191883031045
0.8579110192514922
0.08421314013106856
0.2583358563632463
0.30586560647625527
0.6308573240394035
0.3019095486887713
0.87477033535665
0.825672274948911
0.11116039093916807
0.6267136852844377
0.6495222734915296
0.8578423339174985
0.19540265797373313
0.8637490901541764
0.8307154651998548
0.5144881698183066
0.20228021567177107
0.4237426771007501
0.08421314013106856
0.878998766955339
0.87872867209552
0.19521410344425727
0.5717075595434777
0.5029981776137262
0.20512884474656778
0.8787307693856814
0.36103778834916855
0.5802438149044487
0.8772858951761924
0.8764936475071203
0.8348164760021249
0.833664352334641
0.36103778834916855
0.7985346632828918
0.6204852146568265
0.4859040724035162
0.8241296981462904
0.19506381039510448
0.5308585208061025
0.19535350094423126
0.36465558895690064
0.19713943784772334
0.35202729145452555
0.8764936475188683
0.8462323260131355
0.19814920187763507
0.20196419283266015
0.6204852146568265
0.8967257440849319
0.825672274948911
0.8241296981462904
0.13944515038565736
0.5029981776137262
0.30586560647625527
0.30586560647625527
0.19518258800346577
0.830680475159401
0.07736079969116658
0.19537588637756115
0.8366937869312939
0.33470547413782836
0.8169157984075459
0.8578423339174985
0.4822902922269026
0.8139455300190384
0.4822902922269026
0.8637490901541764
0.922384936391911
0.8189220873595137
0.922384936391911
0.36465558895690064
0.8315208045583861
0.25417661186857865
0.7970940717630579
0.13944515038565736
0.33470547413782836
0.20196419283266015
0.6078428961915987
0.7985346632828918
0.7970940717630579
0.25087711682938413
0.8119735508718577
0.833664352334641
0.2945862926806088
0.834816476002125
0.558229268701374
0.19506381039510448
0.8787050302433368
0.8764936475188683
0.8315208045583861
0.8348164760021249
0.11116039093916807
0.19672929677074869
0.8272199988990072
0.7970940717630579
0.7746003318600818
0.5747514298752511
0.8307154651998548
0.5501433611871178
0.24786665178636627
0.5717075595434777
0.3019095486887714
0.22940797458730955
0.552534553505988
0.5501433611871178
0.5747514298753134
0.36465558895690064
0.8315023310406068
0.2795969366835366
0.833664352334641
0.2604777119979569
0.5007712723133039
0.878448527173677
0.3548044890686618
0.19521410344425727
0.2795969366835366
0.2583358563632463
0.6577785274587737
0.8787050302433368
0.19530214646078664
0.4859040724035162
0.8772858951761924
0.2842882304940223
0.815616284580057
0.4237426771007501
0.5308585208061025
0.25087711682938413
0.6495222734915296
0.19814920187763504
0.5754904203303053
0.5754904203303053
0.1953395619599092
0.19613223023202214
0.8189220873595137
0.2121633806665475
0.5017009079687594
0.6168157931223508
0.878448527173677
0.8765125291039055
0.11116039093916807
0.2268204719447841
0.24786665178636627
0.2583358563632463
0.8967257440849319
0.19514855777447626
0.2583358563632463
