0.7678197542805296
0.19784350520986163
0.5649386079322275
0.41900922861822787
0.4087281531994291
0.6668151713489073
0.22395930758056767
0.8367547892230204
0.2748969678851204
0.19783094373035054
0.7678197542805296
0.274896525241622
0.27489607620999773
0.8760169384832523
0.8760169289256065
0.3626801500787148
0.8132025815680428
0.5523579767920701
0.08421314013106856
0.4660391263541219
0.2748967516311127
0.5011594634205834
0.7985346632828918
0.19919659099617434
0.3626801500787148
0.5415128769004258
0.5539429599415091
0.3937073971517267
0.6086346387775804
0.19773253278702077
0.5415128769004258
0.5415128769004258
0.828113464342324
0.6450712911791117
0.2541822781916122
0.5060615722992006
0.2348669096710519
0.2930809040157334
0.23871708699739713
0.2704228988308194
0.19983527871047935
0.6029452000085131
0.197737393661131
0.22570909371490494
0.019214958774392776
0.23305719587263346
0.8354674138911709
0.19772244462895416
0.19912680631289462
0.22570909371490494
0.6450712911791117
0.7684484253091135
0.5361924153486974
0.5523579767920701
0.5060615722992006
0.4660391263541219
0.17952978320144464
0.8209440058610116
0.07736079969116658
0.19769407191865052
0.23871708699739713
0.4660391263541219
0.2633968921862229
0.8246455777663586
0.7684484253091135
0.19784350520986163
0.2704228988308194
0.8760169335933552
0.8686559119093762
0.1977325387325034
0.8730815411389061
0.8760169347132934
0.813202581567896
0.8760169289256065
0.2904150236121602
0.8298267091744788
0.06694191883031045
0.019214958774392776
0.5863532192203402
0.6962107598174044
0.41900922861822787
0.19770534736839873
0.8686559119093762
0.2268204719447841
0.27489517439161215
0.8332224655531919
0.1981574384340945
0.68603519230294
0.2748967516311127
0.19765359954084052
0.8209440058610116
0.602916442615913
0.594952949067248
0.2613904981839792
0.5011594634205834
0.19983527871047935
0.5539429599415091
0.5750470260572849
0.8967257437669878
0.8352851850507355
0.1978670893845615
0.28103943175415913
0.8132025815680959
0.06694191883031045
0.8553570458174226
0.08421314013106856
0.2583358563632463
0.23305719587263346
0.5649386079322275
0.2473549730259812
0.8760169308068934
0.81733463724189
0.17952978320144464
0.6029452000085131
0.68603519230294
0.8650215572521733
0.22275770021570218
0.8690554358550128
0.8280627528754214
0.5050947151648093
0.17952978320144464
0.4087281531994291
0.08421314013106856
0.8760169358332317
0.8760169347132934
0.19783094373035054
0.602916442615913
0.5303484202926019
0.1998974108370471
0.8686559119093762
0.3634571000752077
0.594952949067248
0.8760169362016623
0.8553570458174226
0.8317597951215332
0.8599428378446992
0.29906473213215007
0.7985346632828918
0.5990194916093468
0.4660391263541219
0.8132025815677084
0.19792623687317829
0.47192057321769615
0.19765075017617006
0.2930809040157334
0.1977325387325034
0.3937073971517267
0.876016933369336
0.8352851850507355
0.23871708699739713
0.19765359954084052
0.6072863490302458
0.8967257437669878
0.81733463724189
0.6962107598174044
0.15386063010905346
0.5303484202926019
0.2541822781916122
0.22570909371490494
0.1981574384340945
0.828113464342324
0.07736079969116658
0.19786484970667267
0.8317597951215332
0.3641538035850346
0.8236523754864518
0.8650215572521733
0.5238946565705173
0.8236523754864518
0.5050947151648093
0.8599428378446992
0.922384936391911
0.8297875594666848
0.922384936391911
0.3626801500787148
0.8335334506153429
0.2417922932279441
0.7970940717630579
0.15386063010905346
0.3641538035850346
0.19771314292056114
0.6072863490302458
0.7985346632828918
0.7970940717630579
0.28103943175415913
0.8132025815680428
0.8331839742300381
0.2249956665186587
0.8314067195293184
0.5539429599415091
0.19792623687317829
0.8760169332574579
0.876016933369336
0.8335334506153429
0.8314067195293184
0.22395930758056767
0.2348669096710519
0.8246455777663586
0.8298267091744788
0.7684484253091135
0.5750470260572849
0.8280627528754214
0.5523978069464036
0.2613904981839792
0.5990194916093468
0.2473549730259812
0.2417922932279441
0.5050947151648093
0.5523978069464036
0.5750470260572849
0.3626801500787148
0.8351029562103
0.27489517439161215
0.8331839742300381
0.2904150236121602
0.5361924153486974
0.8690554358550128
0.3634571000752077
0.19783452526673392
0.2748969780206035
0.2583358563632463
0.6450712911791117
0.8760169332574579
0.19775234269330783
0.4660391263541219
0.8367547892230204
0.29906473213215007
0.8297875594666848
0.4087281531994291
0.47192057321769615
0.28103943175415913
0.5863532192203402
0.23871708699739713
0.6086346387775804
0.5238946565705173
0.19769407191865052
0.1975940561611199
0.6668151713489073
0.19912680631289462
0.5011594634205834
0.594952949067248
0.8650215572521733
0.8730815411389061
0.2249956665186587
0.2268204719447841
0.22275770021570218
0.2583358563632463
0.8967257437669878
0.19815723691340326
0.2633968921862229
