0.6472403367208712
0.25690412600634926
0.5199836373131739
0.5182066973849091
0.5199873052712923
0.7587353940977103
0.25690412600634926
0.7585440537420414
0.25690412600634926
0.25690412600634926
0.7586013696818503
0.25690412600634926
0.25690412600634926
0.751021536695303
0.7585636429929108
0.25690412600634926
0.7582714690089705
0.25690412600634926
0.25690412600634926
0.5182066973849091
0.25690412600634926
0.25690412600634926
0.7585640469057705
0.25690412600634926
0.25690412600634926
0.7453931898621351
0.7187145390089752
0.25690412600634926
0.758201027951215
0.6472403367208712
0.735358289287838
0.735358289287838
0.789262578910765
0.7582904486184636
0.25690412600634926
0.5214565206888178
0.25690412600634926
0.25690412600634926
0.25690412600634926
0.25690412600634926
0.25690412600634926
0.7585614085962646
0.25690412600634926
0.25690412600634926
0.019214958774392776
0.25690412600634926
0.7586157705720902
0.25690412600634926
0.25690412600634926
0.25690412600634926
0.7577642403560002
0.7585712920003593
0.25690412600634926
0.25690412600634926
0.6394577652551983
0.5199856697898559
0.25690412600634926
0.7586013696818503
0.25690412600634926
0.25690412600634926
0.25690412600634926
0.5204388167273359
0.25690412600634926
0.7570181869477564
0.7585894630845683
0.25690412600634926
0.25690412600634926
0.7581573328268223
0.7612129421065938
0.25690412600634926
0.7585629655191906
0.7583412628620245
0.7582024873920887
0.7513868201719593
0.25690412600634926
0.789262578910765
0.25690412600634926
0.019214958774392776
0.5214399517154971
0.7582618558524745
0.25690412600634926
0.25690412600634926
0.7432470461143388
0.25690412600634926
0.25690412600634926
0.7585745996157042
0.25690412600634926
0.7584035607643951
0.25690412600634926
0.25690412600634926
0.7585938650689863
0.7585800179374051
0.7585614085962646
0.25690412600634926
0.5151193197899518
0.25690412600634926
0.5182066973849091
0.5214182280911256
0.7585227430124262
0.7570181869477564
0.25690412600634926
0.25690412600634926
0.7582724169312801
0.25690412600634926
0.7585705578348032
0.25690412600634926
0.25690412600634926
0.25690412600634926
0.519983206214879
0.25690412600634926
0.7585728706045165
0.7585414746675928
0.25690412600634926
0.758201027951215
0.7584035607643951
0.7587684069376973
0.25690412600634926
0.7587353940977103
0.7585829620897517
0.5214781892751946
0.25690412600634926
0.25690412600634926
0.25690412600634926
0.661653609237502
0.7585741475511714
0.25690412600634926
0.7585849166387464
0.5199891922319204
0.25690412600634926
0.7432470461143388
0.25690412600634926
0.7585938650689863
0.758543937538628
0.7585538328701908
0.789262578910765
0.7612129421065938
0.25690412600634926
0.7585735187572142
0.7585643022231645
0.5199856389268406
0.7582009488465344
0.25690412600634926
0.5214781892751946
0.25690412600634926
0.25690412600634926
0.25690412600634926
0.5204388167273359
0.758544022747471
0.7586157705720902
0.25690412600634926
0.25690412600634926
0.7581573328268223
0.7582618558524745
0.685014775524512
0.7585414746675928
0.25690412600634926
0.5199834203738685
0.25690412600634926
0.25690412600634926
0.25690412600634926
0.7585553825633697
0.25690412600634926
0.25690412600634926
0.789262578910765
0.25690412600634926
0.7582009488465344
0.7513310665031419
0.661653609237502
0.7585635247544599
0.685014775524512
0.6394577652550628
0.7585800179374051
0.7585979111860162
0.7585227430124262
0.25690412600634926
0.7582714690089705
0.25690412600634926
0.8008176562008427
0.25690412600634926
0.25690412600634926
0.25690412600634926
0.7300444150386132
0.7585768599383682
0.8008176562008427
0.25690412600634926
0.7187145390089752
0.6394577652550628
0.25690412600634926
0.789262578910765
0.5199856697898559
0.5199891922319204
0.7585659771154525
0.7585538328701908
0.7585705578348032
0.789262578910765
0.25690412600634926
0.25690412600634926
0.7585597165692178
0.789262578910765
0.7585712920003593
0.5214286695930608
0.7585745996157042
0.519983682009171
0.25690412600634926
0.7585849166387464
0.25690412600634926
0.25690412600634926
0.5214391110949961
0.519983682009171
0.5214286695930608
0.25690412600634926
0.751021536695303
0.25690412600634926
0.7471245800518138
0.25690412600634926
0.7453931898621351
0.7471245800518138
0.25690412600634926
0.25690412600634926
0.25690412600634926
0.25690412600634926
0.7582904486184636
0.7587684069376973
0.25690412600634926
0.7188430597555522
0.758543937538628
0.25690412600634926
0.7585979111860162
0.25690412600634926
0.25690412600634926
0.25690412600634926
0.7585587702867587
0.25690412600634926
0.7300444150386132
0.7513868201719593
0.25690412600634926
0.5199843409081664
0.7584658586667655
0.25690412600634926
0.5151193197899518
0.7585291686359733
0.7513310665031419
0.7585291686359733
0.25690412600634926
0.25690412600634926
0.25690412600634926
0.25690412600634926
0.7577642403560002
0.25690412600634926
0.25690412600634926
