0.82471956296683
0.23629574802404762
0.5216382084346587
0.5221183965836127
0.4139299570701738
0.7125368817038449
0.23783160221059954
0.8234013840202294
0.23795984095777345
0.24068329111432318
0.8234016031662192
0.23798073754006943
0.23752975806058274
0.8234034801005155
0.7732215246045546
0.3378593829843609
0.8234016487268374
0.3809320913296833
0.23797856608420845
0.514005050703104
0.2379798047178222
0.2835021144939145
0.823403123234218
0.23796926794827591
0.28478130815515995
0.58744975717017
0.5208061900688268
0.23627327575518875
0.58744975717017
0.24074485428339637
0.6108347174217853
0.5359579476646837
0.8273312990142241
0.5316625851537202
0.2379800895144585
0.5099226980120957
0.23795984095777345
0.23804161232073695
0.23653009884205556
0.23798215136792578
0.23797410007636716
0.6118120090174659
0.23806464595322774
0.237985933417026
0.019214958774392776
0.23798054408431313
0.8234017756382569
0.23805919422275473
0.23798009391571254
0.23798386828454
0.7341443389119148
0.8234012916526644
0.2835021144939145
0.23807460617926324
0.5099226980120957
0.42525144202110265
0.2379795993694503
0.8234016619792044
0.2977681759654805
0.2380650139734855
0.23587640042445152
0.514005050703104
0.23752975806058274
0.8247195635296315
0.8234016031662192
0.2329694961808183
0.23798866770785082
0.7732215246045546
0.83102896049653
0.24074485428339637
0.7375532753936429
0.8092953149421105
0.8234014860109167
0.8234024075860225
0.23798215136792578
0.8273314438390388
0.19672671387919355
0.019214958774392776
0.506039914694598
0.7568281118522928
0.27370275119437554
0.2380793953735049
0.83102896049653
0.2432595794812678
0.23783157650784603
0.8234020661633716
0.2248482537796089
0.5481485223612983
0.23794111583133848
0.23299861142325962
0.8047085917297867
0.7341443389119148
0.6108347174217853
0.23798489509518922
0.5192063549469293
0.2363536120952065
0.5208061900688268
0.5099226980120957
0.7125368817038449
0.8234023681830687
0.2363536120952065
0.3353195985492664
0.8234017773174952
0.27370275119437554
0.8234020383598564
0.2203552087657606
0.2977681759654805
0.2379795993694503
0.5216382084346587
0.23790654998394967
0.8234024075860225
0.8234013498407181
0.23797918089804068
0.7602511947321655
0.8234017917797758
0.8287588632686278
0.23802114869858843
0.8047085917297867
0.8234016619792044
0.506039914694598
0.23794111583133848
0.23807612392212923
0.2203552087657606
0.7125368817038449
0.8092953149421105
0.2361977809344412
0.6062438963613839
0.5222313434316658
0.23796926794827591
0.8247195635296315
0.2358181038812318
0.6118120090174659
0.7602511947321655
0.8234018679073194
0.8273314751616971
0.8302689294662651
0.2203552087657606
0.8234031967938213
0.6882278969215108
0.5310252512789053
0.8234017554791039
0.23807060565283067
0.506039914694598
0.2380650139734855
0.28478130815515995
0.2380708984841261
0.514005050703104
0.8234017917797758
0.8234017756382569
0.23798386828454
0.3809320913296833
0.6882278969215108
0.8234030346096708
0.8234013498407181
0.8234016770490569
0.23627327575518875
0.5222313434316658
0.23291126569593568
0.2379796100005184
0.2380793953735049
0.8234016593900362
0.2379796100005184
0.23807420924235034
0.8273314751616971
0.3717393739764981
0.8234020661633716
0.8287588632686278
0.5342328933897252
0.8234015145369336
0.5205437487658695
0.8047085917297867
0.8977929485161114
0.8234020510530248
0.8977929485161114
0.3353195985492664
0.8234017773174952
0.23807460617926324
0.8273311541894095
0.19672671387919355
0.3717393739764981
0.23299861142325962
0.6118120090174659
0.823403123234218
0.8273309338283721
0.3717393739764979
0.8234014860109167
0.8234017820350943
0.2380275698393614
0.8273313937128712
0.5279847529026352
0.4139299570701738
0.7375532753936429
0.8234027649090163
0.823401905908153
0.8273314584507114
0.23588817347540603
0.2380216216452615
0.7904587557951519
0.8273312990142241
0.8234012916526644
0.5099226980120957
0.8234016593900362
0.5382823960575616
0.23798489509518922
0.6062438963613839
0.23790654998394967
0.23807951507503847
0.506039914694598
0.5382823960575616
0.5207922335242827
0.3378593829843609
0.8234019033707429
0.23783160221059954
0.8302689294662651
0.23797974993242726
0.5279847529026352
0.8287580509639931
0.2358181038812318
0.2361977809344412
0.23794111583133848
0.23653009884205556
0.5342328933897252
0.8234041978087645
0.23806464595322774
0.5310252512789053
0.82471956296683
0.23798754090097313
0.8234020510530248
0.23807612392212923
0.37173937397649776
0.3717393739764978
0.5481485223612983
0.23587640042445152
0.6118120090174659
0.5207922335242827
0.23805889932574267
0.42525144202110265
0.8234030346096708
0.23797597901128603
0.5192063549469293
0.7568281118522928
0.8287580509639931
0.7904587557951519
0.2380275698393614
0.2432595794812678
0.23802114869858843
0.37173937397649776
0.8234028724255202
0.2248482537796089
0.3378593829843609
