0.8241552431030809
0.23619594504290908
0.5190889051029042
0.5178216909786886
0.5105787479862327
0.7612365133802725
0.23806652622273317
0.8239900949312449
0.23859172275696386
0.23756714063281537
0.8241780402569872
0.23859316272405506
0.23859172275696386
0.8242111372797872
0.8217135330819851
0.3360682445906781
0.8241445421535059
0.37069741366417197
0.23834058360826002
0.5105787479862327
0.23866739516581953
0.23827720787131196
0.8271612631710958
0.2374779512483726
0.3235420478005896
0.5986023450298088
0.5190889035592293
0.23859490479373313
0.5986023450298088
0.2617321030925976
0.6081765568539825
0.555539353945596
0.8267837679924515
0.555539353945596
0.23766793016567486
0.5087376052654276
0.23834058360826002
0.23575471455747876
0.2380760132536938
0.23919633689141231
0.238336476992967
0.6081763111422065
0.23575471455747876
0.23769006693580658
0.019214958774392776
0.23793340935014162
0.8234057087647619
0.2374779512483726
0.2383669836828779
0.2376753090890521
0.6630892108498264
0.8240238034480323
0.37069741366417197
0.2359130307421396
0.5087376052654276
0.42284230037654214
0.2383418249760844
0.8241792664793652
0.22460102218736336
0.23853290140322975
0.23792159520937373
0.5178216909786886
0.23823284556355578
0.8242057744106512
0.8240237263632612
0.21622229824051295
0.23919633689141231
0.797994523540979
0.8394307835420456
0.22828011094897446
0.8183557458972681
0.8203487780277746
0.8241363246585414
0.8217135330819851
0.2395106873930874
0.8269557978734701
0.17560033434067596
0.019214958774392776
0.5310252512789053
0.7390668979660042
0.3786478928655881
0.23827720787131196
0.8394307835420456
0.24501444600716704
0.2379527395448509
0.8238616775018404
0.21145824875553587
0.5986023450298088
0.23859604265823747
0.23698550103443133
0.8165630339905362
0.6630892108498264
0.6081763111422065
0.23793340935014162
0.519088912276755
0.238336476992967
0.5089662455097023
0.4596694699399907
0.6988503799192579
0.8234057087647619
0.2365854412195726
0.3244855172879415
0.8241534617406815
0.17560033434067596
0.8243165217622048
0.21145824875553587
0.3786478928655881
0.2378361477194788
0.5190889088015939
0.23954421201116774
0.8183557458972681
0.8226102731088214
0.23802051468294302
0.6065957607955275
0.8227439170127817
0.8334597470763445
0.23619594504290908
0.7877020320400797
0.8241922112688973
0.5088976416835949
0.23811907893575762
0.23742379153227078
0.21145824875553587
0.7612365133802725
0.797994523540979
0.23866739516581953
0.6065957607955966
0.5190889066465791
0.23828610453037763
0.8203487780277746
0.2384249096240441
0.6081760654304305
0.8234120927632418
0.8210963002793312
0.8262758109867672
0.8394307835420456
0.2381070961628491
0.8241484423287069
0.6509563283334251
0.5310252512789053
0.8240952371837194
0.23741345705791872
0.5088976416835949
0.23853290140322975
0.2617321030925976
0.22828011094897446
0.5105787479862327
0.8227439170127817
0.8233539335284168
0.23776784404628637
0.37069741366417197
0.6509563283334251
0.8241484423287069
0.8165630339905362
0.8241302221554574
0.21785309341771114
0.5190889054388724
0.21622229824051295
0.23766793016567486
0.23850952423562077
0.8267837679924515
0.22460102218736336
0.23742379153227078
0.826611793949023
0.3786478928655881
0.824203102314926
0.8378306437045934
0.5284680253142726
0.8240241631769643
0.5089662455097023
0.7877020320400797
0.8977929485161114
0.8241569174065091
0.8977929485161114
0.3360682445906781
0.8241924512873956
0.2359130307421396
0.8269558065423324
0.21785309341771114
0.374933092538158
0.23744039494752434
0.6988503799192579
0.8271612631710958
0.826955815030296
0.374933092538158
0.8241363246585414
0.8241552431030809
0.23804534292855978
0.8269558065423324
0.5190889051029042
0.2365919622505122
0.8183557458972681
0.8210963002793312
0.8242004488968862
0.8262758109867672
0.23751981829437932
0.23755637288966927
0.8226102731088214
0.8269557978734701
0.8240237263632612
0.4596694699399907
0.8238616775018404
0.5339771850032472
0.23806652622273317
0.6065957607955966
0.23751981829437932
0.23756714063281537
0.5089211837076902
0.5339771850032472
0.5499060694358495
0.3235420478005896
0.8242057744106512
0.2383669836828779
0.8315717302700083
0.2395106873930874
0.5499060694358495
0.8315717302700083
0.2384249096240441
0.23867068293639318
0.23811907893575762
0.2380760132536938
0.555539353945596
0.8334597470763445
0.2384166744674043
0.5310252512789053
0.8234120927632418
0.2381457465511211
0.8239900949312449
0.23859490479373313
0.3682379464272143
0.3722131860279224
0.5310252512789053
0.23792159520937373
0.5499060694358495
0.5284680253142726
0.2374426505512451
0.42284230037654214
0.824149695026899
0.2387812278209049
0.519088912276755
0.7390668979660042
0.8378306437045934
0.7390668979660043
0.23804534292855978
0.24501444600716704
0.23776784404628637
0.3682379464272143
0.8241471896305147
0.23838684945555635
0.3722131860279224
