0.7514106519073074
0.25690412600634926
0.5835886227995855
0.5773166473887109
0.5208292064005783
0.7518952720357333
0.25690412600634926
0.7517953969988992
0.25690412600634926
0.25690412600634926
0.7473920906341067
0.25690412600634926
0.25690412600634926
0.7518864043658536
0.7518729786974637
0.25690412600634926
0.7517424974370355
0.25690412600634926
0.25690412600634926
0.5208292629240391
0.25690412600634926
0.25690412600634926
0.7518721471684255
0.25690412600634926
0.25690412600634926
0.7517050471957453
0.7514106519073074
0.25690412600634926
0.7518909168880553
0.5835886227995855
0.7519051790878309
0.7518991577706209
0.7518849853311349
0.7518966453050202
0.25690412600634926
0.5208291517493542
0.25690412600634926
0.25690412600634926
0.25690412600634926
0.25690412600634926
0.25690412600634926
0.7519059566438319
0.25690412600634926
0.25690412600634926
0.019214958774392776
0.25690412600634926
0.7511820375631373
0.25690412600634926
0.25690412600634926
0.25690412600634926
0.7519002672927101
0.7519240057387081
0.25690412600634926
0.25690412600634926
0.7518957579769787
0.5208291995292558
0.25690412600634926
0.7498812922503966
0.25690412600634926
0.25690412600634926
0.25690412600634926
0.5284101869772675
0.25690412600634926
0.7518528403098794
0.7519192494022948
0.25690412600634926
0.25690412600634926
0.7518839593617967
0.7518968887440105
0.25690412600634926
0.7518883628234717
0.7518631051421287
0.7497018675163688
0.7518457542405343
0.25690412600634926
0.7519135102082505
0.25690412600634926
0.019214958774392776
0.5208291517493542
0.7518530558560959
0.25690412600634926
0.25690412600634926
0.7518968887440105
0.25690412600634926
0.25690412600634926
0.7517772594524679
0.25690412600634926
0.7517953969988992
0.25690412600634926
0.25690412600634926
0.7496762195302442
0.7519002672927101
0.7519051790878309
0.25690412600634926
0.5208292709673841
0.25690412600634926
0.5208292649885744
0.5208291839137851
0.7519068861097065
0.7511820375631373
0.25690412600634926
0.25690412600634926
0.7517920624064904
0.25690412600634926
0.7518464960604212
0.25690412600634926
0.25690412600634926
0.25690412600634926
0.5208292681824309
0.25690412600634926
0.7518400896733684
0.7517234293030218
0.25690412600634926
0.7519093538448578
0.7518621062335047
0.7518849853311349
0.25690412600634926
0.7518796152926494
0.75158329534545
0.5208291609406923
0.25690412600634926
0.25690412600634926
0.25690412600634926
0.7518682028157635
0.7518568477722328
0.25690412600634926
0.7519051974814652
0.5208292534250034
0.25690412600634926
0.7518449140195553
0.25690412600634926
0.7519068861097065
0.7518825893859367
0.7518697269200709
0.7518848970146985
0.75187115958622
0.25690412600634926
0.7518871171961529
0.7519075015723977
0.5208292534250034
0.7515800323418044
0.25690412600634926
0.520829142558016
0.25690412600634926
0.25690412600634926
0.25690412600634926
0.5284101869772675
0.7518621062335047
0.7490590875687803
0.25690412600634926
0.25690412600634926
0.7518994491867517
0.751890113400635
0.7496762195302442
0.75158329534545
0.25690412600634926
0.5208292688590809
0.25690412600634926
0.25690412600634926
0.25690412600634926
0.7518757506819005
0.25690412600634926
0.25690412600634926
0.7518848970146985
0.25690412600634926
0.7495210594919406
0.7519336204246805
0.5773166473887109
0.7495210594919406
0.7473920906341067
0.7518810814564717
0.7518845425999261
0.7514989856085479
0.7517920624064904
0.25690412600634926
0.7516926647473976
0.25690412600634926
0.751922643605511
0.25690412600634926
0.25690412600634926
0.25690412600634926
0.751878149128827
0.7518400896733684
0.751922643605511
0.25690412600634926
0.7497018675163688
0.7514088937334327
0.25690412600634926
0.7518880079982178
0.520829253512501
0.5208292527766534
0.7518495907949527
0.7518839593617967
0.7518507255600599
0.7518880079982178
0.25690412600634926
0.25690412600634926
0.7518662148442276
0.7518957579769787
0.7518952720357333
0.5208291788586659
0.7518662148442276
0.5208292688590809
0.25690412600634926
0.7518966453050202
0.25690412600634926
0.25690412600634926
0.5208291788586659
0.5208292682500222
0.5208291664791603
0.25690412600634926
0.7515281765220638
0.25690412600634926
0.7517050471957453
0.25690412600634926
0.7518821337596984
0.751889046487294
0.25690412600634926
0.25690412600634926
0.25690412600634926
0.25690412600634926
0.7519049277865686
0.7518609047349674
0.25690412600634926
0.7473920896654667
0.7490590875687803
0.25690412600634926
0.7517772594524679
0.25690412600634926
0.25690412600634926
0.25690412600634926
0.7518729786974637
0.25690412600634926
0.7518735925473878
0.751897497110515
0.25690412600634926
0.5208292681824309
0.751890113400635
0.25690412600634926
0.5208292709673841
0.7518614147950013
0.751889046487294
0.7518530558560959
0.25690412600634926
0.25690412600634926
0.25690412600634926
0.25690412600634926
0.751897497110515
0.25690412600634926
0.25690412600634926
