0.8134506291393737
0.23252750970477143
0.5510079641071717
0.4846114542760436
0.5068766635768754
0.6011596662320831
0.2349765127313357
0.8133345111202277
0.24794314174384807
0.23813607875635173
0.818001174643157
0.2435689476580143
0.2456803281616189
0.8392967779093896
0.8116315109122516
0.2991917243854124
0.8165660041386216
0.5077239591539637
0.24264783306954907
0.49140703706578687
0.21110839541820436
0.5068766635768754
0.8488774577590564
0.23645007141101554
0.36472174068348207
0.5806467164044062
0.5345088785189764
0.23563654515134308
0.5806467164044062
0.22988431806463103
0.5966647416728117
0.5692676282257634
0.822221084975959
0.6350874878458506
0.24311705575650583
0.44776727382702153
0.24264783306954907
0.22843551194011139
0.22635805459453584
0.24807816488309925
0.2435689476580143
0.5966647416728126
0.2284354311962597
0.23864458519620727
0.019214958774392776
0.24794423228054402
0.8204387349272309
0.2224386041471722
0.24786266526845985
0.23902610324008972
0.6164336795738217
0.8091304428015421
0.5077239591539638
0.5077239591539637
0.44776727382702153
0.5098747004765138
0.239492042180995
0.812769598998254
0.07736079969116658
0.23252630381217348
0.22635805459453584
0.4846114542760436
0.24451850236240094
0.825861672775563
0.8133345111202277
0.22593996484975493
0.24807816488309925
0.8541840323686298
0.8659028954884076
0.22115113052014257
0.8335986510917167
0.6685836425617073
0.8164610846434341
0.8116315109122516
0.24497191751911768
0.8222370660333458
0.15452935798696815
0.019214958774392776
0.5730000420434169
0.7704346698459114
0.32300346149953824
0.22358198126921247
0.8659028954884076
0.25362054750070673
0.2451718440809485
0.8242253605944991
0.21441589207213319
0.5692676282257634
0.24397691587500883
0.2169180997842291
0.812769598998254
0.6164336795738217
0.5966647416728126
0.24794423228054402
0.49514055482156594
0.24437364472452378
0.5345088785189764
0.5058598972802345
0.8488774577590564
0.8182237959591833
0.23252750970477143
0.3189686953398795
0.8165651363409447
0.15452935798696815
0.8133445569041483
0.08421314013106856
0.30262920911231717
0.239492042180995
0.5510079641071717
0.24816810212558377
0.854182994080261
0.812941267064647
0.22701831237288894
0.6011596661334438
0.825861672775563
0.8570200763187468
0.22629144641734938
0.859981016041967
0.8165543707241731
0.5098747004765138
0.24356876133915473
0.3037920195412005
0.08421314013106856
0.8488774577590564
0.8541909708741144
0.21110839541820436
0.6350874878458506
0.5510079641071717
0.24437440618304931
0.8659028954884076
0.26414101691936887
0.6685836425617073
0.8392967779093896
0.8541822852412599
0.822214412889188
0.8570200763187468
0.26414101691936887
0.854189452916424
0.6069217532166653
0.49140706160243236
0.814547973988885
0.23161604127318935
0.43459080845914877
0.22843551194011139
0.22988431806463103
0.22115113052014257
0.49140703706578687
0.8242253605944991
0.8204387349272309
0.23885269714559643
0.2169180997842291
0.6069217532166653
0.8541973373623228
0.8110585608618817
0.814547973988885
0.23563654515134308
0.5510079641071717
0.22593996484975493
0.23902610324008972
0.22358198126921247
0.822221084975959
0.07736079969116658
0.23161604127318935
0.822214412889188
0.43459080845914877
0.8134508199163979
0.8659028954884076
0.5823434195877173
0.8110585608618817
0.5098747004765138
0.859981016041967
0.8977929485161114
0.8133407896960294
0.8977929485161114
0.36472174068348207
0.8165597535325589
0.22358198127010842
0.8222378068352418
0.15452935798696815
0.32300346149953824
0.22701831237288894
0.6011596662320831
0.8392967779093896
0.8222405013853182
0.3189686953398795
0.8164610846434341
0.8134506291393737
0.24816810212558377
0.8222378068352418
0.5098747004765138
0.23161538988999913
0.8541877241666377
0.8541877241666377
0.8182237959591833
0.8222251866023174
0.2471976894727881
0.2353079824350025
0.812941267064647
0.8222427100700038
0.8091304428015421
0.5058598972802345
0.8129373823903371
0.5510079641071717
0.24311705575650583
0.6350874878458506
0.2471976894727881
0.22358198127010842
0.5098747004765138
0.5510079641071717
0.5351172930612789
0.2991917243854124
0.8165597535325589
0.2451718440809485
0.8570200763187468
0.24544419128078515
0.5752086855802706
0.8570200763187468
0.23645007141101554
0.21110839541820436
0.24397691587500883
0.24451850236240094
0.5823434195877173
0.8488774577590564
0.2224386041471722
0.49140706160243236
0.818001174643157
0.26414101691936887
0.8133407896960294
0.3037920195412005
0.3026292126664509
0.30138695053689035
0.5730000420434169
0.23906080909498562
0.5752086855802706
0.5351172930612789
0.2353079824350025
0.22629144641734938
0.8541907515994147
0.24786266526845985
0.49514055482156594
0.7704346698459114
0.8659028954884076
0.8335986510917167
0.23813607875635173
0.25362054750070673
0.2349765127313357
0.30262920911231717
0.8541973373623228
0.21441589207213319
0.30138695053689035
