0.7515157383024631
0.25690412600634926
0.7038307002209425
0.5663550801283666
0.5214369367317371
0.7515157383024631
0.25690412600634926
0.7515157383024631
0.25690412600634926
0.25690412600634926
0.7515157383024631
0.25690412600634926
0.25690412600634926
0.7515157383024631
0.7515157383024631
0.25690412600634926
0.7515157383024631
0.25690412600634926
0.25690412600634926
0.5214369367317371
0.25690412600634926
0.25690412600634926
0.7515157383024631
0.25690412600634926
0.25690412600634926
0.7515157383024631
0.7515157383024631
0.25690412600634926
0.7515157383024631
0.5524063447484022
0.7515157383024631
0.7515157383024631
0.7515157383024631
0.7515157383024631
0.25690412600634926
0.5214369367317371
0.25690412600634926
0.25690412600634926
0.25690412600634926
0.25690412600634926
0.25690412600634926
0.7515157383024631
0.25690412600634926
0.25690412600634926
0.019214958774392776
0.25690412600634926
0.7515157383024631
0.25690412600634926
0.25690412600634926
0.25690412600634926
0.7515157383024631
0.7515157383024631
0.25690412600634926
0.25690412600634926
0.7515157383024631
0.5214369367317371
0.25690412600634926
0.7515157383024631
0.25690412600634926
0.25690412600634926
0.25690412600634926
0.5214369367317371
0.25690412600634926
0.7515157383024631
0.7515157383024631
0.25690412600634926
0.25690412600634926
0.7515157383024631
0.7515157383024631
0.25690412600634926
0.7515157383024631
0.7515157383024631
0.7515157383024631
0.7515157383024631
0.25690412600634926
0.7515157383024631
0.25690412600634926
0.019214958774392776
0.5214369367317371
0.7515157383024631
0.25690412600634926
0.25690412600634926
0.7515157383024631
0.25690412600634926
0.25690412600634926
0.7515157383024631
0.25690412600634926
0.7515157383024631
0.25690412600634926
0.25690412600634926
0.7515157383024631
0.7515157383024631
0.7515157383024631
0.25690412600634926
0.5214369367317371
0.25690412600634926
0.5663550801283666
0.5214369367317371
0.7515157383024631
0.7515157383024631
0.25690412600634926
0.25690412600634926
0.7515157383024631
0.25690412600634926
0.7515157383024631
0.25690412600634926
0.25690412600634926
0.25690412600634926
0.5214369367317371
0.25690412600634926
0.7515157383024631
0.7515157383024631
0.25690412600634926
0.7515157383024631
0.7515157383024631
0.7515157383024631
0.25690412600634926
0.7515157383024631
0.7515157383024631
0.5214369367317371
0.25690412600634926
0.25690412600634926
0.25690412600634926
0.7515157383024631
0.7515157383024631
0.25690412600634926
0.7515157383024631
0.5214369367317371
0.25690412600634926
0.7515157383024631
0.25690412600634926
0.7515157383024631
0.7515157383024631
0.7515157383024631
0.7515157383024631
0.7515157383024631
0.25690412600634926
0.7515157383024631
0.7515157383024631
0.5214369367317371
0.7515157383024631
0.25690412600634926
0.5214369367317371
0.25690412600634926
0.25690412600634926
0.25690412600634926
0.5214369367317371
0.7515157383024631
0.7515157383024631
0.25690412600634926
0.25690412600634926
0.7515157383024631
0.7515157383024631
0.7515157383024631
0.7515157383024631
0.25690412600634926
0.5214369367317371
0.25690412600634926
0.25690412600634926
0.25690412600634926
0.7515157383024631
0.25690412600634926
0.25690412600634926
0.7515157383024631
0.25690412600634926
0.7515157383024631
0.7515157383024631
0.5663550801283666
0.7515157383024631
0.7515157383024631
0.7515157383024631
0.7515157383024631
0.7515157383024631
0.7515157383024631
0.25690412600634926
0.7038307002209425
0.25690412600634926
0.7038307002209425
0.25690412600634926
0.25690412600634926
0.25690412600634926
0.7515157383024631
0.7515157383024631
0.7515157383024631
0.25690412600634926
0.7515157383024631
0.7515157383024631
0.25690412600634926
0.7515157383024631
0.5214369367317371
0.5214369367317371
0.7515157383024631
0.7515157383024631
0.7515157383024631
0.7515157383024631
0.25690412600634926
0.25690412600634926
0.7515157383024631
0.7515157383024631
0.7515157383024631
0.5214369367317371
0.7515157383024631
0.5214369367317371
0.25690412600634926
0.7515157383024631
0.25690412600634926
0.25690412600634926
0.5214369367317371
0.5214369367317371
0.5214369367317371
0.25690412600634926
0.7038307002209425
0.25690412600634926
0.7515157383024631
0.25690412600634926
0.7515157383024631
0.7515157383024631
0.25690412600634926
0.25690412600634926
0.25690412600634926
0.25690412600634926
0.7515157383024631
0.7515157383024631
0.25690412600634926
0.7515157383024631
0.7515157383024631
0.25690412600634926
0.7515157383024631
0.25690412600634926
0.25690412600634926
0.25690412600634926
0.7515157383024631
0.25690412600634926
0.7515157383024631
0.7515157383024631
0.25690412600634926
0.5524063447484022
0.7515157383024631
0.25690412600634926
0.5214369367317371
0.7515157383024631
0.7515157383024631
0.7515157383024631
0.25690412600634926
0.25690412600634926
0.25690412600634926
0.25690412600634926
0.7515157383024631
0.25690412600634926
0.25690412600634926
