0.7159077687867831
0.1907889395192104
0.4963153116229019
0.4689182187170969
0.4155827152452193
0.6220727260473025
0.30662976123163843
0.8014753606702816
0.2921300894255752
0.19285955204584404
0.7159077687867831
0.2921300895522081
0.23359116994676157
0.8772326024585549
0.8674567717498349
0.36766466428771216
0.8041790285826953
0.5928052048128821
0.08716546863506014
0.4728888623784927
0.29333679765505155
0.5023543757098328
0.7913643633297844
0.19310514259662323
0.3776456518511916
0.49683484893948104
0.6308573240394035
0.4155826619093609
0.6316637295969016
0.2081838619970484
0.5907929023172162
0.49683484893948104
0.8428728497316866
0.5836510317401156
0.34085771999981707
0.5466222023088327
0.2921300895522081
0.19285159389029696
0.20319013148111326
0.3199251545061276
0.19945426344512895
0.5836510317401156
0.19285159389029696
0.09044261300593526
0.019214958774392776
0.17603876483058123
0.8208334392130332
0.19303501488146046
0.19945426344512895
0.1601246038885481
0.6577785274587737
0.7614837374220288
0.502354375709833
0.5928052048128821
0.4689182187170969
0.552534553505988
0.18173976817493528
0.8116617528650005
0.07736079969116658
0.1907889395192104
0.29086197721828616
0.22236348162253272
0.23359116994676157
0.8386680614149433
0.8014753606702816
0.19141954253706128
0.3199251545061276
0.8791251980747112
0.8784658575556086
0.2081838619970484
0.8791036505576024
0.879062097744276
0.8208334392130332
0.8674567717498349
0.30662976123155333
0.8428728497316866
0.06289720886936051
0.019214958774392776
0.5144881698183066
0.6168157931223508
0.3622796248690617
0.18964041036826854
0.8785060079932059
0.2268204719447841
0.17603876483058123
0.8031060892328815
0.1874227457275165
0.6495222734915296
0.29333679765505155
0.19141954253706128
0.8116617528650005
0.6220727260473025
0.5907929023171994
0.17603876483058123
0.5023543757098328
0.1997017866348908
0.4728888623784927
0.5707360411289912
0.9020599628715944
0.8580355128266706
0.19970525890408586
0.34468492356356717
0.8419400442888
0.06289720886936051
0.8791251980747112
0.08716546863506014
0.261197248978459
0.30867714011437664
0.6308573240394035
0.29213008903251253
0.8674567717498349
0.8332245391628685
0.11116039093916807
0.6316637295969016
0.6495222734915296
0.8428728497316866
0.19099623687336595
0.8637490901541764
0.8250169753476193
0.5144881698183066
0.18173976817493528
0.4155827152452193
0.09044261300593526
0.8772326024585549
0.879062097744276
0.19236381705914363
0.5717075595434777
0.4963153116229019
0.1997017866348908
0.8784779288483272
0.29086197721828616
0.5907929023171994
0.876446695015028
0.8791221019359929
0.8283004782736576
0.8414109083948338
0.3949637506743564
0.7980559761020096
0.6220727260473025
0.4669340422663997
0.8386680614149433
0.19109988553741647
0.5466222023088327
0.1907889395192104
0.3622796248690617
0.19268507233586077
0.4155826619093609
0.8791221019359929
0.8580355128266706
0.20319013148111326
0.18272658018775842
0.6220727260473025
0.9020599628715944
0.8041790285826953
0.8332245391628685
0.192133606533312
0.5599317446503274
0.29086197721828555
0.34085771999981707
0.18964041036826854
0.8229017612911904
0.07736079969116658
0.19109988553741647
0.8283004782736576
0.30035491831951455
0.8386680614149433
0.8784658575556086
0.4974469326338249
0.8041790285826953
0.4974469326338249
0.8637490901541764
0.922384936391911
0.8283939297049145
0.922384936391911
0.36766466428771216
0.8419400442884033
0.28575760922693405
0.7970940717630579
0.06289720886936051
0.30035491831951455
0.22236348162253272
0.5729820577608429
0.8031060892328815
0.7970940717630579
0.34468492356356717
0.8041790285826953
0.8332245391628685
0.29213008903251253
0.8325942023972794
0.6308573240394035
0.1912035342275215
0.8791036505576024
0.8791208270428288
0.8419400442884033
0.8325942023972794
0.11116039093916807
0.16012460388854813
0.8228575088397881
0.7970940717630579
0.7614837374220288
0.5707360411289912
0.8228575088397881
0.5599317446503274
0.3066297612315969
0.5717075595434777
0.30662976123163843
0.28575760922693405
0.552534553505988
0.5599317446503274
0.5715711845485456
0.3776456518511916
0.8250169753476193
0.30867714011437664
0.8414109083948338
0.29213008863944984
0.502354375709833
0.8784779288483272
0.41558266185219656
0.19236381705914363
0.30662976123155333
0.261197248978459
0.6577785274587737
0.8790884832905145
0.19268507233586077
0.4669340422663997
0.876446695015028
0.3949637506743564
0.8283939297049145
0.4155827121066457
0.5465682967021835
0.15899889977810666
0.6495222734915296
0.20319013148111326
0.5729820577608429
0.5715711845485456
0.19303501488146046
0.18272658018775842
0.7980559761020096
0.16012460388854813
0.5023543757098328
0.6168157931223508
0.8784644022963213
0.8791060573246489
0.11116039093916807
0.2268204719447841
0.20319013148111326
0.261197248978459
0.9020599628715944
0.1874227457275165
0.15899889977810666
