0.5118481147037159
0.5118481147037159
0.5118481147037159
0.5118481147037159
0.5118481147037159
0.5118481147037159
0.5118481147037159
0.5118481147037159
0.5118481147037159
0.5118481147037159
0.5118481147037159
0.5118481147037159
0.5118481147037159
0.5118481147037159
0.5118481147037159
0.5118481147037159
0.5118481147037159
0.5118481147037159
0.5118481147037159
0.5118481147037159
0.5118481147037159
0.5118481147037159
0.5118481147037159
0.5118481147037159
0.5118481147037159
0.5118481147037159
0.5118481147037159
0.5118481147037159
0.5118481147037159
0.5118481147037159
0.5118481147037159
0.5118481147037159
0.5118481147037159
0.5118481147037159
0.5118481147037159
0.5118481147037159
0.5118481147037159
0.5118481147037159
0.5118481147037159
0.5118481147037159
0.5118481147037159
0.5118481147037159
0.5118481147037159
0.5118481147037159
0.5118481147037159
0.5118481147037159
0.5118481147037159
0.5118481147037159
0.5118481147037159
0.5118481147037159
0.5118481147037159
0.5118481147037159
0.5118481147037159
0.5118481147037159
0.5118481147037159
0.5118481147037159
0.5118481147037159
0.5118481147037159
0.5118481147037159
0.5118481147037159
0.5118481147037159
0.5118481147037159
0.5118481147037159
0.5118481147037159
0.5118481147037159
0.5118481147037159
0.5118481147037159
0.2754925515506006
0.5118481147037159
0.5118481147037159
0.5118481147037159
0.5118481147037159
0.5118481147037159
0.40413579218079154
0.5118481147037159
0.5118481147037159
0.5118481147037159
0.5118481147037159
0.5118481147037159
0.5118481147037159
0.5118481147037159
0.5118481147037159
0.5118481147037159
0.5118481147037159
0.46637544802591535
0.5118481147037159
0.5118481147037159
0.5118481147037159
0.5118481147037159
0.5118481147037159
0.5289454035236256
0.5118481147037159
0.23089767698749006
0.3829492292409194
0.5118481147037159
0.5118481147037159
0.5118481147037159
0.5118481147037159
0.5118481147037159
0.5118481147037159
0.5118481147037159
0.5729354371834308
0.5118481147037159
0.5118481147037159
0.5118481147037159
0.5118481147037159
0.5118481147037159
0.5118481147037159
0.5118481147037159
0.5118481147037159
0.5916461192722071
0.5118481147037159
0.5118481147037159
0.5118481147037159
0.5054725918060895
0.3471273906425806
0.2790471531396462
0.5118481147037159
0.5118481147037159
0.5118481147037159
0.5118481147037159
0.5118481147037159
0.5118481147037159
0.5118481147037159
0.5118481147037159
0.5118481147037159
0.5118481147037159
0.5118481147037159
0.5118481147037159
0.23807916548470232
0.5118481147037159
0.5118481147037159
0.5118481147037159
0.5118481147037159
0.5118481147037159
0.5118481147037159
0.5118481147037159
0.5118481147037159
0.5118481147037159
0.5118481147037159
0.5118481147037159
0.5157822650151334
0.30842344930372034
0.30842344930372034
0.5118481147037159
0.5118481147037159
0.5118481147037159
0.5118481147037159
0.5729354371834308
0.30842344930372034
0.5118481147037159
0.5118481147037159
0.5118481147037159
0.5118481147037159
0.5118481147037159
0.5118481147037159
0.3471273906425806
0.5118481147037159
0.5118481147037159
0.5118481147037159
0.5118481147037159
0.17862830429171223
0.5118481147037159
0.5118481147037159
0.5118481147037159
0.5118481147037159
0.5118481147037159
0.5157822650151334
0.5118481147037159
0.5118481147037159
0.5118481147037159
0.5118481147037159
0.5118481147037159
0.5118481147037159
0.5118481147037159
0.5118481147037159
0.5118481147037159
0.5118481147037159
0.5118481147037159
0.5401481037110687
0.5118481147037159
0.5054725918060895
0.5118481147037159
0.5118481147037159
0.5118481147037159
0.9536173736679413
0.5118481147037159
0.5118481147037159
0.5118481147037159
0.5118481147037159
0.5118481147037159
0.5118481147037159
0.5118481147037159
0.7343453323682885
0.9536173736679413
0.5118481147037159
0.5118481147037159
0.5118481147037159
0.40413579218079154
0.5118481147037159
0.5118481147037159
0.5118481147037159
0.8889841932774007
0.5118481147037159
0.5118481147037159
0.5118481147037159
0.3829492292409194
0.23807916548470232
0.5289454035236256
0.4809477309423299
0.5118481147037159
0.5118481147037159
0.5118481147037159
0.5118481147037159
0.5118481147037159
0.5118481147037159
0.5188883195439185
0.5118481147037159
0.5118481147037159
0.46637544802591535
0.8889841932774007
0.5157822650151334
0.2754925515506006
0.5118481147037159
0.5118481147037159
0.5118481147037159
0.5118481147037159
0.5118481147037159
0.5118481147037159
0.5118481147037159
0.2790471531396462
0.5916461192722071
0.5118481147037159
0.5118481147037159
0.5118481147037159
0.5118481147037159
0.5118481147037159
0.5118481147037159
0.7343453323682885
0.5401481037110687
0.4809477309423299
0.5118481147037159
0.5435444433620674
0.23089767698749006
0.5188883195439185
0.5118481147037159
0.5118481147037159
0.17862830429171223
0.5118481147037159
0.5435444433620674
