0.9498033615563785
0.34249794633299563
0.8297660125294152
0.5779619293383089
0.7109710295956087
0.584930348869656
0.29902224414341366
0.42983249505575116
0.6879306341692208
0.05300143126125961
0.5850908985975545
0.8398129200313429
0.6408390043445857
0.43220362000362106
0.6354365126266098
0.6833381963952263
0.17276062719843993
0.6090688960707339
0.7498028567657463
0.14198747567804876
0.2643673168400644
0.1730069335726712
0.5305943899898993
0.42758265355434755
0.6816130458346157
0.27506260204056565
0.9197003354957127
0.7400557276390265
0.18642761205574981
0.6879306341692208
0.8135575749164118
0.2667171547958116
0.6745317232800101
0.22049443738618082
0.17178810863199825
0.2918317507094182
0.871513001810918
0.5400882229317865
0.265316316887097
0.3391059014772011
0.7498028567657463
0.5779619293383089
0.47432674507323225
0.655094972649908
0.12170130755530857
0.9119772486263807
0.361241551693652
0.11579157366980325
0.12172192882460955
0.20883656708515558
0.12172192882460955
0.7842655940122034
0.26732308498086965
0.1971852841189803
0.15351537168124987
0.8654364466345879
0.5495428117578689
0.8009199439703659
0.48401825742962357
0.22025048674804376
0.2536272008998957
0.35721862421120976
0.46698031738434836
0.6191699471967814
0.435881708211039
0.12071614343566137
0.36982143645159393
0.773086793078504
0.17560352998120665
0.4807316909364229
0.194105739347401
0.1730069335726712
0.5021883542134964
0.28461954192453154
0.8486339587823641
0.27280241056260546
0.26713917824718825
0.3950471863237861
0.8465966349108551
0.3757460809303013
0.1590133270269854
0.3391059014772011
0.5850908985975545
0.2643673168400644
0.14198747567804876
0.6408390043445857
0.8398129200313429
0.18024107104162765
0.20883656708515558
0.1576407619963328
0.9342925504058264
0.11579157366980325
0.19289089777734802
0.24812422721596594
0.17387613085177975
0.2805458063649719
0.7527355539113016
0.8297660125294152
0.2988435367374364
0.17178810863199825
0.9119772486263807
0.8009199439703659
0.8781781642306055
0.13298672254770028
0.85273111960933
0.9035011581149377
0.2895898048336344
0.23961241253845758
0.09941481122151122
0.9419564586387386
0.85273111960933
0.41694849367913434
0.3117716309343618
0.805497216093723
0.6154354690553137
0.947633332907294
0.15351537168124987
0.21004447681207894
0.773086793078504
0.1488285830263621
0.1576407619963328
0.201691032071432
0.6187875964878393
0.17949838502416532
0.3117716309343618
0.2988435367374364
0.27501166071051153
0.33470515951396307
0.7998807641179797
0.5570275141846333
0.5459817557618389
0.17197632485638756
0.7706154446727389
0.21123510403528922
0.4956525399012789
0.7842655940122034
0.17566533521062055
0.2488477524354516
0.3950471863237861
0.8229979155180713
0.2771381498107736
0.6691371297536521
0.37657214121031474
0.17771787345475842
0.12170130755530857
0.8940618275612124
0.26460479094959977
0.4317344916860808
0.16128458289414063
0.6200241916009619
0.6373485614232786
0.34008234773496904
0.46698031738434836
0.8135575749164118
0.3889617152632309
0.871513001810918
0.5404883896213042
0.5390168696196027
0.5672365803137625
0.1329367948468269
0.4956525399012789
0.43200093448058074
0.7611665713006865
0.4317344916860808
0.7877666338634376
0.2756740051272656
0.6019865354670496
0.7989698725568222
0.29603417740276033
0.2458390883892489
0.27501166071051153
0.8833637344591682
0.26732308498086965
0.320931527361812
0.34249794633299563
0.375057529653361
0.8940618275612124
0.19219373293542794
0.7039081406121772
0.8955603486184459
0.09020825448303327
0.2536272008998957
0.6019865354670496
0.26007342999853666
0.31914069064428474
0.31914069064428474
0.7527355539113016
0.1329367948468269
0.9419564586387386
0.2756740051272656
0.6018304006285018
0.6833381963952263
0.3705729080063931
0.29317187877600415
0.17197632485638756
0.7504840890593286
0.5021883542134964
0.23471960347385548
0.7989698725568222
0.26713917824718825
0.35721862421120976
0.435881708211039
0.2667171547958116
0.2304367964591194
0.7504840890593286
0.8218999067429127
0.8163579709442738
0.29317187877600415
0.5180011500404267
0.8163579709442738
0.34008234773496904
0.23961241253845758
0.375057529653361
0.28491854329124944
0.7613495657256009
0.3757460809303013
0.6816130458346157
0.42758265355434755
0.8654364466345879
0.19214112233691005
0.8056381573543276
0.45912052383337665
0.46619997843296657
0.6691371297536521
0.2771381498107736
0.22025048674804376
0.7085521121276451
0.1333287988893654
0.10649665802696115
0.26007342999853666
0.5390168696196027
0.2966277708165562
0.201691032071432
0.17771787345475842
0.5554020411712517
0.21123510403528922
0.8070797411564323
0.29902224414341366
0.3197125450058972
0.7275323739801471
0.13298672254770028
0.2918317507094182
0.6187875964878393
0.9773163408518173
0.6244721552436623
0.19341945833087498
0.27506260204056565
0.46619997843296657
0.8239696815143229
0.5672365803137625
