0.8151845029624336
0.27068066738602053
0.8171636559198816
0.6657116066383115
0.7882037381150983
0.5601246573825018
0.24177720026727303
0.38127861850145894
0.7248644063994077
0.20227763613526312
0.6513304593743996
0.8227255386928353
0.61549024699292
0.2628171473071649
0.6256108214569915
0.7026674675182727
0.16168121098455562
0.6634265876920384
0.6513304593743996
0.20615297132575916
0.22526785810151667
0.23332751746045366
0.4432282602125757
0.4458309835061546
0.5847827101457268
0.2448604704037054
0.9140860930956299
0.7400557276390265
0.21600236459352543
0.7248644063994077
0.7218988701209856
0.24310483640562555
0.7061309798725748
0.24991380221591114
0.2574414562901428
0.2566819431468271
0.8618687594196033
0.6836790133536155
0.24177720026727303
0.3368809033145198
0.7443296435428027
0.46407931345796155
0.36407721512865854
0.61549024699292
0.257334227017813
0.852031879210478
0.29308896763574
0.21414670040947814
0.19202675241279488
0.3710943936319559
0.31230315297158484
0.7194542736045143
0.3200454168710706
0.21081979620579058
0.22281316197673745
0.8590837831219589
0.587871160634527
0.8202363607242689
0.25281153739953655
0.24108936452475044
0.24310483640562555
0.26615308791715153
0.46698031738434836
0.5892105123784286
0.3253717044048887
0.18079574839583504
0.38856290696357454
0.7212340924689011
0.23909169230009653
0.2947184982847626
0.3295586274408725
0.2448604704037054
0.5500831197445497
0.25633550726786153
0.8293733952541613
0.308361492689822
0.2664653583722211
0.3947356475103776
0.879286941768618
0.27369132157710585
0.20227763613526312
0.3368809033145198
0.5847827101457268
0.23909169230009653
0.2628171473071649
0.7069553383756835
0.6225494968290632
0.2850510671532314
0.24113979988680673
0.18079574839583504
0.9141316410395747
0.12017587997469378
0.20987843589451227
0.2446356011803284
0.23212024528050884
0.2428681568214781
0.7118085532693386
0.8297660125294152
0.25367568046815725
0.230622659372409
0.879286941768618
0.7689597196376197
0.8020674942845978
0.20676626445633609
0.8862157275525213
0.8618687594196033
0.18273979703038606
0.23096536615757768
0.28391905982799986
0.9176130999673241
0.8590837831219589
0.47969000990949406
0.2551451474063926
0.822655068062533
0.6154354690553137
0.8194774100400546
0.21326271669643573
0.3253717044048887
0.7212340924689011
0.26499337967786046
0.2446942340607769
0.1905948773788187
0.6844685295206605
0.2841720038176803
0.3200454168710706
0.25007644167904136
0.2530720917540155
0.2841720038176803
0.7490096527564896
0.5987411698206428
0.3947356475103776
0.17738013721285945
0.852031879210478
0.23212024528050884
0.6225494968290632
0.7748357649626049
0.25281153739953655
0.2467736659797351
0.30894990008149265
0.8466813335965195
0.24061147762652305
0.587871160634527
0.2556366899363235
0.24061147762652305
0.25007644167904136
0.6863440852692952
0.2167778279169277
0.25984653461439744
0.22913943072072393
0.6207357456495349
0.5987411698206428
0.3164697590476815
0.46698031738434836
0.807024499390393
0.38200962245829595
0.8793159391712086
0.6561966279592699
0.47969000990949406
0.5601246573825018
0.1995825851524108
0.4956525399012789
0.19388277711802354
0.8194774100400546
0.607511536182875
0.8293733952541613
0.1995825851524108
0.6535212739081044
0.8087729609639744
0.23666287421363866
0.30689985544813453
0.28491977364007753
0.8833637344591682
0.23096536615757768
0.2991249792249815
0.22913943072072393
0.23332751746045366
0.9164677963060559
0.25814318615925336
0.7596388809089005
0.9176130999673241
0.25984653461439744
0.24659071426921778
0.5444534243719252
0.28983480500377423
0.2948893298279657
0.3295586274408725
0.7218988701209856
0.1329367948468269
0.9141316410395747
0.23093061633695122
0.7748357649626049
0.6836790133536155
0.31230315297158484
0.2948893298279657
0.2156071410180486
0.7793012905378676
0.582311978047425
0.23593203271563867
0.7923775155336157
0.2530720917540155
0.27369132157710585
0.308361492689822
0.2000191521295733
0.27703925078815483
0.7069553383756835
0.8104661807715164
0.7458360780190206
0.23232359937399427
0.6178842401590248
0.7458360780190206
0.23093061633695122
0.280505241112908
0.35699245404943825
0.24659071426921778
0.7857851585104091
0.4432282602125757
0.6291747149646387
0.36407721512865854
0.7882037381150983
0.20987843589451227
0.7793012905378676
0.29133656105798467
0.5515161496746108
0.7254746265328949
0.16168121098455562
0.21326271669643573
0.7448434334878142
0.19388277711802354
0.22281316197673745
0.257334227017813
0.5486500898144886
0.38127861850145894
0.2467736659797351
0.23999159793669522
0.6404548254566526
0.2823234467511625
0.8087729609639744
0.243341515989773
0.38264937745199834
0.7019396003093001
0.2530982731721962
0.2947184982847626
0.6178842401590248
0.9773163408518173
0.6244721552436623
0.25219015469986306
0.27876557324847817
0.34765200497902304
0.8124448127423445
0.6065937653534108
