0.5052273271999919
0.8509698606606924
0.6081167032125343
0.531751290950132
0.10501083839867133
0.08267226753185833
0.5480518895571797
0.9268871678089241
0.5651040651640429
0.7311388059040276
0.1131056609382548
0.13018526151416226
0.5537903192455582
0.546331617341658
0.6680873230215337
0.5865516529989427
0.5537903192455582
0.5651040651640429
0.5321993684314048
0.5779827775558919
0.6304043648452524
0.5169252349111351
0.1444900850204372
0.6304043648452524
0.5866006153072707
0.17149164657713403
0.12229403435549566
0.16550285900194667
0.14508101240395094
0.17410992470476266
0.454787871787845
0.5751889325607343
0.5340498507202757
0.5550529089756316
0.5685908562916714
0.5303731615483933
0.12229403435549566
0.4893733842239564
0.12229403435549566
0.5010923908022047
0.6081167032125343
0.531751290950132
0.6081728406013335
0.557703578440021
0.15122633747718353
0.5698740996459578
0.531751290950132
0.1290356306482925
0.8761249070196322
0.5124920872165255
0.8272951144641766
0.5209909725029382
0.5866006153072707
0.10501083839867133
0.5208333606745662
0.586007940199364
0.6152481109981572
0.6529394125142256
0.9250238955978283
0.5476550237217537
0.5578690205061745
0.07343071778395488
0.464004036189015
0.1383240890473867
0.5923703938293573
0.5412520496210524
0.5259816453628982
0.5412520496210524
0.5784270154273832
0.17149164657713403
0.5010923908022047
0.8535986355498054
0.5926455071133753
0.1566309000202784
0.5550529089756316
0.1111453190928267
0.07343071778395488
0.1050006557412359
0.08568759730932943
0.9099096294716035
0.9268871678089241
0.5694021385747203
0.8979155745492702
0.4755406927359562
0.8424112352792072
0.22940211687812032
0.10061632984803559
0.6589666458222229
0.5792094552119913
0.1290356306482925
0.5784763851109433
0.17410992470476266
0.12086797406112668
0.882418324667034
0.9205923244533623
0.5365806930087137
0.09691601585908785
0.9153566234104421
0.09318872085108705
0.5413110258964351
0.9246410431598322
0.09691601585908785
0.5651040651640429
0.8509698606606924
0.07952334668700389
0.6328778035646209
0.13660132964657618
0.5784763851109433
0.49303846005615937
0.12646943213208384
0.11295554947791481
0.5792094552119913
0.5201373336454456
0.6257965253879291
0.0005872469856830209
0.052552208902631514
0.4721866786203981
0.8598657127993391
0.1608961963777005
0.5404130934684384
0.6117921726136186
0.07343071778395488
0.9629106472331219
0.10688284926999295
0.8424112352792072
0.655567217583815
0.5601451267162451
0.14607781423667465
0.4893733842239564
0.5275200863861149
0.5923703938293573
0.6101957719534602
0.348023647300032
0.6977838816450235
0.5191263798713208
0.6005640865492464
0.3907588077371215
0.5413110258964351
0.5286333373230573
0.6229343224379329
0.5888971044316506
0.5200352655219469
0.5944057096548141
0.8430488689695652
0.5976296458952877
0.8928505355922874
0.5751889325607343
0.16583803009331344
0.14588462045314105
0.5624396551170725
0.5091463215482499
0.10688284926999296
0.14607781423667465
0.6390699494647246
0.5172473303418335
0.5550529089756316
0.5072765110782003
0.16878889445551296
0.11358117627614776
0.5661877591237229
0.10061632984803559
0.5944057096548141
0.5854803375353455
0.5192166353660629
0.5291946195967127
0.5118377280861439
0.7311388059040276
0.6081167032125343
0.5578690205061745
0.7311388059040276
0.5404130934684384
0.5817557791201201
0.8928505355922874
0.8509698606606924
0.09318872085108705
0.8430488689695652
0.539270562397945
0.27947695371125053
0.6482517997349376
0.27947695371125053
0.5434490990183669
0.5734867108807375
0.44177377623363595
0.05345707383490872
0.5191263798713208
0.17494207172982343
0.5480518895571797
0.5983860094977455
0.539270562397945
0.6008445296698401
0.5191263798713208
0.12118066874200807
0.6694076962094212
0.48607116332965566
0.586007940199364
0.7911785915776124
0.6257965253879291
0.5201373336454456
0.3303770247337968
0.08928144544395415
0.08989273945584447
0.9734181542157516
0.540916390033508
0.9268871678089241
0.8871885270020088
0.9935828619356681
0.8457957822420622
0.08632588084232556
0.8428652405553978
0.8637103060659712
0.6152481109981572
0.045414472793354865
0.14203220465300015
0.4755406927359562
0.621187501299815
0.49675042825493454
0.546331617341658
0.708046831553778
0.5413928793673934
0.37085868136716404
0.13970743571778965
0.31909751983406764
0.17604418373913944
0.12118066874200807
0.8871885270020088
0.13018526151416226
0.16583803009331344
0.5303731615483933
0.591792970266225
0.8083638220567939
0.14508101240395094
0.6680873230215337
0.12040131393422081
0.7402689956119672
0.5832974770799907
0.12229403435549566
0.576050178916858
0.6754069513797893
0.8867257001566113
0.3514478038657637
0.4054141466862054
0.8475813993217355
0.4820437488986599
0.11295554947791481
0.8535986355498054
0.5964395840711767
0.6252764722820405
0.09831017626346476
0.8874132130565496
0.15061612023704918
