0.5589804976141078
0.5677611064773522
0.5696893878646628
0.5614397553888147
0.576576544722383
0.06761223821724492
0.5682807684649105
0.5644709998324217
0.5645607926377068
0.5625447524516856
0.5679798561223443
0.564591457761201
0.5694414848555939
0.5677611064773522
0.5694414848555939
0.5679798561223443
0.5649998489996914
0.5682807684649105
0.5665439787258794
0.571065745747706
0.5618486326037214
0.56823700790231
0.5694414848555939
0.5679798561223443
0.5649998489996914
0.13984524740978796
0.5402899000276844
0.5620846664450132
0.5648397093321706
0.5779569277643428
0.5530691022761802
0.5644709998324217
0.5630152078230516
0.5688622768007151
0.5630499960556621
0.5590946347802425
0.5757285569369923
0.5763513954994512
0.5647736313851516
0.5630152078230516
0.5632028130361713
0.5661836407438171
0.561931555865006
0.5582357965823133
0.576576544722383
0.5648343498040679
0.5640639626859293
0.5806766636845362
0.5625447524516856
0.5627653868379656
0.8272951144641766
0.5590946347802425
0.5660960033795039
0.5647580311465448
0.584599407606502
0.5703860834934812
0.5786773252070312
0.563659447366812
0.5699552345410779
0.5600073152969577
0.56569990207413
0.07343071778395488
0.5460541896582853
0.5643227271622131
0.5614993245122587
0.5549160455134634
0.5619664529601739
0.5641417274583261
0.5582357965823133
0.5642957534659004
0.5574256256861682
0.5820767273549083
0.5666869931334452
0.5676891246185871
0.5662167855138285
0.567862263550788
0.5720943682148858
0.573693324373281
0.5708352253766718
0.5806766636845362
0.9268871678089241
0.5864942443038756
0.561931555865006
0.5683829509688862
0.8381786946643465
0.16619578616746256
0.5748118318334756
0.5697576020607554
0.5693769045962959
0.5628408753602164
0.5727284110315399
0.5569344472032616
0.13984524740978796
0.8602985096656902
0.5672717486457546
0.5689194061248019
0.8630197169848802
0.569306566777365
0.5736715421292455
0.14328205084608936
0.9246410431598322
0.10837656722350016
0.5676636955896437
0.557534449496564
0.5758748773226338
0.5630499960556621
0.5649146513699159
0.558896861078426
0.5549160455134634
0.12646943213208384
0.5579339312468075
0.5555950914605187
0.5523440262249253
0.5830387145868161
0.5713399035627573
0.5566316474931156
0.541894596345545
0.9113881800162305
0.5711311509612996
0.561931555865006
0.5653832265223736
0.5762330291352322
0.9113881800162305
0.5820584835380562
0.8480049354145063
0.5763513954994512
0.5620589020973485
0.13581107027717382
0.5683829509688862
0.5388239167191811
0.5614993245122587
0.5482576169568437
0.5567832162441531
0.5647959413757955
0.5519829755960929
0.5618459529614265
0.5529866532333975
0.5662167855138285
0.5653014775937056
0.5697576020607554
0.5640687361445207
0.5626583481066498
0.5632028130361713
0.565598307190094
0.5715337076380009
0.8928505355922874
0.45086995492600074
0.5519829755960929
0.5531709403162498
0.5694373013587187
0.5574256256861682
0.5720943682148858
0.13581107027717382
0.5661328258482667
0.5643679508159964
0.5641417274583261
0.5572004613603514
0.552952331320913
0.13220154543663126
0.5509037860701382
0.14997033439232438
0.5767224701652602
0.5593508497534903
0.5627223384220881
0.5682807684649105
0.5661060483572359
0.6055713893556735
0.5922943401249722
0.5592033276905457
0.5773026288893456
0.5388513071644647
0.5642142648746891
0.8928505355922874
0.5649273101754267
0.09289664839605886
0.8430488689695652
0.552103806424952
0.5627653868379656
0.5694373013587187
0.19004664177964306
0.561010505912699
0.5704261283904989
0.5589761034467612
0.08934465031826194
0.5599446824167915
0.14328205084608936
0.5642506684257902
0.5677976973860914
0.5647736313851516
0.5767224701652602
0.5555950914605187
0.13034419962753416
0.5864942443038756
0.5592033276905457
0.5636796382774152
0.8184871869098373
0.5647736313851516
0.5779569277643428
0.3303770247337968
0.5682593994730765
0.5644709998324217
0.9734181542157516
0.5658274091696278
0.5683585517554466
0.8652023400733762
0.9935828619356681
0.8184871869098373
0.08632588084232556
0.8428652405553978
0.8630197169848802
0.5668487391261678
0.5826458156097916
0.5666869931334452
0.5683829509688862
0.5696935129251705
0.571065745747706
0.5677611064773522
0.5930830924623822
0.5607033539117863
0.541894596345545
0.134689930134138
0.31909751983406764
0.12523222680161517
0.5581769830155869
0.5640618679354387
0.13018526151416226
0.15405854782531192
0.562572138771363
0.5645111586060776
0.5728918262228567
0.5648397093321706
0.577859435056294
0.12040131393422081
0.558896861078426
0.5660960033795039
0.5757285569369923
0.5766874350832769
0.5795223121003488
0.8870694566065804
0.45086995492600074
0.5523440262249253
0.8652023400733762
0.5620589020973485
0.5579339312468075
0.8586544708078883
0.5656267543414715
0.5757020666544181
0.577859435056294
0.8870694566065804
0.15061612023704918
