0.4902821347534311
0.47972534198056904
0.9496148408525679
0.8642195097884044
0.09636364442044443
0.05911909569247997
0.35713024723846853
0.01577609747280806
0.6316989444720432
0.08779295135780052
0.7527938627137564
0.9257876411271465
0.39388031699396964
0.6187810399401541
0.9912723462552272
0.010151737420220686
0.5326051362595907
0.11441653493588222
0.4981380312711903
0.03317400018781336
0.738925048862571
0.15516948665279717
0.08718615215824843
0.6223831904119302
0.2969059848846126
0.39009181605535537
0.42327127278435284
0.2062951071427196
0.3205526524959347
0.7052586589899953
0.35657451631763404
0.7168178997786706
0.500605143453042
0.47721456373493343
0.26193315578313225
0.5813516468153653
0.06267382517316411
0.6138992163372288
0.1417196256830684
0.6271796401623753
0.031917233028675995
0.16594368371099721
0.24373311696650224
0.8176809168339245
0.3147297571882748
0.6819202778291586
0.32429293760595956
0.47781865194400086
0.8323978682096799
0.7813056990304279
0.7674523732654719
0.8735787435903657
0.951515279766683
0.28611520671859003
0.5580951274810475
0.5199155174246144
0.5538781880427773
0.7556079572829111
0.9250238955978283
0.13270782120343871
0.24596513514508345
0.5789090393432909
0.530771042286294
0.7852511528255506
0.6117872267703323
0.8465961512571722
0.3720566253490545
0.46848795833303447
0.6096925134732848
0.5425984548610091
0.4163137380286901
0.911040540426436
0.8122555602063514
0.06952868307405458
0.9963466613546057
0.4739214076875373
0.11094535440791664
0.1621472685819294
0.5629005189202565
0.9099096294716035
0.9125156732886628
0.8224278259156576
0.9828024005907312
0.9280103503086474
0.9695252913433998
0.46263732809212743
0.0444211470094652
0.5293655510320605
0.040921735943076576
0.7725526971071747
0.7754974758345491
0.17292352337934835
0.07756141574791564
0.882418324667034
0.6609154410751163
0.08230654897728151
0.18773709320113074
0.9153566234104421
0.0031499929760466783
0.42231874689067495
0.9246410431598322
0.8583927565558468
0.6307372911689492
0.8620140886317529
0.9254291713689509
0.5998365929514837
0.5151888862593638
0.9745642018898122
0.4993276403047111
0.12646943213208384
0.06007306886251618
0.8913473346848543
0.4152092022359143
0.6411338376569323
0.0005872469856830209
0.045985322112783056
0.4186668523283733
0.7701165847461103
0.324897546036487
0.5800552204405638
0.7841192813211904
0.5668223965907943
0.9629106472331219
0.3391209239985682
0.8277497448774701
0.732225395824339
0.16051699100025074
0.026653965290460047
0.33542532534435154
0.9123420566413057
0.6992664829596685
0.9007712348253974
0.348023647300032
0.7670394307803551
0.22761434227624933
0.23103385919279673
0.44239669147567484
0.06742733674688928
0.07727940756627649
0.7918241650782682
0.914423710063947
0.5247844731221151
0.5248591747200491
0.8419799100902454
0.5976296458952877
0.8930802507777651
0.5798222659828094
0.12356900460434561
0.18486124928687542
0.6451741011698413
0.31130728805978625
0.40119588871645206
0.1329563921194976
0.6385552495693202
0.047854042900542404
0.3255349455440011
0.4852606877184086
0.28892779541599223
0.2130293281369272
0.5909090446142152
0.369338260040027
0.632864553272944
0.6002628688550401
0.0773323587572814
0.2659875773430923
0.05128724474589841
0.16491647610605864
0.1336530740940698
0.5201762374233543
0.814528582103286
0.484007886607944
0.36095801896284696
0.8926208204068098
0.8369774597806174
0.10383635378955447
0.8441178278488849
0.3959824521085301
0.25804189098357355
0.6956590698000351
0.3009120164389275
0.8383244927809714
0.7025149471300721
0.4389224593269524
0.05345707383490872
0.4300799191413083
0.1667806601949252
0.5919312342813381
0.1706978964206809
0.5676097661519075
0.5212836448297792
0.2021693420496864
0.1788282589616912
0.945282878630003
0.34390269452502154
0.6752654521437934
0.807201085163729
0.7613452368553741
0.8886144389701783
0.3746388427490036
0.1393273081140166
0.0849901200132096
0.9734181542157516
0.46202365988617655
0.9412586623291853
0.8781847501678899
0.9935828619356681
0.8843904793203954
0.012134770684400387
0.8712018990075096
0.899049335881204
0.7455182481146733
0.045414472793354865
0.14203220465300015
0.8096154167149398
0.7788461573807245
0.17306119743531023
0.09597158618247381
0.7135787159774838
0.4870833991216432
0.37085868136716404
0.13970743571778965
0.31909751983406764
0.2791787609624198
0.10458895668656698
0.0541023989880518
0.1534876737583316
0.09884672908707803
0.07529773540990337
0.591792970266225
0.6670401362167699
0.10976809778868402
0.7579566355540394
0.08273968601127435
0.8839328135631719
0.5934846218177668
0.1316902672654623
0.6654108482886334
0.7056398015897375
0.9268552490560503
0.3514478038657637
0.325327235569022
0.829075457424391
0.44417198037270544
0.10156878183414886
0.9209968186175608
0.5926162992873133
0.6411820226093425
0.05081634069662633
0.8874132130565496
0.1912136871352489
