0.5365806930087137
0.5286333373230573
0.5365806930087137
0.5119210604542846
0.9193519033843459
0.08267226753185833
0.5992868545280867
0.541395972537092
0.0883644773751832
0.08568759730932943
0.5010655549723686
0.9205923244533623
0.5574154976659033
0.5638850964872841
0.5951205284419937
0.5951205284419937
0.6090883655219267
0.08757299918343812
0.5321993684314048
0.0883644773751832
0.6788530444013625
0.5286390848956884
0.14033604409639786
0.16550285900194667
0.6447224812307408
0.5049748002389147
0.5212738048223478
0.16550285900194667
0.08851570012049248
0.8161602418554676
0.454787871787845
0.0883644773751832
0.5077368440912176
0.5624396551170725
0.6977838816450235
0.5326657316651374
0.11555243806269881
0.5876245217673527
0.6049388404522343
0.45855665331123374
0.6090883655219267
0.5052113849265818
0.541395972537092
0.5784270154273832
0.15122633747718353
0.5698740996459578
0.4713644445000444
0.8668590798106066
0.8761249070196322
0.7813056990304279
0.8272951144641766
0.5010655549723686
0.5284787493838006
0.12040131393422081
0.5208333606745662
0.4820437488986599
0.5459190755288124
0.6529394125142256
0.9250238955978283
0.5476550237217537
0.5286333373230573
0.06733808888090585
0.464004036189015
0.16550285900194667
0.5326657316651374
0.8867257001566113
0.46302246245536527
0.5770192466960096
0.5784270154273832
0.16994918957945876
0.5036113913214526
0.7365614009131627
0.8161602418554676
0.1566309000202784
0.5592699727914556
0.09322920480576422
0.07593354517549661
0.1050006557412359
0.08568759730932943
0.9099096294716035
0.9125156732886628
0.5694021385747203
0.9205923244533623
0.5177933607939321
0.8668590798106066
0.36431245271760987
0.12205709404688396
0.6229343224379329
0.5372314091241677
0.08851570012049248
0.8637103060659712
0.17660636577994498
0.10513461847567718
0.882418324667034
0.9205923244533623
0.0801054158274624
0.09170860449310192
0.9153566234104421
0.06733808888090585
0.5377442324287323
0.9246410431598322
0.8583927565558468
0.5459190755288124
0.8668590798106066
0.8781278402565952
0.5030656474038159
0.13354953535948885
0.5456817060038943
0.4770577560462781
0.12646943213208384
0.06007306886251618
0.8752388246451781
0.5142924897998746
0.6983708974699216
0.0005872469856830209
0.052552208902631514
0.4721866786203981
0.8598657127993391
0.2127197820256813
0.5844090220717482
0.6117921726136186
0.06733808888090585
0.9629106472331219
0.3907588077371215
0.8761249070196322
0.655567217583815
0.08632588084232556
0.14607781423667465
0.39699098932779264
0.4544760862229834
0.7365614009131627
0.6017969415173829
0.348023647300032
0.6977838816450235
0.6083655065329265
0.5853465784450722
0.3907588077371215
0.5592699727914556
0.5286333373230573
0.6229343224379329
0.5876245217673527
0.5200352655219469
0.6117921726136186
0.8430488689695652
0.5976296458952877
0.8928505355922874
0.5286390848956884
0.12963276301102233
0.15806294185716727
0.5624396551170725
0.31130728805978625
0.09170860449310192
0.14607781423667465
0.5992868545280867
0.1050006557412359
0.3255349455440011
0.5072765110782003
0.16878889445551296
0.08267226753185833
0.5818549393851226
0.0943498104260782
0.5770192466960096
0.5844090220717482
0.5326657316651374
0.4477965119038063
0.5131738244637154
0.859052032600288
0.6090883655219267
0.48607116332965566
0.859052032600288
0.48091326927597244
0.5698740996459578
0.8928505355922874
0.8350806415107782
0.11294672391821922
0.8430488689695652
0.44177377623363595
0.27947695371125053
0.6482517997349376
0.27947695371125053
0.5052113849265818
0.708046831553778
0.44177377623363595
0.05345707383490872
0.4300799191413083
0.17660636577994498
0.5694021385747203
0.6083655065329265
0.6367673485622541
0.6008445296698401
0.16994918957945876
0.1788282589616912
0.6694076962094212
0.48607116332965566
0.6752654521437934
0.8457957822420622
0.6367673485622541
0.46302246245536527
0.3303770247337968
0.08625065415091498
0.08989273945584447
0.9734181542157516
0.5216876533507709
0.9412586623291853
0.8871885270020088
0.9935828619356681
0.8457957822420622
0.08632588084232556
0.8428652405553978
0.8637103060659712
0.7455182481146733
0.045414472793354865
0.14203220465300015
0.39699098932779264
0.636134053939101
0.541395972537092
0.13965312393366353
0.708046831553778
0.5284787493838006
0.37085868136716404
0.13970743571778965
0.31909751983406764
0.19151465731517844
0.10458895668656698
0.8871885270020088
0.1534876737583316
0.19151465731517844
0.07529773540990337
0.591792970266225
0.6694076962094212
0.12471061086117377
0.6724950250399591
0.12040131393422081
0.8111302950145134
0.5832974770799907
0.11555243806269881
0.5471615173814816
0.6754069513797893
0.8867257001566113
0.3514478038657637
0.4054141466862054
0.8475813993217355
0.4820437488986599
0.12963276301102233
0.9160186795219984
0.5964395840711767
0.7165030938438054
0.09831017626346476
0.8874132130565496
0.14033604409639786
