0.5651196593219688
0.5664578935209206
0.5659851724467156
0.5655404098174612
0.5651196593219688
0.0802544433066519
0.56067306861806
0.5654852557192973
0.5659851724467156
0.5654184822435281
0.5655404098174612
0.5574242572496161
0.5668748709750426
0.5518544993578963
0.5643235993954137
0.5663960829273026
0.5631525644440248
0.5715627708745936
0.564368577434506
0.5677873824767253
0.564363597522194
0.5669553081816984
0.5607067628501378
0.5686990684170251
0.5659851724467156
0.137267588771963
0.5654852557192973
0.5645199873133557
0.5568507956731004
0.5663960829273026
0.5608431693739772
0.5653408836563178
0.5631525644440248
0.5638966321842701
0.568920014672991
0.565812376986937
0.5674467551480039
0.5673953223073211
0.5726308963945426
0.5631525644440248
0.5639784619444821
0.5661836407438171
0.564363597522194
0.5643845245959972
0.5715602617241311
0.5648343498040679
0.5615222301500186
0.5803467456220809
0.5643712290044464
0.5607067628501378
0.8272951144641766
0.5590946347802425
0.5650124885036824
0.5666290426726138
0.5663544196427641
0.5707259146205936
0.5643845245959972
0.5682661045296886
0.5725218480206782
0.5668748709750426
0.56569990207413
0.07343071778395488
0.56067306861806
0.564368577434506
0.5653711103254017
0.5622729598163806
0.56432050563519
0.5679997307580589
0.5647409104093064
0.5618419847116874
0.5574242572496161
0.5803467456220809
0.5663960829273026
0.5653521662208194
0.5663268295307338
0.5656569781166492
0.5727291222042793
0.5654315098211163
0.5664578935209206
0.5703429143057682
0.9268871678089241
0.5695478370148476
0.56067306861806
0.5670952964170427
0.5688582382778465
0.16619578616746256
0.5631165521122002
0.5653408836563178
0.5688215045629923
0.567500402354551
0.5616386865247927
0.564298207123023
0.13984524740978796
0.8602985096656902
0.5639564757275013
0.5639784619444821
0.566787387779202
0.5716197177546527
0.5731649591545169
0.5704224241933109
0.9246410431598322
0.10837656722350016
0.5676636955896437
0.564840371776764
0.5758748773226338
0.568920014672991
0.5645970687084556
0.558896861078426
0.5596182755743266
0.12646943213208384
0.5689753794032165
0.556682489199587
0.5653711103254017
0.5688215045629923
0.5713399035627573
0.5484607737603999
0.5684394888666999
0.9113881800162305
0.5688688343530659
0.5639564757275013
0.5601896717182127
0.5744611733219991
0.9113881800162305
0.5727291222042793
0.8480049354145063
0.5716533518405749
0.5567817108360964
0.13581107027717382
0.5723671732341687
0.5643712290044464
0.5625894813948369
0.5482576169568437
0.549338906294849
0.5372936888426283
0.5606468757347163
0.5622521505340381
0.5567817108360964
0.5662167855138285
0.5651236572114654
0.5684394888666999
0.5638742305074621
0.5622521505340381
0.5372936888426283
0.5588724568635955
0.5648847521101571
0.8928505355922874
0.5185606692385523
0.5606468757347163
0.5496125649872676
0.5732037258426544
0.5574242572496161
0.5720943682148858
0.13581107027717382
0.5672690339041124
0.5643679508159964
0.5641417274583261
0.5572004613603514
0.552952331320913
0.13220154543663126
0.5619681969264133
0.5642957534659004
0.5679997307580589
0.5606412028092481
0.565812376986937
0.5682807684649105
0.5666962950389253
0.6055713893556735
0.5922943401249722
0.5592033276905457
0.5744611733219991
0.5568507956731004
0.5642142648746891
0.8928505355922874
0.564414427706799
0.0802544433066519
0.8430488689695652
0.5563791814714989
0.5657171639567601
0.5728004900054945
0.19004664177964306
0.561010505912699
0.5704261283904989
0.5563791814714989
0.08934465031826194
0.5185606692385523
0.5704224241933109
0.5642506684257902
0.5663296126234266
0.5651458418071345
0.5673375665851547
0.556682489199587
0.13034419962753416
0.5864942443038756
0.5572685936894668
0.5625894813948369
0.8184871869098373
0.5728727616925652
0.5653711103254017
0.3303770247337968
0.5695478370148476
0.5703159038816344
0.9193102471445639
0.5641700753218863
0.5663296126234266
0.5750737678851716
0.9935828619356681
0.8184871869098373
0.08632588084232556
0.8428652405553978
0.5647909422162949
0.5654184822435281
0.5728004900054945
0.5666869931334452
0.5670952964170427
0.5672690339041124
0.5662795674868109
0.5677611064773522
0.5930830924623822
0.5650124885036824
0.549338906294849
0.137267588771963
0.31909751983406764
0.12523222680161517
0.5628855893936644
0.5654315098211163
0.13018526151416226
0.5660585669561956
0.5688235133778468
0.5645111586060776
0.5728918262228567
0.5648397093321706
0.568920014672991
0.12040131393422081
0.5572184080071413
0.5660585669561956
0.5674467551480039
0.5731649591545169
0.5769701503265902
0.8870694566065804
0.5244322999794617
0.5523440262249253
0.9193102471445639
0.5637769776889328
0.5606468757347163
0.8586544708078883
0.5703429143057682
0.5704287754383898
0.5651236572114654
0.8870694566065804
0.15061612023704918
