0.057834363291732305
0.32427318896283797
0.8181662133938843
0.7389402798677305
0.31211777412911634
0.7028379652208169
0.9310472699037432
0.25978627002412824
0.9065493455447664
0.1035058973520957
0.44860405075935705
0.5469766630105599
0.9515918862491326
0.48184424808333237
0.616770028774782
0.9970030944685382
0.031461186280546505
0.9462784137258308
0.43208096695498843
0.11613911148294076
0.5808702263880797
0.1130272443371082
0.7883657451167503
0.28881911517139136
0.7182284740002515
0.10087650400361281
0.3537434048390795
0.4911471234053565
0.5246060039666857
0.4580421980449869
0.25335309804740225
0.9600040314316729
0.6779537720045018
0.3955885636643114
0.2778359431981603
0.13105714920167677
0.18851743320083614
0.7154277110909554
0.2792294245537512
0.7077093145371954
0.2354774544779572
0.35281842546230335
0.8915871394893806
0.036318489150662714
0.5251661568712863
0.04492611359120302
0.7580615971364261
0.0010444349615030823
0.3587455783727912
0.34346593003640447
0.8862164088011455
0.3001414319728365
0.1568690703411617
0.880034393521619
0.8329183898189993
0.9103830928167918
0.5404751604738733
0.8572198989922915
0.6062888463969083
0.5977691475407774
0.8597875470100882
0.6117741682934281
0.9504254805258324
0.31109951328502705
0.7791645826346896
0.7901061098565297
0.49367845699333324
0.3674126753161304
0.03115847078726186
0.6768849153931972
0.4439756146394158
0.11496580128620448
0.8391248599480454
0.9521016594719891
0.40712292418507
0.6285010187574945
0.15090794998122958
0.1226393187612369
0.7373433049293325
0.4235818684299977
0.8345617240744861
0.6957387148273454
0.30008500659664405
0.1330179984421157
0.27461869405555805
0.39691333337370094
0.9976604136433506
0.3414274538174362
0.03322368014106658
0.22405646545668634
0.7942971705476454
0.9749625866186412
0.5982238597158257
0.16744953245299843
0.4250730839079029
0.4655477779747149
0.22334620293134322
0.6994388691126313
0.4916637228786159
0.3950933388140475
0.06052113746036869
0.35441912873896186
0.518956683488326
0.9038558096331369
0.24229078880687238
0.7211247722230294
0.2751084493839141
0.3004052666947479
0.8915116026698192
0.8309730317992664
0.20866632786316197
0.9786284638888735
0.030860364269370333
0.6290771055402758
0.4691160373518868
0.4693909962680879
0.8368154380778153
0.5711003359878675
0.035118792688768496
0.8543760036771462
0.47438004938987566
0.7869342630860428
0.4542325564672113
0.3249677009898334
0.6050064390509748
0.6117117248574998
0.32383326399203083
0.2048891126038226
0.42071661846229513
0.8207575976166127
0.7154757339708065
0.966892936370323
0.6775656250577698
0.5443156216315523
0.5590463667884934
0.6866899938053413
0.16183030845749258
0.4619521698489518
0.3882479811663948
0.500688631849861
0.014145177396312714
0.5006405504028109
0.7268373654025561
0.07257184936296202
0.06905867214489725
0.9560689571116869
0.9526922399590287
0.7807488218677402
0.3818101945409216
0.7352031751201556
0.8528796026281564
0.36548384177890225
0.6603149009898392
0.9816235570417406
0.9945482432262683
0.7580152001940816
0.7339737267525621
0.8507201445225405
0.06466973679795096
0.04813671227285854
0.46203353036784867
0.7590850169244495
0.0993548648506829
0.6225885034111794
0.6174597902906638
0.41916552538268226
0.2510537958391993
0.6334289830501876
0.9660707062569046
0.17013611986254862
0.6442493167055064
0.7646906892117836
0.8598434378943509
0.28424671285049663
0.669719388273853
0.03034650724385468
0.6889839406686611
0.4539389256944838
0.155343205238884
0.526185962653609
0.6681792236057815
0.6405414117884256
0.22955549571919553
0.529894623388047
0.31670757170375075
0.9850252660535964
0.42169913139770965
0.3501026359359183
0.2538929661101973
0.8835580852278886
0.43815859866012075
0.00025711618506019107
0.052266116092685944
0.3953549020591255
0.1701230623730695
0.12108378647337781
0.28734386719840066
0.9275417533388362
0.29675567768759337
0.015309537880210278
0.22005939054676127
0.5162385063816712
0.6357838344724043
0.48652492509186107
0.6278321488207926
0.8038524027208003
0.7497041214887593
0.6383111391710815
0.6364220404536653
0.28944004806263524
0.49579844653201965
0.9235379457564125
0.39866089773168434
0.8433889031983097
0.3202584258926764
0.9715610137884704
0.4877629705234582
0.44332111631048876
0.16371017156426382
0.4023729186648831
0.7658702490078049
0.9378288129478778
0.678181579214049
0.6305494331144991
0.3734861679171926
0.8242293018421922
0.23002898777263048
0.880140606526927
0.38331589149361944
0.3126252299124702
0.7095824152682153
0.625547135600524
0.9763652186129661
0.6257649102516784
0.2536752994371526
0.5423802731290069
0.9002470152880845
0.6252810473214908
0.06461438246843643
0.8493546069016648
0.6382022146459824
0.7733286882008872
0.5561164024965158
0.40611585780246384
0.3632911004854841
0.3947276704998215
0.9142136139940776
0.46002164651471356
0.36919728480489167
0.25358325799337844
