0.3792413631397597
0.39007013586515393
0.3823440643563154
0.40298399400632445
0.37214188532830167
0.38747857023612114
0.3825514188404277
0.38895084854817435
0.40298399400632445
0.38324736945996357
0.3834398012350337
0.3957476100997711
0.37843438848005667
0.3785284424772019
0.38295178579422
0.3779909497929779
0.3841913888175594
0.3887135556668832
0.3760473605985446
0.3914588889638085
0.3686515043565551
0.3839800713355482
0.9353875784197703
0.38386090079927576
0.3208692568433652
0.3760473605985446
0.3665241866128558
0.9353875784197703
0.40629830497718505
0.37998158231761964
0.3651455707518287
0.38651256354321184
0.3037303440712366
0.3037303440712366
0.37910770818976824
0.38295178579422
0.38696827568094655
0.39025552994235696
0.36343270909868003
0.37367836535538096
0.3813985435634726
0.38270775053083517
0.3867606818508706
0.38618085175973277
0.37819734699815877
0.3811398610926665
0.36985866220386515
0.37711806370662865
0.3864995378697724
0.38263810701978834
0.37851570818508745
0.36074072025459053
0.37851570818508745
0.36168033013206036
0.3682547098027924
0.3686515043565551
0.3684018924565067
0.38434111417039757
0.3827915587716933
0.3821161872940224
0.3864995378697724
0.3777778685086853
0.38361422509378457
0.38429474549772674
0.3651455707518287
0.3779909497929779
0.37998158231761964
0.41064809684068976
0.45936752295140193
0.38081426905325294
0.38290435906076725
0.353255360344118
0.8524303141896707
0.3445300866806196
0.8361315890942453
0.4004754834733388
0.39308008662903005
0.3845899218135047
0.7760071927529545
0.38618085175973277
0.3942056580682367
0.40629830497718505
0.37711806370662865
0.39959506198971884
0.3674623832811405
0.3721243485675478
0.3771677353246061
0.8693899771438724
0.39104903826826876
0.38413890996208466
0.3853433392341599
0.3017228722864435
0.42001336916497034
0.37214188532830167
0.45936752295140193
0.38031053087563055
0.9569337058935755
0.38175657938799135
0.3815101208379379
0.37843438848005667
0.4004754834733388
0.3957476100997711
0.3037303440712366
0.3208692568433652
0.36848359951902765
0.3816183018656625
0.37967689995898646
0.38386090079927576
0.3823440643563154
0.3785284424772019
0.3691255880837819
0.3670376152987018
0.3208692568433652
0.3825514188404277
0.38747857023612114
0.36343270909868003
0.3686515043565551
0.35389242442881486
0.3803763538504401
0.3665241866128558
0.38197813035113964
0.38259940123200337
0.39185424901046534
0.38409657325037544
0.3714839477692049
0.38580917518451047
0.3811413095056922
0.3770599371497629
0.37026610074797733
0.3840925714481658
0.39610984100261054
0.3846064165690109
0.38722461372378614
0.8689181658944664
0.3834398012350337
0.37903293911964225
0.38471198181882843
0.3445300866806196
0.37225318194957535
0.38904635947935473
0.268012472335411
0.3873470479167662
0.3820995975051735
0.39007013586515393
0.8689181658944664
0.3887135556668832
0.3914588889638085
0.3663741009206259
0.37703479068462764
0.3684018924565067
0.4017108297696055
0.3684018924565067
0.3934795349939373
0.3691255880837819
0.3840925714481658
0.38290435906076725
0.7760071927529545
0.39655615238986935
0.3755724734031591
0.402124759626787
0.38324736945996357
0.39345660557695533
0.3867606818508706
0.38165255319955244
0.3651455707518287
0.3957476100997711
0.40441259977154426
0.36168033013206036
0.3815101208379379
0.38743376129153523
0.38733298263177063
0.39904224173353847
0.8361315890942453
0.40629830497718505
0.38542955066507867
0.3824480166262841
0.34530136548318785
0.3780782789193344
0.39660280451861335
0.38843476488825174
0.292518742812185
0.38386090079927576
0.3834398012350337
0.9353875784197703
0.3779909497929779
0.37026610074797733
0.38429474549772674
0.3825514188404277
0.3803919015949078
0.3951846504157549
0.3841913888175594
0.40298399400632445
0.38018490121431686
0.37367836535538096
0.38385774814499674
0.37843438848005667
0.37917514168186106
0.3811413095056922
0.3750613628623493
0.4014242061464899
0.3803919015949078
0.37880071218632266
0.3892349503012576
0.3717014169592696
0.37053159261791085
0.38895084854817435
0.38618085175973277
0.34530136548318785
0.3887135556668832
0.38743376129153523
0.3496047951542463
0.39007013586515393
0.38717797409439103
0.3951683152065515
0.42964996402820715
0.9353875784197703
0.3702454768702632
0.353255360344118
0.3947341941087033
0.38747857023612114
0.3868153226307573
0.3719315563324348
0.3873022361196341
0.3721243485675478
0.3827915587716933
0.353255360344118
0.38904668163370565
0.8524303141896707
0.37851570818508745
0.3863290565179866
0.3760473605985446
0.37214188532830167
0.3376866849157492
0.37819734699815877
0.37967689995898646
0.34291365925951217
0.3750613628623493
0.3017228722864435
0.3744769334047873
0.4088911699537292
0.38895084854817435
0.38295178579422
0.38270775053083517
0.3722571849575223
0.37703479068462764
0.39236617474441265
0.20912220902297865
0.38378124849642736
0.38429474549772674
0.38270775053083517
