0.7600750430468354
0.7492957209739554
0.7449298243526488
0.7551936976308272
0.2348162378595248
0.7451356778121788
0.235254027018683
0.7429754527490875
0.7519474405172463
0.7488786358846555
0.7501153968257307
0.7466448925366403
0.7448049758744535
0.7454145301145251
0.7320052729365237
0.743918341419231
0.7551305939923388
0.7477022911770946
0.7487266035760437
0.7451787326423845
0.7519474405172463
0.7473609029960046
0.7415597249240751
0.740266836975293
0.1817700282400614
0.7467916930758743
0.7472584467825216
0.7438944485648633
0.7464523921005618
0.22837015944702294
0.746459550963213
0.743918341419231
0.7467063600213973
0.746953941551997
0.7229014701158406
0.2886949372589093
0.7473609029960046
0.7515109280968186
0.7422688157419878
0.738393487515374
0.749236832806943
0.748446767926763
0.7492554684136637
0.7457590888491881
0.7532710370954058
0.7376450916375634
0.7466949059938081
0.73550452139947
0.7451131122187205
0.7415988445140953
0.7464482063185143
0.7453515629588274
0.7238531259529721
0.7466448925366403
0.7464889060171452
0.7466412127001988
0.7493665918046974
0.7451787326423845
0.7434370549152708
0.7448275569485588
0.7477286130542212
0.7467742747116087
0.7499901754107318
0.7255455055197562
0.7451356778121788
0.7466301437719179
0.2886949372589093
0.2886949372589093
0.7492554684136637
0.7501924761666457
0.7574967492153417
0.7466949059938081
0.7499537442302108
0.7447206040013871
0.7438944485648633
0.7532710370954058
0.7476571262303722
0.7449105422462123
0.7367509501929554
0.7484595687880439
0.7384553072908014
0.740266836975293
0.7532088934228578
0.7250147160226648
0.746953941551997
0.7467063600213973
0.7285272047089388
0.7487207492435508
0.7455966938669281
0.746459550963213
0.235254027018683
0.7397094025005195
0.7485073746364167
0.7415597249240751
0.7694334641675111
0.7443416083017708
0.13156426588883838
0.1817700282400614
0.7374107592855811
0.7487266035760437
0.746953941551997
0.7515109280968186
0.740266836975293
0.7401078942888687
0.7397094025005195
0.7487266035760437
0.7464523921005618
0.2348162378595248
0.7434279826526277
0.7618804010155437
0.7238531259529721
0.7388342501565144
0.7513592107366146
0.7455393274272204
0.7229014701158406
0.1978504909418569
0.7471681323190985
0.743918341419231
0.7448049758744535
0.7434279826526277
0.7400244409743668
0.7457590888491881
0.18788370831702966
0.7229014701158406
0.20730887547286478
0.751613997680884
0.7492957209739554
0.7621840547899156
0.738235613940441
0.17958651206260204
0.7353597452150118
0.7471681323190985
0.7464523921005618
0.18788370831702966
0.7509560735299594
0.21325032674085362
0.7521868344443993
0.7515109280968186
0.2348162378595248
0.20730887547286478
0.7353597452150118
0.7489247388208374
0.7592064802866916
0.7429754527490875
0.7587125535226886
0.7481316593425369
0.7528888154391888
0.7561181994904357
0.7457590888491881
0.7418070670458259
0.7451356778121788
0.21958937251774377
0.7377741002145675
0.7488786358846555
0.7501153968257307
0.7551936976308272
0.7338558851080138
0.7400244409743668
0.741017767085345
0.7448275569485588
0.7551305939923388
0.7453506983622783
0.22837015944702294
0.7475438331040759
0.7415988445140953
0.7449298243526488
0.22837015944702294
0.21494706383617826
0.7438944485648633
0.7439329290090733
0.25733198439113014
0.7600750430468354
0.5055149144335005
0.7551305939923388
0.7489205791308403
0.2886949372589093
0.7489247388208374
0.7461792700497729
0.7422688157419878
0.7453515629588274
0.20320835224878483
0.7558994415155501
0.7531601281318216
0.7381154370231827
0.7285272047089388
0.7489214851842749
0.7468881457335917
0.13156426588883838
0.7523404964032894
0.7384143462175272
0.7449105422462123
0.20320835224878483
0.7526453143578403
0.20401917952068785
0.7286231278858426
0.7395963253842661
0.7555219675292575
0.7443737131680098
0.7439317337550664
0.7447269706004057
0.7451637984904345
0.734481218289773
0.7448148191809992
0.7529755664820824
0.7451131122187205
0.7540008612166021
0.7440361718218096
0.7477886706908269
0.7474823231578434
0.7483068797708713
0.7466448925366403
0.7385704663364517
0.7462327769437165
0.1994567778554574
0.7320052729365237
0.5024129924439216
0.7455966938669281
0.23945007002197635
0.7385704663364517
0.738574401980233
0.10443657997814479
0.7488786358846555
0.7438062262675177
0.7473609029960046
0.7430943403926598
0.73550452139947
0.7235316620121179
0.22837015944702294
0.7587125535226886
0.7320052729365237
0.7417934569786414
0.10443657997814479
0.2343784487003666
0.1730174200853439
0.7593233440524699
0.7352387519305426
0.7433042241602432
0.23945007002197635
0.7401078942888687
0.7431412122168634
0.7395963253842661
0.7579169020699185
0.7427595737360186
0.7435062398027831
0.21494706383617826
0.7501924761666457
0.7384553072908014
0.749236832806943
0.7430943403926598
0.7555219675292575
