0.8719930644490406
0.7957434952043853
0.6503441059206494
0.816693698047534
0.21168365393044505
0.7911341300663508
0.5290124602110284
0.16900008433728947
0.7794130420457455
0.5245203011286742
0.43902786496935414
0.7546437002009442
0.563678103684556
0.7713296094429836
0.3541505216807856
0.7524066904884175
0.3473936986922474
0.12446018258371132
0.1244601825837113
0.7794130420457455
0.754405560822363
0.7271634642179072
0.6618934762441999
0.1244601825837113
0.6607363403965024
0.7272849502076175
0.38804099702030365
0.8342310693265486
0.8316300880082248
0.5619224009807552
0.2298806250937877
0.7410721011895015
0.563678103684556
0.12792781742403309
0.6672593585376251
0.8291547916857173
0.7271634642179072
0.7424122225302607
0.15332545784915103
0.3541505216807856
0.8286683834017128
0.3856836467334442
0.48102454627496943
0.09220970404384925
0.7059434890412424
0.5619224009807552
0.3147715558005388
0.09220970404384925
0.808038877249132
0.9345970318397184
0.1476804480583744
0.6237050329469759
0.8324088256339816
0.27368062854650177
0.25125865408310394
0.43902786496935414
0.8367328828152808
0.1705413537046087
0.7713296094429836
0.7424122225302607
0.5917171645817243
0.861815867498677
0.0892318582388617
0.31934591604802204
0.7546437002009442
0.1705413537046087
0.37453183918118854
0.37453183918118854
0.5733635332784427
0.698976763909687
0.9654151822397128
0.2325696380110342
0.5245203011286742
0.8324088256339816
0.16420439710235146
0.8137933836386697
0.7018117316434879
0.6618934762441999
0.25837514208467094
0.28720414178624276
0.8286683834017129
0.3147715558005388
0.9075054132965614
0.8099192771807706
0.5917171645817243
0.6495398725108658
0.7822076265830846
0.7524066904884175
0.7272849502076175
0.8409322801372876
0.21168365393044505
0.9773449354421234
0.8075574353269905
0.6618934762441999
0.834271215306019
0.6503441059206494
0.12792781742403309
0.4304295528792893
0.35091411402125594
0.2298806250937877
0.8847360276870946
0.7837406161160293
0.6486361369082222
0.7512719222398148
0.035554539391748796
0.5089081132628326
0.8861353684745166
0.8197915367323435
0.7360229937251461
0.4966391091772462
0.5779588645386771
0.6944477256822269
0.08367539626729503
0.495980417116952
0.09496726176785698
0.25837514208467094
0.2469651259392014
0.43902786496935414
0.15711812790932345
0.35851211386027004
0.8316300880082248
0.09220970404384925
0.6607363403965024
0.5164665588660257
0.27368062854650177
0.5290124602110284
0.563678103684556
0.8235670567463456
0.6672593585376251
0.09496726176785698
0.7794130420457455
0.7687903872516888
0.02875806606277531
0.1503677202215296
0.38804099702030365
0.2325696380110342
0.8286794372411175
0.8197915367323435
0.25125865408310394
0.14876681982390927
0.6486361369082222
0.0892318582388617
0.9512861921048908
0.7524066904884175
0.9075054132965614
0.698976763909687
0.7512719222398148
0.8235670567463456
0.09220970404384925
0.27368062854650177
0.25125865408310394
0.7687903872516888
0.16900008433728947
0.6663162423516308
0.808038877249132
0.7904359153390286
0.816693698047534
0.6817715236562817
0.7466656640888832
0.3541505216807856
0.11463254997042034
0.495980417116952
0.8286794372411175
0.7481091475145621
0.8075574353269905
0.6817715236562817
0.772834144538828
0.1244601825837113
0.7794283703275021
0.8137933836386697
0.6590763793146014
0.8719930644490406
0.5245203011286742
0.7362707262355661
0.3420348062620524
0.37453183918118854
0.7957434952043853
0.12446018258371132
0.7272849502076175
0.7546437002009442
0.8075321323748079
0.7911341300663508
0.7837406161160293
0.44933789905783084
0.772834144538828
0.7072489510992918
0.776276129987883
0.12792781742403309
0.1503677202215296
0.7432095076368925
0.8324088256339816
0.16900008433728947
0.8861353684745166
0.15332545784915103
0.8342310693265486
0.563678103684556
0.885545826908262
0.7926553906162841
0.642437074832625
0.7410721011895015
0.8316300880082248
0.5472567031664015
0.6590763793146014
0.11037608293577911
0.5089529610650655
0.7018117316434879
0.7760766759256316
0.5733635332784427
0.7410721011895015
0.6543676342919892
0.6503441059206494
0.7018117316434879
0.26520268791701873
0.652597854850937
0.7713296094429836
0.43226135396607357
0.14887499249990366
0.7957434952043853
0.00804967880766383
0.6515550097630289
0.012652333735486243
0.43902786496935414
0.8159936118705444
0.7271634642179072
0.7533854870905534
0.2469651259392014
0.3556400693406603
0.22617627309562993
0.3447989022854623
0.6264146419530463
0.7760766759256316
0.6921690544442374
0.26520268791701873
0.1981885367872275
0.885545826908262
0.776276129987883
0.7466656640888832
0.43226135396607357
0.5619224009807552
0.5779588645386771
0.7072489510992918
0.7424122225302607
0.3856836467334442
0.7794130420457455
0.5529880496423432
0.8273491502466749
0.7924802709793116
0.8357631241560488
0.5290124602110284
0.8372911296060331
