0.39690201183375123
0.38028488504984476
0.3968147540411546
0.45762232961669186
0.4194075465823344
0.3974248518173213
0.39403728553298956
0.3941231146605642
0.8946601952541409
0.39403728553298956
0.4311822679134843
0.38011258037081336
0.9067443374043919
0.32672915312040113
0.3735079658100375
0.9541580806503699
0.40951865685091876
0.39690201183375123
0.4066536746340976
0.40559753691723754
0.37149030768061925
0.38028488504984476
0.40183712849913295
0.38011258037081336
0.3406575625293035
0.4096896291994232
0.9012329314452813
0.3406575625293035
0.3790160861819767
0.3880841441186204
0.8361315890942453
0.3974248518173213
0.36813091043240986
0.40361513064260474
0.906744337404392
0.38459104732990146
0.35042277414487083
0.3880841441186204
0.39093750396745386
0.3882469794214822
0.40473639267129596
0.40154608707892225
0.41767627745729946
0.3679664250501055
0.38028488504984476
0.39779120025672166
0.3803864168221156
0.3756689223488541
0.38011258037081336
0.3790160861819767
0.37746889794962407
0.3841942234898517
0.1724433922738764
0.2912911593977134
0.4096896291994232
0.4009544906253386
0.678876761302795
0.4253590876929489
0.3752201011115706
0.40183712849913295
0.4012461393965369
0.17262603037096808
0.3748035005653826
0.8946601952541409
0.4253590876929489
0.32315955121596524
0.38036557739227356
0.45762232961669186
0.4591920274120827
0.3796950473676768
0.4355968314127085
0.1724433922738764
0.8361999815333109
0.3841942234898517
0.8361315890942453
0.3968147540411546
0.3841942234898517
0.3802262399105549
0.7760071927529545
0.3861257427952058
0.906744337404392
0.3880841441186204
0.33804330762602514
0.35364322526561853
0.9012329314452813
0.37505238291172843
0.08891926548290346
0.8693899771438724
0.4214604984077678
0.45378095186863326
0.386867013962443
0.24039842307804468
0.4784155952808828
0.4928645059442549
0.45954301849072116
0.40414071556778847
0.9569337058935755
0.40230775399587165
0.3406575625293035
0.39162565076319683
0.26403853329065535
0.459373476274924
0.14987823210620088
0.4510955147643309
0.334042296075358
0.9067443374043919
0.40163468136198066
0.3924290105292417
0.1337257819389243
0.4341171124075757
0.2794971276958185
0.43021729081555926
0.17262603037096808
0.3941231146605642
0.21299961614077628
0.3696915511512107
0.4066536746340976
0.3992579629073092
0.4784155952808828
0.29322388925096293
0.3850723033348664
0.39646567618425904
0.38459104732990146
0.2912911593977134
0.3828431150810774
0.37679343275300264
0.9541580806503698
0.08891926548290346
0.3779795637426026
0.8562822964886554
0.39779120025672166
0.410308945613689
0.3991700225860919
0.8693899771438724
0.36788758753450146
0.8045021640771306
0.39972579317729745
0.21299961614077628
0.15105610548428056
0.35042277414487083
0.9451629972087379
0.4168400196361052
0.3896408827880721
0.3952159405023317
0.9012329314452813
0.5556062269825954
0.47469983515083425
0.8172637734133212
0.39646567618425904
0.36922598068009305
0.3865284839870569
0.32315955121596524
0.32672915312040113
0.4440697713016523
0.40559753691723754
0.3583607709916392
0.7760071927529545
0.3974248518173213
0.7792116629149014
0.3790160861819767
0.3861257427952058
0.3968147540411546
0.5556062269825954
0.37324415445587905
0.4028508614807996
0.37425098214787034
0.4096896291994232
0.36679546927362705
0.39162565076319683
0.44789574548421884
0.48302405017550215
0.39403728553298956
0.8361315890942453
0.4814742369262334
0.4252817942936921
0.4101723983526644
0.9541580806503699
0.40951865685091876
0.39667140343983487
0.39779120025672166
0.4360743971129277
0.826986767282215
0.3423334121040662
0.9138414509459649
0.40559753691723754
0.40154608707892225
0.44635612377154316
0.2306546274979162
0.4031899471195879
0.8946601952541409
0.38036557739227356
0.28912197556891933
0.3837976022734606
0.3583607709916392
0.10671326726010903
0.408709532999494
0.15105610548428056
0.624315226769791
0.35364322526561853
0.034357786603324336
0.3943349711507907
0.3696915511512107
0.6900073802398983
0.4311822679134843
0.3852937305623155
0.44588819169295285
0.32315955121596524
0.17262603037096808
0.37505238291172843
0.44789574548421884
0.3310428292372621
0.39833952083323226
0.37746889794962407
0.40791993201601884
0.9451629972087379
0.9569337058935755
0.3369179266191301
0.5597148478615981
0.9711490640072038
0.3991700225860919
0.4015528533265731
0.36718020476881996
0.3803864168221156
0.4194075465823344
0.3752201011115706
0.8135925484360467
0.4360743971129277
0.8361999815333109
0.2807070106349874
0.8045021640771306
0.3882469794214822
0.4194075465823344
0.3852937305623155
0.041959328775657445
0.3791437211919361
0.42635142504973306
0.4311822679134843
0.1767410280133785
0.36544274603376864
0.46447012072406857
0.39446324458023174
0.3254648755298917
0.3941231146605642
0.32905666525316685
0.37679343275300264
0.43021729081555926
0.2306546274979162
0.37784361225375723
0.45378095186863326
0.32672915312040113
