0.7486251009368171
0.7415922060165475
0.7472195366138411
0.7451217231025916
0.7446123482087197
0.7425605791971995
0.7496049621037247
0.7387297745245709
0.7437004688575927
0.7449890401170779
0.18788370831702966
0.745587378622643
0.24839102720655326
0.7458075847600197
0.7390603475397824
0.743849194455251
0.7411301738682018
0.7497732049742777
0.7459273794287483
0.20320835224878483
0.19286709962944326
0.7463697963974291
0.745587378622643
0.7438451391397533
0.7450554089736383
0.7511112557555619
0.75040658869621
0.7490698870285085
0.18788370831702966
0.7432993431926282
0.7429773114536431
0.7472195366138411
0.18788370831702966
0.745698767594503
0.7444896895995
0.745698767594503
0.7461650827342599
0.7487140860052325
0.7423420561693738
0.7366228985704408
0.7439961058277663
0.7446886100764439
0.7448671983675169
0.7456945669892778
0.7511112557555619
0.7397380390705632
0.7482691549766791
0.7463697963974291
0.7465560093630499
0.7435941942440459
0.7482691549766791
0.7453515629588274
0.7446123482087197
0.7458949056258505
0.7464706490588535
0.7497533457802259
0.7490259329137848
0.7471556411983499
0.7411301738682018
0.7476990127933455
0.747864082989139
0.7459273794287483
0.7497588985449436
0.18788370831702966
0.7448406847183722
0.746013981705917
0.2886949372589093
0.2886949372589093
0.7495358993487792
0.7494818227852489
0.7523147721772306
0.7452262287962376
0.7517109876597067
0.7446123482087197
0.7432866612454431
0.7487140860052325
0.7432993431926282
0.7452262287962376
0.7367509501929554
0.7425605791971995
0.743849194455251
0.7438451391397533
0.7479139912375999
0.7326407764989789
0.746953941551997
0.7467063600213973
0.7348927633641695
0.7471556411983499
0.7441634960117488
0.7428170428002603
0.235254027018683
0.7450554089736383
0.7461650827342599
0.7415597249240751
0.7694334641675111
0.7454159470291901
0.1659815898790672
0.745698767594503
0.7411301738682018
0.7487266035760437
0.7468710369625094
0.7496049621037247
0.7490244573286217
0.7420029395650914
0.7348927633641695
0.7484703379417313
0.7490491255757505
0.2345973432799457
0.745735960099875
0.7618804010155437
0.7391090789150606
0.7388342501565144
0.7465560093630499
0.7451217231025916
0.7415922060165475
0.19286709962944326
0.7461232038745532
0.7465556952837482
0.7448049758744535
0.7434279826526277
0.7400244409743668
0.7428095311512845
0.19286709962944326
0.740519687233047
0.20730887547286478
0.7428360120730957
0.7464323277060764
0.7517109876597067
0.7429951639589936
0.17630196607397297
0.7437004688575927
0.7466901225333062
0.7464706490588535
0.18788370831702966
0.7459544227388942
0.20863475313077073
0.7457157977922377
0.747864082989139
0.2348162378595248
0.20730887547286478
0.7390603475397824
0.7479221581252672
0.7497264104997243
0.7407450198252468
0.7550413732795742
0.7466904252880348
0.7486749116576066
0.75040658869621
0.7501052888028508
0.7475193507687834
0.7478247806556814
0.745527886039822
0.7387297745245709
0.745587378622643
0.7495358993487792
0.7472195366138411
0.7408560675990672
0.7400244409743668
0.745714351853287
0.7390603475397824
0.7490259329137848
0.7464323277060764
0.22837015944702294
0.7475438331040759
0.7432866612454431
0.7467262001882203
0.22837015944702294
0.21494706383617826
0.7438944485648633
0.7475085658880415
0.24839102720655326
0.7600750430468354
0.5055149144335005
0.7551516285385017
0.7463697963974291
0.2886949372589093
0.7489247388208374
0.7461989211186913
0.7440213588043285
0.745735960099875
0.20320835224878483
0.7496421892139897
0.7423420561693738
0.7408560675990672
0.7285272047089388
0.7475085658880415
0.7490474886739031
0.1659815898790672
0.7492372350707733
0.7384143462175272
0.7459474687502061
0.20320835224878483
0.7459273794287483
0.20863475313077073
0.7432511544021839
0.7387297745245709
0.7501052888028508
0.7443737131680098
0.738818897974879
0.7435941942440459
0.7487144265674036
0.734481218289773
0.7456491418325691
0.7490244573286217
0.7448671983675169
0.7540008612166021
0.7391090789150606
0.7431588469286877
0.744918580152634
0.7432993431926282
0.7471607105110873
0.7425606623871873
0.7397380390705632
0.1994567778554574
0.7320052729365237
0.5024129924439216
0.7444896895995
0.7428360120730957
0.7451217231025916
0.7444567676176366
0.10443657997814479
0.7497533457802259
0.743512471854598
0.744192149107719
0.7434708773820463
0.7370374938679609
0.7235316620121179
0.22837015944702294
0.7415922060165475
0.7425605791971995
0.7443981083681379
0.10443657997814479
0.7479789098318175
0.17630196607397297
0.75040658869621
0.7352387519305426
0.7440519363966797
0.24839102720655326
0.7420029395650914
0.743512471854598
0.7446728520622244
0.7579169020699185
0.7456491418325691
0.743849194455251
0.21494706383617826
0.7461650827342599
0.7384553072908014
0.7475193507687834
0.7423420561693738
0.7488897414140908
