0.7450835298364049
0.7451958592708556
0.7451927065021202
0.745190984746785
0.7451944845069683
0.7451954531232338
0.7451899498237208
0.7451878560108925
0.745186903353453
0.7451965250751172
0.745186952180848
0.7451899355332136
0.7451949697476096
0.7451938693817889
0.7451955472273659
0.7451935157937727
0.7451937331685675
0.7452002170285701
0.7451915206562703
0.7451917081957639
0.7451947035114216
0.7452021616912565
0.7451969160352414
0.74519931590417
0.7451917081957639
0.7451936386347845
0.7452049767611856
0.7451946664378853
0.7451975023162173
0.7451969885784805
0.7451958009039388
0.7451944845069683
0.745190984746785
0.7451961465442308
0.7451899355332136
0.74519729585603
0.7451981250517857
0.7451958298167676
0.7451955472273659
0.7451952094432506
0.745186903353453
0.74519729585603
0.7451927361203846
0.7451850177965488
0.7451907200775848
0.7451758291070097
0.7451933028352093
0.7451917263023351
0.7451977793035753
0.7451952066663418
0.7451929679139631
0.7452003042603961
0.7451917387829344
0.7452030940783034
0.7451984131331012
0.7451936357365211
0.7452026410968645
0.7452129506482924
0.7451933028352093
0.745194479460952
0.7451940938505528
0.7451936632347443
0.7451958592708556
0.7451904133812827
0.7451988621907395
0.7452030940783034
0.7451863616909452
0.7452165340227642
0.7451878560108925
0.7451934558656704
0.7452659412306547
0.7452085550099526
0.7451970677731341
0.745198219174183
0.745189989442148
0.745196439286096
0.7452033125161498
0.7451882364608172
0.7451921750638052
0.7452121518388214
0.745189989442148
0.7452061543249173
0.745190984746785
0.7451964435224323
0.7451927198409681
0.7451983240584984
0.7451999625927517
0.7452078249603127
0.7451834799699828
0.745194479460952
0.7451883466073377
0.7451929679139631
0.7451921188493921
0.7452086053224736
0.7452078756180556
0.7452024382630307
0.7452042442152061
0.7451878560108925
0.7451933028352093
0.7451918256984408
0.7451930777245619
0.7451921828462128
0.7451920439542813
0.7451926068358112
0.7452007086755845
0.7451956964327217
0.7451975023162173
0.7452092250012293
0.7451807545203765
0.7451952066663418
0.7451967352373046
0.7451899498237208
0.7452078249603127
0.7451976167207851
0.7451938693817889
0.7451952094432506
0.7451862578932333
0.7451953766736427
0.7451879127583696
0.7451954531232338
0.7451758291070097
0.7452292311350185
0.7451926068358112
0.7451723362341356
0.7451817458343415
0.7452146534860515
0.7451722485207192
0.7451915206562703
0.7452042015367818
0.7451955472273659
0.7451952420708442
0.7451920264883103
0.7451918103430529
0.745194054302606
0.7452141070113215
0.745193941985312
0.7451927065021202
0.7451999625927517
0.74518174086595
0.7451952094432506
0.745198219174183
0.7451933223067312
0.745198219174183
0.7451949697476096
0.745190385159406
0.7451918103430529
0.7452028504926257
0.7451922186862242
0.745195622587547
0.7451966013178531
0.745193243830275
0.7451993330870593
0.7452005375840209
0.7452049767611856
0.7451936357365211
0.745201279007015
0.7452049940683748
0.7451972736575433
0.7451917784338381
0.7451915206562703
0.7452026410968645
0.7451958298167676
0.7451972342757466
0.7452727236240366
0.7451780412894212
0.7451959517676908
0.7451867146290314
0.7451958009039388
0.7451979802555005
0.7451976167207851
0.7451846033707766
0.7451897302052175
0.7451758291070097
0.7451937331685675
0.7452045124580363
0.7451968660885898
0.7451869166484023
0.7451984449361598
0.7452170293687971
0.7452052895726613
0.7451966107794962
0.7452088713595555
0.7451917081957639
0.745190552423379
0.7451964435224323
0.7451956964327217
0.745186903353453
0.7451977344306436
0.7451880680312092
0.7452703301416823
0.7451882364608172
0.7451983240584984
0.7451839776126118
0.7451722485207192
0.7451942392422218
0.7451926083807461
0.7451927065021202
0.7451899292090666
0.7452048348453251
0.7452033125161498
0.7452284408057015
0.7451893863299531
0.7451915645940796
0.7451989031996518
0.7451922830756477
0.7451940400469163
0.7452049767611856
0.7451947035114216
0.7451958592708556
0.7452211792986425
0.7452202907682975
0.7451935157937727
0.7451997443167189
0.7451780412894212
0.7451943021322115
0.7451934558656704
0.7451969885784805
0.7451923146631222
0.7451968660885898
0.7452086053224736
0.10443657997814479
0.7451936357365211
0.7451976665773331
0.7452038540727836
0.7451915645940796
0.7452051571254318
0.7451899292090666
0.7451969885784805
0.745191114171568
0.7451978705119296
0.7451899355332136
0.10443657997814479
0.7451934558656704
0.7451868409180653
0.745209072385375
0.745186952180848
0.7452146534860515
0.7451949697476096
0.7451934421168436
0.18839743776548346
0.7451977344306436
0.7451961465442308
0.7451959275406872
0.7451810065324651
0.7451904133812827
0.7451984449361598
0.18839743776548346
0.7451981250517857
0.7452971751850249
0.7451897606530462
