0.8504912679801744
0.25297624233659344
0.8093526293099225
0.6147322727355355
0.5386994182347759
0.3917465223954751
0.663189866627828
0.40091565843401916
0.8711416174120146
0.14467118874256765
0.5559214775841154
0.5360902797867774
0.4337439502906354
0.2516585766331487
0.23523911706863487
0.5438333790061738
0.41720462227324173
0.1370385732769484
0.10111293298513607
0.5386994182347759
0.9289856665691998
0.8166993380915095
0.13771172885907573
0.1370385732769484
0.7969310838039639
0.5244367773607672
0.2993017675897425
0.038719676809383236
0.018180095877399355
0.8284351412623602
0.3779575976059492
0.8685927865556385
0.9198826978643804
0.3858022982139102
0.6791766002951696
0.2516585766331487
0.32006155401899683
0.8420593214280897
0.8384059783240756
0.7966228944268263
0.5764646889712951
0.9417602673885069
0.11090952162981443
0.6792896317044685
0.7850463164058233
0.9077342751622484
0.5546358609483213
0.3593795941288891
0.40880604609011006
0.5901070111278124
0.2565705466377266
0.20521659141670356
0.3318422359281278
0.9198826978643804
0.3888981480699393
0.22144891926603807
0.7967255938443152
0.21213262572964092
0.9261914268149409
0.3593795941288891
0.2515460333836968
0.6510033774793786
0.9077342751622484
0.8821284539851095
0.9289856665691998
0.872319374330089
0.24793673544238706
0.8093526293099225
0.7910097673565826
0.061900920553271635
0.25993378576588966
0.11828923082287712
0.34176193958208734
0.5846181283463574
0.8368659479761562
0.09275906099979996
0.7213633159657167
0.40880604609011006
0.47136681362934124
0.4391069729051168
0.7125527983406433
0.5193128919691958
0.2565705466377266
0.6891391780963293
0.14057507363751756
0.11788589184517329
0.09608647705336129
0.4184215228728141
0.8711416174120146
0.719831142239221
0.8384059783240756
0.5438333790061738
0.7739538617174807
0.4213921445939812
0.3858022982139102
0.20521659141670356
0.2565075250908476
0.17421512440339948
0.15437195386671154
0.181236700000955
0.8262934029168991
0.5280031298535458
0.7336989198181734
0.09608647705336129
0.13021203962565697
0.14715994510574648
0.09616378773532203
0.22144891926603807
0.6544389060718421
0.3318422359281278
0.23523911706863487
0.042484050425821374
0.07944244263679467
0.5495091053604528
0.4522104823155977
0.41720462227324173
0.5360902797867774
0.10058036957124436
0.7850463164058233
0.018180095877399355
0.8284351412623602
0.045298869591471114
0.8807446660285985
0.13021203962565697
0.25297624233659344
0.6544389060718421
0.40091565843401916
0.37975628652693805
0.663189866627828
0.7967255938443152
0.47136681362934124
0.4391069729051168
0.14948892552995147
0.9050029493630017
0.6787014772580905
0.7336989198181734
0.5846214862496353
0.26175206371066695
0.15937277090889812
0.14715994510574648
0.6637804893923366
0.11090952162981443
0.6637804893923366
0.3186783567749449
0.10058036957124436
0.9236391519225479
0.7125527983406433
0.12432365443204416
0.5546358609483213
0.5874061778074635
0.038719676809383236
0.9313803658441986
0.17421512440339948
0.9074573580515444
0.10155717438565084
0.181236700000955
0.5901070111278124
0.24793673544238706
0.1990147229138634
0.3308339933162852
0.11666887839700127
0.21213262572964092
0.39824786706664006
0.8504912679801744
0.09838252787138668
0.14826446468404908
0.719831142239221
0.9261914268149409
0.2993017675897425
0.8927814201003292
0.04448847157081037
0.4337439502906354
0.8368659479761562
0.5273356819018433
0.33393709668277083
0.4091959884848749
0.460218008906785
0.5540108974179292
0.14467118874256765
0.07944244263679467
0.8166993380915095
0.6223798830885453
0.3197446360271958
0.42869118147017604
0.8821284539851095
0.11262795046825852
0.26175206371066695
0.6891391780963293
0.7213633159657167
0.13771172885907573
0.09614685645499715
0.09614685645499715
0.6787014772580905
0.5801871111112669
0.3646424754795944
0.09887142637527337
0.1990147229138634
0.15437195386671154
0.1375798919264241
0.302166662106222
0.1439703033554907
0.20726028011485853
0.8184945996661157
0.16790289097216568
0.6151367812187963
0.30120043479149067
0.09616378773532203
0.4522104823155977
0.5996186452465717
0.042484050425821374
0.7614389690996775
0.6510033774793786
0.10111293298513607
0.5801871111112669
0.5273356819018433
0.06107725021261208
0.32006155401899683
0.044027097299020324
0.7966228944268263
0.045298869591471114
0.450201429362325
0.09275906099979996
0.33393709668277083
0.39824786706664006
0.5764646889712951
0.30120043479149067
0.8262934029168991
0.24885228087080496
0.022993459855837006
0.6285336131032879
0.6894141225440775
0.6792896317044685
0.450201429362325
0.11828923082287712
0.20726028011485853
0.4002549175076763
0.5559214775841154
0.11262795046825852
0.9236391519225479
0.8397046336423157
0.13484838408063393
0.3779575976059492
0.4213921445939812
0.9074573580515444
0.12432365443204416
0.3646424754795944
0.3917465223954751
0.872319374330089
0.061900920553271635
0.5846181283463574
