0.5815240255287298
0.26109479172977634
0.7672703281883935
0.5718777239505863
0.4753153090042571
0.3246174429472202
0.582881623649747
0.582881623649747
0.8086579043851124
0.1783264960987731
0.5173237570987566
0.5858120589497787
0.3553778781992585
0.2550892126771303
0.18254786529607459
0.5462668823747354
0.5813375359153188
0.12437780151203032
0.15512723076162563
0.4512826706243511
0.891542464388199
0.8566578111166618
0.12652297316054653
0.12555166974706547
0.8329518767854123
0.7007735152012007
0.33216526952148884
0.10461380536832955
0.018180095877399355
0.8618218479413998
0.3678914804877519
0.855806683916898
0.8939920012189593
0.4753153090042571
0.7079464977730492
0.26962084016811183
0.2850558988672028
0.8148139126768882
0.87293166818781
0.8472007260301635
0.7521463959623328
0.7480952158919516
0.224437803890932
0.7495656014875889
0.7850463164058233
0.8824289735700007
0.48491471297468114
0.2850558988672028
0.4087761452893937
0.5815240255287298
0.24779013979480446
0.11655027342022423
0.21620893002091512
0.8720068903478491
0.3613057456738514
0.18681363696017955
0.8262037014710408
0.18681363696017955
0.8608594912313081
0.3143847386117593
0.3634403977596039
0.6985771828426672
0.8938018438144915
0.8821284539851095
0.891542464388199
0.855806683916898
0.224437803890932
0.7672703281883935
0.7079464977730492
0.061900920553271635
0.1941054401309739
0.13201049128129427
0.4074992360757793
0.5369627989289398
0.8608594912313081
0.09275906099979996
0.750117511843375
0.4087761452893937
0.47136681362934124
0.4391069729051168
0.8100062055717014
0.7007735152012007
0.2914871665552081
0.6041931659348592
0.15711762844311156
0.21194244233454568
0.10568671028251211
0.27442880831234406
0.8567028325826576
0.6892424382260761
0.7495656014875889
0.3339839664692804
0.8566578111166618
0.433602962972778
0.3711246568045096
0.30607228783193796
0.2477438796732433
0.17110902921916718
0.20524570241359502
0.27442880831234406
0.7547769679125683
0.22765008683231314
0.75886251377333
0.11416990116460915
0.173062184800825
0.19294756743757305
0.09616378773532203
0.3133356799354099
0.7004306741349005
0.22717215762823523
0.17280809870022856
0.07528136025316794
0.12437780151203032
0.5275846443843131
0.4522104823155977
0.433602962972778
0.6222295927973377
0.10058036957124436
0.7850463164058233
0.018180095877399355
0.8118044913636264
0.045298869591471114
0.8405075628950986
0.173062184800825
0.26109479172977634
0.7004306741349005
0.46896699150702226
0.5143197707487759
0.6985771828426672
0.8262037014710408
0.47136681362934124
0.4391069729051168
0.1783264960987731
0.8100062055717014
0.7902864534564505
0.7591031762674946
0.5369627989289398
0.22765008683231314
0.13201049128129427
0.19294756743757305
0.7011791289966907
0.11967043488023665
0.7011791289966907
0.3246174429472202
0.10058036957124436
0.8620098158864442
0.8148139126768882
0.14627589725644335
0.48491471297468114
0.7650287088041325
0.10461380536832955
0.9194188619478715
0.1885860844066077
0.87293166818781
0.11416990116460915
0.2477438796732433
0.5691625277085519
0.3339839664692804
0.36513803899823194
0.28425942854949515
0.11967043488023665
0.10568671028251211
0.39824786706664006
0.8114599869449346
0.09838252787138668
0.17613032917251437
0.7327386395650187
0.8938018438144915
0.33216526952148884
0.7902864534564505
0.16816821149457994
0.4512826706243511
0.8618218479413998
0.5477699582879685
0.3364530302815142
0.3133356799354099
0.30607228783193796
0.5462668823747354
0.17988784420203874
0.15512723076162563
0.8609676116088043
0.5787991507467867
0.27841406721945694
0.36513803899823194
0.8821284539851095
0.14219184679456803
0.2482122981488859
0.7234964704134088
0.750117511843375
0.15711762844311156
0.09614685645499715
0.09614685645499715
0.5858120589497787
0.5922737366092721
0.24234420362475204
0.27841406721945694
0.14219184679456803
0.21620893002091512
0.22944866766376223
0.1941054401309739
0.25572705912264626
0.2550892126771303
0.7674963841217314
0.2086349696403655
0.5747195727010532
0.3553778781992585
0.09616378773532203
0.4522104823155977
0.5192471537733891
0.07528136025316794
0.6447877127269659
0.5813375359153188
0.10308627500223261
0.5922737366092721
0.5477699582879685
0.08712808974820661
0.3236162744818458
0.044027097299020324
0.7591031762674946
0.045298869591471114
0.42468932984060404
0.09275906099979996
0.3364530302815142
0.39824786706664006
0.5731182704554221
0.23903439025865453
0.7547769679125683
0.26962084016811183
0.11512686998534777
0.6892424382260761
0.7234964704134088
0.5791484075493853
0.42468932984060404
0.13193024999206376
0.11512686998534777
0.5173237570987566
0.4887573086134719
0.17110902921916718
0.8620098158864442
0.7650287088041325
0.12652297316054653
0.3678914804877519
0.3970092054991703
0.9194188619478715
0.14627589725644335
0.3634403977596039
0.40689068226968844
0.8550162204528098
0.061900920553271635
0.5355439697162018
