0.4997943722707603
0.18615522444209243
0.9512882584425981
0.5535666913873607
0.5686869667656527
0.7103419287478969
0.2133757937609084
0.47454087319449845
0.541805710631265
0.4206324905147684
0.04890145189043185
0.6199727752410966
0.6457217294087745
0.19197278214943558
0.45555553524159637
0.7871406233791471
0.5517803116430076
0.19197278214943558
0.6436118340977589
0.1888924019113888
0.8107623698546924
0.890080855217336
0.7845629703748727
0.4399770353603038
0.25616198268197393
0.9523936839354834
0.6580446294147899
0.3419464175409467
0.9261663156649826
0.11094706170046795
0.7374780469287241
0.5322293940708471
0.608569622037531
0.11595963471240375
0.10715009979703913
0.7220308789145339
0.04890145189043185
0.5535510699057303
0.24394014885924428
0.7871406233791471
0.3250856179648275
0.3023200351088876
0.3295810622412402
0.3990102287779612
0.22577672192257855
0.06600130666399717
0.41458504395470414
0.3250856179648275
0.08056678814496285
0.45555553524159637
0.9609169926849888
0.7856194265157
0.5416040521579863
0.5688236952579775
0.6754979026046789
0.7830817831220462
0.5192177519248927
0.22577672192257855
0.37025068325255317
0.15376274951248564
0.23340157801615127
0.98631929859751
0.5900541594696016
0.9261663156649826
0.8024981357659146
0.49975831486282624
0.6286350565106551
0.29069826583104913
0.6132833614241944
0.863931999322596
0.5418738617234797
0.4678167592623366
0.9646748858417475
0.7741023155040733
0.9443729546370265
0.5953907151831694
0.45923743111433557
0.2564836121648416
0.5885923396658275
0.6029761795925597
0.45181647540759734
0.7756896161715335
0.4640936678976554
0.545656932959043
0.2711286561462739
0.08184711266288214
0.5621815487458051
0.2459259816803159
0.7383501456721314
0.9642918428703532
0.8475479658520876
0.7668162619681944
0.3530756005048688
0.14219260828712388
0.7103419287478969
0.12317536195559088
0.9356939111536445
0.6034817340116883
0.6754979026046789
0.5569706252455713
0.3035308699366479
0.890080855217336
0.14954294154930864
0.8698726471069401
0.26592110440173383
0.5418738617234797
0.30838578284519647
0.15376274951248564
0.16227090111939163
0.2564836121648416
0.9680401449043471
0.5611556599051825
0.5619258211540332
0.48563573705992125
0.04702192993319537
0.053118282546024576
0.03303958690894884
0.9263461221343336
0.9146197369817032
0.5489513521876453
0.6455237456176875
0.6229377384034618
0.7837332457705747
0.6332002890255812
0.31145227011361365
0.5793559135107997
0.7096850885697312
0.3069216842701855
0.7207716254957879
0.06600130666399717
0.6580446294147899
0.7955442626359299
0.8557254938852935
0.5132433558503672
0.8475479658520876
0.6694536347259279
0.8703168997760719
0.3746065942084631
0.28245909798144986
0.8549990734617535
0.8024981357659146
0.6694536347259279
0.14954294154930864
0.10715009979703913
0.5588937459664678
0.8557254938852935
0.10873194264115804
0.5489513521876453
0.08056678814496285
0.22197113313985956
0.22865797131007634
0.5649197706934085
0.22865797131007634
0.5885923396658275
0.7575326363397681
0.541805710631265
0.14980190208088462
0.5468152953737789
0.48501175084598513
0.25616198268197393
0.568657667551998
0.6495110462533797
0.7637916053748697
0.2240955864105119
0.2459259816803159
0.7575326363397681
0.20560079005105303
0.545656932959043
0.8698726471069401
0.7087647776659478
0.558837166533112
0.5793559135107997
0.6923244069011931
0.5531307217464531
0.4206324905147684
0.7223607486987027
0.5532964063128503
0.9356939111536445
0.29486651654346513
0.3806066912641992
0.9342066116924406
0.5734137723681823
0.5132433558503672
0.22527895514613117
0.23340157801615127
0.5611556599051825
0.5306682687608398
0.3023200351088876
0.9342066116924406
0.3069216842701855
0.29486651654346513
0.9628102472642333
0.5441444389331866
0.1888924019113888
0.6298922934780684
0.1232207175851689
0.6455237456176875
0.5263461438164811
0.07698768566208458
0.5306682687608398
0.23732302178202297
0.2055350193710624
0.9152037610646453
0.2129216710522282
0.2685576102056455
0.22027165723710806
0.5531307217464531
0.07253564788437983
0.7508476242706993
0.8874041157732921
0.5541910514498954
0.5541910514498954
0.7955442626359299
0.6449942413242602
0.987956779903493
0.7096850885697312
0.4640936678976554
0.6029761795925597
0.7698591308860827
0.5263461438164811
0.6013153548763885
0.7741023155040733
0.5322293940708471
0.7837332457705747
0.8219144884097829
0.7040359598951947
0.5588937459664678
0.47636784801255716
0.5671259551173635
0.7374780469287241
0.6034817340116883
0.21705443607852554
0.4986422149314532
0.5535666913873607
0.5801751160117874
0.9439818870753542
0.3257899668644708
0.40881583761648654
0.5335272538810387
0.28245909798144986
0.7040359598951947
0.9646748858417475
0.5335272538810387
0.30838578284519647
0.8874041157732921
0.07698768566208458
0.49975831486282624
0.6229377384034618
0.48116647738710916
0.5415792016707097
