0.49772717092615615
0.15468797101363066
0.9512882584425981
0.5659190634386604
0.6122907447085013
0.6331087710310265
0.2133757937609084
0.5813518120449388
0.5355637775605182
0.5944904433477105
0.11413200484764478
0.5538179490181051
0.6919050246661984
0.17889883898828338
0.37896236944273143
0.7432114770092129
0.6124426228849977
0.17889883898828338
0.6124300765608552
0.22589901873218599
0.8107623698546924
0.890080855217336
0.8743310220706215
0.5148863321711101
0.4582104869901349
0.9523936839354834
0.6562137292623385
0.26541940972616773
0.8980194813859614
0.11094706170046795
0.7432114770092129
0.5345455157207785
0.5837033942853215
0.11595963471240375
0.16247384454924763
0.6389718254566712
0.09554703008877787
0.6096667303337853
0.24394014885924428
0.7009686677958755
0.25852920005713154
0.3023200351088876
0.3295810622412402
0.4039130331972239
0.22577672192257855
0.25661579577042104
0.4788513040499316
0.47971197951085964
0.13464939405176826
0.41313375223986815
0.9436315574096612
0.8606566688346723
0.5416040521579863
0.46953718925526533
0.616326092401301
0.723654673485821
0.5720508114474527
0.22589901873218599
0.34745990622057654
0.2049623660972298
0.23340157801615127
0.98631929859751
0.6331087710310265
0.9261663156649826
0.7127179370846881
0.5235392146457509
0.6978576174682105
0.2553755491700356
0.5821349916979314
0.8990693055075183
0.5830543468633032
0.38907250048315234
0.9646748858417475
0.8149139046946834
0.9443729546370265
0.6204588386602923
0.45923743111433557
0.23734206003155958
0.6407882322430436
0.5720508114474527
0.45181647540759734
0.6641496410277534
0.2766428443375696
0.5916496542822298
0.2633435953960185
0.05744334978591549
0.6067790892456413
0.2396637798482336
0.8458426862713646
0.9059199043612204
0.9059199043612204
0.7668162619681944
0.3228441481267867
0.09554703008877787
0.7103419287478969
0.2271365104911061
0.8606566688346723
0.6034817340116883
0.6562137292623385
0.5821349916979314
0.555875613314156
0.8074273967594419
0.13464939405176826
0.8698726471069401
0.24599103649830997
0.5320454934160642
0.34745990622057654
0.23664931707744263
0.17999472780217327
0.23664931707744263
0.9680401449043471
0.5939907497917701
0.556104864040311
0.5448118052008433
0.08509864594439312
0.1330199767991264
0.05744334978591549
0.9436315574096612
0.9156288477908413
0.5771203810911061
0.6280505816997743
0.6531500774499139
0.6978576174682105
0.6332002890255812
0.26315022917219805
0.5793559135107997
0.8074273967594419
0.3069216842701855
0.7801624920565933
0.06600130666399717
0.6049124705288987
0.7439343347685615
0.8149139046946834
0.47971197951085964
0.8475479658520876
0.5719972539602132
0.7128431188371405
0.41313375223986815
0.21394662713770768
0.8384567809357681
0.8024981357659146
0.6637491320703589
0.14954294154930864
0.15321939651890354
0.5619067583299382
0.8643378933863879
0.10873194264115804
0.5781253551689685
0.11975584655422787
0.22197113313985956
0.22865797131007634
0.5619067583299382
0.25882713540198393
0.556104864040311
0.6348285876297699
0.5830543468633032
0.24599103649830997
0.5468152953737789
0.48501175084598513
0.11413200484764478
0.5448118052008433
0.6495110462533797
0.7076494000540681
0.22602131554179344
0.2459259816803159
0.5944904433477105
0.21484818823078244
0.6352154356302954
0.8980194813859614
0.6074267551137205
0.5837033942853215
0.502522762440647
0.7439343347685615
0.5531307217464531
0.4495389560402664
0.5813518120449388
0.46059291740073177
0.8458426862713646
0.3228441481267867
0.5473201144286757
0.9166379585999794
0.6375251935349795
0.5132433558503672
0.2767052103198283
0.2396637798482336
0.6468768625771394
0.5248312456676675
0.2260609685948861
0.9156288477908413
0.3069216842701855
0.29486651654346513
0.7921215222635227
0.5771203810911061
0.21394662713770768
0.6204588386602923
0.15468797101363066
0.7128431188371405
0.5801967276365503
0.12488016679797481
0.4788513040499316
0.1589449049634929
0.2767052103198283
0.9152037610646453
0.1330199767991264
0.17277264793386504
0.23837763470097484
0.5531307217464531
0.07253564788437983
0.6468768625771394
0.8874041157732921
0.5896815205591122
0.6919050246661984
0.6944882540701249
0.6449942413242602
0.9659693334894236
0.6375251935349795
0.35059510730409793
0.6029761795925597
0.6716364516271325
0.5801967276365503
0.6096667303337853
0.7921215222635227
0.36742666566385224
0.850903785450419
0.8384567809357681
0.7037744350934961
0.6997629753625086
0.44618060317135205
0.5235392146457509
0.6052894099945667
0.6944882540701249
0.23734206003155958
0.5369506476706918
0.5659190634386604
0.5706653879584849
0.850903785450419
0.310328241703968
0.3644993255810257
0.5335272538810387
0.2271365104911061
0.6407882322430436
0.9646748858417475
0.5345455157207785
0.37896236944273143
0.9266867246313579
0.12488016679797481
0.5358777844115197
0.6039878733417654
0.502522762440647
0.6074267551137205
