0.3941352951129421
0.18615522444209243
0.987956779903493
0.5668100304709052
0.49648774240860116
0.7543081468568451
0.2849552150390312
0.5147547071998801
0.6379327312398899
0.4390367866935091
0.036026819792745246
0.6309297235837964
0.7235414638776532
0.26994008028799815
0.4208209563520791
0.7850481816806864
0.5416738411629064
0.1993287939779864
0.5594482313984518
0.06342963938957269
0.8107623698546924
0.8969160176200996
0.8526321031389236
0.3044797309647269
0.31572654410491974
0.9630275227641496
0.7699651563243054
0.3419464175409467
0.9146197369817032
0.09257330835580818
0.6330685556954752
0.6771033615700961
0.6889866403137822
0.0645464551682392
0.13944155903281075
0.6975562282767678
0.12227181572451495
0.5145199270017486
0.22989189722235998
0.8670949046787679
0.4488741781381822
0.2714810841377703
0.23825975613774597
0.47920926318149193
0.23732302178202297
0.06971751748499977
0.4208209563520791
0.25695396900817336
0.09219927476801726
0.40152013736059394
0.9609169926849888
0.7073068537088041
0.6239862756712292
0.6882797552077253
0.39596894736152344
0.7456818205503616
0.5192177519248927
0.23741635887627632
0.33898122914451245
0.27724715651297394
0.3419464175409467
0.98631929859751
0.6451434943837133
0.8868849847100891
0.8548462150186363
0.40834913155732916
0.6618793978381406
0.20924360569523548
0.7354629936059176
0.8268196257578249
0.47920926318149193
0.4977071892124748
0.985367884608141
0.8006827354151227
0.9443729546370265
0.6770846457088667
0.4281549083124174
0.23505066127264818
0.5640756619225205
0.6953529737814929
0.45504539499343527
0.5982353558690314
0.5730039992637661
0.7073068537088041
0.2711286561462739
0.08184711266288214
0.609015826898397
0.21969998825177334
0.7700669937912112
0.9642918428703532
0.7901185659086182
0.7216067224783517
0.3530756005048688
0.0012803522517219612
0.7045444382145711
0.04702192993319537
0.9356939111536445
0.5574207342168128
0.7948287937540484
0.5468762020518141
0.33898122914451245
0.8969160176200996
0.14166793189461202
0.9589007948277958
0.22989189722235998
0.477241150896613
0.3530756005048688
0.08651460107239672
0.14625398858444716
0.24951296267338563
0.9680401449043471
0.5147547071998801
0.6505090580516107
0.5012602055110169
0.04702192993319537
0.053118282546024576
0.0043030898297792275
0.9830473850576935
0.9146197369817032
0.6157007217469025
0.8186989199957518
0.6758615950881264
0.7186501585668656
0.6287312193315987
0.17666207053108018
0.6898255138719676
0.7781537846637454
0.41682977421241607
0.7180962714394505
0.03656349423630112
0.6304908862112922
0.9630275227641496
0.7754623806119708
0.5139166698702168
0.938615018185665
0.6908474656412784
0.9152037610646453
0.3101764017234171
0.31260436283297266
0.8411160769261283
0.7403503302516313
0.5982353558690314
0.2129216710522282
0.09257330835580818
0.3685113114322822
0.9351016517896795
0.10873194264115804
0.5198873179286473
0.0681510855588171
0.31840883889116733
0.1993287939779864
0.5696762402993827
0.12871750766797463
0.5640756619225205
0.7759632945118744
0.6239862756712292
0.14980190208088462
0.4488741781381822
0.609015826898397
0.17013554869146397
0.5226141601136131
0.6979619955241401
0.7113712254764482
0.2240955864105119
0.36349444616117305
0.7759632945118744
0.20560079005105303
0.4870811521493381
0.938615018185665
0.681572835600438
0.4715563947929273
0.5730039992637661
0.8006827354151227
0.4765534360264242
0.4390367866935091
0.6770846457088667
0.6727565553470115
0.9356939111536445
0.2240955864105119
0.328484150750196
0.8694347174793162
0.7262879914709758
0.5617221184309062
0.15524273356482554
0.2739416977695942
0.4921847828003374
0.6287312193315987
0.3721529259668628
0.9989785059055649
0.12553342738855178
0.3656374466764184
0.9628102472642333
0.5629058679580558
0.25695396900817336
0.5980077194117613
0.05931283611226901
0.5095035581179502
0.5053818818144835
0.05972694262289879
0.525111182434955
0.23732302178202297
0.14980190208088462
0.9152037610646453
0.2129216710522282
0.5594482313984518
0.22027165723710806
0.8423737008018481
0.07253564788437983
0.7235414638776532
0.8935794772361747
0.6379327312398899
0.5284640328865859
0.7234469795521253
0.5739701897054673
0.987956779903493
0.6771033615700961
0.2711565909948115
0.5192177519248927
0.7781537846637454
0.5053818818144835
0.7354629936059176
0.7593339935066803
0.4977071892124748
0.7850481816806864
0.7889827618009294
0.6758615950881264
0.5777501066222963
0.3797316967613482
0.4369665663533101
0.6606434170115012
0.6012315889122699
0.21705443607852554
0.40728728858692764
0.5675618271237439
0.6012315889122699
0.9403043917549911
0.3327687393545112
0.38066841974068755
0.5139166698702168
0.25231383312992706
0.6451434943837133
0.9403043917549911
0.5696762402993827
0.43272923177820244
0.8812287543104096
0.09424842870127037
0.40834913155732916
0.3661572734912334
0.5556943227485783
0.4072015333362903
