0.6515150349676984
0.22946326677855883
0.6515150349678307
0.6515150349680021
0.651515034967771
0.6515150349678215
0.22946326845111129
0.651515034967808
0.6515150349675888
0.6515150349678136
0.22946326935443834
0.6515150349677292
0.6515150349681027
0.22946327018237309
0.6515150349677559
0.6515150349678506
0.6515150349679969
0.2294632679062063
0.6515150349678113
0.22946326823692226
0.6515150349674189
0.8602388729744166
0.6515150349678392
0.6515150349679775
0.651515034967876
0.651515034967771
0.6515150349679313
0.22946326756037774
0.6515150349679775
0.2294632673355508
0.6515150349676875
0.6515150349677894
0.6515150349678324
0.22946326666913394
0.2294632642364649
0.2294632681007177
0.2294632669973026
0.6515150349675649
0.2294632677437715
0.6515150349678506
0.2294632684480629
0.22946326698621294
0.22946326585971377
0.6515150349678788
0.22946326701125813
0.22946326785287197
0.651515034967831
0.6515150349676906
0.229463266310948
0.651515034967521
0.6515150349678597
0.651515034967876
0.6515150349677257
0.22946326561075064
0.6515150349675963
0.65151503496789
0.6515150349678576
0.2294632684480629
0.22946326320827395
0.22946326857289093
0.22946326610602202
0.6515150349677581
0.6515150349678215
0.6515150349677359
0.6515150349676646
0.6515150349676215
0.651515034967834
0.22946326877749118
0.6515150349677942
0.6515150349678627
0.6515150349677412
0.22946326992355692
0.9646748858417475
0.6515150349676582
0.8875202188002801
0.6515150349678307
0.6515150349678748
0.2294632686729901
0.6515150349672667
0.6515150349680021
0.6515150349678751
0.6515150349677942
0.6515150349680344
0.6515150349676582
0.22946326719148363
0.22946326604838835
0.6515150349681509
0.22946326914929277
0.6515150349677573
0.8730423375112902
0.6515150349681249
0.6515150349676986
0.6515150349680167
0.22946326684995044
0.651515034967647
0.2294632662540989
0.6515150349678869
0.6515150349681027
0.651515034967888
0.6515150349680009
0.6515150349677932
0.6515150349680998
0.22946326666913394
0.6515150349680643
0.22946326830856748
0.6515150349676943
0.2294632660425629
0.22946326684995044
0.22946326576196074
0.22946326698621294
0.9680401449043471
0.6515150349678748
0.6515150349676646
0.6515150349678998
0.22946326719148363
0.22946326757467073
0.22946326714649073
0.6515150349678998
0.651515034967521
0.6515150349681509
0.6515150349677921
0.651515034967834
0.6515150349678012
0.6515150349680167
0.2294632686488518
0.6515150349671299
0.6515150349677559
0.22946327154890206
0.6515150349676087
0.22946326751579504
0.6515150349678774
0.6515150349677282
0.8875202188002801
0.6515150349678382
0.6515150349677516
0.6515150349679331
0.6515150349676027
0.22946326595880506
0.2294632681007177
0.6515150349676164
0.6515150349680491
0.6515150349678378
0.22946326792410088
0.22946326790409388
0.6515150349679678
0.887496558099002
0.22946326935443834
0.6515150349673773
0.229463266310948
0.22946327335348804
0.22946326714649073
0.6515150349681249
0.2294632680030653
0.6515150349678893
0.6515150349678835
0.6515150349679868
0.22946326830856748
0.6515150349675171
0.6515150349678113
0.22946326804015138
0.6515150349678597
0.6515150349677048
0.651515034967758
0.2294632681007177
0.2294632647726763
0.651515034967666
0.2294632668814202
0.6515150349677459
0.6515150349679093
0.65151503496785
0.651515034967838
0.6515150349680491
0.6515150349675076
0.651515034967831
0.22946326785287197
0.6515150349677279
0.22946326736875833
0.6515150349677573
0.2294632678925428
0.6515150349677166
0.6515150349678854
0.6515150349676542
0.6515150349677565
0.2294632677437715
0.22946326907759468
0.6515150349678385
0.6515150349676628
0.2294632668814202
0.6515150349678854
0.2294632728032273
0.22946326757467073
0.6515150349677894
0.65151503496792
0.22946326914929277
0.6515150349678416
0.2294632673355508
0.6515150349676027
0.6515150349678247
0.2294632642364649
0.6515150349676607
0.22946326716595328
0.22946326811878465
0.651515034967872
0.22946326722220148
0.2294632660425629
0.22946326783534443
0.6515150349676986
0.2294632681007177
0.6515150349679255
0.6515150349677524
0.6515150349679126
0.8872012658569544
0.6515150349677359
0.6515150349676508
0.6515150349678835
0.651515034967656
0.22946326722220148
0.6515150349678087
0.6515150349678349
0.6515150349679548
0.6515150349678893
0.6515150349678136
0.6515150349677282
0.6515150349678748
0.6515150349679849
0.6515150349676875
0.6515150349677412
0.6515150349679752
0.6515150349678601
0.6515150349676508
0.6515150349679066
0.22946326756037774
0.6515150349678349
0.6515150349680009
0.6515150349678385
0.8872012658569544
0.22946326845111129
0.651515034967706
0.6515150349679775
0.2294632659748855
0.6515150349677555
0.6515150349678627
0.6515150349678247
0.2294632669973026
0.6515150349678087
0.22946326857289093
0.6515150349679752
0.6515150349676602
0.22946326895303834
0.6515150349677704
