0.482566512655541
0.19377773313191957
0.8535083011464364
0.5665313875934692
0.6186132129324857
0.6342107806297623
0.19080774208626838
0.6174655677968512
0.5734458579659412
0.5751097379263795
0.21778321601254053
0.6080122992649217
0.7179196797173799
0.20043498606407145
0.3255701991448547
0.6309160296159475
0.5623600297928859
0.20789168622290116
0.6136908160014963
0.19377773313191957
0.726171817719527
0.798865127635702
0.8947673915676334
0.6079731567005671
0.5030528636506459
0.9340112658631623
0.6306342837402259
0.20195330514713672
0.8909827728162061
0.11094706170046795
0.6963612616312963
0.5438381187336158
0.5973805331941261
0.10575333240059082
0.16247384454924763
0.5769290788138907
0.07649518993734668
0.6100671409098408
0.24394014885924428
0.6303715410487399
0.2608397146146648
0.35644963328541857
0.21778321601254053
0.4039130331972239
0.19236081344303574
0.24663255642393184
0.5649044043209271
0.4971173552729204
0.15083269645140573
0.4315081392654172
0.8916287282250984
0.8606566688346723
0.6240250735793407
0.27820581077820733
0.6100671409098408
0.723654673485821
0.5629343802327789
0.2297084108688558
0.2304789063644917
0.2777787367006639
0.23340157801615127
0.98631929859751
0.6342107806297623
0.9261663156649826
0.5856400781520573
0.5030528636506459
0.6008851144338421
0.24071825888246084
0.6306342837402259
0.8687630432216432
0.5914422718158311
0.34970037109356017
0.9646748858417475
0.7961311285031551
0.9443729546370265
0.6204588386602923
0.45923743111433557
0.18830956572405316
0.6407882322430436
0.5535859174968646
0.5209087061083648
0.6320056524465253
0.35644963328541857
0.6144327026891827
0.2633435953960185
0.15083269645140573
0.677590607646563
0.20333988934963843
0.8535083011464364
0.9059199043612204
0.876733935106654
0.5625159170663396
0.38359570807358634
0.10575333240059082
0.780622857099158
0.166385926510438
0.8610015002925628
0.5031317843790846
0.6580975799643436
0.5209087061083648
0.5766223562343666
0.729454044783367
0.16438658434963063
0.8839460642464507
0.24599103649830997
0.5872053643300286
0.24836947936102777
0.23688453345751898
0.29657122837935274
0.23566691988264507
0.9680401449043471
0.6211320031765006
0.5610119637394857
0.631744902706909
0.2304789063644917
0.1330199767991264
0.07649518993734668
0.9436315574096612
0.9340112658631623
0.6148489945572332
0.6183640642033613
0.6364159088129995
0.7082604895830263
0.631744902706909
0.2608397146146648
0.5793559135107997
0.7742041821509791
0.327190795245381
0.7801624920565933
0.06600130666399717
0.6363328863239819
0.6829342062838009
0.8916287282250984
0.47971197951085964
0.8415322083250139
0.5891259816406782
0.6829342062838009
0.32836033110273655
0.2112474369807718
0.8415322083250139
0.7082604895830263
0.5891259816406782
0.1396234428936052
0.15321939651890354
0.5901158871827084
0.8396258990405356
0.10873194264115804
0.6140754525755279
0.11975584655422787
0.20043498606407145
0.24617246920375477
0.6309160296159475
0.24836947936102777
0.556104864040311
0.7186633616978422
0.5780141546252051
0.3255701991448547
0.6303715410487399
0.45825994505570117
0.11413200484764478
0.5535859174968646
0.6357959097374122
0.6240250735793407
0.19435412684512504
0.329529866960092
0.6008851144338421
0.27820581077820733
0.6144327026891827
0.9038103657080927
0.729454044783367
0.648273256561231
0.44305923525711666
0.7961311285031551
0.6602365786831914
0.45825994505570117
0.5855166663020255
0.3240638062413662
0.8862647054513613
0.391997175528988
0.6930415692546666
0.9038103657080927
0.6188175847221795
0.5901158871827084
0.29983043241762997
0.25818449508403096
0.6125011088730539
0.5958796786883045
0.17742513186505282
0.9156288477908413
0.27915120957452455
0.29486651654346513
0.7921215222635227
0.5936862760184571
0.2112474369807718
0.6316896323232069
0.15468797101363066
0.6211320031765006
0.6061192792245516
0.12488016679797481
0.5766223562343666
0.20333988934963843
0.25818449508403096
0.8947673915676334
0.18830956572405316
0.2505664895183008
0.2297084108688558
0.5625159170663396
0.19435412684512504
0.6390172345872436
0.8874041157732921
0.5872053643300286
0.8611739160215082
0.5996357300151223
0.5961864741088736
0.9659693334894236
0.6375251935349795
0.25738721262758246
0.6029761795925597
0.7409809675425162
0.5801967276365503
0.6186132129324857
0.7921215222635227
0.4674058543849259
0.6930415692546666
0.8687630432216432
0.7037744350934961
0.5973805331941261
0.5063559953824106
0.5297084995286353
0.5936862760184571
0.6152493954176175
0.27915120957452455
0.5369506476706918
0.5752808742233408
0.4971173552729204
0.780622857099158
0.34970037109356017
0.3644993255810257
0.5335272538810387
0.2205415688144069
0.5958796786883045
0.9646748858417475
0.6154141157666847
0.29983043241762997
0.8862647054513613
0.166385926510438
0.5811937153990636
0.5888940623580318
0.44305923525711666
0.5866492581013968
