0.20626295704025543
0.6639224075895984
0.6639224075895984
0.6639224075895984
0.2062629570402555
0.20626295704025555
0.2062629570402555
0.6639224075895984
0.9182161029636638
0.6639224075895984
0.6639224075895984
0.2062629570402555
0.20626295704025543
0.2062629570402555
0.2062629570402555
0.6639224075895984
0.6639224075895984
0.2062629570402555
0.20626295704025555
0.6639224075895984
0.20626295704025555
0.6639224075895984
0.20626295704025555
0.2062629570402554
0.20626295704025555
0.6639224075895984
0.20626295704025552
0.6639224075895984
0.6639224075895984
0.20626295704025552
0.20626295704025538
0.6639224075895984
0.2062629570402555
0.6639224075895983
0.6639224075895984
0.20626295704025552
0.6639224075895984
0.2062629570402552
0.20626295704025543
0.6639224075895984
0.20626295704025552
0.2062629570402555
0.6639224075895984
0.6639224075895984
0.6639224075895984
0.20626295704025543
0.20626295704025566
0.2062629570402555
0.6639224075895984
0.6639224075895984
0.6639224075895984
0.20626295704025555
0.6639224075895984
0.2062629570402555
0.20626295704025543
0.6639224075895984
0.6639224075895984
0.20626295704025555
0.6639224075895984
0.2062629570402555
0.6639224075895984
0.6639224075895984
0.20626295704025543
0.20626295704025532
0.6639224075895984
0.6639224075895984
0.6639224075895984
0.6639224075895984
0.20626295704025538
0.6639224075895984
0.2062629570402555
0.6639224075895983
0.6639224075895984
0.20626295704025546
0.2062629570402555
0.2062629570402555
0.6639224075895984
0.2062629570402556
0.20626295704025527
0.6639224075895984
0.2062629570402555
0.6639224075895984
0.20626295704025555
0.2062629570402555
0.20626295704025555
0.6639224075895984
0.20626295704025543
0.2062629570402555
0.6639224075895984
0.6639224075895984
0.2062629570402555
0.6639224075895984
0.6639224075895984
0.20626295704025538
0.6639224075895984
0.6639224075895984
0.20626295704025543
0.20626295704025543
0.6639224075895984
0.6639224075895984
0.2062629570402555
0.2062629570402554
0.6639224075895984
0.6639224075895984
0.6639224075895984
0.6639224075895984
0.2062629570402555
0.6639224075895984
0.6639224075895984
0.6639224075895984
0.6639224075895984
0.20626295704025555
0.6639224075895984
0.6639224075895984
0.6639224075895984
0.6639224075895984
0.6639224075895984
0.2062629570402555
0.6639224075895984
0.20626295704025552
0.6639224075895984
0.2062629570402555
0.20626295704025543
0.6639224075895984
0.6639224075895984
0.6639224075895984
0.6639224075895983
0.6639224075895984
0.2062629570402555
0.6639224075895984
0.6639224075895984
0.2062629570402555
0.6639224075895984
0.6639224075895984
0.20626295704025552
0.6639224075895984
0.6639224075895984
0.6639224075895984
0.6639224075895984
0.6639224075895984
0.6639224075895984
0.20626295704025574
0.2062629570402555
0.20626295704025538
0.6639224075895984
0.6639224075895984
0.2062629570402555
0.6639224075895984
0.6639224075895984
0.2062629570402555
0.20626295704025538
0.6639224075895984
0.6639224075895984
0.2062629570402555
0.6639224075895984
0.6639224075895984
0.2062629570402555
0.20626295704025543
0.6639224075895984
0.6639224075895984
0.6639224075895984
0.6639224075895984
0.2062629570402555
0.6639224075895984
0.6639224075895984
0.6639224075895984
0.2062629570402555
0.2062629570402555
0.20626295704025543
0.6639224075895984
0.6639224075895984
0.20626295704025543
0.20626295704025527
0.6639224075895984
0.6639224075895984
0.2062629570402555
0.6639224075895984
0.20626295704025555
0.6639224075895984
0.6639224075895984
0.20626295704025552
0.20626295704025555
0.6639224075895984
0.6639224075895984
0.6639224075895984
0.2062629570402555
0.6639224075895984
0.6639224075895984
0.20626295704025538
0.6639224075895984
0.20626295704025524
0.20626295704025543
0.20626295704025546
0.6639224075895984
0.20626295704025543
0.6639224075895984
0.6639224075895984
0.20626295704025535
0.6639224075895984
0.6639224075895984
0.6639224075895984
0.6639224075895984
0.20626295704025566
0.6639224075895984
0.2062629570402554
0.6639224075895984
0.2062629570402554
0.6639224075895984
0.6639224075895984
0.20626295704025532
0.6639224075895984
0.2062629570402555
0.6639224075895984
0.6639224075895984
0.6639224075895984
0.6639224075895984
0.6639224075895984
0.20626295704025555
0.6639224075895984
0.6639224075895984
0.6639224075895984
0.6639224075895984
0.20626295704025546
0.6639224075895984
0.6639224075895984
0.20626295704025543
0.2062629570402556
0.2062629570402554
0.2062629570402554
0.2062629570402555
0.6639224075895984
0.6639224075895984
0.6639224075895984
0.6639224075895984
0.6639224075895984
0.20626295704025543
0.6639224075895984
0.6639224075895984
0.6639224075895984
0.6639224075895984
0.20626295704025543
0.20626295704025552
0.6639224075895984
0.2062629570402556
0.2062629570402557
0.6639224075895984
0.20626295704025527
0.6639224075895984
0.6639224075895984
0.6639224075895984
