0.004339673095445584
0.3000994423244089
0.9674052432203349
0.9472610469021174
0.34008083530777056
0.2762983628953044
0.23864530981122234
0.3274331820503964
0.947584993519693
0.5786442978509617
0.5988049596401982
0.5760225566579908
0.2566957591975858
0.04751683589924349
0.2528785223087646
0.600602098007175
0.5495311972030196
0.7488656082678727
0.12232685326026393
0.9694252265609016
0.3158474241514956
0.9178380554957775
0.09654873767748606
0.19230266929427842
0.17337746044628355
0.8660058905411949
0.07039097398594918
0.6213672802900743
0.6616841812079096
0.10486591020416225
0.010391979422735731
0.775655824536369
0.15560319116057253
0.8411656735446396
0.6584417131783253
0.12593392097393996
0.5705964256473605
0.35114488931034027
0.3204679642514189
0.48066458565593007
0.30288026079941444
0.2718715201938039
0.884309037093909
0.4428184427449998
0.4885254589547139
0.24531189338165726
0.3755561250656667
0.16260600464269492
0.4550205340919242
0.6699324441618311
0.47618867751296656
0.11368652937727886
0.6000594490535415
0.13834867420967967
0.0004067560207892118
0.517445287247805
0.6342095388398067
0.3673516053055633
0.41693276533413415
0.31171668726475077
0.822913372644256
0.5619755896942601
0.14536591606665095
0.2938251884361398
0.5422709071937063
0.8824609205684014
0.4705675912602836
0.9563770838310457
0.06232942973985289
0.6751977394193023
0.13048949921288122
0.7840974121979332
0.8155444040710291
0.20351272348289406
0.13920315202199351
0.2577860093790869
0.8620967474673349
0.15486033241905506
0.18737914313297965
0.9283777659724897
0.15803273696615172
0.9964621594429928
0.1668225586396226
0.21346700505640226
0.012950209666347745
0.43745711893688166
0.024007888784029263
0.3050113317828792
0.5152528297269672
0.7324353303510254
0.07527212972402308
0.8046636087349106
0.738276251444397
0.12154568082392359
0.7132378778195106
0.5057985856501671
0.02809412024184932
0.3270341367821685
0.7744594360779141
0.821922601882699
0.13671252756811625
0.2582667733184635
0.5499746098968902
0.36842989701717443
0.723583470460667
0.624006778669285
0.07550173663564508
0.8786330326396966
0.8791465034399083
0.6518759251164663
0.8950702027258542
0.33846037011623964
0.5386642381461428
0.651952328467786
0.7402620909163558
0.9117756137432689
0.9962764801086706
0.05772391071978822
0.647996978884858
0.17155844939253095
0.47431092129561603
0.31986590135934667
0.072919832973951
0.7585741978589767
0.4090234084873361
0.3244675556205875
0.844690797299103
0.717514801424322
0.11242603928250128
0.8526247514686692
0.9432924432631292
0.14174792311889983
0.38859412650110536
0.46018289262853707
0.13040390416937275
0.5246857969426184
0.597362507491665
0.6656994141322068
0.5954620150829321
0.8549065030388391
0.968725635676142
0.18877723000714985
0.07632023390540321
0.2807026955847566
0.6955731321083061
0.6555060961377543
0.28432121312920167
0.4946163086728166
0.4144389483283444
0.4325548398178014
0.2385680518676344
0.7908296851599375
0.38542827376147826
0.14073245536473433
0.9673198791464671
0.5142360052039356
0.2552130326554153
0.13363313358633688
0.7180234268202774
0.9615112027119591
0.5461151604917894
0.18762761111031223
0.0743460859137649
0.5886203301653575
0.6043709061569303
0.728378277997367
0.45353867303061435
0.3558317309341832
0.32307265585657674
0.7334975292220355
0.7225651167194398
0.27435080396631706
0.21927546052541946
0.5372953805158498
0.9144578573228987
0.06678293473192254
0.851606436726856
0.3231211911782327
0.9920857696751371
0.6706438395063213
0.19540241465357633
0.15905862713490093
0.44006723514120394
0.682783926732071
0.60222803664286
0.3571007476895639
0.6338285720585856
0.4246891837939778
0.050399244027669377
0.9121110672747973
0.10672717840960033
0.29141160053835613
0.25849079146509946
0.721205708427227
0.2862729206384519
0.7941329584903618
0.4810902308358067
0.35469777980479855
0.6927479214929744
0.6245508297384814
0.44260662214658775
0.5707988353747093
0.16277744684944417
0.7608825189820735
0.19918279677855322
0.4852082558223684
0.16288079459880833
0.5494876472847559
0.6303133826139122
0.19092930603341185
0.4534561777174114
0.03414062671917928
0.6605016551401549
0.46392651514016603
0.34382834222077885
0.8155895976967966
0.6596551846511939
0.003383829610122735
0.9026665349950892
0.845174724284119
0.970050422006051
0.8089270122162326
0.31061588097993387
0.684425197317124
0.7052054389456265
0.018631918543272064
0.2911879941831107
0.16934193694761468
0.2600928548567505
0.0029146877482285616
0.6431021583738251
0.5313416130972486
0.7863836884697366
0.5818353487039765
0.3360194655877847
0.20685706567714657
0.5343922984572611
0.6929129433936889
0.7959320800994886
0.5151165088799886
0.46166819159081995
0.11762315958265157
0.4415819293644442
0.09147806178641837
0.031049019700138514
0.5814302928818681
0.39005683065228236
0.7451818896719357
0.9613853027714256
0.8735124671395995
