0.2068678431865097
0.659192861671405
0.6692041445116292
0.6652327938530059
0.20644576368097806
0.20707953448075828
0.20752959592338133
0.6631237391801166
0.9182161029636638
0.6642959756159268
0.6662159354551072
0.20752959592338133
0.2045479388668613
0.20533561765631783
0.2059052282909362
0.6658294488901642
0.665727357846988
0.20620186537157087
0.20610778249373984
0.6637664696300065
0.20643470912271505
0.6652885915631254
0.20587490539179443
0.20693931143266414
0.20619209883121956
0.663401650892179
0.20644576368097806
0.6640319856919811
0.6617107246047087
0.2067334853635534
0.20673324842197077
0.6655972073927365
0.20618740838062222
0.6669281980313915
0.6582194455075403
0.20614188311458145
0.6645840119804889
0.20448727834564184
0.20649110582810087
0.6625300281983327
0.20580506786819536
0.20601629524252515
0.6593786228527156
0.6643645028847045
0.6638112162755956
0.20566985216295158
0.20676458928250963
0.20583188625725085
0.6631691795910957
0.6647410220744802
0.6631691795910957
0.2049994443540644
0.6662159354551072
0.2066696785449809
0.20607553868800116
0.6620455554720218
0.6656074654701253
0.2066388507701384
0.6589418041475095
0.20673324842197077
0.6630580287181685
0.6642210698231483
0.2064613503419026
0.20684093205236553
0.6630775891615801
0.6625300281983327
0.6618806027908186
0.6622449595364116
0.20620186537157087
0.6658173718320941
0.20601629524252515
0.6618200818204103
0.6637105923465997
0.20554149781504533
0.20591148257010092
0.20649290925458239
0.66807113362274
0.20610778249373984
0.20539452791260887
0.6658294488901642
0.20448077778846346
0.6672734931111916
0.20539452791260887
0.20599616826053813
0.206730146556028
0.6530103177682567
0.20623082187290845
0.20646231848597418
0.6573049080471944
0.6701203681751028
0.20670047365606498
0.6619954159684478
0.6632755871286302
0.20595556623479744
0.6652327938530059
0.6609096457252241
0.20657405178318133
0.20601322242347966
0.6606751958070654
0.6640041339870704
0.20618740838062222
0.20583188625725085
0.6701203681751028
0.6648969438128203
0.6614555126582176
0.6642636052369388
0.20645982007508235
0.6649656897294793
0.6694819927730252
0.6637137755479031
0.6665674462191232
0.2085784624715098
0.662591829185535
0.6670847821349977
0.6656054366948276
0.66807113362274
0.664062789907329
0.20670208776300703
0.6574733869113383
0.20580506786819536
0.6640244136810278
0.20566985216295158
0.2063253374424724
0.6670847821349977
0.6662623089557564
0.6621877981491667
0.6641099963879507
0.6615892233947422
0.20646231848597418
0.6609531461466224
0.6618980898872882
0.2071855197489555
0.6603271003002746
0.6695703476769066
0.20497730395530844
0.6622780546306217
0.665727357846988
0.6548355412408233
0.665823282490045
0.6648829994062546
0.6615892233947422
0.20460549328070127
0.20670208776300703
0.2068678431865097
0.6633888895330642
0.6640041339870704
0.20591148257010092
0.6656074654701253
0.6658242714998797
0.2063134039769673
0.20693448672659454
0.6675344518753774
0.6675295287003873
0.20571716924932265
0.6744035657752807
0.6661377369749288
0.20497730395530844
0.20599616826053813
0.6609096457252241
0.6665674462191232
0.6630580287181685
0.6603271003002746
0.207321445783954
0.6648829994062546
0.6661377369749288
0.6597527587167689
0.20601322242347966
0.20740941940439386
0.20682866071273698
0.6657259446266508
0.6627761299291923
0.20679621708449644
0.20465881502326558
0.6638112162755956
0.6693072761908246
0.20652599878481556
0.6607519277372631
0.20677701856528055
0.6749970695239225
0.6648969438128203
0.207321445783954
0.20603076130170084
0.6609917435107627
0.6643645028847045
0.6657259446266508
0.20652707911222357
0.6609531461466224
0.6619954159684478
0.2053566368848393
0.664062789907329
0.20623082187290845
0.2085784624715098
0.207111694944922
0.6645840119804889
0.20695882324314638
0.6637137755479031
0.6627761299291923
0.2073715749465709
0.6710714548213181
0.6640267349340392
0.6569295396857473
0.6661661241308505
0.20649166209087416
0.6597527587167689
0.20693931143266414
0.6640244136810278
0.20536527571266772
0.6627804446847354
0.6620455554720218
0.20640740183925788
0.6640319856919811
0.2063134039769673
0.660765914126971
0.6712078423863309
0.6655738803122779
0.6631237391801166
0.6606751958070654
0.20676458928250963
0.6630097006249211
0.6631802315956321
0.6597137111451041
0.660765914126971
0.20740941940439386
0.6593786228527156
0.6640267349340392
0.2060824823772155
0.2060824823772155
0.20566781991836464
0.20693448672659454
0.2058499590050647
0.6693434714859883
0.6651493067965342
0.6658173718320941
0.6672336137528687
0.6569295396857473
0.20579603392993373
0.6601611611906864
0.663595817028217
0.6663221058643991
0.6695703476769066
0.2058499590050647
0.2061382008218381
0.6652108958881207
0.20566781991836464
0.2043968282864861
0.6541644499479722
0.20650161778741943
0.6639045099915099
0.6694447486245765
0.6623429467741567
