0.2024377350215713
0.6603098637481343
0.6801763747299666
0.6669643092318532
0.20679621708449644
0.20593004426363454
0.20751101399624602
0.6495614410681958
0.9182161029636638
0.6751302953632841
0.6507738069255976
0.20756678845530807
0.20267814908660867
0.2063343259909079
0.2080396718250958
0.6714504898534499
0.6625617995600818
0.20400362553143497
0.20613138894270433
0.6723576557466583
0.20593004426363454
0.7033328982629521
0.20855923946763927
0.20617427330429242
0.20391097710142875
0.6957887725605176
0.20413637196418313
0.6476309121639103
0.6605260012677252
0.20769829230312836
0.20938875935035703
0.6522536066632711
0.202380964010156
0.6787980776804063
0.6486151887508402
0.20558973550992934
0.6664756197022763
0.20131308247955085
0.2094602271320668
0.6736745200347821
0.20671268403009863
0.20563647811790187
0.6152082831688681
0.6493846329430062
0.6606887404638906
0.2064093243244925
0.20534923607934463
0.20829381786747656
0.6567645164002472
0.6413151503121545
0.6524930163400121
0.2013787867510715
0.6527042811701795
0.20529998225259
0.20267814908660867
0.65076737270257
0.6765163580722962
0.20678726910949544
0.6522462613167459
0.20688983818800255
0.6617841739704139
0.6471478741871366
0.20540939005908798
0.2084801470759364
0.616682820809464
0.678517148294274
0.6576045476979184
0.6640550839389008
0.2166053073347028
0.6524930163400121
0.20549747397766222
0.6774656899795808
0.6538889640586206
0.203894055537782
0.2052529694269418
0.20671268403009863
0.6856942497827421
0.20521386069041098
0.2043958586340358
0.6880570422588574
0.19899574575639145
0.6588325874090457
0.2042025057400758
0.20685338782632065
0.2060319156388162
0.6333144183939473
0.20491736400851412
0.20521386069041098
0.6387931075892139
0.6852569593748632
0.2086413132317268
0.6787980776804063
0.623443615916265
0.206537895503594
0.6874239275065672
0.6388130183882574
0.21018149883444814
0.2067480234454643
0.6445080481480343
0.6923159313248665
0.20710370305650333
0.21018149883444814
0.6591210667166945
0.6795207303233012
0.6801763747299666
0.7212874858338276
0.20475035630567906
0.6429557300255333
0.6556101137184911
0.6736745200347821
0.6894084759918101
0.21043144024831723
0.6580058564119291
0.6640648875419451
0.6664756197022763
0.6544433125379169
0.6687807333893812
0.20754260862739882
0.6703668986766804
0.20549747397766222
0.6640262127060145
0.20837659518100038
0.20958496993194028
0.6663956343211793
0.660172473756011
0.6496349523836726
0.6795615308699204
0.6566854919753393
0.20644933890573247
0.6892470012431231
0.6874239275065672
0.21045748665805947
0.6428995889224453
0.6591210667166945
0.20227396745871112
0.6483399180018596
0.6737221300888685
0.674120531700428
0.6849920150240449
0.6448954220580909
0.6640550839389008
0.20317097969222495
0.2039797379388654
0.20743253357041203
0.6522536066632711
0.6617994870694315
0.20830006459326356
0.6428995889224453
0.6580058564119291
0.20559171119090308
0.2039797379388654
0.7269104517277329
0.6514030597143241
0.2082380819239748
0.6841752156542097
0.6656733123306658
0.20771677951271883
0.20906338422050874
0.6527042811701795
0.715148798554934
0.6524904178388695
0.6553826253528214
0.2063343259909079
0.6587179910788341
0.6663956343211793
0.6550829219128551
0.2002085708302526
0.20830447357241277
0.20451313854803227
0.6554753374109674
0.6640648875419451
0.20679621708449644
0.20624161680500114
0.6492027795038744
0.6765163580722962
0.20643329494292342
0.6880570422588574
0.20634714280559308
0.6387931075892139
0.6644784388697421
0.20830006459326356
0.20840278570159654
0.6600540759318212
0.6028620815422572
0.6923159313248665
0.202380964010156
0.6892470012431231
0.6725770880010615
0.20413637196418313
0.7066019509361549
0.20617427330429242
0.2089587117949826
0.20523459881336248
0.6562169521605924
0.20529998225259
0.6603328517693389
0.6669643092318532
0.20771677951271883
0.6469384469489909
0.6495614410681958
0.6286907349040358
0.6625617995600818
0.20319835838054956
0.6367998652193338
0.20595717511810874
0.6698822637060656
0.21196497371192285
0.6231361788230614
0.6957887725605176
0.2080396718250958
0.6429557300255333
0.20613138894270433
0.6727996693918535
0.645404341539136
0.6630522512283461
0.6550829219128551
0.6483399180018596
0.20756678845530807
0.6603328517693389
0.674120531700428
0.7269104517277329
0.6775922779130837
0.20665342983467974
0.6626622424810737
0.6751302953632841
0.20706524286435835
0.20782763714963198
0.20837659518100038
0.20754260862739882
0.203894055537782
0.6703668986766804
0.6231361788230614
0.6747008396790853
0.6228985610324991
0.6286907349040358
0.20683391116746863
0.6524904178388695
0.670739860403267
0.6687807333893812
0.6644784388697421
0.20668403140552682
0.20523459881336248
0.7212874858338276
0.2024377350215713
0.20487254735669022
0.6535777759634149
0.208232227205832
0.6856952096662985
0.72368798273249
0.6652038110321039
