0.20626295703745862
0.6639224075896227
0.6639224075906965
0.6639224075915384
0.2062629570414045
0.20626295703990655
0.20626295703872083
0.6639224075901135
0.9182161029636638
0.6639224075900311
0.6639224075926673
0.20626295704092978
0.20626295703910819
0.2062629570389549
0.20626295704427666
0.6639224075911303
0.6639224075897536
0.20626295704072417
0.20626295703772937
0.6639224075912864
0.20626295704025638
0.6639224075877805
0.2062629570389563
0.20626295703574843
0.2062629570412131
0.6639224075933945
0.20626295703995878
0.6639224075896368
0.6639224075888215
0.2062629570400859
0.206262957034107
0.6639224075899999
0.2062629570404728
0.6639224075893569
0.6639224075891905
0.2062629570383322
0.6639224075888269
0.20626295703992925
0.20626295704126266
0.663922407588617
0.20626295704118164
0.20626295704327094
0.6639224075886558
0.6639224075896872
0.6639224075896131
0.20626295703993872
0.2062629570403575
0.20626295703991387
0.663922407590033
0.6639224075881799
0.6639224075895862
0.20626295703934205
0.6639224075899788
0.2062629570408283
0.20626295703989622
0.6639224075912816
0.6639224075889978
0.2062629570371367
0.663922407590489
0.20626295704394063
0.6639224075908983
0.6639224075892192
0.2062629570402433
0.20626295704153474
0.663922407589311
0.6639224075897754
0.6639224075889063
0.6639224075906002
0.20626295704185568
0.6639224075910672
0.20626295703743128
0.6639224075899038
0.6639224075893515
0.20626295704032538
0.20626295704480951
0.20626295704072417
0.6639224075896041
0.2062629570417696
0.20626295704030498
0.663922407589255
0.20626295703590192
0.6639224075907368
0.20626295704327094
0.2062629570356797
0.20626295703991387
0.6639224075911492
0.20626295703674344
0.2062629570417696
0.6639224075907932
0.66392240758821
0.20626295703770114
0.6639224075900683
0.6639224075901448
0.20626295703879174
0.6639224075889403
0.6639224075906844
0.20626295703959768
0.20626295703988234
0.6639224075916879
0.6639224075845869
0.20626295703872083
0.20626295704149045
0.6639224075864845
0.6639224075892557
0.6639224075893018
0.6639224075898897
0.2062629570391893
0.6639224075921701
0.6639224075903027
0.6639224075899999
0.6639224075893567
0.2062629570402433
0.6639224075886458
0.6639224075894626
0.663922407589311
0.6639224075880773
0.6639224075896064
0.20626295704427666
0.6639224075904171
0.2062629570383322
0.6639224075893111
0.20626295704808487
0.20626295703942615
0.6639224075891621
0.6639224075896131
0.6639224075890002
0.663922407589171
0.6639224075912922
0.20626295703881764
0.6639224075888269
0.6639224075906002
0.20626295703696684
0.6639224075893587
0.663922407589484
0.2062629570404426
0.663922407589255
0.6639224075906749
0.6639224075889403
0.6639224075912922
0.6639224075886814
0.6639224075860644
0.20626295703827158
0.2062629570422176
0.2062629570426569
0.6639224075891621
0.6639224075899038
0.20626295704080666
0.6639224075878383
0.6639224075897536
0.2062629570351051
0.20626295704002448
0.6639224075816093
0.6639224075906436
0.20626295704808487
0.6639224075886488
0.6639224075886488
0.20626295704080666
0.2062629570403575
0.6639224075899415
0.6639224075889405
0.6639224075864845
0.6639224075887153
0.20626295703989622
0.6639224075905855
0.663922407590336
0.6639224075885599
0.2062629570404728
0.2062629570391893
0.20626295703945396
0.6639224075892076
0.6639224075892993
0.2062629570414045
0.20626295703995878
0.6639224075883616
0.6639224075897272
0.2062629570403901
0.6639224075893567
0.20626295704448494
0.6639224075916879
0.663922407588905
0.20626295704118164
0.2062629570415466
0.663922407589673
0.6639224075889856
0.663922407589171
0.20626295703626515
0.6639224075906436
0.6639224075896308
0.20626295704044473
0.6639224075910986
0.20626295704131803
0.20626295703993872
0.20626295704126266
0.6639224075901448
0.20626295704200376
0.6639224075887615
0.663922407590033
0.20626295704210126
0.6639224075893018
0.6639224075896022
0.6639224075900368
0.6639224075895986
0.20626295704127745
0.6639224075886405
0.2062629570415466
0.6639224075896041
0.2062629570427551
0.6639224075873683
0.6639224075894626
0.20626295704017478
0.6639224075893366
0.20626295703881764
0.6639224075896227
0.663922407589673
0.6639224075886458
0.6639224075910637
0.663922407588734
0.20626295704002448
0.6639224075911812
0.6639224075908661
0.663922407588734
0.6639224075897754
0.20626295703988667
0.6639224075877562
0.6639224075911812
0.20626295704706152
0.20626295703827158
0.2062629570404964
0.2062629570412131
0.20626295704013034
0.6639224075904141
0.6639224075898014
0.6639224075921087
0.6639224075893366
0.6639224075893111
0.20626295703626515
0.6639224075886035
0.6639224075887153
0.6639224075896368
0.6639224075903027
0.20626295703879174
0.20626295703978173
0.6639224075898897
0.20626295703878392
0.20626295704200376
0.6639224075908017
0.20626295704031283
0.6639224075902647
0.6639224075907914
0.6639224075906749
