0.19158058485953186
0.16430774808237184
0.36191828200178877
0.8243409935465797
0.629999551130411
0.8905932990801342
0.32971313525041335
0.5176255327320282
0.7669143626024536
0.5904773930008174
0.5944310511167139
0.6372830919807935
0.08757761101239596
0.362146968875505
0.37572080179540057
0.5176380898020758
0.759310066784984
0.40449866013709124
0.08712787811434922
0.16430774808237184
0.40449866013709124
0.4836806731153349
0.11312031952449131
0.8272452178356935
0.8243409935465797
0.3756952360829855
0.15931396146781063
0.6883798915317285
0.034213026014938586
0.08970971282156087
0.8272452178356935
0.019629021928137244
0.8548043221371641
0.759310066784984
0.06641255208400797
0.13869505701312454
0.7771865474760142
0.7770437861066835
0.06683161027530587
0.9740463882932568
0.48480107870470807
0.79066361352598
0.08970971282156087
0.8406778241230048
0.32491578294220247
0.4840151785801061
0.2391135349543541
0.4853575694149683
0.18770462010299838
0.8406778241230048
0.22808791185103458
0.8818495125060826
0.7679706833927282
0.688347865947392
0.03419468445256522
0.10514717529021385
0.4840151785801061
0.6952993158916326
0.36191837412043243
0.36191828200178877
0.558823224356359
0.8548043221371641
0.5307797174555646
0.5307797174555646
0.6715197211094297
0.3275813915360813
0.3612811304273144
0.79066361352598
0.6952993158916326
0.558823224356359
0.8905932990801342
0.630898556945884
0.5173750967334543
0.47200479159368725
0.9221983493911778
0.4314222712881711
0.19158058485953186
0.43684432446309185
0.5952829765228349
0.6715197211094297
0.6068705378777216
0.14130006757675456
0.2093997995452231
0.824089775930366
0.12532440922636168
0.8452998524988568
0.7077784499221889
0.09112698787529139
0.3749544477777425
0.7077784499221889
0.31015211367566986
0.8280339851758731
0.5173750967334543
0.7771865474760142
0.6372830919807935
0.5348528166858162
0.5287871000599551
0.7735718409632899
0.43185660681183785
0.6765813982275662
0.5962321206100307
0.7035519437411186
0.6765813982275662
0.019588499116130056
0.7735718409632899
0.11312031952449131
0.9114959122837825
0.3491108000126795
0.9321895900452288
0.6698572574765596
0.835507521724081
0.9450845825823655
0.17068300186859148
0.11184342002362765
0.6068705378777216
0.5287871000599551
0.8984525287400944
0.16824450870197227
0.4314222712881711
0.06683161027530587
0.31015211367566986
0.23888272148750414
0.5944310511167139
0.5962321206100307
0.9280030321394749
0.12532440922636168
0.5920727460214443
0.22808791185103458
0.7036147011098678
0.4100621232155489
0.6883798915317285
0.5904773930008174
0.7679706833927282
0.9321908022824367
0.3714062330985741
0.04460268368413768
0.9114959122837825
0.3064609448737427
0.5563587803431447
0.6346930999524364
0.14515972070562635
0.47200479159368725
0.6458992814157769
0.4853575694149683
0.6149929622002045
0.47694567250415487
0.3060003619085421
0.595001571777979
0.3749544477777425
0.8273024032527427
0.3714062330985741
0.32491578294220247
0.9321895900452288
0.04712845085009226
0.47694567250415487
0.10514717529021385
0.39965703011546894
0.4100621232155489
0.8452998524988568
0.05641306203705669
0.629999551130411
0.45294105199659795
0.7770437861066835
0.16824450870197227
0.056351360166392375
0.43185660681183785
0.5563587803431447
0.9280033067284117
0.7035519437411186
0.14130006757675456
0.15931396146781063
0.9222684682473667
0.2391135349543541
0.8307274324676447
0.2464588686807671
0.45294105199659795
0.35209956097973527
0.8280339851758731
0.03419468445256522
0.13869505701312454
0.835507521724081
0.04460268368413768
0.3249292274015426
0.6074774276503571
0.6458992814157769
0.37572080179540057
0.35209956097973527
0.29975362670312744
0.9450845825823655
0.48480107870470807
0.6698572574765596
0.04700982065144319
0.2093997995452231
0.5920281321717475
0.6074774276503571
0.3275813915360813
0.29975362670312744
0.7669143626024536
0.23888272148750414
0.5517965599700094
0.6149929622002045
0.05641306203705669
0.5920727460214443
0.8307274324676447
0.8025732173116416
0.5517965599700094
0.6631033778969556
0.06641255208400797
0.9740463882932568
0.35975044590650823
0.5348528166858162
0.5532952827409399
0.362146968875505
0.8984525287400944
0.26295094716045075
0.04746770398792286
0.9221983493911778
0.11184342002362765
0.39965703011546894
0.8417176168603473
0.43684432446309185
0.18770462010299838
0.2464588686807671
0.3064609448737427
0.019629021928137244
0.5532952827409399
0.8818495125060826
0.6952993784796027
0.6149835276339073
0.08757761101239596
0.6631033778969556
0.04700982065144319
0.824089775930366
0.9280033067284117
0.04156021318724188
0.8025732173116416
0.32971313525041335
0.26295094716045075
0.630898556945884
0.23763873507190758
0.5952829765228349
0.8417176168603473
0.35975044590650823
0.5920281321717475
0.3491108000126795
0.17068300186859148
0.6346930999524364
0.3612811304273144
0.14515972070562635
0.04156021318724188
