0.33096075241426587
0.3544862077510306
0.3329810488829872
0.347116658131095
0.35028831282736816
0.3163888834762138
0.3558421172340713
0.2870040442517716
0.35165891074497085
0.36246674200157986
0.3400898826531214
0.3394737240198568
0.33414242145928325
0.3439967586410158
0.34457803195734726
0.34249776771567236
0.3524798867246613
0.3323857002151143
0.34331113515095635
0.34617223866842545
0.34549524235786455
0.35028831282736816
0.3329255634430703
0.33928598902425383
0.3473318144660975
0.34630578524874905
0.3544862077510306
0.3575084185729451
0.3630829463317813
0.31809415809308517
0.34457848228419835
0.3434864243216535
0.3379328935783763
0.35897042154828673
0.347116658131095
0.35479993031598084
0.33512606405587425
0.33334576630625207
0.33737827268031123
0.3400898826531214
0.7688513074770179
0.3406029743942966
0.3017021969388668
0.34427870255880094
0.3460512369061359
0.33003769612866624
0.3448065909574289
0.7280148353562916
0.4014968036803217
0.3434187470040068
0.3329810488829872
0.35709170669223056
0.7465252034644333
0.3249920410124805
0.34009332432352535
0.3476107896374186
0.33315707408170503
0.7859479407527429
0.3329255634430703
0.34331113515095635
0.3481078277700374
0.3432885140045339
0.33236732111073564
0.3236069774840596
0.7995841466703612
0.361902116715197
0.3366988108704356
0.3843873407188328
0.23850930116458777
0.31195822203884166
0.3399951647889101
0.35028831282736816
0.3443103087175499
0.8283416981964005
0.2870040442517716
0.3439967586410158
0.33414242145928325
0.3289218138303471
0.36246674200157986
0.359508620963533
0.3373284068492624
0.34549524235786455
0.32824459358763175
0.3259412981286482
0.7853902126254081
0.35733649080130947
0.7853902126254081
0.7465252034644333
0.3366988108704356
0.5049647157957408
0.33512606405587425
0.7010954446146792
0.3600681045900974
0.34549524235786455
0.3367306353233448
0.3163888834762138
0.338200773513041
0.3307789077250669
0.3418666682597957
0.3385720010165136
0.3443103087175499
0.3285887866674639
0.3406029743942966
0.35062198951643786
0.7305231263733551
0.06852192278737321
0.8001148622784756
0.33315707408170503
0.32222621105562627
0.3440173018055696
0.35165891074497085
0.3394168927115612
0.3321789435923914
0.3448065909574289
0.3148798903064576
0.3379328935783763
0.34457803195734726
0.32364414763600596
0.7841941960971683
0.3570936653638906
0.3558421172340713
0.37076335050636616
0.3393787961188603
0.7280148353562916
0.798637917542233
0.32824459358763175
0.35322893419768603
0.3615894168397859
0.2870040442517716
0.36246674200157986
0.34710529490218894
0.32623207613628735
0.3445747702780248
0.3434864243216535
0.3578564095863739
0.3412219824504151
0.7010954446146792
0.33117249880451866
0.34710529490218894
0.3658267611832873
0.35733649080130947
0.8283416981964005
0.3285887866674639
0.347116658131095
0.37076335050636616
0.33003769612866624
0.34739099858712685
0.33737827268031123
0.3106982296597056
0.33726591631853625
0.3376869672958145
0.3024282974093014
0.3367306353233448
0.3204994656671862
0.3270600520217915
0.3325084888318984
0.33512606405587425
0.4112021067814281
0.33334576630625207
0.3481078277700374
0.34771948482869336
0.335473583398793
0.3528528621437557
0.32623207613628735
0.34009332432352535
0.29489928802267235
0.7305231263733551
0.3528528621437557
0.6818845123763886
0.3434187470040068
0.3603036874141636
0.35165891074497085
0.3558421172340713
0.3163888834762138
0.6818845123763886
0.3260382241311946
0.33414242145928325
0.3323857002151143
0.3260382241311946
0.33117249880451866
0.3456877057592244
0.3389559087988426
0.319492406992503
0.32602119989194567
0.35025048468732156
0.35494827278968544
0.3024282974093014
0.3209565856176556
0.34630578524874905
0.7852053709073417
0.3394737240198568
0.34746041871616495
0.334724695298657
0.34457803195734726
0.348072843917372
0.34249776771567236
0.7305231263733551
0.34420950653742177
0.35897042154828673
0.3432885140045339
0.3400898826531214
0.3351556734101744
0.32254456304878254
0.35461452203269334
0.3524798867246613
0.32364414763600596
0.34331113515095635
0.34580084327323196
0.3323857002151143
0.3450071346527472
0.3367306353233448
0.3450382657227374
0.3843873407188328
0.3366988108704356
0.7305231263733551
0.3370657446661605
0.36945219657005685
0.36945219657005685
0.35247454927432953
0.35897042154828673
0.35247454927432953
0.3406029743942966
0.34580084327323196
0.3329810488829872
0.3465457579737444
0.3750109766622141
0.33648359001289513
0.31541718074845687
0.34580084327323196
0.6818845123763886
0.32602119989194567
0.3387667504578067
0.3511806084617377
0.342072255353584
0.8269512442103928
0.330957599548771
0.31591765841524344
0.3445747702780248
0.5049647157957408
0.7010954446146792
0.35398182362078884
0.32053691770953074
0.342072255353584
0.35322893419768603
0.3068723971912598
0.3418666682597957
0.3578564095863739
0.31420614744023656
0.3412169408674177
0.3965020958716603
