0.02535026659767972
0.4270773155149056
0.23178002820951904
0.8328389368240436
0.6009926416136571
0.30680341907083875
0.44316181837362617
0.2021272514541696
0.3211152526286346
0.5160837256318546
0.3756970018053418
0.7319793191526653
0.5698191519085913
0.4593175249302865
0.9852188421414445
0.2879978310402932
0.2218564738382789
0.28096391123346176
0.85895575972265
0.5373598360481323
0.7009695968858126
0.2476709431926266
0.4058484853319301
0.18132661276085218
0.8328389368240436
0.42277636059641494
0.8508333167525959
0.7317665483434378
0.590953305853267
0.7625550270708962
0.06191335115865115
0.8598069459090608
0.47816453867461406
0.37069147859835216
0.5653466973066718
0.17151229501478474
0.844154336858864
0.15295834432571362
0.19447432739511003
0.5957612305760929
0.7590748554722062
0.657332321490566
0.2496016412676051
0.09072793616134833
0.2021272514541696
0.19697695672205073
0.7668102441218696
0.6602865245102901
0.28054321407930605
0.6009926416136571
0.5818938517417731
0.02249147989855116
0.5957612305760929
0.8244407438806526
0.44316181837362617
0.6520696220542339
0.19978887679921375
0.5897493453134699
0.8937513721679431
0.3756970018053418
0.011278071834633363
0.21797376211409003
0.8593415058683281
0.20375158396218257
0.6009926416136571
0.39918471652110965
0.4553866408250683
0.49802909135671886
0.32617655651748195
0.30680341907083875
0.36443608595848886
0.08697206754746811
0.43348468871293144
0.1829834411011947
0.4854202180500014
0.4923041500692351
0.8599349504377575
0.046494477414951496
0.1071471469875141
0.41702668954602384
0.5732107711260112
0.7553198622356715
0.1973646682897988
0.11153592227301729
0.02874499718308382
0.6520696220542339
0.8145839473915467
0.830304736774843
0.16281531321403686
0.876391835157037
0.8362850313689837
0.5461878677578117
0.3528826042153857
0.2515333540500519
0.3956330760275875
0.02874499718308382
0.4697939362503758
0.824996844825024
0.38320651310385156
0.3730474563416752
0.18132661276085218
0.20722432131664903
0.1071471469875141
0.40698229528690727
0.15884583739624691
0.06852192278737321
0.7248235393389827
0.15215290243976093
0.1973646682897988
0.40698229528690727
0.865852664389863
0.7925462557355457
0.3528826042153857
0.42277636059641494
0.27767808887065065
0.5009797561025274
0.8897318228569683
0.5461878677578117
0.8525389377009804
0.9502239691532465
0.8262087416140702
0.07475580016928808
0.3528826042153857
0.12963469824536303
0.7955472917607038
0.2506462884453432
0.47816453867461406
0.4270773155149056
0.06228804540545833
0.42638205502682935
0.38320651310385156
0.30680341907083875
0.5698191519085913
0.06852192278737321
0.8217691563285153
0.42277636059641494
0.5738432762771031
0.2627661496723902
0.15295834432571362
0.40482016392316417
0.876391835157037
0.9598808598086557
0.8262087416140702
0.08466299539377742
0.7590748554722062
0.15209751173806685
0.5532786158284544
0.590953305853267
0.3673139609642749
0.8283885529538741
0.19697695672205073
0.38320651310385156
0.8508333167525959
0.42277636059641494
0.7248235393389827
0.5732107711260112
0.5362566595545681
0.1071471469875141
0.06710112867409757
0.17433194844428868
0.4524017380275398
0.5974859804484756
0.3202606638984258
0.37292530776380806
0.5897493453134699
0.5362566595545681
0.7319793191526653
0.8478493216273859
0.8152155099174097
0.1332764553225588
0.2403082559705725
0.06852192278737321
0.21257285704795897
0.3202606638984258
0.8081875594052331
0.19447432739511003
0.48971854507132234
0.2476709431926266
0.47816453867461406
0.917716163665419
0.8214417985944202
0.575931922814372
0.9199091792066345
0.8244407438806526
0.07475580016928808
0.7767416074033711
0.3673139609642749
0.15530109807319067
0.876391835157037
0.3730474563416752
0.3143820110604305
0.564905171046513
0.15295834432571362
0.10683035518633488
0.5818938517417731
0.40698229528690727
0.8976169044045963
0.6102915647435991
0.8889935308257212
0.4923041500692351
0.8326563784250114
0.8478493216273859
0.5373598360481323
0.15209751173806685
0.3730474563416752
0.4524017380275398
0.507248897046179
0.5009797561025274
0.1332764553225588
0.47822239057802274
0.4923041500692351
0.865852664389863
0.8283885529538741
0.8937513721679431
0.8932186120780724
0.44270460362774133
0.33356509534194034
0.7009695968858126
0.8328389368240436
0.5957612305760929
0.3336639787608292
0.3673139609642749
0.8478493216273859
0.2218564738382789
0.835611862606397
0.5897493453134699
0.1973646682897988
0.11153592227301729
0.15506236640048254
0.4160680220213401
0.49802909135671886
0.830304736774843
0.8244407438806526
0.3756970018053418
0.8326563784250114
0.2515333540500519
0.15884583739624691
0.5160837256318546
0.590953305853267
0.5897493453134699
0.7590748554722062
0.1163600723169109
0.9359840994090673
0.8575176811960377
0.3756970018053418
0.8938397861805246
0.47228219186988496
0.865852664389863
0.3613711609578387
0.5160837256318546
