0.0500530333834839
0.8775316246655153
0.3992366812008784
0.8079528467833141
0.31575508237598005
0.7787096281979906
0.8775316246655153
0.4806995920064335
0.23796016308852153
0.8226548712026434
0.7032677834811416
0.20848110079420157
0.1860980238670914
0.0500530333834839
0.8759440320091635
0.40821891126202337
0.4349868733628865
0.5236562823504984
0.13917401406986707
0.5974395478970651
0.8577442498659492
0.36943014330972673
0.36943014330972673
0.1690944949366785
0.8306137448889589
0.3788540249847203
0.8508333167525959
0.29106185475225643
0.4430806286917533
0.7659293951289508
0.09702141537888193
0.8775316246655153
0.2310673597330442
0.39005595082710653
0.5653466973066718
0.15365241506753122
0.857358659346101
0.15295834432571362
0.1860980238670914
0.743250563285804
0.7629425497970379
0.333321009663799
0.2496016412676051
0.09072793616134833
0.2021272514541696
0.5281582931918326
0.7629425497970379
0.6602865245102901
0.36634039138453284
0.13917401406986707
0.5818938517417731
0.5281582931918326
0.40821891126202337
0.8244407438806526
0.4142510820519804
0.5991287449060227
0.32730923591243005
0.5903513255833684
0.8759440320091635
0.36270689018304214
0.011278071834633363
0.32634377972041456
0.60097467649417
0.20375158396218257
0.5974395478970651
0.8079528467833141
0.1518709848573609
0.49802909135671886
0.17294748348976427
0.35208647415423894
0.35351448500696825
0.1485696983430505
0.43348468871293144
0.1829834411011947
0.8226548712026434
0.4923041500692351
0.8581366918503839
0.4789213984802434
0.1071471469875141
0.39636184567568283
0.7833099765096295
0.8325957170569986
0.22317016558674618
0.11153592227301729
0.32634377972041456
0.6520696220542339
0.8226548712026434
0.8529450306398187
0.7787096281979906
0.5236562823504984
0.39005595082710653
0.4789213984802434
0.36145658192497593
0.31575508237598005
0.4349868733628865
0.09891974605988116
0.4697939362503758
0.3565389503435773
0.3599034631114623
0.7032677834811416
0.13917401406986707
0.20722432131664903
0.11776997071476854
0.25421534383157796
0.1562542575133921
0.06852192278737321
0.7787096281979906
0.2310673597330442
0.19717081250592478
0.8325957170569986
0.4504850449466578
0.8529450306398187
0.25922441293831916
0.3732361976462556
0.27767808887065065
0.60097467649417
0.8775316246655153
0.5461878677578117
0.8438227833352425
0.8893062610535603
0.7993131596113683
0.07475580016928808
0.3528826042153857
0.12963469824536303
0.8086582240446096
0.2316095727466511
0.4574904758808303
0.4270773155149056
0.23796016308852153
0.3565389503435773
0.336797515194009
0.8772128999332672
0.5698191519085913
0.4504850449466578
0.8577442498659492
0.3992366812008784
0.5486038169233406
0.28669584566032524
0.23796016308852153
0.42194621044642733
0.36270689018304214
0.9598808598086557
0.743250563285804
0.08466299539377742
0.7590748554722062
0.10719277857176258
0.5532786158284544
0.5903513255833684
0.3673139609642749
0.8306137448889589
0.17294748348976427
0.3204488687175735
0.8205417293923398
0.3632004813942063
0.6602923849575377
0.20848110079420157
0.5261701925932114
0.10698875108692449
0.1562542575133921
0.17433194844428868
0.38985548696998495
0.38985548696998495
0.33892738498547703
0.35208647415423894
0.32441682581632086
0.7032677834811416
0.7319793191526653
0.7724175776086664
0.25922441293831916
0.20848110079420157
0.29106185475225643
0.15365241506753122
0.22317016558674618
0.1860980238670914
0.818071139270987
0.11918877772769013
0.48971854507132234
0.5261701925932114
0.3222612310627336
0.4789213984802434
0.4711629804461328
0.575931922814372
0.3505954902745383
0.8079528467833141
0.07475580016928808
0.3505954902745383
0.1518709848573609
0.15530109807319067
0.8672160909829246
0.39230684500430707
0.36943014330972673
0.4523143114964254
0.15768082335531888
0.11776997071476854
0.5818938517417731
0.333321009663799
0.25421534383157796
0.44039393386178155
0.8672160909829246
0.4504850449466578
0.8341341205157042
0.8205417293923398
0.4349868733628865
0.15209751173806685
0.3917298234663924
0.2101673291386329
0.507248897046179
0.5236562823504984
0.119184183378231
0.47822239057802274
0.4574904758808303
0.8772128999332672
0.8893062610535603
0.8577442498659492
0.5903513255833684
0.44270460362774133
0.33344305250286965
0.5974395478970651
0.8328389368240436
0.5369628846253535
0.8438227833352425
0.31575508237598005
0.8478493216273859
0.3732361976462556
0.8341341205157042
0.5897493453134699
0.1485696983430505
0.09702141537888193
0.5991287449060227
0.39230684500430707
0.36634039138453284
0.857358659346101
0.25922441293831916
0.25421534383157796
0.8326563784250114
0.3732361976462556
0.20848110079420157
0.5160837256318546
0.5353990098396348
0.5486038169233406
0.7590748554722062
0.119184183378231
0.8529450306398187
0.42194621044642733
0.32441682581632086
0.3425763250764396
0.4142510820519804
0.39230684500430707
0.33892738498547703
0.5261701925932114
