0.3194562205061925
0.3194562205056216
0.3194562205065772
0.31945622050411604
0.31945622050746525
0.31945622050645334
0.8073963686919687
0.3194562205061691
0.31945622050586336
0.31945622050655886
0.8073963686907313
0.807396368689459
0.31945622050595135
0.31945622050700084
0.8073963686897299
0.31945622050656175
0.31945622050587896
0.31945622050655886
0.8073963686900781
0.8073963686916958
0.31945622050411504
0.3194562205063253
0.31945622050656175
0.8073963686877277
0.3194562205066276
0.8073963686891625
0.31945622050720496
0.807396368693398
0.3194562205047019
0.3194562205068588
0.3194562205066684
0.807396368690645
0.8073963686911673
0.319456220505469
0.31945622050697164
0.31945622050581235
0.807396368687685
0.319456220506977
0.807396368690645
0.3194562205060314
0.807396368687214
0.8073963686916024
0.319456220506518
0.8073963686877277
0.319456220504785
0.31945622050643674
0.31945622050580946
0.31945622050700706
0.31945622050731043
0.3194562205048928
0.31945622050721845
0.31945622050581235
0.3194562205068143
0.807396368691889
0.31945622050704625
0.3194562205066276
0.3194562205062702
0.31945622050693145
0.31945622050690325
0.8073963686912743
0.3194562205064785
0.3194562205063896
0.8073963686937039
0.8073963686930499
0.3194562205063058
0.31945622050265154
0.8073963686866109
0.31945622050849476
0.31945622050411504
0.3194562205055229
0.8073963686898653
0.3194562205064805
0.3194562205057775
0.31945622050680894
0.31945622050635797
0.3194562205052454
0.3194562205070898
0.31945622050658884
0.3194562205075975
0.8073963686918143
0.3194562205072475
0.8073963686898897
0.31945622050629013
0.31945622050358147
0.06250349656834331
0.31945622050630784
0.807396368683204
0.3194562205060625
0.8073963686896233
0.31945622050639005
0.8073963686879405
0.3194562205069334
0.8073963686886123
0.31945622050400735
0.8073963686986552
0.8073963686930146
0.31945622050358147
0.8073963686947272
0.8073963686910499
0.8073963686906973
0.8073963686902859
0.8073963686817771
0.807396368681928
0.807396368686373
0.8073963686927437
0.3194562205066114
0.807396368689052
0.31945622050697164
0.31945622050645334
0.3194562205072647
0.3194562205063246
0.8073963686904541
0.8073963686898653
0.3194562205060625
0.3194562205041409
0.3194562205060136
0.05635019050449719
0.3194562205070898
0.8073963686912672
0.8073963686907313
0.31945622050667377
0.3194562205068588
0.8073963686932069
0.31945622050591077
0.31945622050700706
0.8073963686907323
0.31945622050696926
0.3194562205076601
0.8073963686821064
0.3194562205068996
0.31945622050411604
0.807396368696466
0.8073963686895977
0.319456220504785
0.3194562205047019
0.3194562205067712
0.5510709247668183
0.31945622050209505
0.8073963686881549
0.3194562205068302
0.8073963686874148
0.3194562205041527
0.3194562205071389
0.8073963686954189
0.3194562205061081
0.31945622050420847
0.8073963686917383
0.8073963686927437
0.06250349656834331
0.8073963686847232
0.8073963687012781
0.3194562205072473
0.8073963686861367
0.807396368686373
0.31945622050646383
0.3194562205063058
0.31945622050729927
0.31945622050658445
0.3194562205063246
0.31945622050617084
0.3194562205061691
0.8073963686896233
0.8073963686872243
0.8073963686928227
0.8073963686881963
0.3194562205041409
0.31945622050639494
0.8073963686894767
0.3194562205076803
0.31945622050597566
0.3194562205076803
0.8073963686902859
0.807396368681928
0.8073963686957462
0.8073963686916958
0.31945622050677014
0.8073963686876438
0.3194562205068288
0.31945622050642
0.31945622050643674
0.8073963686895791
0.31945622050654143
0.3194562205076601
0.3194562205063896
0.319456220505284
0.3194562205061925
0.3194562205062702
0.31945622050586336
0.8073963686821064
0.31945622050680894
0.319456220506977
0.3194562205066107
0.3194562205065458
0.31945622050621647
0.31945622050827627
0.3194562205070729
0.319456220507238
0.31945622050400735
0.8073963686923401
0.8073963686940957
0.8073963686900781
0.8073963686918143
0.31945622050630373
0.31945622050720496
0.8073963686936938
0.3194562205067712
0.8073963686788299
0.31945622050617073
0.319456220505469
0.06672707356737406
0.8073963686898897
0.3194562205072647
0.3194562205065458
0.8073963686923401
0.31945622050696926
0.3194562205066346
0.3194562205057558
0.319456220505284
0.31945622050642
0.31945622050622574
0.31945622050019673
0.8073963686918467
0.3194562205057918
0.807396368687685
0.3194562205053153
0.8073963686936938
0.8073963686895791
0.3194562205021357
0.8073963686896908
0.8073963686853323
0.8073963686937039
0.8073963686891625
0.8073963686817771
0.8073963686918467
0.8073963686879405
0.8073963686896908
0.3194562205068288
0.31945622050561606
0.31945622050630784
0.31945622050575107
0.3194562205070729
0.807396368694164
0.31945622050617073
0.31945622050731043
0.31945622049976163
0.31945622050190037
0.31945622050728106
0.8073963686859582
0.8073963686897616
0.31945622050019673
