0.31914674855611147
0.31914674855611147
0.3194111645576536
0.3200596417027086
0.31894537792254685
0.318724783959116
0.8089959951429333
0.32177033150667905
0.3188286712485747
0.31972351563297774
0.8099241198216902
0.8095103688206559
0.31972351563297774
0.31882006934247287
0.8099629690162218
0.32045314751108456
0.3193035224357656
0.31878694124099904
0.8097301663232082
0.8076912002015381
0.31945427356320877
0.3188144938432141
0.31976253870295157
0.7533231236975442
0.3191945745672419
0.8056512785525689
0.3170720419468168
0.8089039143468495
0.321069785452902
0.31977685519980215
0.3212323715831245
0.8090451925603979
0.8065689146637303
0.3192568734792751
0.31977685519980215
0.3189674261184424
0.8086703495274024
0.32129585478500555
0.8105679542048106
0.31839752677896777
0.8099241198216902
0.8099629690162218
0.3183935756377992
0.783326954163821
0.3198933964030457
0.3201453815294648
0.3195835026320114
0.3195567671086219
0.3208153170355422
0.3192568734792751
0.31891761869181623
0.31988959675854467
0.3211075892363785
0.8093442664559781
0.3190636334516812
0.3190084244545326
0.32153869971076215
0.31833664379623366
0.32045314751108456
0.8097946703399952
0.31903142536621987
0.3198010071897307
0.8110285894483208
0.8103196111800942
0.31901793828732017
0.3189164343133376
0.8186018281306362
0.3215108296959794
0.3189164343133376
0.31908102096764784
0.8089039143468495
0.32195720649279025
0.3194797513787262
0.31872636484750255
0.31922789278757036
0.31876097322044017
0.3205373480511753
0.31942085597228936
0.31949215217518967
0.8100181833845539
0.31891761869181623
0.8060110560775648
0.31990588797660546
0.3198143828723056
0.06250349656834331
0.32021961412235167
0.8089164769348807
0.31988959675854467
0.8068104970836429
0.3195567671086219
0.8106535678018605
0.32201406271091837
0.8086973151415966
0.3196916838793523
0.8145343175530652
0.8097946703399952
0.31882176749538577
0.8113863526697698
0.8091728348837963
0.8102504981192926
0.8105163298533206
0.8089645179449172
0.8094499115373877
0.8091640679478087
0.8097470188738001
0.321069785452902
0.8121890864539132
0.3198933964030457
0.3215108296959794
0.3194046278599756
0.31945427356320877
0.8091640679478087
0.80878718943069
0.31839752677896777
0.3189085276228045
0.31987562831211624
0.05635019050449719
0.3189085276228045
0.8066470507149616
0.8100706260885889
0.32003832967801465
0.3195835026320114
0.7967017589681966
0.3190135025876044
0.3188286712485747
0.8093381780638633
0.3196029997272788
0.3201230532960947
0.8081928888425471
0.319846071651091
0.31968120757419133
0.8103258913967041
0.8095828621083473
0.31850735177245826
0.3207391298362202
0.32574934593090044
0.5510709247668183
0.31882176749538577
0.8090744962625038
0.3194111645576536
0.8100706260885889
0.318724783959116
0.3190636334516812
0.8092643129118685
0.32023038696918027
0.3188542651709141
0.8103708162711972
0.8106477305584485
0.06250349656834331
0.8076498459600658
0.8110285894483208
0.3195631219037609
0.8094713444193232
0.8115531557786826
0.3205773745363751
0.3187341429926587
0.31953658803048546
0.31866884139449925
0.32014928001274334
0.32016276170901425
0.31863999108358926
0.8082841167310907
0.8102550771138501
0.809119440087289
0.8089645179449172
0.31666011953871387
0.32038049119569373
0.8076912002015381
0.319627549307223
0.3194797513787262
0.3192418051313576
0.8097311218505072
0.8065689146637303
0.8103196111800942
0.8090744962625038
0.3181261112244988
0.8107380582419179
0.3208790665471843
0.31705534104072863
0.31949215217518967
0.8110792809171854
0.31948696126879417
0.31882006934247287
0.31991806882979296
0.31976253870295157
0.31894979064443
0.320291732537874
0.32018710312471405
0.7836331720226947
0.31960929083663864
0.319627549307223
0.3189674261184424
0.3252817045478955
0.3247753986053387
0.31994254037166775
0.32016276170901425
0.317956130737021
0.3188148867845648
0.8100797602236751
0.8076498459600658
0.8111923701642758
0.8093442664559781
0.3195631219037609
0.3205071760553385
0.8106598030585848
0.322963288476983
0.7967017589681966
0.3196698293478174
0.3200743923134411
0.06672707356737406
0.8049832327031397
0.3194046278599756
0.3252817045478955
0.8106481897583845
0.31841629680098155
0.3183935756377992
0.320107109263098
0.31772458187718844
0.3190135025876044
0.320369239399125
0.31863999108358926
0.8091728348837963
0.3201267070200211
0.8086502713145279
0.319132585785445
0.8106598030585848
0.8095828621083473
0.31866884139449925
0.8089959951429333
0.8071267732498958
0.8105163298533206
0.809559941443003
0.7533231236975442
0.8063098036599676
0.8094713444193232
0.8075433856584388
0.3208790665471843
0.31833664379623366
0.32021961412235167
0.3181951954316278
0.32023038696918027
0.8106477305584485
0.3196698293478174
0.32201406271091837
0.31987566123430317
0.3196155134078774
0.3191945745672419
0.8086503108487253
0.8095665714165623
0.28115904927806445
