0.3194562205060608
0.3194562205060608
0.3194562205060608
0.3194562205060608
0.3194562205060608
0.3194562205060608
0.8073963686898704
0.3194562205060608
0.3194562205060608
0.3194562205060608
0.8073963686898704
0.8073963686898704
0.3194562205060608
0.3194562205060608
0.8073963686898704
0.3194562205060608
0.3194562205060608
0.3194562205060608
0.8073963686898704
0.8073963686898704
0.3194562205060608
0.3194562205060608
0.3194562205060608
0.8073963686898704
0.3194562205060608
0.8073963686898704
0.3194562205060608
0.8073963686898704
0.3194562205060608
0.3194562205060608
0.3194562205060608
0.8073963686898704
0.8073963686898704
0.3194562205060608
0.3194562205060608
0.3194562205060608
0.8073963686898704
0.3194562205060608
0.8073963686898704
0.3194562205060608
0.8073963686898704
0.8073963686898704
0.3194562205060608
0.8073963686898704
0.3194562205060608
0.3194562205060608
0.3194562205060608
0.3194562205060608
0.3194562205060608
0.3194562205060608
0.3194562205060608
0.3194562205060608
0.3194562205060608
0.8073963686898704
0.3194562205060608
0.3194562205060608
0.3194562205060608
0.3194562205060608
0.3194562205060608
0.8073963686898704
0.3194562205060608
0.3194562205060608
0.8073963686898704
0.8073963686898704
0.3194562205060608
0.3194562205060608
0.8073963686898704
0.3194562205060608
0.3194562205060608
0.3194562205060608
0.8073963686898704
0.3194562205060608
0.3194562205060608
0.3194562205060608
0.3194562205060608
0.3194562205060608
0.3194562205060608
0.3194562205060608
0.3194562205060608
0.8073963686898704
0.3194562205060608
0.8073963686898704
0.3194562205060608
0.3194562205060608
0.06250349656834331
0.3194562205060608
0.8073963686898704
0.3194562205060608
0.8073963686898704
0.3194562205060608
0.8073963686898704
0.3194562205060608
0.8073963686898704
0.3194562205060608
0.8073963686898704
0.8073963686898704
0.3194562205060608
0.8073963686898704
0.8073963686898704
0.8073963686898704
0.8073963686898704
0.8073963686898704
0.8073963686898704
0.8073963686898704
0.8073963686898704
0.3194562205060608
0.8073963686898704
0.3194562205060608
0.3194562205060608
0.3194562205060608
0.3194562205060608
0.8073963686898704
0.8073963686898704
0.3194562205060608
0.3194562205060608
0.3194562205060608
0.05635019050449719
0.3194562205060608
0.8073963686898704
0.8073963686898704
0.3194562205060608
0.3194562205060608
0.8073963686898704
0.3194562205060608
0.3194562205060608
0.8073963686898704
0.3194562205060608
0.3194562205060608
0.8073963686898704
0.3194562205060608
0.3194562205060608
0.8073963686898704
0.8073963686898704
0.3194562205060608
0.3194562205060608
0.3194562205060608
0.5510709247668183
0.3194562205060608
0.8073963686898704
0.3194562205060608
0.8073963686898704
0.3194562205060608
0.3194562205060608
0.8073963686898704
0.3194562205060608
0.3194562205060608
0.8073963686898704
0.8073963686898704
0.06250349656834331
0.8073963686898704
0.8073963686898704
0.3194562205060608
0.8073963686898704
0.8073963686898704
0.3194562205060608
0.3194562205060608
0.3194562205060608
0.3194562205060608
0.3194562205060608
0.3194562205060608
0.3194562205060608
0.8073963686898704
0.8073963686898704
0.8073963686898704
0.8073963686898704
0.3194562205060608
0.3194562205060608
0.8073963686898704
0.3194562205060608
0.3194562205060608
0.3194562205060608
0.8073963686898704
0.8073963686898704
0.8073963686898704
0.8073963686898704
0.3194562205060608
0.8073963686898704
0.3194562205060608
0.3194562205060608
0.3194562205060608
0.8073963686898704
0.3194562205060608
0.3194562205060608
0.3194562205060608
0.3194562205060608
0.3194562205060608
0.3194562205060608
0.3194562205060608
0.8073963686898704
0.3194562205060608
0.3194562205060608
0.3194562205060608
0.3194562205060608
0.3194562205060608
0.3194562205060608
0.3194562205060608
0.3194562205060608
0.3194562205060608
0.8073963686898704
0.8073963686898704
0.8073963686898704
0.8073963686898704
0.3194562205060608
0.3194562205060608
0.8073963686898704
0.3194562205060608
0.8073963686898704
0.3194562205060608
0.3194562205060608
0.06672707356737406
0.8073963686898704
0.3194562205060608
0.3194562205060608
0.8073963686898704
0.3194562205060608
0.3194562205060608
0.3194562205060608
0.3194562205060608
0.3194562205060608
0.3194562205060608
0.3194562205060608
0.8073963686898704
0.3194562205060608
0.8073963686898704
0.3194562205060608
0.8073963686898704
0.8073963686898704
0.3194562205060608
0.8073963686898704
0.8073963686898704
0.8073963686898704
0.8073963686898704
0.8073963686898704
0.8073963686898704
0.8073963686898704
0.8073963686898704
0.3194562205060608
0.3194562205060608
0.3194562205060608
0.3194562205060608
0.3194562205060608
0.8073963686898704
0.3194562205060608
0.3194562205060608
0.3194562205060608
0.3194562205060608
0.3194562205060608
0.8073963686898704
0.8073963686898704
0.3194562205060608
