0.3194562205060609
0.3194562205060608
0.3194562205060608
0.3194562205060608
0.3194562205060608
0.3194562205060608
0.8073963686898704
0.3194562205060609
0.31945622050606093
0.3194562205060608
0.8073963686898704
0.8073963686898704
0.3194562205060608
0.3194562205060608
0.8073963686898704
0.31945622050606093
0.3194562205060608
0.3194562205060608
0.8073963686898704
0.8073963686898704
0.3194562205060608
0.3194562205060608
0.3194562205060608
0.8073963686898704
0.3194562205060608
0.8073963686898704
0.3194562205060608
0.8073963686898704
0.3194562205060608
0.3194562205060609
0.3194562205060608
0.8073963686898704
0.8073963686898704
0.3194562205060608
0.31945622050606093
0.3194562205060608
0.8073963686898704
0.3194562205060608
0.8073963686898704
0.31945622050606076
0.8073963686898704
0.8073963686898704
0.3194562205060608
0.8073963686898704
0.3194562205060608
0.3194562205060609
0.3194562205060609
0.31945622050606093
0.3194562205060608
0.3194562205060608
0.3194562205060608
0.3194562205060608
0.31945622050606093
0.8073963686898704
0.3194562205060608
0.31945622050606093
0.31945622050606093
0.3194562205060608
0.3194562205060608
0.8073963686898704
0.3194562205060608
0.31945622050606093
0.8073963686898704
0.8073963686898704
0.3194562205060609
0.3194562205060608
0.8073963686898703
0.3194562205060608
0.3194562205060608
0.3194562205060608
0.8073963686898704
0.3194562205060608
0.3194562205060608
0.3194562205060608
0.3194562205060608
0.3194562205060608
0.31945622050606093
0.3194562205060608
0.3194562205060608
0.8073963686898704
0.3194562205060609
0.8073963686898704
0.31945622050606093
0.3194562205060608
0.06250349656834331
0.3194562205060608
0.8073963686898704
0.3194562205060608
0.8073963686898703
0.3194562205060609
0.8073963686898704
0.3194562205060608
0.8073963686898704
0.31945622050606076
0.8073963686898704
0.8073963686898704
0.31945622050606093
0.8073963686898703
0.8073963686898704
0.8073963686898704
0.8073963686898704
0.8073963686898704
0.8073963686898704
0.8073963686898704
0.8073963686898704
0.3194562205060608
0.8073963686898704
0.3194562205060609
0.3194562205060608
0.3194562205060609
0.3194562205060608
0.8073963686898704
0.8073963686898703
0.31945622050606065
0.3194562205060608
0.3194562205060608
0.05635019050449719
0.3194562205060608
0.8073963686898704
0.8073963686898704
0.31945622050606093
0.3194562205060609
0.8073963686898704
0.3194562205060608
0.3194562205060609
0.8073963686898704
0.3194562205060608
0.3194562205060608
0.8073963686898704
0.3194562205060608
0.3194562205060608
0.8073963686898704
0.8073963686898704
0.3194562205060609
0.3194562205060608
0.31945622050606093
0.5510709247668183
0.3194562205060608
0.8073963686898704
0.3194562205060608
0.8073963686898704
0.3194562205060608
0.31945622050606093
0.8073963686898704
0.3194562205060609
0.3194562205060609
0.8073963686898704
0.8073963686898704
0.06250349656834331
0.8073963686898704
0.8073963686898704
0.3194562205060608
0.8073963686898704
0.8073963686898704
0.3194562205060608
0.31945622050606093
0.3194562205060608
0.3194562205060608
0.31945622050606093
0.3194562205060608
0.3194562205060608
0.8073963686898704
0.8073963686898704
0.8073963686898704
0.8073963686898704
0.3194562205060608
0.31945622050606093
0.8073963686898704
0.3194562205060608
0.3194562205060608
0.3194562205060609
0.8073963686898704
0.8073963686898703
0.8073963686898704
0.8073963686898704
0.3194562205060608
0.8073963686898704
0.3194562205060608
0.3194562205060608
0.31945622050606093
0.8073963686898704
0.3194562205060608
0.3194562205060608
0.3194562205060608
0.3194562205060608
0.3194562205060609
0.3194562205060608
0.3194562205060608
0.8073963686898704
0.3194562205060608
0.3194562205060608
0.3194562205060608
0.3194562205060609
0.3194562205060608
0.3194562205060608
0.3194562205060608
0.3194562205060609
0.3194562205060607
0.8073963686898704
0.8073963686898704
0.8073963686898704
0.8073963686898704
0.3194562205060609
0.3194562205060608
0.8073963686898704
0.3194562205060609
0.8073963686898704
0.3194562205060608
0.3194562205060607
0.06672707356737406
0.8073963686898704
0.31945622050606093
0.3194562205060608
0.8073963686898704
0.3194562205060608
0.3194562205060608
0.3194562205060608
0.3194562205060608
0.3194562205060608
0.31945622050606093
0.3194562205060607
0.8073963686898704
0.3194562205060607
0.8073963686898704
0.3194562205060608
0.8073963686898704
0.8073963686898704
0.3194562205060609
0.8073963686898704
0.8073963686898704
0.8073963686898704
0.8073963686898704
0.8073963686898704
0.8073963686898704
0.8073963686898704
0.8073963686898704
0.3194562205060608
0.3194562205060607
0.3194562205060608
0.3194562205060608
0.3194562205060608
0.8073963686898704
0.3194562205060608
0.3194562205060609
0.31945622050606076
0.3194562205060608
0.31945622050606093
0.8073963686898704
0.8073963686898704
0.3194562205060607
