0.31945622092536746
0.3194562193676969
0.3194562198549613
0.3194562206398201
0.3194562218603889
0.3194562212948847
0.8073963862524446
0.31945622101057136
0.3194562208553012
0.3194562206207292
0.8073963699817164
0.8073963649226723
0.31945622153430614
0.31945622149297825
0.8073963690942965
0.31945621866951973
0.3194562213262164
0.3194562208553012
0.8073963761424341
0.8073963629466098
0.3194562212590164
0.3194562204616307
0.31945622240143423
0.8073963539002867
0.3194562208194095
0.8073963628627534
0.3194562234012538
0.8073963594549962
0.3194562201423552
0.3194562192839826
0.31945622362391646
0.8073963862185554
0.8073963619341953
0.3194562173723974
0.3194562204719239
0.3194562211810209
0.807396365397789
0.31945622193920986
0.8073963757679414
0.3194562207610464
0.8073963387769583
0.8073963667648905
0.3194562203221548
0.8073963543001357
0.31945622101057136
0.31945622191800394
0.3194562216369614
0.3194562212172827
0.3194562218064114
0.319456220068462
0.31945622092536746
0.31945621954551084
0.31945622091055537
0.8073963699311109
0.3194562203221548
0.3194562192839826
0.31945622093108184
0.3194562203513158
0.3194562222500608
0.8073963889465612
0.31945621899461174
0.31945622152426345
0.8073963654836475
0.8073963710745793
0.31945622108760313
0.31945621905306887
0.8073963572195326
0.3194562202574834
0.31945622055981626
0.319456219236268
0.807396369325424
0.31945622193920986
0.31945622302792653
0.3194562180753208
0.3194562208194095
0.31945621979027405
0.3194562222791645
0.3194562205568867
0.3194562209157413
0.8073963676436191
0.3194562170136119
0.8073963689656387
0.3194562202245579
0.3194562202425593
0.06250349656834331
0.3194562213262164
0.8073963592323774
0.31945622093798526
0.8073963670253548
0.3194562222554417
0.8073963688463259
0.3194562206573609
0.8073963594549962
0.3194562169679078
0.8073963518785251
0.8073963836160497
0.3194562173723974
0.8073963918933901
0.8073963577324853
0.8073963882158486
0.8073963812017975
0.8073963577324853
0.8073963745043289
0.8073963633820093
0.8073963787150688
0.3194562231244132
0.8073963916807639
0.31945622155082914
0.31945622124144224
0.31945622005379926
0.3194562204475529
0.8073963688463259
0.8073963649226723
0.3194562196345532
0.3194562194467691
0.3194562200978447
0.05635019050449719
0.3194562259020549
0.8073963773058899
0.8073963699817164
0.31945622155082914
0.31945622219109304
0.8073963862524446
0.3194562231077701
0.3194562170136119
0.8073963681528842
0.31945622124144224
0.319456221377457
0.8073963503695261
0.3194562225373373
0.3194562202425593
0.8073963648568172
0.8073963676034088
0.3194562201845046
0.3194562206398201
0.31945622166326626
0.5510709247668183
0.31945620777023265
0.807396365397789
0.31945622152426345
0.8073963690995826
0.31945621152346604
0.31945621940908187
0.8073963902167592
0.3194562200015629
0.3194562259024721
0.8073963799143613
0.8073963745043289
0.06250349656834331
0.8073963539002867
0.8073963751716227
0.31945622463198253
0.8073963543001357
0.8073963582005166
0.3194562213817719
0.3194562220800681
0.31945622240143423
0.3194562198549613
0.3194562202245579
0.3194562211076768
0.31945621820644937
0.8073963676034088
0.8073963690995826
0.8073963624604513
0.8073963503695261
0.31945621979027405
0.3194562216323177
0.8073963592159492
0.319456222994194
0.3194562203288305
0.3194562222791645
0.8073963482348088
0.8073963619341953
0.807396391045428
0.807396369325424
0.3194562218064114
0.8073963572195326
0.3194562215261697
0.31945622091055537
0.31945622201298657
0.8073963820347199
0.3194562225373373
0.31945622149297825
0.31945621820644937
0.3194562186810537
0.31945622212580127
0.31945622163538323
0.3194562203807102
0.8073963159915356
0.31945621905306887
0.3194562206573609
0.3194562229156479
0.3194562216682304
0.3194562220002314
0.31945622194579393
0.31945622097389875
0.3194562207610464
0.3194562153667996
0.8073963670253548
0.8073963709724947
0.8073963797759676
0.8073964015091593
0.31945622439516014
0.31945622242606564
0.8073963862185554
0.3194562224403989
0.8073963761705976
0.319456219236268
0.31945621714297917
0.06672707356737406
0.8073963638386201
0.3194562202574834
0.31945622097389875
0.807396380563388
0.319456223476959
0.31945621984982686
0.3194562204616307
0.31945621849049666
0.3194562231077701
0.3194562231244132
0.31945621152346604
0.8073963542811724
0.3194562153667996
0.8073963699311109
0.3194562211810209
0.8073963935246679
0.8073963773058899
0.3194562152787729
0.8073963596089118
0.8073963610056373
0.8073963812017975
0.8073963886449622
0.8073963455906347
0.8073963746168598
0.8073963545335407
0.8073963606731036
0.3194562229156479
0.31945622013715963
0.3194562235787426
0.31945621849049666
0.31945622022847486
0.8073964171884683
0.31945621978664246
0.3194562213688273
0.3194562169679078
0.31945622022847486
0.31945621984982686
0.8073963306076083
0.8073963627273448
0.3194562111484639
