0.327945457911336
0.3084797484083
0.31301339362154335
0.32872068593371034
0.30642143691483825
0.294040719500962
0.8177100175403155
0.31532298075618537
0.3156827455925854
0.32117940182044813
0.8048937280388544
0.8090109129739063
0.3356094007142694
0.32297718554148935
0.8176980699401648
0.3390571252860962
0.31687352662323004
0.30541075236744836
0.8089290212571054
0.7845300760282775
0.3068001509727515
0.331172763101229
0.3044561413387613
0.7978712291306898
0.3084797484083
0.8127348453041356
0.32134651402401276
0.8075293560003133
0.3044561413387613
0.31916620530532097
0.33629649997304756
0.8075515037589718
0.7918236791346691
0.2928154413471045
0.31905926769028214
0.30642143691483825
0.8249004923397619
0.3336807934879856
0.821511407985907
0.31874803241818594
0.8178450157724637
0.8115424523757782
0.2995141428470175
0.8055198893795471
0.321996891741738
0.3335762944727878
0.3008433851137673
0.3033410457585934
0.3390571252860962
0.31519526333314596
0.327945457911336
0.3248571795913364
0.321950310121648
0.8204913620509479
0.32681122844504784
0.3163419881520492
0.3267664901683024
0.31578985583983654
0.3209438863780447
0.8152621407172143
0.3166907346592942
0.3014033144476863
0.8138556988895116
0.821002991706478
0.32681787560690817
0.3090128736478255
0.8553895944921893
0.321996891741738
0.3086007849317366
0.3180214751319811
0.8057702427646811
0.34107986319068073
0.30752955771354085
0.3418336434434992
0.27347338013044664
0.3175394401641787
0.3216563744719537
0.3041421865816666
0.294040719500962
0.8073618616380662
0.3037193608423811
0.7918236791346691
0.3423874293201435
0.3203703896448511
0.06250349656834331
0.31392485978768475
0.8104385441803028
0.33084010090913496
0.814161433300333
0.2905018976039817
0.8101125431430313
0.39632221893068287
0.8015677254896698
0.29750718336638965
0.8099299894470573
0.8035607193321759
0.3175394401641787
0.8238951399560236
0.8107150145606529
0.8138556988895116
0.821002991706478
0.7849254094949281
0.8127348453041356
0.8055198893795471
0.8207861679360815
0.32640037038020797
0.8082769737424046
0.33564289501136524
0.3080112877461433
0.2860713650141983
0.31874803241818594
0.8082769737424046
0.7845300760282775
0.33084010090913496
0.3160344947618576
0.3267664901683024
0.05635019050449719
0.3160344947618576
0.8090109129739063
0.8035607193321759
0.3478250820253891
0.31891470349849577
0.7850489649928083
0.3090128736478255
0.3033410457585934
0.8164261344536963
0.3301811478298614
0.3235727255991793
0.7976542199711467
0.33650101241018743
0.32872068593371034
0.8162534518730078
0.8107150145606529
0.32849896203795736
0.34088904390059804
0.3478250820253891
0.5510709247668183
0.3203703896448511
0.7912569917450105
0.3086007849317366
0.817571347346187
0.313146861453084
0.3010461881935804
0.8052694784012514
0.33054725271150975
0.3014033144476863
0.811965263651623
0.8082084659364744
0.06250349656834331
0.8162903170245409
0.8117665184643059
0.31301339362154335
0.7998233491405313
0.8178450157724637
0.30541075236744836
0.3073565950490681
0.30841020627670734
0.3004063282883451
0.33156373221326146
0.331172763101229
0.2765915867914334
0.751851575541369
0.8201684623153465
0.8048937280388544
0.7837157177134696
0.3021315031791799
0.3239379684567438
0.8061512613480688
0.32681787560690817
0.3041421865816666
0.31820776236890014
0.8152621407172143
0.7849254094949281
0.8343816812849071
0.8057702427646811
0.3080112877461433
0.8096929715988757
0.30198758650131297
0.321950310121648
0.32311512193408076
0.829968578053009
0.3051554377689644
0.30686101621553463
0.3175637740482332
0.3312484760472426
0.3360719771655831
0.3507692520137655
0.31347936837316026
0.7850489649928083
0.31146390087533393
0.3356094007142694
0.3132401359742189
0.45548494963181796
0.3377124961065548
0.36252954339818994
0.3347061663555071
0.3059323326231105
0.29750718336638965
0.8314521946842703
0.8163414191172811
0.8052694784012514
0.8165663223675934
0.32566806898160205
0.3406915206494777
0.825022599647321
0.45548494963181796
0.8192932877826081
0.30447935296041523
0.2899975791790269
0.06672707356737406
0.8082514307008033
0.2914383569199548
0.3209438863780447
0.8207861679360815
0.32681122844504784
0.316044257810634
0.3313555953585221
0.313146861453084
0.34252858056611746
0.3471722814082359
0.3028093525442506
0.8200112108435489
0.3180214751319811
0.8154240505052897
0.3004063282883451
0.8075429354636767
0.8061512613480688
0.3028093525442506
0.8087223436594542
0.8041667451873689
0.8177100175403155
0.8136866166836223
0.612911330467759
0.8163414191172811
0.8108499805608691
0.8014555035802191
0.30198758650131297
0.31905926769028214
0.33054725271150975
0.32180329897735616
0.3336807934879856
0.8162534518730078
0.30447935296041523
0.3156985535700835
0.31916620530532097
0.3021315031791799
0.31090911380081987
0.8156176549731082
0.8032921935363206
0.24750448448054957
