0.3194525430159997
0.3194579049202001
0.31942476469711356
0.3195776731778366
0.3195816317952072
0.31969427268297035
0.8077464937589255
0.31939585653474245
0.3193380835039278
0.3195231174054673
0.8078235681718213
0.8077522799055536
0.3194855935541008
0.3195430112917137
0.807422474999784
0.31944714799960117
0.3194939321414961
0.31931106741935716
0.8072062568790348
0.8076750572659918
0.31955145835229604
0.319532711234908
0.319513308132394
0.799959488265539
0.3194939321414961
0.8075142020444817
0.3194704180032596
0.8071831478837177
0.31944834597116095
0.3195632215292258
0.3194482425830915
0.8079430708648965
0.8077483605542357
0.31935011217611137
0.3195632215292258
0.31948628519750727
0.8074553399556419
0.31939658915153185
0.8078529667317854
0.31941852447453123
0.8075142020444817
0.8079177513818862
0.31931106741935716
0.80778486333394
0.31949873503423687
0.3195430112917137
0.3193575242769698
0.31952075813725095
0.3194812919149804
0.31944714799960117
0.3195276226602295
0.3195143013144486
0.3194877347430819
0.8074086290724545
0.31957169233921706
0.3194566577410739
0.3194855935541008
0.31935073894627247
0.3193708554839605
0.8075839653797323
0.3193943064633244
0.3195410110481893
0.8077590747411184
0.8078158139709835
0.3194525430159997
0.31939614011027656
0.8074088560183461
0.3197548389864342
0.31939614011027656
0.31947262930216314
0.8068815064747219
0.31957409820089566
0.31956538349037533
0.3195090330377943
0.3193458210977932
0.31930990448430724
0.3199574083604501
0.31948628519750727
0.3194681274537904
0.8078984623050823
0.31953041562462936
0.8078491263402374
0.31952355316521774
0.3192199982207168
0.06250349656834331
0.3194253164122972
0.8070095217519276
0.3194602090108616
0.807728276413742
0.3193581208337384
0.8078435025500019
0.31946952479490776
0.807392202005905
0.3193037060157836
0.8071736257326617
0.8076741325393333
0.3192852508918683
0.8075788925929249
0.8074636836533942
0.8077298651677303
0.8073806364342204
0.8075795008845512
0.8077544128962755
0.8078987757894068
0.8079966478185796
0.3194704180032596
0.8078984623050823
0.31961354293118877
0.31962917311490296
0.3195151724563233
0.319413252501833
0.8079280953974378
0.8068815064747219
0.3193337648646918
0.3195029049426331
0.31950604106001534
0.05635019050449719
0.3195266841037213
0.8071736257326617
0.8083036338417892
0.31957696102019173
0.31914066101280014
0.8076741325393333
0.31916438167478367
0.31943217279016933
0.8074636836533942
0.31962917311490296
0.3195584167643849
0.8073521186715715
0.3195090330377943
0.3196330267258798
0.8077464937589255
0.8079850925700733
0.3193445467071549
0.3194897120992329
0.3195943697096515
0.5510709247668183
0.31901891051541165
0.8075576696203507
0.3193410115117508
0.8080810074559475
0.3194108220575219
0.31951055815360213
0.807728276413742
0.31950658045847613
0.3195279289040851
0.8074090640035525
0.8081949244491115
0.06250349656834331
0.8076642399574732
0.8059232168987993
0.3193708554839605
0.807658278678381
0.8078235681718213
0.31955145835229604
0.31945745709337714
0.3194772506390582
0.3193585817297442
0.3194853066487289
0.31943940177315594
0.31935591512407846
0.8075789571579094
0.8072062568790348
0.8071696813294971
0.8018734726867902
0.31927139589244186
0.3195943697096515
0.8080601397677918
0.3194090669394464
0.3194509976416764
0.3194090669394464
0.8076607567548064
0.807883942905471
0.8078158139709835
0.8072564175889702
0.31953041562462936
0.8074666865178606
0.3194709059413198
0.319566504033557
0.3194681274537904
0.8080697904538585
0.3195802335860471
0.3192720593061195
0.31935011217611137
0.319513308132394
0.319376900092064
0.31957409820089566
0.31958292801007815
0.8057284405200134
0.3195533496782564
0.3193669498910472
0.31948451195884825
0.3196582611658022
0.31957398812160476
0.3196582611658022
0.3194482425830915
0.3194309807912964
0.3193037060157836
0.8068506023737023
0.8076642399574732
0.808000306614795
0.8080735144711853
0.31957169233921706
0.31947650159541113
0.8077368118878624
0.31969987630788305
0.8075588673548233
0.31949873503423687
0.31939585653474245
0.06672707356737406
0.8083036338417892
0.31936010436790696
0.3195625219852304
0.8079280953974378
0.31964024380893274
0.3194898425715611
0.3195533496782564
0.31945295838897775
0.31931640188648636
0.31969427268297035
0.3188596774330973
0.8075795008845512
0.3195143013144486
0.8074553399556419
0.3194016732116396
0.8077522799055536
0.8081193763978644
0.3193445467071549
0.8079766847938337
0.8077143687009398
0.8073806364342204
0.8074536555494171
0.799959488265539
0.8080809385433361
0.8081216079950357
0.8074966490916211
0.31956538349037533
0.3194729060629141
0.3194253164122972
0.31945295838897775
0.31929129110961696
0.8080735144711853
0.31930990448430724
0.3195584167643849
0.3188395228869707
0.31929129110961696
0.3195410110481893
0.8080014461996795
0.807658278678381
0.3188395228869707
