0.31945736338509956
0.31945995561885016
0.3194535047089561
0.31946210340772063
0.31945736338509956
0.3194551364617768
0.8074027640418858
0.3194606535419906
0.31945456462235866
0.319457454660534
0.8074186862694657
0.8074312663380754
0.3194619109102952
0.3194549163646151
0.8073691054559649
0.3194584141796811
0.31945765298025647
0.31945872524023666
0.8074387454132297
0.8073060529652965
0.3194561077987086
0.31946027742692273
0.31945826760204044
0.8073523383342315
0.31945770087869113
0.8073730382538826
0.31944831640489074
0.8073157831127764
0.3194607454344353
0.3194587277354043
0.31945661126724195
0.8073930984637271
0.8074312663380754
0.3194537223570311
0.31945588380932377
0.31945335234821004
0.8074093013496326
0.31946389764479377
0.8074260583517368
0.31945230227369975
0.8074083201058379
0.8073871921508983
0.3194550105493436
0.8073894905749563
0.31945967428905275
0.31946009172015966
0.3194576967864663
0.31945991714308036
0.3194579501747301
0.3194510372674266
0.319456942832818
0.3194515429013479
0.31945765298025647
0.8074001587777897
0.31945204759697654
0.31945885906488103
0.31946051002693104
0.31945327825942305
0.31945505703573274
0.8073997404568011
0.319457345223173
0.31946048565067386
0.8074079217955767
0.8073948341295336
0.31945365452976143
0.3194532868682205
0.8073881497858676
0.31945593084610924
0.3194471386188989
0.3194587277354043
0.80740701701795
0.31945363023356815
0.31946116044974227
0.3194595788580912
0.3194566807564838
0.31945072279342374
0.3194577839373811
0.3194577778669275
0.31945582252893556
0.8073904443622245
0.31945272770474376
0.8074093013496326
0.31945456462235866
0.3194447125198527
0.06250349656834331
0.3194580715839717
0.8074235696306746
0.31945661126724195
0.807414622094756
0.3194583225191431
0.8073260199347878
0.31945796503863333
0.8073706273198753
0.3194547351283741
0.8073844796163745
0.8075094681538438
0.3194447125198527
0.8074274230174724
0.8073997404568011
0.8073887991042417
0.8074249441401317
0.8074140436481184
0.8073880757356933
0.8073936191103466
0.8074716215031239
0.3194617072404384
0.8073871921508983
0.3194595783435699
0.3194551364617768
0.31946093719201596
0.3194595788580912
0.807396908159506
0.80740701701795
0.3194552878296395
0.31945881343426186
0.3194522078835352
0.05635019050449719
0.31946116044974227
0.8074588514673706
0.8074133071316971
0.3194595783435699
0.3194576967864663
0.8073712328048528
0.3194537223570311
0.3194479615299677
0.8074596355711099
0.31945926052845863
0.31945967428905275
0.8073781632835104
0.3194617171882999
0.3194634630174529
0.8074171599575424
0.8074243159778823
0.31944871545709164
0.3194502815200046
0.31946609680096794
0.5510709247668183
0.319434270813287
0.8073808385835386
0.31945593084610924
0.8074311738214517
0.31945692057534353
0.3194549163646151
0.807410875037293
0.3194562977953861
0.3194606535419906
0.8074277378429593
0.8074181089882109
0.06250349656834331
0.8073706273198753
0.8073774761422905
0.31945475307248494
0.8074171599575424
0.807453182930902
0.3194606146684309
0.319457807491138
0.31945826760204044
0.31945881343426186
0.3194610822131632
0.31946028800529924
0.31945356533413793
0.8074780747407734
0.8073815419264613
0.8073814265473733
0.8074029314100036
0.3194550105493436
0.31946009172015966
0.8073597316257242
0.319455061108679
0.3194564951413868
0.319455061108679
0.8073848588188461
0.8074199440077118
0.8073948341295336
0.8073808385835386
0.31945554462689607
0.8073815419264613
0.3194580785521909
0.3194590432271085
0.31946312999454246
0.807426600210204
0.319456961699184
0.3194580447163738
0.31945072279342374
0.31945474291180875
0.31945363023356815
0.3194514218497396
0.31944871545709164
0.8073408637835198
0.3194556185214753
0.3194558243262049
0.31945995561885016
0.31945757134465824
0.3194556185214753
0.31945796503863333
0.31945547661163676
0.31945147077895875
0.31945671945900384
0.8073979606989553
0.8074387454132297
0.8074020933523893
0.8074062254452077
0.319457454660534
0.3194619139256499
0.8074121909771419
0.31946609680096794
0.8073369194077686
0.31945075036651527
0.31945841701145805
0.06672707356737406
0.8074006852775426
0.3194897898322958
0.31945757134465824
0.8074260583517368
0.3194658887328249
0.31945601207588925
0.31945943511754216
0.31945381036795195
0.3194560228643226
0.31946443783247946
0.31943553881165715
0.8074463007662558
0.31945671945900384
0.8074006852775426
0.3194594053002413
0.8073887991042417
0.8073855653823065
0.31943553881165715
0.8074186862694657
0.807426600210204
0.8074035875140075
0.8074694124977049
0.8066996908906601
0.8074249441401317
0.8074133071316971
0.8074164264874777
0.3194614558084487
0.31945648154291917
0.31945872524023666
0.31945381036795195
0.3194548285100813
0.8074181089882109
0.3194582508961493
0.3194658887328249
0.319448190178781
0.3194277613694183
0.31946048565067386
0.8074235696306746
0.8073880757356933
0.31942127175551926
