0.37176126469563764
0.1057006520036547
0.2904806279488507
0.33118797835601854
0.39299762776410574
0.38111707002791306
0.7990935947907294
0.3641247959988732
0.2638617392640653
0.1983968853502354
0.7667251452653121
0.7927608196180067
0.4289611498927719
0.4311142748499228
0.7718232666053055
0.4172359183247756
0.3248406731325917
0.18413376648930235
0.8672125990781372
0.7718232666053055
0.3419623445782569
0.2337408025244311
0.13569099700543602
0.8181243139308152
0.13640535877499504
0.8018331915196729
0.39299762776410574
0.8309300922984815
0.1057006520036547
0.31786701709447673
0.49002194077308875
0.7667251452653121
0.8477322299368009
0.30533794839620565
0.350660392729626
0.36170720024805325
0.8442052191884888
0.5310080245238509
0.8553895944921893
0.13712731673568765
0.8197052589950968
0.7854151504858855
0.30533794839620565
0.7726102312797838
0.28942646815008843
0.31786701709447673
0.3382006405124001
0.2026046395769372
0.3674278029331609
0.3595311295398444
0.4110302860847288
0.2728197967393219
0.40894709160635073
0.8216494069896091
0.19835152203760759
0.3596161680447019
0.4420726469638886
0.2700268492907499
0.4923282506276373
0.8686618788124296
0.4055929685378721
0.2675879636746551
0.8446724522269335
0.806928259978977
0.34515779072233543
0.5299274900545456
0.8553895944921893
0.2865437124375892
0.41637568872768194
0.1167686079536691
0.7996923190402123
0.4826148601588229
0.4717361912020526
0.38590262161886746
0.3593748159215241
0.41147178853402744
0.38127892967702237
0.13829525885613708
0.39191026617360514
0.8028713508104035
0.13640535877499504
0.6311022218020201
0.2968336548381071
0.5299274900545456
0.06250349656834331
0.38590262161886746
0.8227984505502546
0.24826365481970197
0.7867303857058726
0.2026046395769372
0.8407062343863452
0.5310080245238509
0.6311022218020201
0.18234479936045278
0.8035104004644994
0.8404201488815829
0.3518329510345723
0.8446724522269335
0.8643756357512141
0.8236062456382208
0.818285059039707
0.6285624958443555
0.830875889285634
0.8407062343863452
0.8441556686931557
0.3595311295398444
0.7984342024768796
0.3674278029331609
0.2033847708022144
0.26637525061033385
0.40340891886515473
0.7984342024768796
0.6516253474470681
0.36525906275725223
0.2033847708022144
0.5143436272422397
0.05635019050449719
0.42732887030686517
0.8035104004644994
0.7925071921508491
0.3881863996957522
0.2968336548381071
0.7868008953124168
0.4724948571769266
0.19307798411967622
0.8018331915196729
0.2638617392640653
0.2378481920443421
0.807826035438996
0.5351994771741725
0.354359261839866
0.8111540873799585
0.7925071921508491
0.33118797835601854
0.2540244628456114
0.56561977209119
0.6087135179898501
0.3518329510345723
0.7221519005719261
0.2378481920443421
0.8477322299368009
0.22627285983599307
0.34515779072233543
0.8257871181307708
0.4110302860847288
0.24073425465883258
0.8593622887572847
0.8331883705377761
0.06250349656834331
0.8181970119062898
0.8142599813109921
0.3589303856815661
0.8257871181307708
0.872489892330141
0.251969103153555
0.26637525061033385
0.13569099700543602
0.4289611498927719
0.3655071021607079
0.2337408025244311
0.07930143949983388
0.4934283315437865
0.8429237045515589
0.8311345552486864
0.807826035438996
0.24786946136273347
0.41903917540290203
0.8309300922984815
0.2740018674683625
0.13829525885613708
0.4005537595399029
0.8429237045515589
0.7944020315524711
0.917410242987742
0.7834248862426451
0.12242539254755187
0.8270735828415091
0.14050223549090923
0.27039310577482895
0.4172359183247756
0.8584086015748477
0.12073937035842265
0.2813623811675686
0.2675879636746551
0.2813623811675686
0.39159283128708156
0.14148820942834564
0.25117226226594713
0.7284024841791787
0.48416025732770884
0.47680522975763073
0.09365174238232885
0.5917943645936254
0.4923282506276373
0.5520905529752922
0.4730929933247911
0.3386078593408993
0.1276896254108668
0.9161217311039276
0.8181970119062898
0.8170149551685324
0.8216494069896091
0.24868950456166178
0.3641247959988732
0.8526590385653416
0.56561977209119
0.8701251113134697
0.39835884125247134
0.1276896254108668
0.06672707356737406
0.7944020315524711
0.2865437124375892
0.4730929933247911
0.8830963990097755
0.38424182004984314
0.34317005632063763
0.2705816306651202
0.2540244628456114
0.42732887030686517
0.46130412340432647
0.0914665025597104
0.8744023297390728
0.1167686079536691
0.87207383638617
0.36170720024805325
0.9023194799577924
0.7868008953124168
0.28756174548480884
0.8286256800828128
0.7221519005719261
0.8120226819915062
0.806928259978977
0.5972601650911625
0.818285059039707
0.7994723151931675
0.8286256800828128
0.36158691937859844
0.24631466914995873
0.45354580165201697
0.25065233593259545
0.4551865327367671
0.7948248226974131
0.05255249278889682
0.38424182004984314
0.2700268492907499
0.21556714047294298
0.28366095672508995
0.8227984505502546
0.7975050463539052
0.0914665025597104
