0.3194562204406791
0.3194562203625167
0.31945622053990474
0.3194562205647499
0.3194562205523225
0.31945622062044887
0.8073963686132999
0.31945622061555407
0.3194562205345603
0.3194562205569814
0.807396368740304
0.807396368740304
0.3194562205623352
0.31945622066092794
0.8073963688660435
0.3194562205623352
0.319456220528906
0.31945622053990474
0.8073963687531578
0.807396368740304
0.31945622046595856
0.3194562205647471
0.31945622048406175
0.8073963687376318
0.3194562205523225
0.8073963682047456
0.3194562207159618
0.8073963687556718
0.3194562205263701
0.3194562205654913
0.3194562205184731
0.8073963685073958
0.8073963680797593
0.3194562204520576
0.3194562205569814
0.3194562205107366
0.8073963693492912
0.31945622048597044
0.8073963686077559
0.3194562204628557
0.8073963670806379
0.8073963691268251
0.3194562203688335
0.8073963694923143
0.3194562204921886
0.31945622056956513
0.3194562205955885
0.3194562205776223
0.31945622059796064
0.31945622039172583
0.31945622046991645
0.31945622047980327
0.31945622061848317
0.8073963686997885
0.3194562203688335
0.3194562205395225
0.3194562205718415
0.3194562205639683
0.31945622069388735
0.8073963692855932
0.31945622046991645
0.31945622056753753
0.8073963685174277
0.8073963690966192
0.31945622059369216
0.3194562202981749
0.8073963685986003
0.31945622068856017
0.31945622056237566
0.3194562205672359
0.8073963679886069
0.3194562206871079
0.31945622042585503
0.31945622057996975
0.3194562205513084
0.31945622035691573
0.3194562205825996
0.319456220450612
0.3194562204851632
0.8073963686814725
0.31945622052618955
0.8073963680797593
0.3194562204406791
0.3194562202981749
0.06250349656834331
0.3194562206380033
0.8073963680068157
0.31945622059024276
0.8073963689312933
0.31945622067095186
0.8073963684281714
0.3194562205075067
0.8073963685191294
0.31945622060129975
0.8073963685919443
0.8073963687957101
0.319456220318399
0.8073963687995538
0.8073963686973162
0.807396369126679
0.8073963694405577
0.8073963670806379
0.807396367727877
0.8073963685720233
0.8073963688379133
0.3194562204686903
0.8073963686854111
0.3194562205234964
0.3194562205659991
0.3194562205678392
0.3194562204628557
0.8073963686854111
0.8073963685073958
0.3194562205395225
0.3194562205548255
0.319456220528906
0.05635019050449719
0.3194562205669773
0.8073963687117898
0.8073963687957101
0.3194562205234964
0.31945622054587197
0.8073963682024486
0.31945622057362877
0.3194562203806691
0.8073963689452284
0.31945622052838996
0.3194562205900907
0.8073963679886069
0.31945622062044887
0.3194562205519633
0.807396368782916
0.8073963688486101
0.3194562203806691
0.3194562204727444
0.3194562206431725
0.5510709247668183
0.31945622043569855
0.8073963681121921
0.31945622056070744
0.8073963690431526
0.3194562201393963
0.3194562205008797
0.807396370080135
0.31945622056825596
0.31945622056753753
0.8073963693082671
0.8073963694592852
0.06250349656834331
0.807396368331588
0.8073963685174277
0.31945622052377337
0.807396369164304
0.8073963684043972
0.3194562205547934
0.31945622059369216
0.3194562204882978
0.3194562205110213
0.3194562205647499
0.3194562205647471
0.3194562204406991
0.8073963692706423
0.8073963687185395
0.8073963692855932
0.8073963687376318
0.3194562201764992
0.31945622065932705
0.807396368680758
0.31945622060530937
0.3194562205937253
0.31945622045587474
0.8073963687939967
0.8073963684938923
0.8073963689106294
0.807396369126679
0.3194562203625167
0.8073963684428817
0.3194562205937253
0.3194562205548255
0.3194562205345603
0.807396368782916
0.31945622046346756
0.3194562206180871
0.31945622035691573
0.3194562202124974
0.3194562205184731
0.3194562204071144
0.3194562205600447
0.80739636786348
0.3194562204851632
0.3194562205900907
0.3194562206202687
0.31945622054879086
0.319456220641707
0.31945622054879086
0.3194562205217445
0.319456220501719
0.319456220365017
0.8073963689312933
0.8073963682047456
0.8073963694405577
0.807396368740304
0.3194562204735858
0.319456220595489
0.8073963691268251
0.31945622061555407
0.8073963682024486
0.31945622056356177
0.3194562202291542
0.06672707356737406
0.8073963682964458
0.31945622068856017
0.3194562205776223
0.8073963702528788
0.3194562205519633
0.3194562205639683
0.3194562206762563
0.31945622032659826
0.3194562206125419
0.3194562205659991
0.3194562201393963
0.8073963688486101
0.3194562199962317
0.8073963693492912
0.31945622052397
0.8073963690996593
0.8073963686083583
0.31945622017108294
0.8073963685986003
0.8073963687022608
0.8073963687185395
0.8073963689452284
0.8073963657568787
0.8073963690191426
0.807396369164304
0.8073963685625081
0.31945622062113777
0.31945622054350864
0.3194562205888924
0.3194562204538868
0.31945622051147304
0.8073963700016835
0.31945622060129975
0.3194562205075067
0.3194562200430293
0.3194562201764992
0.31945622052988015
0.8073963676154946
0.8073963687011649
0.3194562200155676
