0.32159266260518504
0.31874795653967003
0.3201383496363479
0.32325355782096743
0.3163172655293424
0.3155612785218237
0.8106444207817571
0.3175467786167186
0.31800425508623487
0.3184556575508096
0.8096880845056743
0.8044424828181787
0.315720927795326
0.32119163486564883
0.8074836272855809
0.31764443731279735
0.3187945230898318
0.31809715741128386
0.813902423992776
0.80626092994703
0.31682359815903927
0.31750002699886914
0.3243109219964828
0.806103342623643
0.31964609279993095
0.8058990261190973
0.3213024641105428
0.8122996743582425
0.3214079863736051
0.31695519547623946
0.32277515643738786
0.8175650840717298
0.8096487410186888
0.3196923705501703
0.3196966446321625
0.31404396835853726
0.8044424828181787
0.3159608667545737
0.8159101082268054
0.3126433641699855
0.8058990261190973
0.8148665865121094
0.31506605475785276
0.8114354725871697
0.3184556575508096
0.325305713097927
0.31687749484867533
0.31207195429425816
0.3226493650944896
0.3196923705501703
0.3222477608288407
0.32085552545001694
0.32213118928219
0.8156095116298043
0.31802565817586914
0.31957864087114796
0.31802565817586914
0.3211325208057086
0.32149826389080005
0.8093536990621941
0.3217832346810622
0.31834637482072914
0.8118588525863787
0.8127842115773763
0.3160437272427894
0.32056238519057034
0.8221901896246405
0.3201102645912026
0.31874795653967003
0.31937071666352845
0.8084050040675026
0.34893822896112375
0.31547593701262544
0.32165255555726346
0.31549760684449735
0.3161617851325734
0.3185272573616269
0.31889629186857654
0.31764443731279735
0.8096880845056743
0.31974537114875423
0.7977759589796254
0.31422349477457706
0.31983101423620397
0.06250349656834331
0.3187945230898318
0.807544772069793
0.32234230435231154
0.8127176675758594
0.3160437272427894
0.8124425457547848
0.33443305144961805
0.8042315615322098
0.31657437661132076
0.810561335821681
0.8070619486566231
0.31983101423620397
0.8118588525863787
0.8107708236083928
0.8090655465308441
0.8184744115285099
0.8046364974788736
0.8066175978018925
0.8036765231094369
0.8136876618563096
0.3201442684239063
0.8148665865121094
0.3202918285907302
0.3148612177744402
0.31555637861983393
0.3248782309810794
0.8082939655484482
0.8018112689182673
0.3155612785218237
0.3148612177744402
0.3210724197209428
0.05635019050449719
0.3154934642057201
0.8037372958106566
0.8070779210907191
0.32160066524297326
0.32550652183777495
0.806370966474798
0.3101016547504931
0.3105260435040395
0.8107927390628445
0.31895714868268327
0.3240773365664006
0.8059927147692615
0.32650355539668596
0.32234230435231154
0.8131826477675133
0.8070779210907191
0.31974537114875423
0.32162888466085554
0.33337635971796964
0.5510709247668183
0.3102495050494861
0.8047017219514754
0.3192099517087992
0.8107836580217536
0.32153388913227254
0.31776889545113346
0.8074227374851708
0.32061943315617414
0.31555637861983393
0.8096487410186888
0.8138115124853682
0.06250349656834331
0.8074836272855809
0.8121045183109826
0.3163172655293424
0.8062130141102313
0.8162689330697283
0.3185830145855648
0.3117604991416186
0.3216864070132371
0.315720927795326
0.32325355782096743
0.32277539585452286
0.31889629186857654
0.803511421399681
0.811923877715536
0.8127842115773763
0.8036765231094369
0.31506605475785276
0.325305713097927
0.8052969590721177
0.31971973758586303
0.315416952479814
0.3215923591439324
0.811923877715536
0.8082939655484482
0.8193822526866101
0.8068521478129194
0.3216864070132371
0.8119963058828115
0.31695519547623946
0.3176331161632835
0.3250868506017771
0.8193822526866101
0.31207195429425816
0.3112306658822698
0.3161617851325734
0.315881379239838
0.31971973758586303
0.3470397589570934
0.3155860745741429
0.8005649102443555
0.32056238519057034
0.3232384886816707
0.31404396835853726
0.3430044113132634
0.3430044113132634
0.3353183507442403
0.3233917502845546
0.3126433641699855
0.3148838011974054
0.8084111328843555
0.8138072428978003
0.8074227374851708
0.8121384026281354
0.32017736519047213
0.3211948098878209
0.8166069379990964
0.34893822896112375
0.806370966474798
0.3193645364849007
0.3148838011974054
0.06672707356737406
0.7977759589796254
0.3179113999278308
0.32149826389080005
0.8136876618563096
0.31895714868268327
0.3171141087703104
0.32186837522308787
0.32064140820843146
0.3154934642057201
0.32213118928219
0.3089620193145571
0.8116280615274851
0.320468056089944
0.8122822325855876
0.31426699363010147
0.8091618036370836
0.8052969590721177
0.3089620193145571
0.8066794174275252
0.8028051347570581
0.8151263838392815
0.8117653589256972
0.612911330467759
0.8116280615274851
0.8089692894246046
0.8037372958106566
0.317749202884135
0.3187663228696758
0.32160066524297326
0.31750002699886914
0.32061943315617414
0.8131826477675133
0.31657437661132076
0.320035627568502
0.3211325208057086
0.30623561007200295
0.3183169134413863
0.8121219194163906
0.8062130141102313
0.28115904927806445
