0.48249917126839625
0.05290525025841897
0.36877100237862526
0.2820014643505915
0.3502706033125287
0.4667330859460048
0.9495891396744889
0.003559692541017734
0.36940521330757436
0.3027171136838017
0.7972754560348866
0.7025521519224741
0.2973852538304308
0.31536955566552904
0.9834953979799691
0.15200750415405706
0.30361189434820257
0.3903968944084212
0.6162893770988299
0.8277483706858905
0.2456677696154108
0.01196464215317139
0.025952547448513053
0.5191464680188002
0.32561789440640987
0.9013498880291888
0.4826864206002439
0.8462593414932775
0.0312525930612545
0.43979409451044993
0.3847012757745648
0.607112115915413
0.8729198232205003
0.5781307890935645
0.19756232240245164
0.09407774448753925
0.8421552512748729
0.45707747100969587
0.9462247852127605
0.01874846755753523
0.9499272605920636
0.6967126493875768
0.02744636515823118
0.7677715237423577
0.5088148472612075
0.49606648191839964
0.27003034947091487
0.10723230986953203
0.38722072211799985
0.14092724613824126
0.33279059688278123
0.17210920281259778
0.378060718532111
0.8611901973100966
0.2735303836738724
0.15123674795381192
0.6255788371776275
0.4426401807001531
0.35277103458304326
0.6875829982194475
0.4109225758596654
0.34650972786744727
0.9104691139420827
0.7505643184032558
0.34234524922906384
0.6652467472703901
0.8338273730501928
0.37328468982436147
0.11885200285133801
0.11918027957506305
0.5560535756549198
0.530011855014808
0.5616549359649876
0.48108781714499815
0.6437100251942927
0.4167029064369454
0.4130548222064
0.0032452877288561277
0.5930167517201564
0.8483183401805517
0.021189124900324208
0.6290817571911115
0.436248858174766
0.6344919390564604
0.1890124811137771
0.15445913526261257
0.6829486676531269
0.2829072570401381
0.8509074513062909
0.13447925445062214
0.9272106142635336
0.5807129166385567
0.5257809513405801
0.03166801734331648
0.9905673941238159
0.9339456323284693
0.3666512862733826
0.7887429821092098
0.9658848263634603
0.9617102831628959
0.9619086971574471
0.7569096030101118
0.860762545730702
0.8633131280723558
0.9979225489255922
0.42089660182036126
0.7694770500481497
0.3375687719288887
0.20128235784478876
0.06623288876029954
0.4719493102071468
0.9133040846847909
0.6651599172218942
0.26244878423492946
0.2625585336309494
0.31255157669025246
0.05635019050449719
0.4601815235718578
0.8353186083311164
0.7575741610397857
0.2688328880319987
0.34376155233443373
0.63791595642678
0.5485573712260396
0.2674394345847513
0.832435419587583
0.15347045586112695
0.20026533805007674
0.850047290120122
0.5987866974934847
0.2626936390068235
0.696681694257052
0.7465638998436361
0.23788749003696819
0.2632708315301904
0.6405302311262494
0.6399314263798062
0.5288752289255757
0.919491635983534
0.2696866717819645
0.9952720591866895
0.4859535403000934
0.31732630573013165
0.9117968800209718
0.526903628763031
0.2653637620079614
0.9330851387919981
0.7621796668303944
0.0042699940378720935
0.8350448633396006
0.9002403587905277
0.18799588374591614
0.6445588399981199
0.9538757912237875
0.301582533322299
0.2992581365076229
0.10716762021598414
0.39428416323014825
0.2921358808650445
0.13697140237119065
0.03764852219489612
0.5948195027983962
0.7867478574169943
0.8210861149229246
0.889325167830508
0.3060013250797944
0.33583991966062543
0.799880276068347
0.4407605844349646
0.027422290922086923
0.4280630076436994
0.8615129810516353
0.9388423913884252
0.9873084303066099
0.7193199123405764
0.09856136933524107
0.7856022624646436
0.32598489137238595
0.08422953999890959
0.5086774641576808
0.917142483741712
0.01359679726055596
0.10313344957725634
0.038490222830051435
0.2837238074444649
0.4304307161785881
0.34762146408578376
0.23316553632008175
0.720949771938818
0.585441489828003
0.6606821757912162
0.07508175969131892
0.711296535144599
0.7639580923911694
0.5734507447753633
0.5906432555789678
0.0443505860637724
0.19839129134884737
0.937417136669867
0.8308354103229824
0.8295841565473435
0.6656933529875942
0.021843932446484082
0.42374599034583205
0.8443114571220259
0.530967207543073
0.8701251113134697
0.3895985093469042
0.014679128600339597
0.06672707356737406
0.8340785082958034
0.30419891840254154
0.38922523116082497
0.9179858415398314
0.42487564973486847
0.5367515971689916
0.36199388666782095
0.17739272599226075
0.39745239713929303
0.5193454895248923
0.02571142092814027
0.8852152921826846
0.009537414622838969
0.9514434971246013
0.33914715546576524
0.9023194799577924
0.925304593166875
0.20638564264422088
0.892724165463099
0.6236936640486576
0.6997544455046945
0.7547452018192142
0.6040158136066847
0.7913992146223437
0.7884475233821846
0.9316178633161267
0.36158691937859844
0.18454238786552135
0.7369951521889151
0.2722953378906151
0.394758895067423
0.8625616897837526
0.008962729486636456
0.28432338277197744
0.23820033464461365
0.1045928916696568
0.14253676159452844
0.8044090277574847
0.8560767331752351
0.1397578417819869
