0.3194562205060553
0.3194562205060575
0.3194562205060564
0.3194562205060554
0.31945622050607453
0.3194562205060617
0.8073963686898651
0.3194562205060575
0.31945622050605316
0.3194562205060632
0.8073963686898531
0.8073963686898624
0.3194562205060568
0.3194562205060668
0.8073963686898699
0.3194562205060637
0.319456220506051
0.31945622050607037
0.8073963686898595
0.8073963686898679
0.3194562205060533
0.3194562205060597
0.3194562205060428
0.8073963686898761
0.31945622050606814
0.8073963686898824
0.31945622050605776
0.8073963686898677
0.3194562205060655
0.31945622050606276
0.31945622050606937
0.8073963686898753
0.8073963686898776
0.3194562205060568
0.319456220506068
0.31945622050606287
0.8073963686898695
0.3194562205060597
0.807396368689878
0.31945622050604294
0.8073963686898519
0.8073963686898905
0.31945622050606926
0.8073963686898776
0.3194562205060642
0.31945622050605865
0.3194562205060593
0.31945622050606315
0.3194562205060649
0.31945622050605327
0.3194562205060668
0.3194562205060616
0.3194562205060641
0.8073963686899239
0.3194562205060688
0.31945622050607175
0.31945622050606853
0.31945622050601674
0.31945622050606903
0.8073963686898662
0.31945622050605993
0.31945622050606637
0.8073963686898912
0.8073963686898977
0.3194562205060576
0.31945622050605793
0.8073963686898329
0.31945622050607153
0.31945622050606104
0.31945622050606637
0.8073963686898955
0.3194562205060564
0.31945622050606287
0.3194562205060756
0.31945622050607825
0.31945622050606104
0.31945622050607453
0.3194562205060688
0.3194562205060707
0.8073963686898493
0.3194562205060772
0.8073963686898551
0.31945622050606926
0.3194562205060657
0.06250349656834331
0.31945622050603295
0.8073963686898578
0.31945622050606093
0.8073963686898542
0.31945622050605726
0.8073963686898425
0.3194562205060728
0.8073963686898762
0.3194562205060557
0.8073963686898955
0.8073963686898633
0.319456220506068
0.8073963686898843
0.8073963686898677
0.8073963686898855
0.8073963686898805
0.8073963686898361
0.8073963686898649
0.8073963686898542
0.8073963686898625
0.3194562205060635
0.8073963686898618
0.31945622050606415
0.31945622050607153
0.31945622050606953
0.3194562205060756
0.8073963686898596
0.80739636868988
0.31945622050606093
0.3194562205060621
0.31945622050606853
0.05635019050449719
0.31945622050606093
0.8073963686898527
0.8073963686898651
0.3194562205060686
0.31945622050606276
0.8073963686898693
0.3194562205060615
0.3194562205060547
0.8073963686898924
0.3194562205060746
0.31945622050606326
0.8073963686898624
0.31945622050605477
0.3194562205060647
0.8073963686898693
0.8073963686898624
0.3194562205060488
0.3194562205060546
0.3194562205060709
0.5510709247668183
0.3194562205060527
0.8073963686898422
0.3194562205060786
0.8073963686898784
0.31945622050604955
0.3194562205060597
0.8073963686898264
0.3194562205060746
0.3194562205060636
0.8073963686899377
0.8073963686898811
0.06250349656834331
0.8073963686898857
0.8073963686898912
0.31945622050606953
0.807396368689862
0.807396368689878
0.31945622050605726
0.31945622050606476
0.3194562205060649
0.3194562205060689
0.3194562205060554
0.31945622050606814
0.3194562205060437
0.8073963686898544
0.8073963686898784
0.8073963686898744
0.8073963686898361
0.3194562205060599
0.31945622050607286
0.8073963686898487
0.31945622050604694
0.3194562205060713
0.31945622050604694
0.8073963686898662
0.8073963686898596
0.8073963686898905
0.8073963686898964
0.3194562205060632
0.8073963686898329
0.31945622050606814
0.3194562205060786
0.3194562205060532
0.8073963686899005
0.3194562205060428
0.3194562205060691
0.31945622050605743
0.31945622050605316
0.31945622050606537
0.31945622050606937
0.3194562205060685
0.8073963686898761
0.3194562205060613
0.31945622050606715
0.31945622050606837
0.31945622050605726
0.3194562205060625
0.3194562205060728
0.31945622050606937
0.3194562205060553
0.31945622050604083
0.8073963686899042
0.8073963686898595
0.8073963686898493
0.8073963686898586
0.3194562205060632
0.319456220506069
0.8073963686898746
0.3194562205060709
0.8073963686898578
0.3194562205060637
0.31945622050604294
0.06672707356737406
0.80739636868986
0.3194562205061072
0.3194562205060632
0.8073963686898625
0.31945622050606926
0.3194562205060668
0.31945622050606326
0.31945622050605516
0.3194562205060615
0.3194562205060677
0.3194562205059877
0.8073963686898563
0.3194562205060605
0.8073963686898782
0.31945622050605677
0.8073963686898855
0.8073963686899005
0.3194562205059877
0.8073963686898699
0.8073963686898877
0.8073963686898704
0.8073963686898847
0.8073963686898746
0.8073963686898681
0.8073963686898528
0.8073963686898847
0.3194562205060718
0.319456220506051
0.31945622050606926
0.31945622050605516
0.31945622050605976
0.8073963686898811
0.3194562205060668
0.31945622050608563
0.31945622050601674
0.3194562205060599
0.31945622050606926
0.8073963686898558
0.807396368689862
0.31945622050597233
