0.3194562205060608
0.3194562205060608
0.3194562205060608
0.3194562205060608
0.3194562205060608
0.3194562205060608
0.8073963686898704
0.3194562205060608
0.3194562205060608
0.3194562205060608
0.8073963686898704
0.8073963686898704
0.3194562205060608
0.3194562205060608
0.8073963686898704
0.3194562205060608
0.3194562205060608
0.3194562205060608
0.8073963686898704
0.8073963686898704
0.3194562205060608
0.3194562205060608
0.3194562205060608
0.8073963686898704
0.3194562205060608
0.8073963686898704
0.3194562205060608
0.8073963686898704
0.3194562205060608
0.3194562205060608
0.3194562205060608
0.8073963686898704
0.8073963686898704
0.3194562205060608
0.3194562205060608
0.3194562205060608
0.8073963686898704
0.3194562205060608
0.8073963686898704
0.3194562205060608
0.8073963686898704
0.8073963686898704
0.3194562205060608
0.8073963686898704
0.3194562205060608
0.3194562205060608
0.3194562205060608
0.3194562205060608
0.3194562205060608
0.3194562205060608
0.3194562205060608
0.3194562205060608
0.3194562205060608
0.8073963686898704
0.3194562205060608
0.3194562205060608
0.3194562205060608
0.3194562205060608
0.3194562205060608
0.8073963686898704
0.3194562205060608
0.3194562205060608
0.8073963686898704
0.8073963686898704
0.3194562205060608
0.3194562205060608
0.8073963686898704
0.3194562205060608
0.3194562205060608
0.3194562205060608
0.8073963686898704
0.3194562205060608
0.3194562205060608
0.3194562205060608
0.3194562205060608
0.3194562205060608
0.3194562205060608
0.3194562205060608
0.3194562205060608
0.8073963686898704
0.3194562205060608
0.8073963686898704
0.3194562205060608
0.3194562205060608
0.0604844430161438
0.3194562205060608
0.8073963686898704
0.3194562205060608
0.8073963686898704
0.3194562205060608
0.8073963686898704
0.3194562205060608
0.8073963686898704
0.3194562205060608
0.8073963686898704
0.8073963686898704
0.3194562205060608
0.8073963686898704
0.8073963686898704
0.8073963686898704
0.8073963686898704
0.8073963686898704
0.8073963686898704
0.8073963686898704
0.8073963686898704
0.3194562205060608
0.8073963686898704
0.3194562205060608
0.3194562205060608
0.3194562205060608
0.3194562205060608
0.8073963686898704
0.8073963686898704
0.3194562205060608
0.3194562205060608
0.3194562205060608
0.060388297608896205
0.3194562205060608
0.8073963686898704
0.8073963686898704
0.3194562205060608
0.3194562205060608
0.8073963686898704
0.3194562205060608
0.3194562205060608
0.8073963686898704
0.3194562205060608
0.3194562205060608
0.8073963686898704
0.3194562205060608
0.3194562205060608
0.8073963686898704
0.8073963686898704
0.3194562205060608
0.3194562205060608
0.3194562205060608
0.5510709247668183
0.3194562205060608
0.8073963686898704
0.3194562205060608
0.8073963686898704
0.3194562205060608
0.3194562205060608
0.8073963686898704
0.3194562205060608
0.3194562205060608
0.8073963686898704
0.8073963686898704
0.0604844430161438
0.8073963686898704
0.8073963686898704
0.3194562205060608
0.8073963686898704
0.8073963686898704
0.3194562205060608
0.3194562205060608
0.3194562205060608
0.3194562205060608
0.3194562205060608
0.3194562205060608
0.3194562205060608
0.8073963686898704
0.8073963686898704
0.8073963686898704
0.8073963686898704
0.3194562205060608
0.3194562205060608
0.8073963686898704
0.3194562205060608
0.3194562205060608
0.3194562205060608
0.8073963686898704
0.8073963686898704
0.8073963686898704
0.8073963686898704
0.3194562205060608
0.8073963686898704
0.3194562205060608
0.3194562205060608
0.3194562205060608
0.8073963686898704
0.3194562205060608
0.3194562205060608
0.3194562205060608
0.3194562205060608
0.3194562205060608
0.3194562205060608
0.3194562205060608
0.8073963686898704
0.3194562205060608
0.3194562205060608
0.3194562205060608
0.3194562205060608
0.3194562205060608
0.3194562205060608
0.3194562205060608
0.3194562205060608
0.3194562205060608
0.8073963686898704
0.8073963686898704
0.8073963686898704
0.8073963686898704
0.3194562205060608
0.3194562205060608
0.8073963686898704
0.3194562205060608
0.8073963686898704
0.3194562205060608
0.3194562205060608
0.06672707356737406
0.8073963686898704
0.3194562205060608
0.3194562205060608
0.8073963686898704
0.3194562205060608
0.3194562205060608
0.3194562205060608
0.3194562205060608
0.3194562205060608
0.3194562205060608
0.3194562205060608
0.8073963686898704
0.3194562205060608
0.8073963686898704
0.3194562205060608
0.8073963686898704
0.8073963686898704
0.3194562205060608
0.8073963686898704
0.8073963686898704
0.8073963686898704
0.8073963686898704
0.8073963686898704
0.8073963686898704
0.8073963686898704
0.8073963686898704
0.3194562205060608
0.3194562205060608
0.3194562205060608
0.3194562205060608
0.3194562205060608
0.8073963686898704
0.3194562205060608
0.3194562205060608
0.3194562205060608
0.3194562205060608
0.3194562205060608
0.8073963686898704
0.8073963686898704
0.3194562205060608
