0.3194562205061444
0.31945622050629024
0.31945622050610306
0.31945622050559963
0.31945622050586076
0.3194562205060776
0.8073963686897351
0.3194562205061066
0.3194562205060827
0.3194562205061444
0.8073963686896046
0.8073963686905042
0.3194562205062125
0.3194562205062152
0.8073963686899659
0.31945622050630046
0.31945622050619493
0.3194562205060356
0.807396368689876
0.8073963686898573
0.3194562205059183
0.31945622050589234
0.3194562205063558
0.8073963686896846
0.3194562205061901
0.8073963686898573
0.31945622050595823
0.80739636869033
0.3194562205057948
0.31945622050590883
0.319456220506233
0.8073963686895937
0.8073963686896756
0.3194562205060739
0.31945622050587985
0.31945622050585326
0.8073963686901113
0.3194562205062831
0.8073963686904564
0.3194562205059175
0.8073963686888417
0.8073963686921775
0.3194562205063389
0.8073963686900756
0.3194562205059183
0.319456220506221
0.3194562205059624
0.3194562205062582
0.31945622050620515
0.3194562205049656
0.319456220506246
0.31945622050587646
0.31945622050575573
0.8073963686899026
0.3194562205062569
0.319456220506116
0.31945622050595823
0.3194562205060356
0.3194562205062582
0.8073963686900649
0.3194562205061287
0.31945622050615263
0.8073963686913335
0.80739636869033
0.3194562205062428
0.31945622050603606
0.8073963686897982
0.3194562205063527
0.3194562205059624
0.31945622050590883
0.8073963686902044
0.31945622050608624
0.3194562205048988
0.3194562205064025
0.31945622050605627
0.3194562205058575
0.31945622050624295
0.319456220506266
0.3194562205060179
0.8073963686896806
0.3194562205062372
0.8073963686896756
0.31945622050620437
0.3194562205057313
0.06250349656834331
0.3194562205062074
0.8073963686886745
0.31945622050605826
0.8073963686896422
0.31945622050582034
0.807396368689501
0.3194562205062377
0.8073963686895782
0.3194562205061674
0.8073963686902044
0.8073963686904442
0.31945622050587985
0.807396368690423
0.807396368689501
0.8073963686899652
0.8073963686908971
0.8073963686897934
0.8073963686897172
0.8073963686890484
0.8073963686902424
0.31945622050626155
0.8073963686902521
0.3194562205062679
0.31945622050585326
0.3194562205062569
0.31945622050559963
0.807396368689679
0.8073963686899467
0.3194562205062125
0.3194562205060762
0.31945622050628353
0.05635019050449719
0.3194562205062713
0.8073963686904442
0.8073963686896046
0.31945622050643974
0.31945622050610745
0.8073963686898826
0.3194562205060242
0.3194562205062372
0.8073963686897286
0.319456220506266
0.31945622050628597
0.8073963686889687
0.3194562205062377
0.3194562205061191
0.8073963686903224
0.8073963686895986
0.31945622050593553
0.3194562205059436
0.3194562205061994
0.5510709247668183
0.31945622050593553
0.807396368689629
0.31945622050581735
0.8073963686897729
0.3194562205053133
0.31945622050606415
0.807396368689635
0.319456220506246
0.31945622050624145
0.8073963686900905
0.8073963686900257
0.06250349656834331
0.807396368689665
0.8073963686905077
0.31945622050654143
0.807396368689635
0.8073963686890484
0.3194562205061753
0.31945622050632955
0.3194562205062152
0.3194562205060762
0.3194562205061845
0.3194562205061433
0.3194562205061344
0.8073963686893229
0.8073963686891318
0.8073963686899199
0.8073963686888443
0.3194562205058612
0.319456220506221
0.8073963686897351
0.3194562205062428
0.31945622050628353
0.31945622050606415
0.8073963686902668
0.807396368689293
0.8073963686921775
0.80739636868962
0.3194562205063243
0.8073963686899187
0.3194562205062508
0.3194562205060748
0.31945622050616784
0.8073963686898491
0.3194562205060693
0.31945622050632955
0.3194562205061344
0.3194562205060809
0.31945622050614897
0.31945622050608624
0.31945622050618233
0.8073963686891318
0.3194562205060776
0.3194562205062572
0.31945622050629024
0.319456220506366
0.31945622050617806
0.3194562205063336
0.3194562205063184
0.319456220505876
0.3194562205060693
0.8073963686904564
0.807396368689876
0.8073963686905042
0.8073963686901813
0.31945622050648603
0.31945622050615263
0.8073963686899659
0.3194562205062569
0.8073963686903146
0.31945622050575856
0.3194562205059811
0.06672707356737406
0.8073963686892898
0.31945622050639044
0.3194562205063184
0.8073963686902521
0.3194562205060776
0.3194562205063224
0.3194562205061612
0.3194562205053133
0.31945622050614897
0.3194562205062302
0.3194562205055674
0.8073963686886745
0.31945622050608125
0.8073963686905077
0.3194562205055248
0.8073963686900862
0.8073963686896046
0.3194562205054866
0.8073963686896422
0.8073963686895604
0.8073963686913335
0.80739636868962
0.8073963686884372
0.8073963686900376
0.8073963686889687
0.8073963686890488
0.31945622050630046
0.3194562205062244
0.3194562205061806
0.31945622050610495
0.31945622050583977
0.8073963686900257
0.31945622050582034
0.31945622050647093
0.3194562205049656
0.3194562205054866
0.31945622050639044
0.807396368689629
0.8073963686894381
0.3194562205035246
