0.11418650393902405
0.9139550958368534
0.44675088243983674
0.4240819321445663
0.9015796236473239
0.8137001744830148
0.5025926561204189
0.11418650393902405
0.4148478664024835
0.8927084604253377
0.4240819321445663
0.1625272753360746
0.9139550958368534
0.11418650393902405
0.9227170473892752
0.831867044305195
0.4148478664024835
0.10176127621783519
0.8092332335544745
0.4148478664024835
0.6244088822325954
0.48749332106082377
0.9227170473892752
0.5025926561204189
0.4231715260816408
0.6005277229617018
0.5719863073126827
0.6932256025841487
0.20900286117287487
0.9042636601563454
0.9139550958368534
0.42680059569790113
0.531259795786549
0.44889436116628295
0.939456690586986
0.8788772466100881
0.5719863073126827
0.89233061417973
0.5256065068830268
0.531259795786549
0.9701361195680636
0.5940796947701643
0.8943580217444002
0.4046497937860877
0.9015796236473239
0.9005742210702037
0.19632957048828814
0.9385521871505114
0.7847924189342486
0.27422094295215693
0.5281004339768951
0.27184612250474277
0.6869222894674212
0.10424043214133268
0.9220055622807579
0.402881812492173
0.8952106606557922
0.23726571820395181
0.17810181347238535
0.10176127621783519
0.9015796236473239
0.23724995044682212
0.5169211955104811
0.8092332335544745
0.8767727777460176
0.10657403600990557
0.6042588177834711
0.2606261175035735
0.7972122384311912
0.8348755450026832
0.45203964722531564
0.4046497937860877
0.7161620460768633
0.053461465275673435
0.44889436116628295
0.27169414511713064
0.8697152514965246
0.3775176225984531
0.11800182022776352
0.3176015845267911
0.3694484983208798
0.17810181347238535
0.1625272753360746
0.3963797349183178
0.9092454722820924
0.658318160175861
0.5557199698199256
0.7161620460768633
0.7855134429173687
0.32239141025695917
0.13941457166036594
0.8348755450026832
0.7787940141522693
0.5328868189672883
0.7645174204698313
0.11800182022776352
0.43793303075769047
0.6305003914006564
0.5185541248709513
0.9005742210702037
0.07171101160569604
0.7307391703758697
0.8943580217444002
0.7578010120532354
0.512153792475817
0.3755803204478813
0.5333945396402525
0.13941457166036594
0.7913158041095412
0.26901282906846097
0.8348755450026832
0.4825191736963218
0.9200238245059318
0.23726571820395181
0.18549144598558417
0.8130118718261163
0.7578010120532354
0.44675088243983674
0.9420743802931606
0.9776664276516973
0.7855194068655356
0.4722670029357405
0.8329498050476623
0.2951140800402958
0.9092454722820924
0.831867044305195
0.5907971546262498
0.36503050638517964
0.4835457749947827
0.24530501955304101
0.3176015845267911
0.5327190041371981
0.9200238245059318
0.47244652337825654
0.41569594266656157
0.5025926561204189
0.2951140800402958
0.8814748505338406
0.4651795361426046
0.4081674039297196
0.8814748505338406
0.10657403600990557
0.4231715260816408
0.19781969728393406
0.6254456863907734
0.24530501955304101
0.48749332106082377
0.9420743802931606
0.11010514858045228
0.5194910719680668
0.45203964722531564
0.43793303075769047
0.36503050638517964
0.4229502803612526
0.19632957048828814
0.2606261175035735
0.537039196181673
0.41569594266656157
0.6005277229617018
0.45260989808380786
0.5557199698199256
0.8130118718261163
0.9776664276516973
0.8767727777460176
0.658318160175861
0.8537843779938458
0.46848907771644366
0.4286151305060313
0.19781969728393406
0.46848907771644366
0.18494848074476347
0.7972122384311912
0.8537791294163837
0.4722670029357405
0.5185541248709513
0.21552645381928703
0.47244652337825654
0.27422094295215693
0.5194910719680668
0.5394539286202957
0.5940796947701643
0.5394539286202957
0.8788772466100881
0.3694484983208798
0.9042636601563454
0.9005742210702037
0.21552645381928703
0.39969702588740424
0.7847924189342486
0.89233061417973
0.4825191736963218
0.9701361195680636
0.19335527093406418
0.1141832143984752
0.4835457749947827
0.9622976366995004
0.4194454503517282
0.6042588177834711
0.10424043214133268
0.27169414511713064
0.9088050414854147
0.41569594266656157
0.8329498050476623
0.0387963712013944
0.7307391703758697
0.4229502803612526
0.9385521871505114
0.5908317711183101
0.7855134429173687
0.7322458720124445
0.8952106606557922
0.15141299860183777
0.5169211955104811
0.3798859542926706
0.8129007634952437
0.402881812492173
0.5328868189672883
0.9622976366995004
0.5548936942443567
0.6053759757178533
0.0387963712013944
0.9220055622807579
0.512153792475817
0.7322458720124445
0.3775176225984531
0.8853318030258045
0.13727148425358582
0.3771089290749092
0.8927084604253377
0.19335527093406418
0.20900286117287487
0.939456690586986
0.09766005600690389
0.4724178944838382
0.6869222894674212
0.5719863073126827
0.958120871456846
0.6305003914006564
0.7910858337847169
0.32239141025695917
0.7873433662193011
0.7161750869138936
0.8697152514965246
0.13727148425358582
0.5327190041371981
0.42134970318227405
0.4081674039297196
0.4651795361426046
0.7913158041095412
0.1266964161900825
