0.11415031899298672
0.4667011691817724
0.906004602541946
0.5548936942443567
0.9025476865174984
0.8138329354855498
0.9411509517999355
0.9133093208418034
0.906004602541946
0.11038917237210205
0.8546723163564264
0.1625272753360746
0.8852555772068754
0.11425558429054988
0.906004602541946
0.8338727114368538
0.41089382457226364
0.9025616834152835
0.8092332335544745
0.42072489091524506
0.6233720780744174
0.48749332106082377
0.9411509517999355
0.4909345976974754
0.4404961020085126
0.621933784698466
0.5210369550013596
0.7645174204698314
0.18494848074476347
0.8852555772068754
0.9281879128464308
0.4442615583093803
0.5548936942443567
0.4832269291152529
0.939456690586986
0.8546723163564264
0.621933784698466
0.4547614610778215
0.5347456106463613
0.5548936942443567
0.9701361195680636
0.5940796947701643
0.13941457166036594
0.3755803204478813
0.9015796236473239
0.890987322204365
0.26901282906846097
0.9385521871505114
0.8284106785590089
0.27422094295215693
0.4230878694338769
0.2733658963808643
0.6869222894674212
0.09909137539752226
0.9224751213335023
0.3676817342424842
0.9133093208418034
0.23728148596108153
0.1707121809591865
0.08849296113686858
0.9015796236473239
0.23721841493256274
0.5169211955104811
0.8092332335544745
0.8550112132018061
0.09894376328551262
0.6076102915866177
0.2606261175035735
0.7972122384311912
0.8338727114368538
0.4514693963668234
0.340934691254395
0.7162142094249848
0.053461465275673435
0.4832269291152529
0.27093425817906985
0.8697152514965246
0.37675212466672514
0.08795182360545262
0.3792017180482548
0.3694484983208798
0.18549144598558417
0.1625272753360746
0.42040725695118897
0.9025476865174984
0.658318160175861
0.5557199698199256
0.7159794743584375
0.785006507323177
0.32239141025695917
0.477171581307249
0.8338727114368538
0.7462510429573209
0.5328868189672883
0.7645174204698313
0.08795182360545262
0.42072489091524506
0.6305003914006564
0.5185541248709513
0.13039529506863567
0.07171101160569604
0.7307391703758697
0.9025616834152835
0.7578010120532354
0.5908663876103704
0.3755803204478813
0.5347456106463613
0.13941457166036594
0.7924656557336622
0.26901282906846097
0.8358783785685127
0.6254456863907734
0.13039529506863567
0.23728148596108153
0.18549144598558417
0.8135674134804797
0.7578010120532354
0.4667011691817724
0.9429978087863857
0.9776664276516973
0.7857698926885479
0.811227293738898
0.811227293738898
0.2951140800402958
0.9159432580466864
0.8298613771735361
0.5907279216421293
0.36503050638517964
0.47615695229209004
0.24530501955304101
0.1741302024831719
0.5320434686341438
0.9456896272674635
0.47304773016104174
0.4404961020085126
0.5651885420444209
0.2951140800402958
0.9025616834152835
0.46815612901825693
0.4081674039297196
0.4547614610778215
0.11038917237210205
0.4404961020085126
0.16258215296688192
0.6254456863907734
0.24530501955304101
0.48749332106082377
0.9411509517999355
0.12183458145869148
0.5194910719680668
0.4514693963668234
0.42072489091524506
0.36503050638517964
0.4229502803612526
0.08746088084471709
0.2606261175035735
0.5393327817169846
0.4452118308437711
0.621933784698466
0.45375039980079235
0.5557199698199256
0.8135674134804797
0.9776664276516973
0.8550112132018061
0.658318160175861
0.8540992926415706
0.46848907771644366
0.43511385813259684
0.23305724160098623
0.46848907771644366
0.18494848074476347
0.7972122384311912
0.8516778408885739
0.47935446972887635
0.5185541248709513
0.21552645381928703
0.4721316055396547
0.27422094295215693
0.5194910719680668
0.577485585466599
0.5940796947701643
0.5014222717739926
0.9308589841200138
0.3694484983208798
0.9088050414854147
0.08805032953620068
0.21552645381928703
0.4484296095436959
0.7873433662193011
0.8730635649588336
0.4540196225868948
0.9701361195680636
0.19335527093406418
0.11415031899298672
0.4909345976974754
0.9622976366995004
0.41089382457226364
0.59867302811156
0.09909137539752226
0.27093425817906985
0.9088050414854147
0.4452118308437711
0.8546723163564264
0.0387963712013944
0.7307391703758697
0.4229502803612526
0.9385521871505114
0.5908663876103704
0.7857698926885479
0.7322458720124445
0.9133093208418034
0.2258330925219767
0.5169211955104811
0.340934691254395
0.8116569191839819
0.3676817342424842
0.5328868189672883
0.9622976366995004
0.5548936942443567
0.6076102915866177
0.0387963712013944
0.9215360032280135
0.44378010158500725
0.7322458720124445
0.37675212466672514
0.8663804630729942
0.13727148425358582
0.3771144211891234
0.9449977346902759
0.19335527093406418
0.23305724160098623
0.939456690586986
0.09622873661628553
0.4721316055396547
0.6869222894674212
0.5210369550013596
0.958120871456846
0.6305003914006564
0.7887861305364747
0.32239141025695917
0.7873433662193011
0.7162142094249848
0.8697152514965246
0.13727148425358582
0.5320434686341438
0.42134970318227405
0.4081674039297196
0.46815612901825693
0.7924656557336622
0.1266964161900825
