0.13351488429799885
0.13351488429799885
0.13351488429799885
0.4986188909371643
0.13351488429799885
0.8590241684012638
0.13351488429799885
0.13351488429799885
0.4986188909690046
0.498618890918066
0.13351488429799885
0.49861889106907303
0.4986188910237973
0.13351488429799885
0.13351488429799885
0.8590241684012638
0.13351488429799885
0.4986188909721269
0.13351488429799885
0.8590241684012638
0.13351488429799885
0.8590241684012638
0.8590241684012638
0.8590241684012638
0.8590241684012638
0.13351488429799885
0.4986188909721269
0.4986188909942843
0.13351488429799885
0.49861889106234625
0.4986188908845304
0.8590241684012638
0.4986188910279321
0.49861889099009093
0.49861889099448575
0.8590241684012638
0.4986188909690046
0.4986188909741973
0.4986188909412963
0.49861889101784634
0.49861889089148953
0.13351488429799885
0.13351488429799885
0.4986188909164632
0.13351488429799885
0.8590241684012638
0.22124031714281428
0.4986188908660969
0.4986188909319096
0.20689191348662672
0.498618890903885
0.2710618104518663
0.49861889098564344
0.13351488429799885
0.9220055622807579
0.8590241684012638
0.8590241684012638
0.13351488429799885
0.13351488429799885
0.49861889101165624
0.8590241684012638
0.49861889092575035
0.49861889086030703
0.8590241684012638
0.8590241684012638
0.8590241684012638
0.5492469434013714
0.8590241684012638
0.7972122384311912
0.4986188908736372
0.49861889100743256
0.4986188909164632
0.8590241684012638
0.39019841240679
0.4986188909880912
0.2710618104518663
0.4986188909380146
0.39019841240679
0.13351488429799885
0.39019841240679
0.421538999619254
0.182306757218211
0.13351488429799885
0.8590241684012638
0.8590241684012638
0.4986188908966808
0.49861889089148953
0.8590241684012638
0.8294837034184463
0.32239141025695917
0.13351488429799885
0.8590241684012638
0.7839305545600168
0.4986188908660969
0.8590241684012638
0.13351488429799885
0.49861889092575035
0.6305003914006564
0.49861889092575035
0.49861889106907303
0.20689191348662672
0.8590241684012638
0.8590241684012638
0.4986188908908777
0.4986188908644963
0.498618890983597
0.4986188909061745
0.13351488429799885
0.8253048775267741
0.22124031714281428
0.8590241684012638
0.49861889082672173
0.5017508864126836
0.13351488429799885
0.182306757218211
0.8590241684012638
0.8590241684012638
0.49861889092642797
0.8590241684012638
0.9481525256072632
0.8294837034184463
0.4986188909275602
0.8590241684012638
0.2951140800402958
0.8590241684012638
0.8590241684012638
0.49832615364672295
0.40222313509115976
0.498618890918066
0.4986188909942843
0.13351488429799885
0.49861889091539147
0.8590241684012638
0.49861889102721374
0.4986188908054513
0.49861889101784634
0.2951140800402958
0.8590241684012638
0.49861889083699623
0.4081674039297196
0.8590241684012638
0.8590241684012638
0.4986188907953437
0.1496260874407634
0.421538999619254
0.8590241684012638
0.5017508864126836
0.8590241684012638
0.13351488429799885
0.4986188909387873
0.49861889106234625
0.49861889091288986
0.40222313509115976
0.4229502803612526
0.22124031714281428
0.8590241684012638
0.4986188909778
0.49861889077437876
0.4986188909690046
0.4986188909444283
0.4986188909967799
0.8590241684012638
0.9481525256072632
0.8590241684012638
0.4986188908966808
0.8590241684012638
0.4986188909093632
0.8590241684012638
0.2015474185802476
0.4986188909275602
0.13351488429799885
0.7972122384311912
0.13351488429799885
0.4986188908902658
0.49861889087690364
0.21552645381928703
0.49861889101814066
0.20689191348662672
0.498618890865509
0.4986188907837784
0.49861889094923617
0.4986188908849627
0.4986188909778
0.421538999619254
0.91031660857437
0.8590241684012638
0.21552645381928703
0.49861889080754973
0.7839305545600168
0.8590241684012638
0.8253048775267741
0.8590241684012638
0.20689191348662672
0.13351488429799885
0.5017508864126836
0.9117778538152992
0.4986188909412963
0.5492469434013714
0.13351488429799885
0.2710618104518663
0.91031660857437
0.4986188907385755
0.8590241684012638
0.5125929865895698
0.8590241684012638
0.4229502803612526
0.9117778538152992
0.49832615364672295
0.8294837034184463
0.8590241684012638
0.8590241684012638
0.49861889089284595
0.49861889095960943
0.49861889094586614
0.8590241684012638
0.49861889112706254
0.4986188909061745
0.9117778538152992
0.8590241684012638
0.5492469434013714
0.13351488429799885
0.9220055622807579
0.4986188908644963
0.8590241684012638
0.39019841240679
0.8590241684012638
0.1496260874407634
0.49861889106907303
0.5125929865895698
0.20689191348662672
0.2015474185802476
0.49861889099448575
0.13351488429799885
0.49861889101814066
0.8590241684012638
0.4986188909721269
0.958120871456846
0.6305003914006564
0.8253048775267741
0.32239141025695917
0.7839305545600168
0.8590241684012638
0.8590241684012638
0.1496260874407634
0.4986188908740049
0.49861889056966324
0.4081674039297196
0.49861889083699623
0.8253048775267741
0.13351488429799885
