0.12604549582601676
0.4862009464304738
0.12601477866077557
0.48753794694826674
0.48604075258362983
0.4860190980066279
0.48578668758118976
0.48402314876539204
0.48753794694826674
0.48578668758118976
0.8564889399254962
0.12578271355801032
0.12481431160531326
0.12578271355801032
0.48604075258362983
0.4863579294937914
0.48224553433705736
0.12481431160531326
0.8117085354801882
0.12367824223541478
0.4845225983783539
0.4958240617360412
0.4854540732667052
0.48480311286636585
0.48578668758118976
0.4862009464304738
0.48545720385062313
0.8540817426899752
0.4905028070973262
0.12481431160531326
0.4860456647501177
0.48402314876539204
0.4866047230155536
0.48545720385062313
0.8383844897477318
0.8499272776263862
0.486611386646097
0.8632155073916652
0.486611386646097
0.48758993398025713
0.910935835555913
0.4958240617360412
0.892458643501528
0.48224553433705736
0.12511442408561096
0.8564889399254962
0.19632957048828814
0.9385521871505114
0.7839305545600168
0.199431953880386
0.5450676848004392
0.27042947578660187
0.6869222894674212
0.12488408287618413
0.9220055622807579
0.8712219741257413
0.8617210424177509
0.23726046228490855
0.125027400744577
0.48753794694826674
0.8910524291446117
0.48480311286636585
0.5098728256779586
0.8117085354801882
0.8910524291446117
0.1240789324970099
0.6046312037615986
0.843322195983808
0.7972122384311912
0.8579835431440128
0.4498253993823177
0.47934994894746574
0.4863579294937914
0.4866047230155536
0.496250125210434
0.27169414511713064
0.4866768667911827
0.3775176225984531
0.12601477866077557
0.3176015845267911
0.3694484983208798
0.16963884464424964
0.1257800304191808
0.8579835431440128
0.9092454722820924
0.658318160175861
0.5557199698199256
0.8433221960633234
0.7855154309000909
0.32239141025695917
0.125027400744577
0.8583687619453788
0.7839305545600168
0.5317139770443835
0.8540817426899752
0.12601477866077557
0.8004407769081855
0.6305003914006564
0.4866768667911827
0.8987613199188395
0.199431953880386
0.8127204490763846
0.892458643501528
0.4863579294937914
0.5514927817970636
0.4468692774449682
0.5317139770443835
0.12507712836802498
0.7912391473345999
0.27042947578660187
0.8583687619453788
0.5450676848004392
0.9068647666605927
0.23726046228490855
0.16963884464424964
0.8131561705766339
0.885378639841266
0.4905028070973262
0.865173330422147
0.9776664276516973
0.7855154309000909
0.48641452784260375
0.8458156966584167
0.2951140800402958
0.9092454722820924
0.8632155073916652
0.8499272776263862
0.36503050638517964
0.4793514430331911
0.24530501955304101
0.3176015845267911
0.5327190041371981
0.9068647666605927
0.47458597505780425
0.475605039185625
0.48753794694826674
0.2951140800402958
0.8923453591118564
0.4862009464304738
0.4081674039297196
0.8923453591118564
0.1240789324970099
0.47549121350469203
0.2015474185802476
0.5450676848004392
0.24530501955304101
0.48449650994191795
0.865173330422147
0.12481431160531326
0.5194910719680668
0.4498253993823177
0.4468692774449682
0.36503050638517964
0.4229502803612526
0.19632957048828814
0.843322195983808
0.48648667188768063
0.4640309519232374
0.496250125210434
0.4498253993823177
0.5557199698199256
0.8131561705766339
0.9776664276516973
0.8910524291444952
0.658318160175861
0.8554685541023433
0.4721992444413059
0.48402314876539204
0.2015474185802476
0.496115684222564
0.12630653816011347
0.7972122384311912
0.8564889399254962
0.48641452784260375
0.496115684222564
0.21552645381928703
0.47458597505780425
0.23378810694311056
0.5194910719680668
0.4850677498178003
0.47417442767966334
0.4854540732667052
0.8495901143005905
0.3694484983208798
0.9003175781496162
0.8987613199188395
0.21552645381928703
0.4805117497455997
0.7839305545600168
0.8637216400794807
0.4640309519232374
0.910935835555913
0.21357168893858736
0.12604549582601676
0.48449650994191795
0.9622976366995004
0.4861184331634556
0.6046312037615986
0.12488408287618413
0.27169414511713064
0.9003175781496162
0.475605039185625
0.8458156966584167
0.4792573251785968
0.8127204490763846
0.4229502803612526
0.9385521871505114
0.5514927817970636
0.7855154309000909
0.8004407769081855
0.8617210424177509
0.4721992444413059
0.5098728256779586
0.4793514430331911
0.8131561705766339
0.4796861930888485
0.5317139770443835
0.9622976366995004
0.48758993398025713
0.6046312037615986
0.12609265513559093
0.9220055622807579
0.4755498001995393
0.8004407768936239
0.3775176225984531
0.8586674103548793
0.13727148425358582
0.4796861930888485
0.4792573251785968
0.21357168893858736
0.2015474185802476
0.8383844897477318
0.12367824223541478
0.47417442767966334
0.6869222894674212
0.486611386646097
0.958120871456846
0.6305003914006564
0.7912391473345999
0.32239141025695917
0.7839305545600168
0.8004407769081855
0.8712219741257413
0.13727148425358582
0.5327190041371981
0.4463286417278223
0.4081674039297196
0.4721992444413059
0.7912391473345999
0.12488795760530874
