0.12978373760282264
0.12354523200583271
0.8382199148965116
0.12490743635309097
0.12354523200583271
0.13029172477281992
0.4766260164778135
0.46797339300574264
0.12490743635309097
0.12254894253907382
0.8531056281403231
0.46440642466692217
0.12213398762853742
0.49830057268948436
0.4904497611542818
0.8382199148965116
0.12564303691493028
0.12254894253907382
0.8090686695164158
0.12253076053901998
0.4766260164778135
0.49998008007465733
0.8307132937810979
0.4766260164778135
0.46797339300574264
0.4874000842071274
0.48764901495531787
0.8456542064036383
0.49076387929879
0.12254894253907382
0.8382199148965116
0.47107088113582174
0.4998480296973143
0.48764901495531787
0.8678776031569204
0.8375569861664502
0.48847962656749894
0.4904497611542818
0.48935883728697044
0.5073108491850588
0.910935835555913
0.49998008007465733
0.8869920608771403
0.4748015281548728
0.12507395431230614
0.8967100069272508
0.19632957048828814
0.9385521871505114
0.7839305545600198
0.27422094295215693
0.5450676848004392
0.27042947578660187
0.6869222894674212
0.12354523200583271
0.9220055622807579
0.4652373637685236
0.8517691153720657
0.23726046228490855
0.12878715297188612
0.49461717536416483
0.8904662857359711
0.4945398194199246
0.5098728256779586
0.8090686695164158
0.8904660707082176
0.12490743635309097
0.6046312037615986
0.2606261175035735
0.7972122384311912
0.8447226417729471
0.4498253993823177
0.44799676995894855
0.8364173538286236
0.4998480296973143
0.4990623350105909
0.27169414511713064
0.8697152514965246
0.3775176225984531
0.12387535804954959
0.3176015845267911
0.3694484983208798
0.16963884464424964
0.12564303691493028
0.8517691153720657
0.9092454722820924
0.658318160175861
0.5557199698199256
0.8364173538286236
0.7855154309000909
0.32239141025695917
0.12878715297188612
0.8447226417729471
0.7839305545600188
0.5317139770443835
0.8456542064036383
0.12387535804954959
0.7799723986119118
0.6305003914006564
0.4937277878675501
0.8967100069272508
0.12253076053901998
0.7799723986119118
0.8869920608771403
0.48818565307887574
0.5514927817970636
0.4468692774449682
0.5317139770443835
0.12507395431230614
0.7912391473345999
0.27042947578660187
0.8447226417729471
0.5450676848004392
0.9068647666605927
0.23726046228490855
0.16963884464424964
0.8131561705766339
0.8452836843545284
0.49076387929879
0.9420743802931606
0.9776664276516973
0.7855154309000909
0.4848987876105375
0.8517957867339656
0.2951140800402958
0.9092454722820924
0.8375652545232646
0.8375569861664502
0.36503050638517964
0.4846444048125311
0.24530501955304101
0.3176015845267911
0.5327190041371981
0.9068647666605927
0.4724369804134505
0.45017005936906934
0.5073108491850588
0.2951140800402958
0.88679310910072
0.4874000842071274
0.4081674039297196
0.88679310910072
0.12490743635309097
0.46642464894070307
0.2015474185802476
0.5450676848004392
0.24530501955304101
0.48464442301623867
0.9420743802931606
0.12254894253907382
0.5194910719680668
0.4498253993823177
0.4468692774449682
0.36503050638517964
0.4229502803612526
0.19632957048828814
0.2606261175035735
0.48818565307887574
0.4503429041149751
0.4990623350105909
0.44982539938231764
0.5557199698199256
0.8131561705766339
0.9776664276516973
0.8904660707082176
0.658318160175861
0.8531056281403231
0.47219922007487075
0.47107088113582174
0.2015474185802476
0.49830057268948436
0.12969136533323758
0.7972122384311912
0.8559229878378054
0.4848987876105375
0.4937277878675501
0.21552645381928703
0.4724369804134505
0.27422094295215693
0.5194910719680668
0.4844317448801937
0.4748555023293277
0.4844317448801937
0.8361732648567676
0.3694484983208798
0.9071498383929544
0.8967100069272508
0.21552645381928703
0.450384807207831
0.7839305545600188
0.8881125263349186
0.4748015281548728
0.910935835555913
0.19335527093406418
0.12978373760282264
0.4846444048125311
0.9622976366995004
0.48935883728697044
0.6046312037615986
0.11971587287584202
0.27169414511713064
0.9071498383929544
0.4503429041149751
0.8517957867339656
0.4792573251785968
0.8307132937810979
0.4229502803612526
0.9385521871505114
0.5514927817970636
0.7855154309000909
0.7789257484668313
0.8476136777296736
0.47219922007487075
0.5098728256779586
0.44799676995894855
0.8131561705766339
0.4652373637685236
0.5317139770443835
0.9622976366995004
0.49862413396010036
0.6046312037615986
0.0387963712013944
0.9220055622807579
0.4509452445384041
0.7787164232686477
0.3775176225984531
0.9010432423738666
0.13727148425358582
0.46440642466692217
0.4792573251785968
0.19335527093406418
0.2015474185802476
0.8678776031569204
0.11971898581671161
0.4748555023293277
0.6869222894674212
0.48847962656749894
0.958120871456846
0.6305003914006564
0.7912391473345999
0.32239141025695917
0.7839305545600097
0.7789257484668313
0.8697152514965246
0.13727148425358582
0.5327190041371981
0.4463286417278223
0.4081674039297196
0.4721992931741761
0.7912391473345999
0.12682962016707527
