0.12893851742046442
0.4890806786690058
0.12893851742046442
0.489130914733558
0.48917503783233707
0.12893851742046442
0.489130914733558
0.8612580709360483
0.48915845887062837
0.12893851742046442
0.8612580709352317
0.12893851742046442
0.8612580709362203
0.12893851742046442
0.8612580709360522
0.8612580709359151
0.8612580709351642
0.12893851742046442
0.8612580709346758
0.8612580709357515
0.8612580709351028
0.8612580709358432
0.8612580709361328
0.8612580709362949
0.8612580709360522
0.48917503783233707
0.4891963779362672
0.8612580709366168
0.861258070933673
0.12893851742046442
0.8612580709357359
0.8612580709358446
0.4891577890835677
0.4891946995764776
0.8612580709352317
0.8612580709369749
0.48917831709591003
0.4891515602390437
0.48917831709591003
0.4891609874543739
0.8612580709176266
0.12893851742046442
0.12893851742046442
0.47793228898074314
0.12893851742046442
0.8612580709361797
0.19632957048828814
0.48999607328468253
0.48915845887062837
0.199431953880386
0.5450676848004392
0.2707456431192341
0.6869222894674212
0.12893851742046442
0.9220055622807579
0.8612580709352317
0.8612580709361569
0.12893851742046442
0.12893851742046442
0.489130914733558
0.8612580709176266
0.4891577890835677
0.48999607328468253
0.8612580709346758
0.8612580709361071
0.8612580709362949
0.6046312037615986
0.8612580709361148
0.7972122384311912
0.8612580709357074
0.46174859622170294
0.48956262903732767
0.4885853108850735
0.4143973550334561
0.4885852534185111
0.27137797778449846
0.4891540363981569
0.4143973550334561
0.12893851742046442
0.3176015845267911
0.3694484983208798
0.16963884464424964
0.12893851742046442
0.8612580709357074
0.8781634530397694
0.658318160175861
0.5557199698199256
0.8440175822955074
0.8294837034184463
0.32239141025695917
0.12893851742046442
0.8612580709361014
0.7839305545600168
0.5317139770443835
0.861258070936858
0.12893851742046442
0.8612580708806338
0.6305003914006564
0.48911161615986415
0.8859211263942675
0.199431953880386
0.8249926762515178
0.8612580709363717
0.4887555338670714
0.5206382682999353
0.4468692774449682
0.4895881692715333
0.12893851742046442
0.7912391473345999
0.2707456431192341
0.8612580709361014
0.5450676848004392
0.8612580709365067
0.12893851742046442
0.16963884464424964
0.8612580709354678
0.8612580709351028
0.4890806786690058
0.861258070936047
0.9776664276516973
0.8294837034184463
0.4890698857955402
0.8612580709348239
0.2951140800402958
0.8781634530397694
0.8612580709357515
0.8612580709355814
0.36503050638517964
0.4797837633696995
0.48915845887062837
0.3176015845267911
0.5040274440937179
0.8612580709367018
0.4763066148589361
0.4895881692715333
0.4891603449173919
0.2951140800402958
0.8811164591474869
0.4893277269323297
0.4081674039297196
0.8811164591474869
0.8612580709362704
0.4899960732846762
0.2015474185802476
0.5450676848004392
0.18527015970678393
0.48449650994191795
0.861258070936692
0.12893851742046442
0.5194910719680668
0.46174859622170294
0.4468692774449682
0.36503050638517964
0.4229502803612526
0.19632957048828814
0.8440175822955074
0.4887555338670714
0.4894579509133514
0.4885853108850735
0.46174859622170294
0.5557199698199256
0.8612580709361148
0.9776664276516973
0.8612580709339362
0.658318160175861
0.8612580709332209
0.4721992444413059
0.8612580709351642
0.2015474185802476
0.496115684222564
0.12893851742046442
0.7972122384311912
0.18527015970678393
0.4890698857955402
0.496115684222564
0.21552645381928703
0.4763066148589361
0.22031049494009514
0.5194910719680668
0.4869812969383988
0.47793228898074314
0.4869812969383988
0.8612580709365392
0.3694484983208798
0.91031660857437
0.8859211263942675
0.21552645381928703
0.4895881692715333
0.7839305545600168
0.861258070935044
0.8612580709360483
0.8574420478994117
0.22031049494009514
0.12893851742046442
0.48449650994191795
0.9622976366995004
0.4891689266524288
0.6046312037615986
0.12893851742046442
0.27137797778449846
0.91031660857437
0.4894579509133514
0.8612580709369749
0.47978088771212835
0.8249926762515178
0.4229502803612526
0.12893851742046442
0.5206382682999353
0.8294837034184463
0.8612580708806338
0.8612580709360483
0.4721992444413059
0.4885853683516359
0.4797837633696995
0.8612580709354678
0.4796861930888485
0.5317139770443835
0.9622976366995004
0.4891622904516524
0.6046312037615986
0.12893851742046442
0.9220055622807579
0.5206382682999353
0.8574420478994117
0.4143973550334561
0.8612580709359929
0.13727148425358582
0.4796861930888485
0.47978088771212835
0.22031049494009514
0.2015474185802476
0.8612580709357681
0.12893851742046442
0.4763066148579487
0.6869222894674212
0.48917831709591003
0.958120871456846
0.6305003914006564
0.7912391473345999
0.32239141025695917
0.7839305545600168
0.8612580708258643
0.8612580709361658
0.13727148425358582
0.5040274440937179
0.4463286417278223
0.4081674039297196
0.4721992444413059
0.7912391473345999
0.12893851742046442
