0.1333529202433653
0.8305869758785362
0.4602786331238016
0.8744269799417355
0.89945663598348
0.8131560088547454
0.13232119418540467
0.8744269799417355
0.13424601820545642
0.48416612010911797
0.8578246205310762
0.14439948606218067
0.4602786331238016
0.504900709414437
0.13232119418540467
0.8305869758785362
0.4602786331238016
0.13424601820545642
0.8090686695164158
0.10292635199543208
0.4746398893057427
0.489024838515316
0.9194233356026209
0.4746398893057427
0.45781239688695213
0.5351831934774915
0.4729799642675374
0.7437464437052554
0.13424601820545642
0.9057759756184671
0.8305869758785362
0.46836322146491827
0.4940287809604884
0.48039863226996543
0.9336903684522454
0.8276044417158952
0.5203289464319494
0.8682411260025473
0.5195214210757163
0.5104594412636261
0.9701361195680636
0.5940796947701643
0.8903763049842291
0.44946805280808366
0.89945663598348
0.9005742210702037
0.19632957048828814
0.9385521871505114
0.7839356642663519
0.27422094295215693
0.54506707814332
0.27042947578660187
0.6869222894674212
0.10629865403232644
0.9220055622807579
0.40058123604234497
0.8744269799417355
0.23726046356809194
0.14890966764201516
0.5104594412636261
0.89945663598348
0.23726045971854184
0.5098728256779586
0.8090686695164158
0.8819603817184237
0.1341023812065088
0.6046297491288715
0.2606261175035735
0.7972122384311912
0.8088747427545403
0.4486361685339131
0.40626819230278116
0.8078853124881441
0.4940287809604884
0.48039863226996543
0.27169414511713064
0.8697152514965246
0.3775176225984531
0.12211780245198456
0.3176015845267911
0.3694484983208798
0.16963884464424964
0.14439948606218067
0.45570287686905425
0.9092454722820924
0.658318160175861
0.5557199698199256
0.8078853124881441
0.7855154308697567
0.32239141025695917
0.14416211965119055
0.8088747427545403
0.7839136298416637
0.531732302699429
0.7437464437052554
0.12211780245198456
0.4450684459184089
0.6305003914006564
0.5185541248709513
0.9005742210702037
0.10292635199543208
0.7307391703758697
0.8945168363639555
0.48902507746988155
0.5514927817970636
0.44772507764588954
0.5317048142168608
0.13050069598564124
0.7912394467751269
0.27042947578660187
0.8088747427545403
0.54506707814332
0.9197235800542763
0.23726046356809194
0.16963884464424964
0.8131560066192078
0.7578010120532354
0.4685943986458626
0.9420743802931606
0.9776664276516973
0.785515430915258
0.47967068504185956
0.8544284597819056
0.2951140800402958
0.9092454722820924
0.8682411260025473
0.8276044417158952
0.36503050638517964
0.48416612010911797
0.24530501955304101
0.3176015845267911
0.5327190041371981
0.9197235800542763
0.47243698274327584
0.4527169462833577
0.5104594412636261
0.2951140800402958
0.8814748505338406
0.47765545895285527
0.4081674039297196
0.8814748505338406
0.1341023812065088
0.4527169462833577
0.20154719105819585
0.5450688981146776
0.24530501955304101
0.489024838515316
0.9420743802931606
0.1082273734662132
0.5194910719680668
0.45220386107912725
0.44772507764588954
0.36503050638517964
0.4229502803612526
0.19632957048828814
0.2606261175035735
0.48902507746988155
0.4365421529098404
0.5351831934774915
0.4486361685339131
0.5557199698199256
0.8131560066192078
0.9776664276516973
0.8819603817184237
0.658318160175861
0.8578252964737286
0.46848907771644366
0.46836322146491827
0.20154719105819585
0.46848907771644366
0.14580698529061287
0.7972122384311912
0.8578246205310762
0.47967068504185956
0.5185541248709513
0.21552645381928703
0.4724369792485377
0.27422094295215693
0.5194910719680668
0.4844317448801937
0.5940796947701643
0.4844317448801937
0.8709803955587948
0.3694484983208798
0.9057781930898192
0.9005742210702037
0.21552645381928703
0.44946805280808366
0.7839136298416637
0.8720050333957251
0.4463307277065689
0.9701361195680636
0.19335527093406418
0.1333529202433653
0.4835457749947827
0.9622976366995004
0.5022495968619386
0.6046297491288715
0.10694455249245036
0.27169414511713064
0.9057781930898192
0.4365421529098404
0.8544284597819056
0.0387963712013944
0.7307391703758697
0.4229502803612526
0.9385521871505114
0.5514927817970636
0.785515430915258
0.7272213178323752
0.8744269799417355
0.4602786331238016
0.5098728256779586
0.40626819230278116
0.8131566595373295
0.40058123604234497
0.5317048142168608
0.9622976366995004
0.504900709414437
0.6046341130270527
0.0387963712013944
0.9220055622807579
0.42675556695081257
0.7272213178323752
0.3775176225984531
0.8853318030258045
0.13727148425358582
0.4005795506383524
0.8903763049842291
0.19335527093406418
0.2015478736243512
0.9336903684522454
0.10629865403232644
0.4724369792485377
0.6869222894674212
0.5203289464319494
0.958120871456846
0.6305003914006564
0.7912385484535456
0.32239141025695917
0.7839592942903877
0.7262164069963613
0.8697152514965246
0.13727148425358582
0.5327190041371981
0.4463286417278223
0.4081674039297196
0.47765545895285527
0.7912394467751269
0.1266964161900825
