0.23281524881867233
0.23281524881867233
0.9592264295175601
0.6855036569309938
0.23281524881867233
0.23281524881867233
0.6855036569309938
0.6855036569309938
0.6855036569309938
0.6855036569309938
0.6855036569309938
0.6855036569309938
0.6855036569309938
0.23281524881867233
0.6855036569309938
0.6855036569309938
0.6855036569309938
0.6855036569309938
0.23281524881867233
0.23281524881867233
0.23281524881867233
0.23281524881867233
0.23281524881867233
0.23281524881867233
0.6855036569309938
0.6855036569309938
0.23281524881867233
0.23281524881867233
0.6855036569309938
0.6855036569309938
0.6855036569309938
0.6855036569309938
0.23281524881867233
0.6855036569309938
0.6855036569309938
0.6855036569309938
0.23281524881867233
0.23281524881867233
0.6855036569309938
0.6855036569309938
0.23281524881867233
0.6855036569309938
0.6855036569309938
0.6855036569309938
0.23281524881867233
0.23281524881867233
0.6855036569309938
0.23281524881867233
0.23281524881867233
0.23281524881867233
0.23281524881867233
0.6855036569309938
0.6855036569309938
0.6855036569309938
0.6855036569309938
0.23281524881867233
0.23281524881867233
0.6855036569309938
0.23281524881867233
0.23281524881867233
0.23281524881867233
0.6855036569309938
0.23281524881867233
0.6855036569309938
0.6855036569309938
0.6855036569309938
0.6855036569309938
0.23281524881867233
0.6855036569309938
0.23281524881867233
0.6855036569309938
0.23281524881867233
0.23281524881867233
0.6855036569309938
0.23281524881867233
0.23281524881867233
0.6855036569309938
0.6855036569309938
0.23281524881867233
0.23281524881867233
0.23281524881867233
0.23281524881867233
0.23281524881867233
0.23281524881867233
0.6855036569309938
0.23281524881867233
0.6855036569309938
0.23281524881867233
0.23281524881867233
0.23281524881867233
0.6855036569309938
0.6855036569309938
0.6855036569309938
0.23281524881867233
0.6855036569309938
0.23281524881867233
0.6855036569309938
0.23281524881867233
0.6855036569309938
0.23281524881867233
0.6855036569309938
0.6855036569309938
0.23281524881867233
0.23281524881867233
0.6855036569309938
0.6855036569309938
0.23281524881867233
0.9592264295173542
0.6855036569309938
0.23281524881867233
0.6855036569309938
0.23281524881867233
0.6855036569309938
0.9592264295175764
0.6855036569309938
0.6855036569309938
0.6855036569309938
0.6855036569309938
0.6855036569309938
0.6855036569309938
0.6855036569309938
0.6855036569309938
0.23281524881867233
0.23281524881867233
0.23281524881867233
0.6855036569309938
0.6855036569309938
0.23281524881867233
0.23281524881867233
0.23281524881867233
0.6855036569309938
0.23281524881867233
0.23281524881867233
0.6855036569309938
0.6855036569309938
0.6855036569309938
0.23281524881867233
0.23281524881867233
0.6855036569309938
0.23281524881867233
0.6855036569309938
0.6855036569309938
0.6855036569309938
0.23281524881867233
0.23281524881867233
0.6855036569309938
0.6855036569309938
0.23281524881867233
0.23281524881867233
0.23281524881867233
0.23281524881867233
0.23281524881867233
0.23281524881867233
0.23281524881867233
0.6855036569309938
0.23281524881867233
0.23281524881867233
0.6855036569309938
0.6855036569309938
0.23281524881867233
0.6855036569309938
0.6855036569309938
0.23281524881867233
0.6855036569309938
0.6855036569309938
0.6855036569309938
0.23281524881867233
0.23281524881867233
0.6855036569309938
0.6855036569309938
0.23281524881867233
0.6855036569309938
0.6855036569309938
0.23281524881867233
0.23281524881867233
0.23281524881867233
0.23281524881867233
0.23281524881867233
0.23281524881867233
0.6855036569309938
0.6855036569309938
0.23281524881867233
0.23281524881867233
0.23281524881867233
0.23281524881867233
0.6855036569309938
0.6855036569309938
0.6855036569309938
0.6855036569309938
0.23281524881867233
0.23281524881867233
0.6855036569309938
0.6855036569309938
0.6855036569309938
0.23281524881867233
0.23281524881867233
0.6855036569309938
0.6855036569309938
0.23281524881867233
0.6855036569309938
0.6855036569309938
0.23281524881867233
0.6855036569309938
0.23281524881867233
0.23281524881867233
0.6855036569309938
0.6855036569309938
0.23281524881867233
0.23281524881867233
0.23281524881867233
0.23281524881867233
0.23281524881867233
0.6855036569309938
0.6855036569309938
0.23281524881867233
0.6855036569309938
0.23281524881867233
0.23281524881867233
0.6855036569309938
0.6855036569309938
0.6855036569309938
0.6855036569309938
0.23281524881867233
0.23281524881867233
0.23281524881867233
0.9592264295175601
0.6855036569309938
0.6855036569309938
0.23281524881867233
0.23281524881867233
0.6855036569309938
0.23281524881867233
0.6855036569309938
0.6855036569309938
0.23281524881867233
0.23281524881867233
0.23281524881867233
0.6855036569309938
0.23281524881867233
0.23281524881867233
0.6855036569309938
0.6855036569309938
0.6855036569309938
0.6855036569309938
0.6855036569309938
0.6855036569309938
0.6855036569309938
0.6855036569309938
0.6855036569309938
0.9592264295175437
