0.44906218796925046
0.16021587238061008
0.9847489545705866
0.7253135056867285
0.5732700566757463
0.08731545595064016
0.9558538995394208
0.6554216296626645
0.4268546025179686
0.4993612482941674
0.5385023223056374
0.9210212966232926
0.8518227536240247
0.2196025073489084
0.6787241671251113
0.8069708708419514
0.5569788190207441
0.7407498039088359
0.22625877714705744
0.23765195303257103
0.4489990799747685
0.32979809768733526
0.289570143988476
0.1863592515484197
0.491767005878019
0.6617511719721504
0.22051578907935088
0.33884209223241724
0.8764368929643117
0.7314250792146645
0.664432750057789
0.8613839017866476
0.05906753372408802
0.5866851218236575
0.5212560392008493
0.9957901398377123
0.4177269185826211
0.1776954771156769
0.5562433975816312
0.6279051253275821
0.13820441601305333
0.7221501455920243
0.7074012951848924
0.7475687545476624
0.16845136053358012
0.3592295837985251
0.46340551026887633
0.23776745341500105
0.07383647540969429
0.1539447768193608
0.16886692040036455
0.7707124355036179
0.9163943239267853
0.7886832077321653
0.665035644514869
0.3345388097269948
0.40282785176117175
0.8319906266604965
0.3147869330785359
0.07335482722722342
0.16814149546221258
0.8120710780903674
0.06301355445302803
0.938223188012975
0.4855348545398497
0.3349838661277966
0.58893463275991
0.3053954647074666
0.9488864275586277
0.22156563805537777
0.6821208368012488
0.20240986381862858
0.11215606567490699
0.6707748726334359
0.3474437550078775
0.09998882189221758
0.8277973877098731
0.7881685622556266
0.23820162066982287
0.046737537137172325
0.18274680479864291
0.32346872868158993
0.5402401447955921
0.23048952853798554
0.6407066009536505
0.23941054373273896
0.4497956359437404
0.47214366829746757
0.1444051912660954
0.19522273569765947
0.664270739309322
0.8641997166855176
0.7086197584574496
0.33866112923612224
0.8031905925755182
0.4407097582751023
0.5800193940399622
0.3960506371321313
0.9922705453177417
0.1288571905515843
0.7344397727286279
0.9459580621229785
0.10555705648916724
0.00854993649920055
0.5261324517631973
0.494993309693302
0.10214078643498392
0.9826523400853467
0.9433930161533658
0.3784405107513016
0.6629752387802437
0.2732945995723164
0.46981799303568894
0.962032071672665
0.7853570260821968
0.692878292130545
0.8967405490637742
0.6470240704684297
0.44915609040374893
0.717362070381182
0.6470235379566713
0.9702232275273923
0.2708488945764004
0.29642041423859566
0.3578680125932304
0.4182726626525405
0.4474469995393642
0.43432719646645623
0.045754285912249615
0.15623133278787316
0.7747712829903876
0.16655508236316607
0.3278245507230306
0.7052605374411683
0.5829167416482345
0.9540344937481152
0.1293313718116439
0.3010968477144351
0.3138648749997788
0.20513244447330836
0.6018304682148817
0.4856297717112027
0.6960099047400824
0.43532258532998114
0.1755614644983614
0.6479650065298779
0.7943822851092939
0.0317564170704977
0.11500953574063233
0.3327053580441188
0.4797097771590755
0.31396726007067466
0.24529460111074042
0.019790733787421244
0.7982308409734403
0.14194967033867723
0.13721551488561312
0.7373136443851351
0.6460635932465095
0.19576775838151284
0.400547726115391
0.795032123899408
0.23053261683261506
0.5488287732873287
0.6732096090890007
0.6104123916779575
0.2032662209145253
0.08470193818471461
0.8307198793045036
0.7483102604237313
0.659827099304922
0.802020729043522
0.51282401313487
0.06807215355423013
0.004752546615911957
0.22763223611394978
0.2186938664460163
0.05884168589527783
0.27423124992243864
0.6504000830538507
0.5120372599079767
0.4646054858201174
0.009031274790191612
0.24962453354744418
0.0395602549666324
0.6723215592108169
0.6001016292180337
0.49604953277362507
0.7673574890228396
0.3560583892765842
0.2197834297096436
0.6366376164080764
0.6714486960209394
0.5793991388129389
0.37594978292470516
0.14562646935505874
0.6350345321903931
0.6047662656067762
0.18486212065938945
0.5683364200780634
0.5886537169331919
0.3118007374179871
0.7759137430730902
0.2528185561756874
0.025094589978868598
0.6674377690478208
0.4081703545404952
0.0034699715883196314
0.466486426367531
0.11782063931435072
0.3019658098577519
0.192623035127099
0.6703640402969756
0.376678063074509
0.2002814754552893
0.5302424932015709
0.06058300569011521
0.07122981939999451
0.4573365324311044
0.7450494027266166
0.7164239222997764
0.8851197682820493
0.1313491143561737
0.10448165982112356
0.1519614157495247
0.9006455310626769
0.5489328251343698
0.8029083970667085
0.3618871319556053
0.3371264743236603
0.957060264400988
0.3808132353559567
0.6165064277461947
0.6219419271819779
0.17467024700003286
0.479119470149703
0.2119414211367605
0.9163065975933217
0.42669632583043393
0.24328830766360854
0.9131404535186933
0.8037231592688114
0.8230679865437082
0.7686423549392608
0.8004800107157765
0.49537053935493736
0.6669905683253797
0.8974408315242647
0.7109577612914684
0.9507247026443721
