0.836537382541183
0.8649296448478666
0.06363768364230447
0.803363152206852
0.5533152828029537
0.17713209138852806
0.36639970496649876
0.86360408642597
0.15887381038275933
0.849985722092002
0.13390354803155838
0.18843217951480287
0.5280162733350209
0.1418457045424798
0.8740048896140594
0.14418614156348344
0.916613428412216
0.09670334759679633
0.7317124290881383
0.4677747464944455
0.8032058147694134
0.8398217753030416
0.4248681546164713
0.7765061441558401
0.866138160235145
0.9263154676713101
0.7838598686459973
0.5138853089125189
0.5144717518069744
0.1796569851870004
0.1106423462928627
0.4778752701081871
0.38426866626797634
0.5973702337070741
0.08393969421169069
0.5331414958567742
0.8445231534907054
0.45384711084212215
0.482869554540374
0.7954431684520382
0.1697303457034427
0.7941534838698486
0.1418457045424798
0.20769961007200982
0.17019879826594891
0.633701871928609
0.7527071149947402
0.7547296231776959
0.5846988238745919
0.8367227165019492
0.6940718702896745
0.5184603984140042
0.5144717518069744
0.8201375922880088
0.8263229914365333
0.8724026439619751
0.169205730653018
0.8765048972164882
0.8419866511005586
0.8988100164468718
0.11071069291686636
0.160778258242331
0.21897630583925382
0.5207635098569228
0.633701871928609
0.8480500252873604
0.5331414958567742
0.10779006701728014
0.8353291905431683
0.5166292556017561
0.8472286351718508
0.8547093665772999
0.18843217951480287
0.33577854052404943
0.5854293718972852
0.21211097003671076
0.5015988547370074
0.13615428824808168
0.4677747464944455
0.9010083269345159
0.8547093665772999
0.9263154676713101
0.20769961007200982
0.2463997264685307
0.1848999930072201
0.7547296231776959
0.9241272839897592
0.5520052859070104
0.10994803242134953
0.5832934576779976
0.5746859095165939
0.990126499374038
0.5549599317057237
0.1980816930569495
0.8889215323838481
0.12059156728179769
0.11575668730366934
0.36639970496649876
0.5002923375264388
0.37282859262627704
0.9218942097247993
0.4248681546164713
0.12987577054619284
0.599878741487797
0.1158531988572552
0.5854025576097737
0.8398217753030416
0.5188442503211572
0.21926011484259658
0.6421869617656835
0.8367556973302557
0.2125067642483353
0.10779006701728014
0.10557639712401745
0.17868859758889416
0.5138853089125189
0.12059156728179769
0.5217380298274832
0.4265929063561175
0.7317124290881383
0.6730119665266674
0.9167983296696715
0.15731929522944504
0.8395435054825285
0.8480500252873604
0.48973706242259724
0.8740048896140594
0.1689509851011848
0.30584038302107136
0.1646816999132078
0.8946872626052693
0.7104779398738535
0.9114723966869358
0.8676412671278362
0.11950932079706234
0.8262102904573574
0.5533152828029537
0.5593853698399147
0.11950932079706234
0.8472286351718508
0.1848999930072201
0.1886382494303182
0.5746859095165939
0.7104779398738535
0.5188442503211572
0.21211097003671076
0.13776454303904073
0.33577854052404943
0.8946872626052693
0.8201375922880088
0.15887381038275933
0.8522327761923792
0.14418614156348344
0.4941923208931075
0.599878741487797
0.3457850684588389
0.8724026439619751
0.5854293718972852
0.08967978459712844
0.86360408642597
0.9106471868090865
0.8367556973302557
0.4893212065388548
0.2288818173136094
0.8515462200047077
0.5832934576779976
0.9241272839897592
0.6471123340866807
0.5593853698399147
0.16275294494466397
0.1106423462928627
0.7999418659135454
0.8021364083905302
0.21897630583925382
0.15839031942096826
0.1383634421830953
0.5811843577462213
0.39412041726600466
0.8491079109277733
0.8123942840330598
0.916613428412216
0.7765061441558401
0.5364849818989739
0.48973706242259724
0.9106471868090865
0.10341859152455465
0.4893212065388548
0.1158531988572552
0.8649296448478666
0.8275787115857367
0.8275787115857367
0.990126499374038
0.1886382494303182
0.7527071149947402
0.1792677563626321
0.20496182523082496
0.8707933613101984
0.7954431684520382
0.12987577054619284
0.42314340287682506
0.5203281549336407
0.533955922814096
0.1698145894353205
0.2056656302284607
0.866138160235145
0.313142467750061
0.34974111185604617
0.5549599317057237
0.5507830499181559
0.8988100164468718
0.17713209138852806
0.5636120608991959
0.5438450108102844
0.10557639712401745
0.8395435054825285
0.1789026502841874
0.8353291905431683
0.5846988238745919
0.23395003718172785
0.1262537823671523
0.573904618316114
0.5217380298274832
0.22583418993344798
0.8162113604384802
0.8707933613101984
0.38426866626797634
0.11656620382224993
0.2125067642483353
0.08393969421169069
0.06363768364230447
0.2463997264685307
0.7999418659135454
0.13390354803155838
0.39412041726600466
0.8060618344365342
0.4702413620185317
0.13615428824808168
0.533955922814096
0.1004405207063386
0.1792677563626321
0.3457850684588389
0.1697303457034427
0.573904618316114
0.16275294494466397
0.5215701839788485
0.5777965700038377
0.1980816930569495
0.6730119665266674
0.4702413620185317
0.8162113604384802
