0.8368613976288142
0.8696779000253116
0.06363768364230447
0.8060618344365342
0.5533152828029537
0.19490688143250576
0.4715467881876405
0.86360408642597
0.15946134361249148
0.849985722092002
0.14402623644324372
0.17119872880114503
0.5280162733350209
0.14532796690186434
0.9086056936581519
0.14561606054152276
0.9156889221249392
0.09670334759679633
0.6627862495372373
0.4677747464944455
0.8032058147694134
0.8351203971153778
0.42314340287682506
0.7691524196656827
0.866138160235145
0.8625044359685822
0.7307564731644884
0.520845829881287
0.4810943564080469
0.1689065437264935
0.08711439731399674
0.4778752701081871
0.30584038302107136
0.5545088833552261
0.12359963672071274
0.5331414958567742
0.8368613976288142
0.45384711084212215
0.4941923208931075
0.7875231846972244
0.160778258242331
0.7928475109902431
0.14328471067055615
0.2000316749308378
0.19830283383370556
0.6001527978836867
0.8491701405149906
0.7547296231776959
0.5846988238745919
0.8288344317349402
0.6940718702896745
0.5354211222244133
0.47835007555127085
0.8138394921603084
0.8538923223497665
0.8717901198644822
0.177633203063705
0.8765048972164882
0.8401378526236882
0.8988100164468718
0.12002041815232967
0.160778258242331
0.21878754932224487
0.48540478811476806
0.6627862495372373
0.8448141387789043
0.5331414958567742
0.12885249146154168
0.8765048972164882
0.5166292556017561
0.843835449577429
0.8594330110625978
0.2056656302284607
0.33577854052404943
0.5752188358913816
0.2310210001774625
0.5203281549336407
0.13989638462936552
0.4677747464944455
0.9010083269345159
0.849985722092002
0.990126499374038
0.21536754521318183
0.17119872880114503
0.14396579608099222
0.7547296231776959
0.926858723174225
0.5520052859070104
0.10994803242134953
0.6269129272899496
0.5453422569416274
0.990126499374038
0.5545088833552261
0.2000316749308378
0.8889215323838481
0.11324431967514269
0.1155636641964976
0.27010246041811614
0.45673966424259316
0.37282859262627704
0.9218942097247993
0.4265929063561175
0.1698145894353205
0.6001527978836867
0.093456800664468
0.6269129272899496
0.8521849093525966
0.5077192457332835
0.21878754932224487
0.6421869617656835
0.8375315192751582
0.2288818173136094
0.08154653201083895
0.09010438867969273
0.17753028004141827
0.520845829881287
0.11324431967514269
0.49269300973681046
0.4265929063561175
0.8032058147694134
0.6730119665266674
0.9213958448052934
0.093456800664468
0.8495014670673853
0.8491079109277733
0.4778752701081871
0.836045837041966
0.24444516953790163
0.30584038302107136
0.177633203063705
0.9156889221249392
0.5777965700038377
0.9143390997157197
0.8676412671278362
0.08967978459712844
0.8262102904573574
0.5533152828029537
0.5593853698399147
0.13739064831647219
0.843835449577429
0.22583418993344798
0.20732393941921803
0.6173482188605328
0.8138394921603084
0.49300374600621477
0.2197326803629483
0.1517301967627106
0.33577854052404943
0.8764341056466677
0.8676412671278362
0.15935730134455037
0.8448141387789043
0.14561606054152276
0.4941923208931075
0.5925108000802195
0.3418290250616316
0.873015168059468
0.6143405679070622
0.08967978459712844
0.86360408642597
0.9106471868090865
0.836045837041966
0.5398408744146668
0.2288818173136094
0.8506848793155315
0.49300374600621477
0.9213958448052934
0.6940718702896745
0.5593853698399147
0.13739064831647219
0.12885249146154168
0.8295855438976718
0.8351203971153778
0.21916506235626274
0.19830283383370556
0.14328471067055615
0.6624044485174598
0.39412041726600466
0.8491079109277733
0.7952030241684478
0.9101919170028028
0.7691524196656827
0.4810943564080469
0.4715467881876405
0.9106471868090865
0.09027097922685937
0.47835007555127085
0.1155636641964976
0.8696779000253116
0.8262102904573574
0.8288344317349402
0.990126499374038
0.1699525594414184
0.6584220903425329
0.17984691513637002
0.1789026502841874
0.8889215323838481
0.7875231846972244
0.08999311414498375
0.42314340287682506
0.5203281549336407
0.49269300973681046
0.1698145894353205
0.2056656302284607
0.866138160235145
0.313142467750061
0.34974111185604617
0.5918756073899007
0.5507830499181559
0.8988100164468718
0.15935730134455037
0.5520052859070104
0.6173482188605328
0.09010438867969273
0.8295855438976718
0.1789026502841874
0.7928475109902431
0.5846988238745919
0.23395003718172785
0.08999311414498375
0.573904618316114
0.5507830499181559
0.22583418993344798
0.7422504826675642
0.8526651902365487
0.45384711084212215
0.11988808796935717
0.19613171118306122
0.06743886771704277
0.06363768364230447
0.313142467750061
0.7874557108908378
0.11988808796935717
0.39412041726600466
0.8060618344365342
0.4702413620185317
0.12955235391071926
0.5752188358913816
0.06743886771704277
0.17984691513637002
0.34974111185604617
0.1941964112514008
0.573904618316114
0.20732393941921803
0.5354211222244133
0.5777965700038377
0.19613171118306122
0.6730119665266674
0.4702413620185317
0.8717901198644822
