0.8487694049955238
0.8835655780306712
0.05978381140960132
0.8698731862055041
0.6303581650574835
0.21781300403258977
0.3415496326710288
0.8680782390416701
0.2573458695619877
0.9530287060555518
0.019849058511287154
0.1859864377514533
0.41008883739787394
0.22394775016674784
0.970359450305819
0.0619076935600984
0.966127672393394
0.09670334759679633
0.518198347615492
0.39968463969646795
0.7215645933804924
0.6961655011417853
0.26327709758850293
0.8001077401006118
0.7668964529408749
0.8488818897395701
0.661405206228365
0.5735831818245498
0.5055919459947604
0.25959249337627666
0.053230472809730395
0.39968463969646795
0.387512459074587
0.6570167613446878
0.17370041632320934
0.5203481579329388
0.9478787940850119
0.48149632797673025
0.5213292214442871
0.8257506309012287
0.04195681575243637
0.7632087339537168
0.06401159549760127
0.26000824896875285
0.3897154993310392
0.4898557848653118
0.9453264876677772
0.6567852708657144
0.6646518424909754
0.970359450305819
0.9092311647160367
0.32681156902324526
0.5011968969032761
0.7690347551675628
0.7536607173660175
0.9523615305059046
0.18506217154151425
0.8972720632034039
0.9327375820994273
0.8984997361163373
0.13406643216119118
0.19864954794656575
0.11547700658431495
0.4630903304962526
0.6671504087319418
0.8309746363145704
0.5213292214442871
0.10451756537094944
0.86132896872367
0.4239515094881037
0.9327375820994273
0.8832701876813753
0.14279916635636858
0.3897154993310392
0.6215598345298426
0.18324294986278133
0.47861460615229146
0.19864954794656575
0.515892583973515
0.982554693691408
0.9161290458269855
0.9946802277382523
0.23038368640336981
0.2439981697803379
0.07307904257100803
0.8251168399596222
0.952434389819158
0.5533801899715793
0.015564528120950438
0.5968090932352115
0.511422905391226
0.9946802277382523
0.5057845198837537
0.11547700658431495
0.9530287060555518
0.11232040731609158
0.2170349342419215
0.12422841975551374
0.45423655537296215
0.3750313409949252
0.8946031559925891
0.5008339276170996
0.2170349342419215
0.6709455542536784
0.10052341426009098
0.6570167613446878
0.7452694703009445
0.5679335659621658
0.26327709758850293
0.6110842994033064
0.7255593919917747
0.32681156902324526
0.06546665988577981
0.1656331649084844
0.07349885711821613
0.5735831818245498
0.04476624257549244
0.4239515094881037
0.3750313409949252
0.9472646901851323
0.8390217348230669
0.7934069970951683
0.16002643495632224
0.8698731862055041
0.7837878097700749
0.5962358340113929
0.7255593919917747
0.10052341426009098
0.4189603519128303
0.04869732701706553
0.9636770046365427
0.6671504087319418
0.8468519370104847
0.9453264876677772
0.09204974623578821
0.8511544371588557
0.4898557848653118
0.5447167261936827
0.14125385022702486
0.7934069970951683
0.1805034511109343
0.22227092904575974
0.4627775610302343
0.8511544371588557
0.5679335659621658
0.15796629938036336
0.09204974623578821
0.42595033278505473
0.8196786035783293
0.9161290458269855
0.16589805590089457
0.8390217348230669
0.10451756537094944
0.5021028582642895
0.5847433182567883
0.3530463630847747
0.8854469816239052
0.5796184622009247
0.04195681575243637
0.8680782390416701
0.952434389819158
0.6896788360773123
0.6070729667377912
0.17370041632320934
0.9473007395909263
0.4578304373526454
0.9855727710098235
0.7613664497512835
0.5447167261936827
0.053230472809730395
0.1007776230471531
0.7598838049202509
0.8832701876813753
0.059396420362446384
0.12939817382986551
0.1640557079026441
0.7396279779231235
0.35913079600798614
0.6961655011417853
0.8257506309012287
0.898383056890394
0.8001077401006118
0.42576266387864536
0.5214406724168794
0.9473007395909263
0.11232040731609158
0.4578304373526454
0.06546665988577981
0.7788428619404768
0.8745010678594349
0.7704126270339422
0.9855727710098235
0.1678713355517275
0.6984742669509179
0.1687594743051231
0.18142372818404845
0.6853896783687151
0.6984742669509179
0.08814471020670056
0.432961594756891
0.47861460615229146
0.5472737109654534
0.24515929848461993
0.2573458695619877
0.9813356961981656
0.27283697088277903
0.3695732438375146
0.6611795418163269
0.45988051255481643
0.8984997361163373
0.21781300403258977
0.6304914099166162
0.645145414794589
0.04476624257549244
0.7598838049202509
0.0481834840375443
0.86132896872367
0.5335352431348006
0.3530463630847747
0.20098223458035064
0.4630903304962526
0.6025350137556162
0.1805034511109343
0.7536607173660175
0.8488818897395701
0.6304914099166162
0.15975354269006292
0.36182640640098895
0.06478604978223654
0.06893254617662228
0.4189603519128303
0.8732719518161229
0.12422841975551374
0.4627775610302343
0.5288213770225547
0.422611532608566
0.15583591552813225
0.6215598345298426
0.06893254617662228
0.1640557079026441
0.3695732438375146
0.20098223458035064
0.6593638127805761
0.25959249337627666
0.5820445514608
0.5962358340113929
0.18324294986278133
0.47507594666516284
0.5796184622009247
0.8697392025918668
