0.8215378859050317
0.8696779000253116
0.06363768364230447
0.8698731862055041
0.6153360566407634
0.19490688143250576
0.47289124965449586
0.8635039650519765
0.15946134361249148
0.9218942097247993
0.09224517188026014
0.17244489816087166
0.5280162733350209
0.14532796690186434
0.9086056936581519
0.07282208479481851
0.8935251108313804
0.09670334759679633
0.6627862495372373
0.44225648043232724
0.7547296100371377
0.7875906585036109
0.42314340287682506
0.7307564731644884
0.866138160235145
0.8625044359685822
0.7307564731644884
0.520845829881287
0.4810943564080469
0.10994803242134953
0.09027097922685937
0.41018585957874415
0.30584038302107136
0.5545088833552261
0.12359963672071274
0.5496537361117924
0.8521849093525966
0.419019706510987
0.49329301255656377
0.7963807807575503
0.19580730100622729
0.7916697544011406
0.14396579608099222
0.2601669652323101
0.21536754521318183
0.6001527978836867
0.883600514753983
0.7547296231776959
0.5846988238745919
0.8175310108461922
0.6940718702896745
0.5310013700341598
0.47835007555127085
0.8138394921603084
0.8346452076019586
0.8728908990213614
0.177633203063705
0.8991174720832099
0.8627446944011843
0.9211859272470757
0.12002041815232967
0.19580730100622729
0.21916506235626274
0.5077192457332835
0.6627862495372373
0.8448141387789043
0.5166292556017561
0.12885249146154168
0.8731394370975745
0.5166292556017561
0.843835449577429
0.8594330110625978
0.16558992534497885
0.33577854052404943
0.5719688892477912
0.2310210001774625
0.4950916292296512
0.13989638462936552
0.49329301255656377
0.902899181785822
0.8627446944011843
0.990126499374038
0.21536754521318183
0.18817492212012618
0.14396579608099222
0.7547296231776959
0.926858723174225
0.6153360566407634
0.10994803242134953
0.6269129272899496
0.5453422569416274
0.990126499374038
0.5545088833552261
0.13989638462936552
0.8991174720832099
0.11324431967514269
0.1155636641964976
0.27010246041811614
0.45673966424259316
0.3750313409949252
0.9218942097247993
0.480357220085958
0.1698145894353205
0.6001527978836867
0.093456800664468
0.6269129272899496
0.8521849093525966
0.5077192457332835
0.23395003718172785
0.6421869617656835
0.8375315192751582
0.2288818173136094
0.07282208479481851
0.09010438867969273
0.15925325907660925
0.520845829881287
0.11324431967514269
0.49269300973681046
0.3706258442576289
0.8516820195016892
0.6730119665266674
0.9213958448052934
0.093456800664468
0.8495014670673853
0.7797083976132276
0.5455646806376301
0.8225902070165467
0.24444516953790163
0.30584038302107136
0.177633203063705
0.9211859272470757
0.6671504087319418
0.9276698724969235
0.883600514753983
0.09268226261715454
0.8262102904573574
0.49129450896514393
0.5630823399274557
0.13739064831647219
0.843835449577429
0.22583418993344798
0.24574133511194257
0.6173482188605328
0.8138394921603084
0.5280162733350209
0.2197326803629483
0.1517301967627106
0.33577854052404943
0.859343100461955
0.8516820195016892
0.15946134361249148
0.8448141387789043
0.2028700353947262
0.4950916292296512
0.5178711914284974
0.3418290250616316
0.8731394370975745
0.6143405679070622
0.09224517188026014
0.8637042077999635
0.9106471868090865
0.8495014670673853
0.5398408744146668
0.2288818173136094
0.8506848793155315
0.45799121867740866
0.9213958448052934
0.6940718702896745
0.5556883997523736
0.13739064831647219
0.12885249146154168
0.8295855438976718
0.8346452076019586
0.21916506235626274
0.18123812245422927
0.1426036252601201
0.6624044485174598
0.3429711825156157
0.8474145181865331
0.7940252675793454
0.926858723174225
0.8075483661668771
0.4810943564080469
0.4702023267207851
0.9106471868090865
0.09027097922685937
0.47835007555127085
0.1155636641964976
0.8696779000253116
0.8262102904573574
0.8175310108461922
0.990126499374038
0.1517301967627106
0.6584220903425329
0.17984691513637002
0.1789026502841874
0.8635039650519765
0.7875906585036109
0.08999311414498375
0.42314340287682506
0.5455646806376301
0.49269300973681046
0.1698145894353205
0.24574133511194257
0.866138160235145
0.2556590912424931
0.34974111185604617
0.5918756073899007
0.5719688892477912
0.8935251108313804
0.15925325907660925
0.4886745151732572
0.6173482188605328
0.09010438867969273
0.8295855438976718
0.1789026502841874
0.7940252675793454
0.5846988238745919
0.23395003718172785
0.08999311414498375
0.4630903304962526
0.5295972105885204
0.22583418993344798
0.7422504826675642
0.8526651902365487
0.4886745151732572
0.11988808796935717
0.19613171118306122
0.06743886771704277
0.06363768364230447
0.3706258442576289
0.7797083976132276
0.11988808796935717
0.44526965201639357
0.7422504826675642
0.4702413620185317
0.12955235391071926
0.5784687825349719
0.06743886771704277
0.17984691513637002
0.34974111185604617
0.1941964112514008
0.6624044485174598
0.22786505503163745
0.5398408744146668
0.5630823399274557
0.19613171118306122
0.6730119665266674
0.4702413620185317
0.8705650716694964
