0.7746065421555678
0.8290968141209608
0.06871318628465103
0.7550874931277711
0.5259005085204973
0.1426175045695282
0.19933159704148784
0.9089561732852367
0.2210950932483009
0.8300355596056948
0.18282295578022287
0.21371130382889997
0.5364426201563732
0.1478194760077149
0.8266136450037325
0.1811909036346217
0.9009173183852628
0.1512147128890869
0.7538774599292134
0.47344166218233785
0.8208866282728163
0.8003213484614016
0.47536333398622027
0.7988233390448759
0.8986483653278687
0.9089561732852367
0.8189633409735905
0.5432994890992111
0.5369061309100644
0.18282295578022287
0.18329504442157732
0.5058104666578499
0.4225397974681301
0.5477501509600424
0.1445370384292478
0.5300969110261167
0.8123632976683809
0.31416631537306183
0.484779263568215
0.8290609992829714
0.21269883728904304
0.7737253520901554
0.14645657228896738
0.17577182093358326
0.16238984707128223
0.7778188894299531
0.8065834028160133
0.7977190753777128
0.5457930704672198
0.8302911761876838
0.7778188894299531
0.5346616186902946
0.5460181356328797
0.8123632976683809
0.8126827013123556
0.8688234253676644
0.17727460118691235
0.8227122248593249
0.8367814096265707
0.8431649998526548
0.2223116687987808
0.17374237304252532
0.18778831645226737
0.5400548769217559
0.7538774599292134
0.7748174604675949
0.5028707051771864
0.13551313067531282
0.7164100343156845
0.5229911416874583
0.7397108743422127
0.8227122248593249
0.21506294937263526
0.31416631537306183
0.6337482305555272
0.21269883728904304
0.5300969110261167
0.22947733068585616
0.484779263568215
0.8208866282728163
0.8437991606836804
0.9208228726481041
0.16403915549852333
0.21506294937263526
0.17324304041672683
0.818150450086217
0.8702958459021952
0.5259005085204973
0.22845784461291255
0.5413176127345587
0.522229522934277
0.9611088185345196
0.547906045173121
0.20871296892035893
0.8295088033195166
0.1595942968340353
0.1499656283305796
0.28192796032374734
0.5448455579168856
0.47536333398622027
0.8302911761876838
0.27685611584249686
0.17355777028061825
0.6085717344821855
0.13592458189313594
0.5403345653814834
0.8300355596056948
0.5369061309100644
0.17727460118691235
0.8188108047149174
0.7819427827996576
0.190213626262416
0.17150811643348415
0.1595942968340353
0.1765535954068152
0.522229522934277
0.14752150669985814
0.5229349329554351
0.17516540771103006
0.8205329999731872
0.7055293783833347
0.8996671323139114
0.17516540771103006
0.7834867087024282
0.8431649998526548
0.5028707051771864
0.8421146944748139
0.14265698423674597
0.1811909036346217
0.19277574915839668
0.8834219698156145
0.7965253077458925
0.818150450086217
0.8042644793034426
0.15450058877831815
0.8223741177836563
0.5592144143918081
0.5362571605679052
0.16418245209933713
0.8996671323139114
0.17324304041672683
0.16360143006260983
0.5526358012976976
0.8281580686362269
0.5403345653814834
0.21092397893693338
0.16102907728467947
0.2855968251196787
0.8944135545740042
0.8146214033931702
0.237351854741072
0.7164100343156845
0.17150811643348415
0.5309434802192599
0.5058104666578499
0.22947733068585616
0.8688234253676644
0.5457930704672198
0.15311298085063751
0.8887802032243224
0.8802218249467586
0.8223741177836563
0.5415168225283304
0.18215372616887449
0.8785081402050307
0.5448455579168856
0.9208228726481041
0.7465344147362887
0.4872480532916123
0.2223116687987808
0.13551313067531282
0.8290968141209608
0.7977190753777128
0.21641459491637055
0.14491324903785208
0.15050977245677755
0.5558998455497821
0.39412041726600466
0.7997163486863577
0.6945790226507804
0.8802218249467586
0.8130159330889328
0.547906045173121
0.543536820755219
0.8986483653278687
0.16418245209933713
0.5450230862795113
0.1499656283305796
0.8189633409735905
0.823800258810292
0.823800258810292
0.9611088185345196
0.16102907728467947
0.7752996340228326
0.1765535954068152
0.18778831645226737
0.8702958459021952
0.8042644793034426
0.16238984707128223
0.4442761994628239
0.5238372557675508
0.5229349329554351
0.1575980909267724
0.2269930450271631
0.8957553608186968
0.2269930450271631
0.21297259578803657
0.5453781430047627
0.5689942468113482
0.8847202100697489
0.1478194760077149
0.5189231994425588
0.5431378945136134
0.14752150669985814
0.7997163486863577
0.1575980909267724
0.8295088033195166
0.5558998455497821
0.27685611584249686
0.14703637260995672
0.5766031697057334
0.6337482305555272
0.18329504442157732
0.7748174604675949
0.8915968788991633
0.4225397974681301
0.16770704829314503
0.2042381681973224
0.10655445560897847
0.06871318628465103
0.14703637260995672
0.8016930846523308
0.15012976436186418
0.39412041726600466
0.7806348070255741
0.5060386235345409
0.15450058877831815
0.5229236912090305
0.1445370384292478
0.190213626262416
0.228201381012623
0.19933159704148784
0.5766031697057334
0.18859333683500112
0.5413176127345587
0.5592144143918081
0.2210950932483009
0.7806348070255741
0.6945790226507804
0.8088982823439526
