0.9122355238409526
0.8696779000253116
0.05978381140960132
0.8698731862055041
0.6103112220799767
0.19093435596761693
0.42068707946102035
0.8617297202210192
0.18123812245422927
0.9218942097247993
0.09176570290389396
0.16558992534497885
0.44526965201639357
0.2208803770996688
0.9086056936581519
0.07282208479481851
0.955378580693238
0.09670334759679633
0.6183699137341477
0.3306116870384884
0.7547296100371377
0.7254475555894615
0.3418290250616316
0.7307564731644884
0.7768977397770519
0.8584800643906201
0.7307564731644884
0.5735831818245498
0.5367627559784631
0.2043315367217486
0.09027097922685937
0.39968463969646795
0.40323640549370865
0.5545088833552261
0.12359963672071274
0.5208386896886129
0.9122355238409526
0.5092903202937333
0.5213849469305832
0.7921342948642405
0.16811021612430882
0.8820906942871765
0.06759693219093733
0.14755609825626603
0.3897154993310392
0.5353777305401012
0.8820906942871765
0.7547296231776959
0.5846988238745919
0.8763348716882138
0.6940718702896745
0.4884195582437699
0.46065510887180305
0.8385623005798908
0.821875897017384
0.9523615305059046
0.2331572640008326
0.854781356358868
0.855790222019952
0.9211859272470757
0.12963050144642352
0.16811021612430882
0.10044462678384171
0.4630903304962526
0.6671504087319418
0.8506065427347418
0.5208386896886129
0.14109630448653443
0.8733879751737876
0.4239515094881037
0.9327375820994273
0.854781356358868
0.16558992534497885
0.3897154993310392
0.6183699137341477
0.2108907831022489
0.4998245262510119
0.16515364737149124
0.515892583973515
0.9467340513356949
0.8385623005798908
0.9946802277382523
0.2114870008723044
0.18817492212012618
0.06977555670405991
0.7547296231776959
0.9173521040012207
0.5503269504685164
0.015564528120950438
0.6269129272899496
0.5225716729634745
0.990126499374038
0.5545088833552261
0.10044462678384171
0.9467340513356949
0.135442534783893
0.1375708843020519
0.17063167699871762
0.45673966424259316
0.3750313409949252
0.9218942097247993
0.480357220085958
0.17063167699871762
0.650651859655581
0.09506314194609847
0.6269129272899496
0.7921342948642405
0.5523481609703145
0.2331572640008326
0.6958887720155237
0.7823102930706085
0.3429711825156157
0.07282208479481851
0.135442534783893
0.12359963672071274
0.5225716729634745
0.09104610456639237
0.48781836870006046
0.3750313409949252
0.9472646901851323
0.8275911762859449
0.842026658169108
0.0919352158617811
0.8466079580310109
0.7837878097700749
0.5455646806376301
0.7860836750113928
0.18838068433358912
0.40323640549370865
0.11353075189887099
0.9211859272470757
0.6671504087319418
0.9086056936581519
0.9453264876677772
0.09204974623578821
0.7860836750113928
0.4884975074218109
0.5556883997523736
0.13368499214640994
0.7934069970951683
0.22583418993344798
0.20007101882078185
0.5692513534667222
0.789116683740726
0.5523481609703145
0.2108907831022489
0.0919733926531168
0.3416481011735212
0.8590891698473333
0.8373235023271188
0.13427282505497293
0.8390217348230669
0.10513037534647082
0.49035873220829046
0.6018703623793495
0.3418290250616316
0.8733879751737876
0.6103112220799767
0.09176570290389396
0.8680782390416701
0.9563149975667546
0.8763348716882138
0.5692513534667222
0.19729039671143905
0.842026658169108
0.45673966424259316
0.9855727710098235
0.6940718702896745
0.5556883997523736
0.14109630448653443
0.11846020963201209
0.8373235023271188
0.8832701876813753
0.16515364737149124
0.18123812245422927
0.1640557079026441
0.7396279779231235
0.3429711825156157
0.7254475555894615
0.8006272666508599
0.9173521040012207
0.8001077401006118
0.4634797803909607
0.42068707946102035
0.8649793760514184
0.09027097922685937
0.4592427731122242
0.09506314194609847
0.8696779000253116
0.821875897017384
0.848001696757156
0.990126499374038
0.2114870008723044
0.6984742669509179
0.17984691513637002
0.1823333390234149
0.8670104135314022
0.6984742669509179
0.08999311414498375
0.4566594074214245
0.5455646806376301
0.48781836870006046
0.17284135637235545
0.3416481011735212
0.955378580693238
0.3292042895469566
0.3695732438375146
0.6611795418163269
0.5295972105885204
0.8590891698473333
0.19729039671143905
0.5829912114349034
0.6132730277044048
0.04476624257549244
0.730840247969111
0.17665198688051995
0.7012488145151048
0.5846988238745919
0.28216196729951737
0.08999311414498375
0.4630903304962526
0.5295972105885204
0.22583418993344798
0.7536607173660175
0.8617297202210192
0.5409005194022095
0.13463651071680283
0.27116492875596165
0.06728080324314822
0.06749155587500763
0.3292042895469566
0.7756289854563804
0.10984314900129105
0.44526965201639357
0.730840247969111
0.422611532608566
0.09099449169712968
0.6215598345298426
0.06759693219093733
0.17984691513637002
0.3695732438375146
0.20605948347938674
0.6593638127805761
0.20007101882078185
0.4884195582437699
0.5704762801025378
0.1841525607021478
0.5829912114349034
0.5353777305401012
0.8219577279931591
