0.8072076556510248
0.8095756800773142
0.17460361703282834
0.7964281391385462
0.5088482025535606
0.1651646321076449
0.18884812507433638
0.8636039594893786
0.1955172999749056
0.8064621841533351
0.18748596758764713
0.1845056593119992
0.5327153802199427
0.16407385682086723
0.8098601858090597
0.18800213383297623
0.8711684737642483
0.18305113366089504
0.7931937586185158
0.5115515349563955
0.7989096014493365
0.8025079229026079
0.4946246396314605
0.7984423462702154
0.8654247256401262
0.8636039594893786
0.7968849488499651
0.5359265323173518
0.5331880081792498
0.18958872773009675
0.1864521959526633
0.5215036363866773
0.4946246396314605
0.5331880081792498
0.1667165730159487
0.509183890848255
0.7973415381312396
0.18912691182063546
0.5010845770674797
0.7964281391385462
0.18818497420462182
0.8083916678641695
0.17303647765393113
0.18900284053484512
0.18867254288114843
0.7984423462702154
0.8010495883721416
0.7973415381312396
0.5331293244127926
0.8098601858090597
0.8063101530194801
0.5341450621646144
0.5346446630397378
0.7984530400139112
0.8108465833675669
0.8144585768208865
0.1878752095442219
0.7989096014493365
0.800246122733095
0.8410626714690062
0.19026334597667782
0.17552011363459136
0.1955172999749056
0.5309249066198676
0.8087691997951134
0.7968730127807422
0.5170558359536757
0.18919788274199656
0.8108465833675669
0.5170558359536757
0.800246122733095
0.8189059033117811
0.1845056593119992
0.18972909673253024
0.5115515349563955
0.18818497420462182
0.5066037176211496
0.18923684459377002
0.5010845770674797
0.8087691997951134
0.7993544161720606
0.8568055507667567
0.18902780892536278
0.1882407089901364
0.16830391504511422
0.801871362558843
0.8742346646606798
0.48980795498546215
0.19059284628939085
0.5309298921397932
0.5346226429060218
0.8839521214218324
0.5267466409096949
0.18945909206836836
0.8082995989939095
0.18824406400372026
0.18912563491586093
0.18867174243590037
0.5369690131002058
0.5127286734132076
0.8064621841533351
0.5089562177363103
0.18815239021203084
0.7955154131782463
0.18779529741128861
0.5326622112397037
0.8000161220037322
0.5308982322591911
0.18919788274199656
0.8014950375855201
0.8063101530194801
0.17481044987669628
0.1864521959526633
0.1848526429621677
0.17552011363459136
0.5346226429060218
0.18942238247632415
0.5201036796791494
0.18838554544947506
0.8016280674788357
0.7922971199057357
0.8654318979680367
0.1854020144669289
0.7874389696098745
0.8410626714690062
0.5088482025535606
0.8046620332747415
0.18844495077998805
0.1889150022337818
0.1841289823424142
0.8144585768208865
0.8014053897220341
0.8082995989939095
0.7998606208667914
0.18709876885823679
0.7982663800333593
0.5114344834495947
0.48920243966873433
0.1882407089901364
0.8531060408004558
0.17303647765393113
0.18923684459377002
0.5364919576907901
0.7982663800333593
0.530250910793209
0.18916498666135034
0.18230493495356953
0.19364704497059265
0.8472744597448907
0.8013692793621845
0.1854020144669289
0.5215036363866773
0.18779529741128861
0.509183890848255
0.7922213349322699
0.18818296528599965
0.8435671695054427
0.5201036796791494
0.1884051625412993
0.8839521214218324
0.8742346646606798
0.805231470506807
0.5364919576907901
0.1667165730159487
0.8588146726006443
0.530250910793209
0.8568055507667567
0.7857163167001753
0.48920243966873433
0.18818296528599965
0.1841289823424142
0.8039607201917327
0.7951341833662207
0.19029587028234884
0.1888339949744958
0.17090650829731807
0.5327042343634216
0.5326832228015627
0.7998606208667914
0.5066037176211496
0.8180218987320895
0.7968849488499651
0.5349351675914349
0.5110075246263092
0.8588146726006443
0.1816865413650332
0.5327153802199427
0.18709876885823679
0.8007676916547214
0.8014950375855201
0.8000161220037322
0.8654247256401262
0.18873667530369187
0.8010495883721416
0.18502932778436215
0.18912691182063546
0.8435671695054427
0.8007676916547214
0.18867254288114843
0.48980795498546215
0.533372429806694
0.5180173821417974
0.18813562072018525
0.18852916111790305
0.8711684737642483
0.18936236314522759
0.18972909673253024
0.5325973330962299
0.794874486160188
0.862259104061784
0.1723236225654018
0.5164536303991268
0.5362500729604337
0.18955904381742888
0.7987602707028424
0.18813562072018525
0.8100835840728403
0.5346446630397378
0.18838554544947506
0.1866597402525354
0.5309249066198676
0.5127286734132076
0.18701673989872386
0.7968730127807422
0.862259104061784
0.5164536303991268
0.18900284053484512
0.17090650829731807
0.16830391504511422
0.17460361703282834
0.19059284628939085
0.7922971199057357
0.1878752095442219
0.5331293244127926
0.7986448252222903
0.5267466409096949
0.18701673989872386
0.5081263676450971
0.16916306132827338
0.17688361150025492
0.1884051625412993
0.1859663241519902
0.5359265323173518
0.18958872773009675
0.5341224929068293
0.8028665663190055
0.1846405207888757
0.8011104912455331
0.801871362558843
0.8064341319890441
