0.6883884794517529
0.670831562147144
0.6971558939937692
0.6928134457798402
0.6726473039273682
0.6924162166561262
0.695211403583054
0.6920140777326074
0.6818232564637029
0.6989372287536577
0.6902636940065329
0.6989372287536577
0.6943743008075332
0.680369864363112
0.6947885634411962
0.6931906952395314
0.6881366958895055
0.6726473039273682
0.6973894549665743
0.7026595001917275
0.694362525541776
0.6924162166561262
0.6891770705387196
0.6936977779351646
0.6879912758664797
0.6978242901965186
0.6942806731249772
0.7028543714414858
0.6962348563726942
0.6952937896818422
0.6926431256217911
0.6971558939937692
0.6891770705387196
0.6920140777326074
0.7047924302400235
0.6902636940065329
0.6931906952395314
0.701639727755837
0.6971558939937692
0.691480214817608
0.6891770705387196
0.6873408933276506
0.7025487877136536
0.701639727755837
0.6852310932778132
0.6809175379980464
0.6958211320530454
0.6967874077641673
0.7509280205194826
0.6936977779351646
0.6856738304559568
0.6820573536278978
0.7373428388742607
0.712429044195501
0.6873812818410069
0.6892169382009263
0.6921299510782624
0.6881366958895055
0.7012917124872288
0.6916521536640501
0.6706191553795131
0.6809175379980464
0.6964487555093084
0.7001128285628354
0.6920140777326074
0.7004007260780472
0.6985496282812366
0.6887224745215036
0.18645088158673184
0.6932485249672523
0.2258103981280327
0.728770051587222
0.6738075108435266
0.7056057510903324
0.6959101003032903
0.6956052107162971
0.2376581453003926
0.6921126184094163
0.6894611777116045
0.2258103981280327
0.7012917124872288
0.6951644475649241
0.9571967514000943
0.7357630796341206
0.692725291643013
0.6850700047639523
0.6895815631950794
0.6934618345971191
0.2667581391685352
0.6643048577546382
0.6855543247708015
0.18645088158673184
0.6850896312954419
0.6928917867105858
0.9006796859132118
0.6815212274302234
0.6690320352732568
0.6928149507802618
0.7028543714414858
0.6888860214034253
0.6916521536640501
0.6985496282812366
0.18099302781361143
0.695905469937199
0.9362808198361385
0.6818232564637029
0.7016327046114303
0.22708065062008154
0.6808279209164336
0.712187324907584
0.6928263798300249
0.6863738557188621
0.19005662315177618
0.36313354798687936
0.7388521811470863
0.698785741498762
0.6894611777116045
0.7136991691851814
0.2333556565653153
0.6798769057591766
0.6834119936677853
0.6702837660545591
0.6947761788080256
0.6932485249672523
0.689491908725044
0.6930818618519092
0.6909759703883124
0.6845941259194581
0.6726473039273682
0.7409877059719623
0.6691131479963857
0.698943340731189
0.7043104528062889
0.6709430652291692
0.6975094980580914
0.6928430158513696
0.6979453305004738
0.9571967514000943
0.6924162166561262
0.6981742942628997
0.6951399707363475
0.17752381410718315
0.6816495792994332
0.20235801063874095
0.6589052391370732
0.6948692736656606
0.6959101003032903
0.6962348563726942
0.6949284838102615
0.6921126184094163
0.686155901827316
0.7013051971674149
0.6873408933276506
0.6899910269784728
0.6977938403320492
0.6738075108435266
0.6975293707851979
0.6687100152625045
0.6820573536278978
0.6929161437042997
0.701639727755837
0.6858122522199762
0.6883570599399587
0.7116592169092975
0.7207909218242966
0.2868622390122886
0.6926431256217911
0.6888860214034253
0.6883884794517529
0.6876429460152081
0.6760724409904147
0.6951399707363475
0.6744938625457595
0.6798769057591766
0.6478954212314487
0.6808279209164336
0.2843465693178925
0.6936355627116895
0.6796708149505084
0.1723983514745116
0.643062894926989
0.18442510112475588
0.6967874077641673
0.6944490921380774
0.7016327046114303
0.6890575269616773
0.6981021407280733
0.6866675096223234
0.721424675487757
0.6691131479963857
0.32080848406643686
0.6977852357064548
0.19005662315177618
0.6643048577546382
0.18684456157896923
0.6812123809769645
0.7047924302400235
0.6953936789754743
0.2258103981280327
0.6973894549665743
0.6910926920959213
0.6931086583927795
0.6989106853481353
0.13889667296003994
0.6895815631950794
0.6928263798300249
0.6728220185909591
0.41668652631731234
0.6890575269616773
0.7115478183444897
0.03896602946167871
0.7004007260780472
0.6977852357064548
0.6834469352370954
0.10144251388598835
0.6884097889764584
0.6928430158513696
0.17752381410718315
0.2333556565653153
0.670831562147144
0.6924313555000768
0.6700275388932038
0.712187324907584
0.7409877059719623
0.6967874077641673
0.690244067747459
0.08631060181952221
0.6924613983731306
0.7000437584911016
0.7447676542039654
0.6920421372277061
0.2667581391685352
0.18413600224625806
0.6942760034460292
0.37853901540381885
0.6943503294444273
0.677026493853952
0.6956052107162971
0.7006755361597188
0.7004688714893171
0.5298613485104748
0.1699325116847017
0.692438193665035
0.6859064057433598
0.7101096132042337
0.686228181881769
0.6977938403320492
0.7031785742353993
0.7228151305287559
0.6700275388932038
