0.17635808530204636
0.6986023510189886
0.6965533623478158
0.6786281368314051
0.6674828377854367
0.714878515971534
0.6784038858114156
0.7312297152284529
0.6786281368314051
0.6559441301702972
0.701540053123601
0.6705058765420375
0.669000783128638
0.660948441661918
0.7091980716667542
0.6654355089291166
0.6789569538914072
0.6304772356649471
0.9188933143259013
0.6405787144156241
0.6769397802030424
0.6479391657643621
0.6873962256461877
0.6585433687729193
0.6706140554412402
0.7011571523817164
0.0704720854945694
0.8738765396206581
0.7493970343378353
0.1883279359844761
0.7873849303981093
0.7073590978255887
0.7151120307288645
0.6654355089291166
0.6296145540422482
0.6989943462292763
0.6686509403319455
0.6796704252589824
0.732039473856802
0.6726954338715219
0.6958499282430582
0.25993797329525464
0.6686509403319455
0.4416365669715882
0.012436514256796816
0.6876401791161441
0.8198516433124023
0.2582790133262056
0.8745968984080266
0.6649639866713639
0.6794719265272986
0.6651724999554047
0.8741739639156638
0.6748979634040349
0.6788499990877261
0.7386261944124554
0.6794719265272986
0.6563293220326564
0.9006796859132118
0.6674828377854367
0.7248492568353155
0.6649639866713639
0.6850950998889616
0.6965533623478158
0.6654355089291166
0.7476319761189713
0.8538637400940854
0.4359150222892979
0.18312415617151578
0.7011571523817164
0.2830307235017068
0.8239561012154455
0.7151120307288645
0.6944214916270868
0.8151317300462191
0.7151120307288645
0.18312415617151578
0.6986023510189886
0.6534346937295791
0.7073590978255887
0.6873962256461877
0.6405787144156241
0.9571967514000943
0.8274532857015877
0.6154774446101979
0.7210828410833255
0.6689187587585579
0.5298613485104748
0.2667581391685352
0.8101990383261567
0.5800262957043156
0.18312415617151578
0.6815919416504022
0.234735929106216
0.9006796859132118
0.6944214916270868
0.6623644050411396
0.21703777238212765
0.7294314321127379
0.6601024937420514
0.03183046273436163
0.8538637400940854
0.18099302781361143
0.5099609563684628
0.9362808198361385
0.18926169014057662
0.2994281020477026
0.16309726347533346
0.6277568370926685
0.8239561012154455
0.772819513962539
0.6559178641504813
0.34677503024590517
0.36313354798687936
0.6882599296865409
0.20167426017702805
0.6997801303481666
0.6667667948567426
0.21795983524124632
0.4908085038109644
0.6112166869812374
0.7227559737975288
0.7103475501739838
0.664455184162124
0.714878515971534
0.6798103882453038
0.6563565195205188
0.405118977467431
0.6304772356649471
0.1948968628415803
0.8745968984080266
0.7365379144832103
0.7312297152284529
0.6640819129430051
0.6717933202763904
0.7590305466252244
0.727331650800417
0.9571967514000943
0.6767002592613066
0.760228350903907
0.6850950998889616
0.17752381410718315
0.6502691980548931
0.8958735794113933
0.5932910930939652
0.6882599296865409
0.760228350903907
0.6288650322642811
0.7649215871761995
0.7504161853139222
0.6815919416504022
0.6959651265892863
0.258556355127287
0.6112943009579944
0.7103475501739838
0.6559441301702972
0.7102443780066657
0.6657463647366113
0.4218086649030408
0.7091980716667542
0.8745968984080266
0.6640819129430051
0.6504611045182862
0.6494403116563653
0.8101990383261567
0.3852704264360805
0.6759455179427417
0.6601024937420514
0.651297060070591
0.6640819129430051
0.6112943009579944
0.7091608114286874
0.5181924665624038
0.9224591788707712
0.405118977467431
0.6277568370926685
0.2843465693178925
0.7476319761189713
0.5678543326990013
0.1723983514745116
0.523192455710328
0.6789569538914072
0.18393581838050188
0.1948968628415803
0.6877580505514874
0.6873962256461877
0.6997103072837395
0.6593882737427753
0.7761800952867499
0.5932910930939652
0.32080848406643686
0.7950984495109761
0.18926169014057662
0.4908085038109644
0.18684456157896923
0.856570858783957
0.8427162986057246
0.6565642183483432
0.2910640377648296
0.7325124183433721
0.6705058765420375
0.6784038858114156
0.6066353999118118
0.13889667296003994
0.6790478114203923
0.7130123626504372
0.42684715962468933
0.41668652631731234
0.3510151473683325
0.29914925169507256
0.007459973428788014
0.20167426017702805
0.701540053123601
0.1831176548093363
0.10144251388598835
0.011955035100866818
0.6726422532237195
0.17752381410718315
0.234735929106216
0.5890273684771482
0.6651548807657606
0.651297060070591
0.762535414472522
0.9864047164122589
0.18393581838050188
0.8274532857015877
0.08631060181952221
0.7045586508912228
0.1883279359844761
0.8844661677507759
0.6989943462292763
0.2667581391685352
0.18312415617151578
0.7069692934994539
0.37853901540381885
0.7162848122055617
0.6769397802030424
0.6818582288502981
0.2490190026137807
0.3099263656547976
0.5298613485104748
0.1699325116847017
0.7224650121708358
0.664455184162124
0.756732248122088
0.6956829709809136
0.7103475501739838
0.2723098712501656
0.7429260310206576
0.5482918977834939
