0.6958364311203362
0.6958364311203362
0.6958364311203362
0.6958364311203362
0.6958364311203362
0.6958364311203362
0.6958364311203362
0.6958364311203362
0.6958364311203362
0.6958364311203362
0.6958364311203362
0.6958364311203362
0.6958364311203362
0.6958364311203362
0.6958364311203362
0.6958364311203362
0.6958364311203362
0.6958364311203362
0.6958364311203362
0.6958364311203362
0.6958364311203362
0.6958364311203362
0.6958364311203362
0.6958364311203362
0.6958364311203362
0.6958364311203362
0.6958364311203362
0.6958364311203362
0.6958364311203362
0.6958364311203362
0.6958364311203362
0.6958364311203362
0.6958364311203362
0.6958364311203362
0.6958364311203362
0.6958364311203362
0.6958364311203362
0.6958364311203362
0.6958364311203362
0.6958364311203362
0.6958364311203362
0.6958364311203362
0.6958364311203362
0.6958364311203362
0.6958364311203362
0.6958364311203362
0.6958364311203362
0.6958364311203362
0.6958364311203362
0.6958364311203362
0.6958364311203362
0.6958364311203362
0.6958364311203362
0.6958364311203362
0.6958364311203362
0.6958364311203362
0.6958364311203362
0.6958364311203362
0.6958364311203362
0.6958364311203362
0.6958364311203362
0.6958364311203362
0.6958364311203362
0.6958364311203362
0.6958364311203362
0.6958364311203362
0.6958364311203362
0.6958364311203362
0.6958364311203362
0.6958364311203362
0.6958364311203362
0.6958364311203362
0.6958364311203362
0.6958364311203362
0.6958364311203362
0.6958364311203362
0.6958364311203362
0.6958364311203362
0.6958364311203362
0.6958364311203362
0.6958364311203362
0.6958364311203362
0.6958364311203362
0.6958364311203362
0.6958364311203362
0.6958364311203362
0.6958364311203362
0.6958364311203362
0.6958364311203362
0.6958364311203362
0.6958364311203362
0.6958364311203362
0.6958364311203362
0.6958364311203362
0.6958364311203362
0.6958364311203362
0.6958364311203362
0.6958364311203362
0.6958364311203362
0.6958364311203362
0.6958364311203362
0.6958364311203362
0.6958364311203362
0.6958364311203362
0.6958364311203362
0.6958364311203362
0.6958364311203362
0.6958364311203362
0.6958364311203362
0.6958364311203362
0.6958364311203362
0.6958364311203362
0.2603112034012106
0.6958364311203362
0.6958364311203362
0.6958364311203362
0.6958364311203362
0.6958364311203362
0.6958364311203362
0.9956542792567018
0.6958364311203362
0.6958364311203362
0.6958364311203362
0.6958364311203362
0.6958364311203362
0.20547531791774
0.6958364311203362
0.6958364311203362
0.6958364311203362
0.6958364311203362
0.6958364311203362
0.6958364311203362
0.6958364311203362
0.6958364311203362
0.6958364311203362
0.6958364311203362
0.6958364311203362
0.6958364311203362
0.6958364311203362
0.6958364311203362
0.6958364311203362
0.6958364311203362
0.6958364311203362
0.6958364311203362
0.6958364311203362
0.6958364311203362
0.3842209918486787
0.6958364311203362
0.6958364311203362
0.6958364311203362
0.6958364311203362
0.6958364311203362
0.6958364311203362
0.6958364311203362
0.43562544139045056
0.6958364311203362
0.6958364311203362
0.6958364311203362
0.6958364311203362
0.6958364311203362
0.6958364311203362
0.22107274436559732
0.6958364311203362
0.6958364311203362
0.6958364311203362
0.6958364311203362
0.6958364311203362
0.6958364311203362
0.6958364311203362
0.6958364311203362
0.6958364311203362
0.16188048577107816
0.15334151907552818
0.6958364311203362
0.6958364311203362
0.6958364311203362
0.9364202498469865
0.6958364311203362
0.6958364311203362
0.6958364311203362
0.6958364311203362
0.6958364311203362
0.16860623925457502
0.6958364311203362
0.6958364311203362
0.6958364311203362
0.6958364311203362
0.6958364311203362
0.6958364311203362
0.6958364311203362
0.6958364311203362
0.6958364311203362
0.6958364311203362
0.6958364311203362
0.6958364311203362
0.08153323394095847
0.6958364311203362
0.6958364311203362
0.6958364311203362
0.6958364311203362
0.6958364311203362
0.6958364311203362
0.6958364311203362
0.6958364311203362
0.9871006013749662
0.6958364311203362
0.2624163600397831
0.6958364311203362
0.6958364311203362
0.6958364311203362
0.2546008357967655
0.6958364311203362
0.6958364311203362
0.6958364311203362
0.6958364311203362
0.6958364311203362
0.6958364311203362
0.2645056178269398
0.6958364311203362
0.6958364311203362
0.9043068579032358
0.6958364311203362
0.2603112034012106
0.6958364311203362
0.6958364311203362
0.6958364311203362
0.6958364311203362
0.6958364311203362
0.6958364311203362
0.6958364311203362
0.6958364311203362
0.6958364311203362
0.23609368687861126
0.6958364311203362
0.6958364311203362
0.07573840322693659
0.6958364311203362
0.6958364311203362
0.6958364311203362
0.6958364311203362
0.6958364311203362
0.6958364311203362
0.6958364311203362
0.6958364311203362
0.6958364311203362
0.6958364311203362
0.6958364311203362
0.6958364311203362
0.6958364311203362
0.6958364311203362
