0.6929315870218494
0.6929315882894347
0.6929315866651687
0.6929315862213574
0.6929315854404229
0.6929315858441653
0.6929315846798149
0.6929315853556565
0.6929315853380124
0.6929315871783341
0.6929315858441653
0.6929315853556565
0.6929315849564
0.6929315870218494
0.6929315867967816
0.6929315889226023
0.6929315872412166
0.6929315863472874
0.6929315877097914
0.6929315830341918
0.6929315866291206
0.6929315869697757
0.6929315863545005
0.6929315868616527
0.6929315889653869
0.6929315875930588
0.692931590413491
0.6929316022257681
0.6929315859752165
0.692931588544548
0.6929315884049129
0.6929315868616527
0.6929315841120562
0.6929315863545005
0.6929315887239267
0.6929315869534056
0.6929315896572116
0.6929315893901773
0.6929315858441653
0.692931588435976
0.6929315868616527
0.6929315847245033
0.6929315947648318
0.692931586315867
0.6929315724991801
0.6929315881192687
0.6929315826392497
0.692931592591249
0.6929315841120562
0.6929315880012153
0.6929315863217475
0.6929315872193726
0.6929315873146644
0.6929315898246912
0.6929315840361122
0.6929315757695187
0.6929315906231523
0.6929315890249642
0.6929315896572116
0.692931580939257
0.6929315856548086
0.692931587460675
0.6929315861537403
0.6929315864349817
0.6929315884844448
0.6929315889226023
0.6929315921459099
0.6929315884057088
0.6929315882520027
0.6929315889600188
0.6929315852861673
0.692931588544548
0.6929315815926703
0.6929315868661583
0.6929316026794119
0.6929315904334266
0.6929315932156982
0.6929315889987481
0.6929315854052044
0.6929315836189288
0.6929315931422921
0.6929315861152336
0.9571967514000943
0.6929315838209773
0.6929315869697757
0.6929315904334266
0.6929315883100383
0.6929315873756263
0.2667581391685352
0.6929315821674122
0.6929315862986805
0.6929315870842259
0.6929315981746018
0.6929315867505554
0.6929315956442367
0.6929315817209843
0.6929315907587711
0.6929315921680251
0.6929315784611639
0.6929315900641443
0.6929315864374312
0.6929315896572116
0.2549163134926248
0.6929315810518648
0.6929315859028575
0.6929315886712056
0.6929315859193056
0.6929315882616996
0.6929315791507108
0.6929315882570831
0.6929315875780698
0.692931580939257
0.6929315899870718
0.36313354798687936
0.692931590367419
0.6929315873146644
0.6929315875015225
0.6929315880012153
0.6929315922631181
0.692931590511648
0.6929315775883992
0.6929315853380124
0.6929315889600188
0.6929315854052044
0.6929315875357762
0.6929315867505554
0.6929315757695187
0.6929315858169458
0.6929315876109248
0.6929316103903533
0.6929315822279332
0.6929315914896989
0.69293158537939
0.6929315870842259
0.6929315828003805
0.6929315945056591
0.6929315872357108
0.9571967514000943
0.6929315866291206
0.6929315866651687
0.6929315861152336
0.692931607959024
0.6929315788726415
0.6929315889653869
0.6929315863987925
0.692931590367419
0.692931598547189
0.6929315882894347
0.6929315889600188
0.6929315836110008
0.6929315890249642
0.6929315881618395
0.6929315847245033
0.6929315860169337
0.6929315871911709
0.692931591323819
0.6929315862901653
0.6929315887239267
0.6929315862213574
0.6929315867967816
0.6929315841120562
0.692931581755909
0.6929315859752165
0.6929315835371617
0.6929315877718338
0.2479544927592944
0.6929315884049129
0.6929315762797512
0.6929315839845788
0.692931581755909
0.6929315911800464
0.6929315792358144
0.6929315867180257
0.692931590511648
0.6929315859342842
0.6929315910705633
0.2843465693178925
0.6929315791507108
0.6929315812198714
0.1723983514745116
0.692931590413491
0.6929315870842259
0.6929315877718338
0.6929315921680251
0.6929315881363988
0.6929315836051723
0.6929315859752165
0.6929315854404229
0.6929315859193056
0.6929315884047398
0.32080848406643686
0.6929315791232824
0.6929315981746018
0.6929316054962205
0.18684456157896923
0.6929315892963929
0.6929315871911709
0.692931588563767
0.6929315852861673
0.6929315876109248
0.6929315849579976
0.6929315809502908
0.6929315826392497
0.13889667296003994
0.6929315854404229
0.6929315875780698
0.6929315822594213
0.3288395991716382
0.6929315854011407
0.6929315945056591
0.03896602946167871
0.6929315875930588
0.6929315855028122
0.6929315907565892
0.10144251388598835
0.6929315858249723
0.6929315830341918
0.17752381410718315
0.69293158898859
0.6929315854918843
0.6929315880236776
0.6929315824850961
0.6929315941341614
0.6929316358315567
0.6929315823419586
0.692931588563767
0.08631060181952221
0.6929315874017724
0.6929315871564863
0.6929315889269954
0.6929315779485761
0.2667581391685352
0.6929315891580735
0.6929315856802359
0.37853901540381885
0.6929315900751654
0.692931588194583
0.6929315854588136
0.6929315889226023
0.692931588435976
0.6929315873756263
0.6929315867793673
0.6929315931422921
0.6929315859028575
0.6929315881052162
0.6929315816599818
0.6929315871783341
0.6929315844817636
0.6929315899539694
0.6929315824850961
