0.6929315874250292
0.6929315874250292
0.6929315874250292
0.6929315874250292
0.6929315874250292
0.6929315874250292
0.6929315874250292
0.6929315874250292
0.6929315874250292
0.6929315874250292
0.6929315874250292
0.6929315874250292
0.6929315874250292
0.6929315874250292
0.6929315874250292
0.6929315874250292
0.6929315874250292
0.6929315874250292
0.6929315874250292
0.6929315874250292
0.6929315874250292
0.6929315874250292
0.6929315874250292
0.6929315874250292
0.6929315874250292
0.6929315874250292
0.6929315874250292
0.6929315874250292
0.6929315874250292
0.6929315874250292
0.6929315874250292
0.6929315874250292
0.6929315874250292
0.6929315874250292
0.6929315874250292
0.6929315874250292
0.6929315874250292
0.6929315874250292
0.6929315874250292
0.6929315874250292
0.6929315874250292
0.6929315874250292
0.6929315874250292
0.6929315874250292
0.6929315874250292
0.6929315874250292
0.6929315874250292
0.6929315874250292
0.6929315874250292
0.6929315874250292
0.6929315874250292
0.6929315874250292
0.6929315874250292
0.6929315874250292
0.6929315874250292
0.6929315874250292
0.6929315874250292
0.6929315874250292
0.6929315874250292
0.6929315874250292
0.6929315874250292
0.6929315874250292
0.6929315874250292
0.6929315874250292
0.6929315874250292
0.6929315874250292
0.6929315874250292
0.6929315874250292
0.6929315874250292
0.6929315874250292
0.6929315874250292
0.6929315874250292
0.6929315874250292
0.6929315874250292
0.6929315874250292
0.6929315874250292
0.6929315874250292
0.6929315874250292
0.6929315874250292
0.6929315874250292
0.6929315874250292
0.6929315874250292
0.9571967514000943
0.6929315874250292
0.6929315874250292
0.6929315874250292
0.6929315874250292
0.6929315874250292
0.2667581391685352
0.6929315874250292
0.6929315874250292
0.6929315874250292
0.6929315874250292
0.6929315874250292
0.6929315874250292
0.6929315874250292
0.6929315874250292
0.6929315874250292
0.6929315874250292
0.6929315874250292
0.6929315874250292
0.6929315874250292
0.2549163134926248
0.6929315874250292
0.6929315874250292
0.6929315874250292
0.6929315874250292
0.6929315874250292
0.6929315874250292
0.6929315874250292
0.6929315874250292
0.6929315874250292
0.6929315874250292
0.36313354798687936
0.6929315874250292
0.6929315874250292
0.6929315874250292
0.6929315874250292
0.6929315874250292
0.6929315874250292
0.6929315874250292
0.6929315874250292
0.6929315874250292
0.6929315874250292
0.6929315874250292
0.6929315874250292
0.6929315874250292
0.6929315874250292
0.6929315874250292
0.6929315874250292
0.6929315874250292
0.6929315874250292
0.6929315874250292
0.6929315874250292
0.6929315874250292
0.6929315874250292
0.6929315874250292
0.9571967514000943
0.6929315874250292
0.6929315874250292
0.6929315874250292
0.6929315874250292
0.6929315874250292
0.6929315874250292
0.6929315874250292
0.6929315874250292
0.6929315874250292
0.6929315874250292
0.6929315874250292
0.6929315874250292
0.6929315874250292
0.6929315874250292
0.6929315874250292
0.6929315874250292
0.6929315874250292
0.6929315874250292
0.6929315874250292
0.6929315874250292
0.6929315874250292
0.6929315874250292
0.6929315874250292
0.6929315874250292
0.6929315874250292
0.6929315874250292
0.6929315874250292
0.2479544927592944
0.6929315874250292
0.6929315874250292
0.6929315874250292
0.6929315874250292
0.6929315874250292
0.6929315874250292
0.6929315874250292
0.6929315874250292
0.6929315874250292
0.6929315874250292
0.2843465693178925
0.6929315874250292
0.6929315874250292
0.1723983514745116
0.6929315874250292
0.6929315874250292
0.6929315874250292
0.6929315874250292
0.6929315874250292
0.6929315874250292
0.6929315874250292
0.6929315874250292
0.6929315874250292
0.6929315874250292
0.32080848406643686
0.6929315874250292
0.6929315874250292
0.6929315874250292
0.18684456157896923
0.6929315874250292
0.6929315874250292
0.6929315874250292
0.6929315874250292
0.6929315874250292
0.6929315874250292
0.6929315874250292
0.6929315874250292
0.13889667296003994
0.6929315874250292
0.6929315874250292
0.6929315874250292
0.3288395991716382
0.6929315874250292
0.6929315874250292
0.03896602946167871
0.6929315874250292
0.6929315874250292
0.6929315874250292
0.10144251388598835
0.6929315874250292
0.6929315874250292
0.17752381410718315
0.6929315874250292
0.6929315874250292
0.6929315874250292
0.6929315874250292
0.6929315874250292
0.6929315874250292
0.6929315874250292
0.6929315874250292
0.08631060181952221
0.6929315874250292
0.6929315874250292
0.6929315874250292
0.6929315874250292
0.2667581391685352
0.6929315874250292
0.6929315874250292
0.37853901540381885
0.6929315874250292
0.6929315874250292
0.6929315874250292
0.6929315874250292
0.6929315874250292
0.6929315874250292
0.6929315874250292
0.6929315874250292
0.6929315874250292
0.6929315874250292
0.6929315874250292
0.6929315874250292
0.6929315874250292
0.6929315874250292
0.6929315874250292
