0.05986014630709002
0.4695774519993424
0.3873651061396842
0.4422723992051061
0.8438364801676462
0.18164612639152766
0.19820304919027432
0.643112028802907
0.0864100872673551
0.8269965988207669
0.08317009868942449
0.13080788178668645
0.6956297682072723
0.17110123783196685
0.08445173859412047
0.9527233053178565
0.28255343465319516
0.9718435053063746
0.06803357614376604
0.1798552318706087
0.7195316980366542
0.9643860824707677
0.86578095667783
0.614759924988238
0.40802078940862785
0.5766195738052937
0.6620594152416496
0.3179188343851147
0.10885895345346985
0.6441766297182654
0.06885732464681138
0.7657047199316355
0.6806206090068299
0.7537212780690999
0.6491427180046921
0.26573605049311255
0.6726449370559611
0.7516288269558705
0.6494871346585042
0.8432655185706289
0.16649896542671783
0.9472989661450374
0.28560336541548614
0.8501467769298572
0.5859586260368339
0.5696937845376273
0.05738309650276652
0.37821732025094423
0.28096377219755486
0.8161285528979902
0.5633528278275541
0.5161855356908988
0.340598918511685
0.5278859145013448
0.44312218795285574
0.7859763855740934
0.7058100042458111
0.6954489296746732
0.017842038111654523
0.3806619432621441
0.48759506142419373
0.566627223909476
0.5887243414762485
0.7742587964710959
0.4343395163606588
0.24310960898689715
0.5886179186665228
0.5737210691428006
0.23208256697426566
0.4217434477330163
0.44724146247368757
0.06055708780109548
0.870051267446076
0.3402707417298405
0.42770141915042137
0.14602885163092383
0.4422358941564234
0.785933061782673
0.3306837504629804
0.5145059227918397
0.10590984767665812
0.19779207040610003
0.8019591226625599
0.7466127949763586
0.3097010095018471
0.16539457487402598
0.799750332875456
0.20940996230194486
0.5826806679308951
0.42132498130261387
0.49003509206838225
0.7884342735545689
0.8480118245397398
0.26151212001168767
0.9582054213266538
0.7323720025139969
0.17064728920285166
0.38788157526146916
0.18555586515863953
0.825310768623006
0.592511717926184
0.9250654953350793
0.9341748613253635
0.15707802089953804
0.4639695198347745
0.15578781947560327
0.05074968682591641
0.39551676169189576
0.19249607856840611
0.8766595626820032
0.6197865344002874
0.7436445426362449
0.9504138591550075
0.4850359923990022
0.7111107974897846
0.247701091466208
0.1415554656660053
0.6523596979551798
0.7312141772391829
0.12570476279469456
0.8012300270705474
0.82766087970498
0.9893592512838786
0.13247217001096612
0.4968845804825207
0.6216675649551843
0.9715129312218779
0.3489267442195798
0.6907816575625894
0.48595734443984384
0.2022348945586091
0.507441502980127
0.8788224047505228
0.2886800839704966
0.17635429579596762
0.7896265312137385
0.23894312059728673
0.13418932863218014
0.5928272510881938
0.5176472589242956
0.6471463789995213
0.39553482527023487
0.21404898477786993
0.3669596434083129
0.3986037956033288
0.14789975573493275
0.9550126725214149
0.39694122181269165
0.5719714259442442
0.5735408587501711
0.11808204256944599
0.9692072015244348
0.8403444826262404
0.8250208808642351
0.5280456542875533
0.186442587991556
0.656016454491866
0.5387154704117694
0.9065974789420456
0.7185432416743075
0.14982287107158765
0.33742787651905126
0.7799170371026513
0.11370155775075363
0.5845449702574914
0.45676220165524273
0.9424938030752092
0.3865719220471934
0.695564061839748
0.44185866652666583
0.17691196310102064
0.5558276731801408
0.8427131300782275
0.27465934469598585
0.5714038372837712
0.052903544369818145
0.6618062169907649
0.6313384966954236
0.703740188402652
0.4713830145258465
0.18133147292306306
0.08421888317765869
0.5843156730517859
0.5740279186767239
0.5693914838492296
0.07908675551630295
0.25205080573088
0.30725352649619964
0.3453345771178049
0.4094027349528746
0.529328165700891
0.1565465440245437
0.23821457938570845
0.18106983415829103
0.3816114476349025
0.9643301321792124
0.546916511002882
0.07288346227261666
0.7672593902530367
0.0748237220269371
0.49941034794100025
0.30262577828355575
0.18222067960096866
0.6431308067394103
0.359638873324687
0.05258934250320024
0.42318052767683767
0.16254074805858132
0.6843758443549139
0.04976363215199919
0.3520799710133429
0.5473801916787147
0.298875558979696
0.5534321920061612
0.2323543589986905
0.011327749808464405
0.760129984631954
0.19246040044978385
0.13620307403064158
0.2165509394504851
0.2715132706000567
0.9851419876631998
0.6293153193637179
0.034639678176180744
0.666124444092779
0.4575987851187858
0.6825624523714041
0.28741602111669595
0.6880879973480231
0.9600785300234266
0.06906045227751867
0.18256388594773354
0.6204519061899404
0.8728320533709504
0.1018816589937902
0.12508226810718726
0.9893964251338067
0.6217091730772901
0.9821469665174306
0.6062657157294224
0.9309237722686268
0.09098379329443917
0.7801152658617889
0.6065529879638879
0.20145430648687057
0.8249158980148156
0.08961807130978239
0.257048539061703
0.8136921429154135
0.5914650747164614
