0.29102322162612676
0.26823501759259155
0.20824840088726831
0.6796651354838521
0.2420412000355023
0.6379646083199288
0.1716598323705405
0.2979932271980116
0.8182460956685335
0.8149254956265051
0.32975782015254135
0.26823501759259155
0.8215570795188749
0.3156635059100801
0.6909624633614327
0.7786625301571442
0.6909624633614327
0.32814944398249546
0.3996544722166134
0.24996764629940207
0.3680610858083253
0.9653694403216067
0.4442339262248977
0.2629131523758053
0.7780614929474066
0.797783032929562
0.24110469522101927
0.7815495412925426
0.7786625301571442
0.3300241183339061
0.6733548476348192
0.1787117858355319
0.9653694403216067
0.8125841710454226
0.695893166781882
0.2825438222855939
0.8152634499016973
0.32861160749823237
0.47716198299307444
0.8099048921891477
0.2141165776266821
0.7780849080172524
0.35496058066492137
0.8215570795188749
0.36643201361878663
0.6909624633614327
0.797783032929562
0.6003874980929643
0.2141165776266821
0.272785222543745
0.39325069038519156
0.7786625301571442
0.3450919071313896
0.1716598323705405
0.2558335000962064
0.7244462332510646
0.7186549158859371
0.69991264006767
0.5956804106485784
0.41157451444583043
0.266861387282157
0.7780849080172524
0.5956804106485784
0.1732380202892426
0.8182460956685335
0.7883048533565242
0.8099048921891477
0.8215570795188749
0.25469914811406624
0.3573667901314421
0.654002258135412
0.654002258135412
0.8186973403665535
0.3579461212181044
0.2354131708469649
0.29658704656223617
0.797783032929562
0.6508916620187551
0.5758018334596876
0.1787117858355319
0.6379646083199288
0.6003874980929643
0.25219983252166295
0.30045738058029026
0.21934935447927079
0.662039330365551
0.695893166781882
0.6796651354838521
0.3465373186344576
0.8551528594582004
0.7815495412925426
0.8070405181579675
0.8738935190245712
0.2832909617120867
0.8149254956265051
0.7786625301571442
0.27921166566016015
0.24457698808514663
0.5687728192628194
0.8179673783327065
0.266861387282157
0.27921166566016015
0.36157263244574045
0.266861387282157
0.3680610858083253
0.3156635059100801
0.4442339262248977
0.2558335000962064
0.43622174207567094
0.7561925910238069
0.32814944398249546
0.4676031409122362
0.26661651496409233
0.4442339262248977
0.6380925441110626
0.69991264006767
0.5454608476792219
0.6535057169846921
0.7488606562550718
0.47716198299307444
0.26036746343879996
0.26661651496409233
0.9653694403216067
0.7244462332510646
0.6796651354838521
0.7561925910238069
0.42472275550304195
0.21934935447927079
0.21193597889783478
0.2141165776266821
0.7517322129752229
0.797783032929562
0.2979932271980116
0.7248626486453386
0.24457698808514663
0.7489597527888822
0.43622174207567094
0.19779459369917982
0.30045738058029026
0.1716598323705405
0.7786625301571442
0.19436197817522025
0.5059351373464753
0.7780849080172524
0.41157451444583043
0.6098795750871256
0.7883048533565242
0.6535057169846921
0.6514247713917183
0.8186973403665535
0.7786625301571442
0.21717436033021822
0.16574013462099685
0.36157263244574045
0.32861160749823237
0.5956804106485784
0.7248626486453386
0.3996544722166134
0.7818072947586114
0.32861160749823237
0.6514247713917183
0.13413730871189458
0.1716598323705405
0.2668875056148866
0.8738935190245712
0.29337020607058983
0.8468190112567723
0.2991315648591929
0.29536425176528114
0.29102322162612676
0.24329181610691974
0.8551528594582004
0.5963122787417412
0.5707207919350628
0.2381231293536013
0.19436197817522025
0.7488606562550718
0.7186549158859371
0.19607146371947745
0.20762074959762353
0.20824840088726831
0.8099048921891477
0.7311773574146159
0.21943788980281728
0.21717436033021822
0.19779459369917982
0.20824840088726831
0.9653694403216067
0.3029511184747517
0.8149254956265051
0.35496058066492137
0.24759802019275226
0.32814944398249546
0.5454608476792219
0.2668875056148866
0.17200333990698558
0.2420412000355023
0.8118462815524693
0.47716198299307444
0.6003874980929643
0.24996764629940207
0.8179673783327065
0.8118462815524693
0.5963122787417412
0.5978050537651123
0.22265805746435757
0.6379646083199288
0.21193597889783478
0.5707207919350628
0.20762074959762353
0.6098795750871256
0.3996544722166134
0.2792909557049776
0.7967356994754963
0.3903848282227057
0.39325069038519156
0.2991315648591929
0.44413502075716366
0.5973995475535633
0.6508916620187551
0.3579461212181044
0.29536425176528114
0.36643201361878663
0.8468190112567723
0.2981425272710783
0.8216613567991293
0.44891800422528566
0.312109739596634
0.2979932271980116
0.7916961652652077
0.2535665184249097
0.7517322129752229
0.1787117858355319
0.3156635059100801
0.7815495412925426
0.7489597527888822
0.23658388003782718
0.24110469522101927
0.695893166781882
0.42472275550304195
0.32975782015254135
0.26823501759259155
0.7633914248964103
0.2381231293536013
0.7811545988090796
0.5978050537651123
0.8355099422971543
0.19447293290107848
0.8182460956685335
0.662039330365551
