0.30214226763619145
0.4562874379691931
0.1681893330602733
0.12042264005353205
0.21932050813714954
0.32273869483757195
0.08758412305410215
0.7650977364998867
0.22993129619364602
0.8882730146385119
0.3688549635267719
0.6825525104990753
0.486205842683377
0.4562874379691931
0.24933993448556455
0.46244931927213573
0.7405965151772657
0.05939626765346845
0.31502153824086404
0.1377415454413906
0.46244931927213573
0.5935837169377776
0.5470890363983845
0.35751021818372625
0.6346815898056236
0.0712147623354202
0.4562874379691931
0.8882730146385119
0.2534386716256881
0.712485840509658
0.48127981804573733
0.4672168469802011
0.08474721216925257
0.2632902777493785
0.418281561456873
0.8882730146385119
0.5333199748564289
0.3627184686905395
0.4185074598519342
0.46244931927213573
0.27402865017251604
0.5013461734846419
0.5979052647666053
0.8410584430828685
0.5650044846780764
0.48127981804573733
0.16472324197757193
0.691863189753571
0.3290088345025368
0.08474721216925257
0.36664063820591597
0.1933407612329069
0.4170590142988117
0.47745428822090685
0.25006227313098384
0.8604318468378411
0.80628156746348
0.4672168469802011
0.11233619116562274
0.9076887280289864
0.8883927749252032
0.7330503345693204
0.4699634426260252
0.4170590142988117
0.9955633630267001
0.6117663298115702
0.7190164440438762
0.07934200539195785
0.2632902777493785
0.9955633630267001
0.461301891554733
0.6585388946598549
0.8881288706598323
0.31502153824086404
0.25006227313098384
0.04761740476717946
0.8256774862197568
0.5859520557062062
0.5979052647666053
0.05939626765346845
0.46244931927213573
0.6117663298115702
0.051652527151062166
0.4246610638073666
0.6558021760499315
0.662039330365551
0.6088829421827392
0.48127981804573733
0.07934200539195785
0.8213528288583699
0.8148180635510658
0.9156789950303714
0.9039155055423558
0.3858514059742646
0.08758412305410215
0.8223642652016135
0.4562874379691931
0.05939626765346845
0.6111361498754658
0.8223642652016135
0.1933407612329069
0.4562874379691931
0.35395461003126083
0.25247238530792104
0.06105270283710884
0.34574208450060184
0.40721467915457243
0.21309526605524154
0.43622174207567094
0.05454407436155029
0.5470890363983845
0.47054611984842803
0.20877723617283195
0.418281561456873
0.7170076094401017
0.6696592997984866
0.5691972802017013
0.6139458476394728
0.6825525104990753
0.5013461734846419
0.27352939886260874
0.43674768458729024
0.9645069694680047
0.7747607627488842
0.621537547351543
0.687513574256513
0.42636006538523286
0.1377415454413906
0.22034686426265118
0.15545452994723863
0.503440007338975
0.7921314416578064
0.2692509979191472
0.7330503345693204
0.28208308822769806
0.8072346933358918
0.43622174207567094
0.08133256145468619
0.24933993448556452
0.25006227313098384
0.8882730146385119
0.2534386716256881
0.4763465493925656
0.6842748621809489
0.4170590142988117
0.461301891554733
0.6558021760499315
0.6139458476394728
0.6696592997984866
0.8630661454159587
0.7650977364998867
0.24279311920927035
0.03328715461012888
0.3698003536058758
0.35751021818372625
0.6585388946598549
0.8882730146385119
0.5027425209090828
0.9156789950303714
0.35751021818372625
0.6825525104990753
0.22993129619364602
0.11233619116562274
0.1702186995065581
0.9955633630267001
0.42367530728160635
0.7845774168203352
0.29729107134208327
0.32273869483757195
0.4185074598519342
0.23237589886903146
0.9328322279247744
0.4185074598519342
0.5868766593583538
0.2713485860243993
0.21932050813714954
0.6627963374896527
0.6853042746405712
0.08231245103100233
0.12042264005353205
0.06267512320781643
0.8410584430828685
0.7958891700907145
0.23872913302335375
0.24279311920927035
0.16472324197757193
0.08474721216925257
0.9645069694680047
0.27402865017251604
0.8630661454159587
0.35923613441577495
0.24933993448556455
0.28208308822769806
0.5691972802017013
0.2929998031293289
0.11233619116562274
0.2632902777493785
0.8554450073649508
0.8521004404279958
0.6117663298115702
0.08474721216925257
0.8753310272697622
0.9257888730587434
0.712485840509658
0.6111361498754658
0.18758426587108495
0.5973995475535633
0.22034686426265118
0.5841280285308023
0.7021419212291091
0.5964693591821001
0.10593537316535212
0.3742547533724375
0.712485840509658
0.8881288706598323
0.32416012832570584
0.1933407612329069
0.5333199748564289
0.5973995475535633
0.5964693591821001
0.2713485860243993
0.32273869483757195
0.2996946109586772
0.9091232126202013
0.4246610638073666
0.8753310272697622
0.5328535603306891
0.2938647123817635
0.34574208450060184
0.8072346933358918
0.21932050813714954
0.9727447533636209
0.1681893330602733
0.31502153824086404
0.907076424165108
0.8148180635510658
0.1341799119915782
0.1377415454413906
0.691863189753571
0.48025116641763166
0.2234662774177254
0.7405965151772657
0.899201794510857
0.08758412305410215
0.7747607627488842
0.621537547351543
0.7845774168203352
0.1300392936662692
0.9955633630267001
0.662039330365551
