0.28087748126278705
0.6570562886953227
0.338276336478323
0.9219080557734061
0.22195923821429264
0.4106085458507392
0.22937778522002195
0.756521006213924
0.6940619815941739
0.2824288949418048
0.39393765871847064
0.6011864336880933
0.6940619815941739
0.32325963207240466
0.6026904437816213
0.2390185577594546
0.3798985053783135
0.338276336478323
0.5454608476792219
0.22079188581681194
0.6771575469413387
0.7792635673668817
0.8070405181579675
0.6780301786561588
0.6026904437816213
0.8214999738762132
0.22195923821429264
0.821684892177807
0.4767516611453327
0.8070405181579675
0.821684892177807
0.7252617060247565
0.22335687671442248
0.2640029913470029
0.6780301786561588
0.301374263822511
0.8152634499016973
0.3214437246124742
0.328603248784482
0.4754044670413636
0.28488193635839965
0.4106085458507392
0.3798985053783135
0.7837339467286133
0.7584136252219131
0.5913568834696252
0.8214999738762132
0.6780301786561588
0.24285069168831394
0.08474721216925257
0.35349222177311423
0.37188762687043797
0.3903848282227057
0.4740002040346674
0.2562316127508417
0.756521006213924
0.7486803405956518
0.69991264006767
0.1418350270696115
0.41157451444583043
0.8774362291823171
0.7584136252219131
0.5956804106485784
0.44061566078218856
0.8974259918904655
0.6011864336880933
0.24401872334447203
0.7843942893720828
0.24539530488112962
0.35747364775182344
0.6570562886953227
0.6585388946598549
0.8881288706598323
0.32325963207240466
0.2134865686387929
0.05433505380214415
0.8214999738762132
0.6065614835735217
0.562952270467665
0.1049508838434208
0.4754044670413636
0.5646262751351008
0.22937778522002195
0.31012794281962686
0.6170473695835144
0.662039330365551
0.6780301786561588
0.5913568834696252
0.22325250683981598
0.9128312480532363
0.8357670484560076
0.8070405181579675
0.9219080557734061
0.34265233476272305
0.8152634499016973
0.8107872281318343
0.30121836427874943
0.22937778522002195
0.5804139168531282
0.8217319629351626
0.2562316127508417
0.3754443633000009
0.3214437246124742
0.22325250683981598
0.05433505380214415
0.34034659545687784
0.47931684097130445
0.24329181610691974
0.43622174207567094
0.700543421357974
0.29279686167592517
0.4676031409122362
0.12889452329272025
0.47931684097130445
0.6771575469413387
0.69991264006767
0.5454608476792219
0.613584758710701
0.7323873370033022
0.4676031409122362
0.23365716953337756
0.3754443633000009
0.9653694403216067
0.7584136252219131
0.6465960175761749
0.700543421357974
0.42472275550304195
0.14047053319353786
0.2390185577594546
0.13153249713929652
0.6908212617122738
0.8220869232733851
0.2824288949418048
0.7254605869788763
0.23365716953337756
0.7489597527888822
0.43622174207567094
0.16964418951403917
0.24401872334447203
0.2134865686387929
0.7792635673668817
0.22195923821429264
0.4767516611453327
0.6739838494685916
0.41157451444583043
0.5859041580610956
0.6170473695835144
0.613584758710701
0.6514247713917183
0.7824132614416744
0.7792635673668817
0.22009265560774904
0.13413730871189458
0.37188762687043797
0.34691812935927935
0.5956804106485784
0.7916961652652077
0.3247700665676869
0.8357670484560075
0.39393765871847064
0.6514247713917183
0.13413730871189458
0.15390457769140817
0.28332915846355716
0.8974259918904655
0.28488193635839965
0.8468190112567723
0.28245856696326077
0.29538545077307693
0.4107272256423709
0.24329181610691974
0.918591713496292
0.6129922828787793
0.5635138234992155
0.2542500916622225
0.22195923821429264
0.7323873370033022
0.7719847671944925
0.19607146371947745
0.1198772474299659
0.13153249713929652
0.8099048921891477
0.7311773574146159
0.21943788980281728
0.2562316127508417
0.18107427225423822
0.0737111676885345
0.9653694403216067
0.29279686167592517
0.8152634499016973
0.3798985053783135
0.24759802019275226
0.338276336478323
0.5454608476792219
0.2855491078363428
0.1418350270696115
0.2640029913470029
0.8385212415795306
0.6026904437816213
0.6011864336880933
0.16964418951403917
0.8216378214204516
0.8385212415795306
0.6129922828787793
0.5646262751351008
0.22335687671442248
0.5973995475535633
0.21943788980281728
0.5779277603709099
0.8107872281318343
0.5859041580610956
0.42318250840654836
0.30121836427874943
0.712485840509658
0.3903848282227057
0.34950818823712776
0.4106085458507392
0.562952270467665
0.5973995475535633
0.6065614835735217
0.301374263822511
0.29538545077307693
0.39393765871847064
0.8468190112567723
0.33367050231248485
0.821684892177807
0.4767516611453327
0.3798985053783135
0.2824288949418048
0.7916961652652077
0.2204281235823555
0.6940619815941739
0.1049508838434208
0.32325963207240466
0.8099048921891477
0.7489597527888822
0.23658388003782718
0.22079188581681194
0.6780301786561588
0.42472275550304195
0.27735101032233933
0.34265233476272305
0.7633914248964103
0.20636626024302243
0.7843942893720828
0.5934734084597111
0.8355099422971543
0.22079188581681194
0.9219080557734061
0.662039330365551
