0.29544857808338776
0.3070702277109787
0.3070702277109787
0.3070702277109787
0.3070702277109787
0.3070702277109787
0.7381364617353295
0.7381364617353295
0.3070702277109787
0.7381364617353295
0.3070702277109787
0.3070702277109787
0.7381364617353295
0.7381364617353295
0.7381364617353295
0.3070702277109787
0.3070702277109787
0.7381364617353295
0.3070702277109787
0.7381364617353295
0.7381364617353295
0.7381364617353295
0.3070702277109787
0.7381364617353295
0.3070702277109787
0.3070702277109787
0.7381364617353295
0.7381364617353295
0.7381364617353295
0.7381364617353295
0.7381364617353295
0.7381364617353295
0.3070702277109787
0.3070702277109787
0.7381364617353295
0.7381364617353295
0.7381364617353295
0.7381364617353295
0.7381364617353295
0.7381364617353295
0.3070702277109787
0.7381364617353295
0.7381364617353295
0.7381364617353295
0.7381364617353295
0.7381364617353295
0.3070702277109787
0.7381364617353295
0.3070702277109787
0.7381364617353295
0.7381364617353295
0.3070702277109787
0.3070702277109787
0.3070702277109787
0.3070702277109787
0.3070702277109787
0.3070702277109787
0.3070702277109787
0.3070702277109787
0.3070702277109787
0.7381364617353295
0.3070702277109787
0.7381364617353295
0.3070702277109787
0.7381364617353295
0.3070702277109787
0.7381364617353295
0.3070702277109787
0.7381364617353295
0.7381364617353295
0.3070702277109787
0.7381364617353295
0.7381364617353295
0.7381364617353295
0.7381364617353295
0.7381364617353295
0.3070702277109787
0.7381364617353295
0.7381364617353295
0.7381364617353295
0.7381364617353295
0.7381364617353295
0.7381364617353295
0.7381364617353295
0.3070702277109787
0.7381364617353295
0.7381364617353295
0.7381364617353295
0.3070702277109787
0.7381364617353295
0.7381364617353295
0.3070702277109787
0.7381364617353295
0.7381364617353295
0.7381364617353295
0.3070702277109787
0.7749240300717944
0.3070702277109787
0.3070702277109787
0.7381364617353295
0.7381364617353295
0.3070702277109787
0.3070702277109787
0.3070702277109787
0.3070702277109787
0.3070702277109787
0.7381364617353295
0.3070702277109787
0.384480207595978
0.7381364617353295
0.7381364617353295
0.7381364617353295
0.3070702277109787
0.3070702277109787
0.7381364617353295
0.7381364617353295
0.7381364617353295
0.7381364617353295
0.7381364617353295
0.3070702277109787
0.3070702277109787
0.3070702277109787
0.7381364617353295
0.7381364617353295
0.7381364617353295
0.7381364617353295
0.3070702277109787
0.3070702277109787
0.3070702277109787
0.3070702277109787
0.7381364617353295
0.7381364617353295
0.3070702277109787
0.7381364617353295
0.3070702277109787
0.7381364617353295
0.384480207595978
0.3070702277109787
0.3070702277109787
0.3070702277109787
0.7381364617353295
0.3070702277109787
0.3070702277109787
0.7381364617353295
0.3070702277109787
0.6412423015530531
0.7381364617353295
0.7381364617353295
0.7381364617353295
0.7381364617353295
0.7381364617353295
0.3070702277109787
0.3070702277109787
0.3087213794581564
0.3070702277109787
0.7381364617353295
0.7381364617353295
0.3070702277109787
0.7381364617353295
0.3070702277109787
0.7381364617353295
0.3070702277109787
0.3070702277109787
0.3070702277109787
0.7381364617353295
0.7381364617353295
0.7381364617353295
0.3070702277109787
0.3070702277109787
0.3070702277109787
0.3070702277109787
0.7381364617353295
0.7381364617353295
0.7381364617353295
0.3070702277109787
0.3070702277109787
0.7381364617353295
0.7381364617353295
0.3070702277109787
0.29544857808338776
0.3070702277109787
0.7381364617353295
0.7381364617353295
0.2894718953104547
0.3070702277109787
0.3070702277109787
0.3070702277109787
0.7381364617353295
0.3070702277109787
0.7381364617353295
0.3070702277109787
0.3070702277109787
0.3070702277109787
0.7381364617353295
0.3070702277109787
0.3070702277109787
0.3070702277109787
0.7381364617353295
0.3087213794581564
0.7381364617353295
0.3070702277109787
0.7381364617353295
0.7381364617353295
0.3070702277109787
0.7381364617353295
0.3070702277109787
0.7381364617353295
0.2894718953104547
0.7381364617353295
0.3070702277109787
0.7381364617353295
0.7381364617353295
0.3070702277109787
0.7381364617353295
0.3070702277109787
0.3070702277109787
0.3070702277109787
0.3070702277109787
0.7381364617353295
0.7381364617353295
0.3070702277109787
0.3070702277109787
0.3070702277109787
0.7381364617353295
0.3070702277109787
0.7381364617353295
0.3070702277109787
0.3070702277109787
0.3070702277109787
0.7381364617353295
0.3070702277109787
0.6975479094768486
0.3070702277109787
0.3070702277109787
0.7381364617353295
0.3070702277109787
0.3070702277109787
0.3070702277109787
0.7381364617353295
0.3070702277109787
0.3070702277109787
0.3070702277109787
0.7381364617353295
0.3070702277109787
0.7381364617353295
0.6412423015530531
0.7749240300717944
0.3070702277109787
0.7381364617353295
0.6975479094768486
