0.30214226763619145
0.5849836956621207
0.9346033930104175
0.05496756851536655
0.9923479964218481
0.7169585032833693
0.23600481873693147
0.30739681906161187
0.23446245484528772
0.07517529875356754
0.479142801925573
0.3391738478130427
0.7285566681507253
0.4106408038506746
0.8424030704127191
0.7790055382791664
0.9310135552277773
0.17431094158916405
0.9579314143074388
0.11144713879851065
0.8045415666881982
0.6234334395016801
0.21027436404952426
0.10842195839291069
0.6346815898056236
0.6518624663003034
0.42231279412912937
0.3525770295826657
0.49871292042690385
0.3858659662680064
0.11172003821556753
0.12057034371871589
0.27868496750647986
0.15669786621255355
0.9448416116516188
0.8425893886933085
0.6386936194146953
0.2572710497002152
0.9652564157167984
0.429439622683801
0.4834969291584754
0.6963695515187475
0.8664169526897352
0.8079118451821309
0.5650044846780764
0.7581271990129539
0.46276604689649115
0.49160501267433954
0.3290088345025368
0.10145219351932533
0.36664063820591597
0.4500712373670166
0.37974737319156493
0.016796998275100727
0.39281168568336944
0.8604318468378411
0.7494128555954591
0.4852279840282958
0.7566050762194194
0.9076887280289864
0.8896942984005906
0.7454263972224398
0.4699634426260252
0.009154262660384216
0.03277935628159345
0.27777710384600807
0.6567747869382378
0.08186201273638283
0.2581418970954529
0.5481441848354671
0.4512981063576361
0.030847626252537896
0.9316113041196776
0.3013313484953203
0.6912153878212233
0.04761740476717946
0.8256774862197568
0.5146787846357023
0.7165941615209932
0.012843094912031061
0.4245883602761774
0.16428897488494654
0.051652527151062166
0.4826565356834783
0.6273373631651622
0.6653710046656474
0.6024407994777905
0.5170287358687091
0.07682199804753287
0.8213528288583699
0.8027653365074381
0.9424270615802117
0.9039155055423558
0.3858514059742646
0.11053629140083643
0.8775943711731198
0.5633546031694756
0.06109696321615421
0.5437894841260122
0.853033952282698
0.19391924046561293
0.8720183447198335
0.35395461003126083
0.25247238530792104
0.06869749593362506
0.439028141422779
0.38583123762065796
0.21309526605524154
0.4298951813185229
0.05454407436155029
0.6067107765275571
0.4956343093696747
0.20877723617283195
0.4203973352460062
0.7170076094401017
0.6645591189137692
0.6162747712107234
0.625693430045053
0.6435389018868731
0.46809556926325724
0.3227943421813937
0.3921755580043571
0.9577009670660013
0.7759926005416521
0.627079275134542
0.560843367399446
0.42636006538523286
0.282547586484445
0.20777762908263397
0.15545452994723863
0.46280772377146007
0.7921314416578064
0.2692509979191472
0.720674271916201
0.3676631349509851
0.7807716746778715
0.4614212983840317
0.0767047861830773
0.24250054090761597
0.2014500449001415
0.8932209687364102
0.31929307738029133
0.4763465493925656
0.6842748621809489
0.36971923438493004
0.4713056767518299
0.6526125106434979
0.6021982652338927
0.6524986708127408
0.8377395159067142
0.5810225318231904
0.31328508203742644
0.03328715461012888
0.3698003536058758
0.33333290634833856
0.6665900483500936
0.8833250605406137
0.5027425209090828
0.8943388072107981
0.4198030738555567
0.7509719922807269
0.30275213830919523
0.05340790974059262
0.1702186995065581
0.9949751425645158
0.3361101349232235
0.7321632324855486
0.2583690486924026
0.256260400315788
0.3775495100635242
0.24278935102647436
0.9449566233550729
0.37872052986196947
0.5868766593583538
0.30542537811316295
0.20876049789265982
0.6627963374896527
0.6853042746405712
0.08085757946906824
0.13597650524602767
0.06267512320781643
0.8742050409836062
0.7958891700907145
0.23655071597861954
0.301542795213386
0.11002436680542793
0.08706225273142665
0.9713129718700082
0.31568140147600066
0.8870912514498158
0.35923613441577495
0.25617932806351307
0.9738507653682436
0.5269017865342626
0.22893820803861575
0.10424974227771344
0.14804813677481343
0.8554450073649508
0.9061101548413476
0.5679251473699117
0.1322068789954991
0.9386246418317765
0.9410319947515456
0.7059552369754398
0.31577457054840996
0.1336688121381303
0.6012142247952809
0.2081447028174841
0.5841280285308023
0.7021419212291091
0.5932776646157005
0.09130040261198835
0.3736427801474712
0.7812581011495148
0.9125493655784866
0.32416012832570584
0.19276228200020085
0.6153250848876879
0.601216531543417
0.5996610537484997
0.2691677731861899
0.43563769791861084
0.2996946109586772
0.9091232126202013
0.4940355843965383
0.8977099825929079
0.5328535603306891
0.29201355397662043
0.31089561566219015
0.8336977119939123
0.2064079073095184
0.9727447533636209
0.5590079720845987
0.3287117279864078
0.907076424165108
0.8268707905946934
0.1341799119915782
0.12532006649165783
0.686470932423342
0.5184317465210692
0.2234662774177254
0.7697227669186005
0.899201794510857
0.0966123273530396
0.7735289249561162
0.6159958195685439
0.8369916011551217
0.1300392936662692
0.9961515834888844
0.6587076560654544
