0.2772574648998857
0.6212969675990693
0.05433505380214415
0.7968388014507104
0.7780977071603083
0.12414565769799794
0.5958599943249295
0.8223642652016135
0.6281095685785834
0.4841813930124254
0.8035602721238068
0.9156789950303714
0.42010201421356125
0.30219065814682416
0.0737111676885345
0.38029315228417526
0.9606761180427217
0.8191426160930608
0.40919880472641673
0.16482888749210778
0.42603006815325944
0.5746983647934872
0.4832142013568627
0.8881288706598323
0.6281095685785834
0.4251895747799894
0.29384903353967506
0.6510306328562824
0.46939793433235066
0.712485840509658
0.4832142013568627
0.4672168469802011
0.35616389316550573
0.26107623467466107
0.42010201421356125
0.9597999135639707
0.7356383614045816
0.4841813930124254
0.4185074598519342
0.42603006815325944
0.3015187423375264
0.44187328897934197
0.35837317629975063
0.8410584430828685
0.08445834225439415
0.4832142013568627
0.16472324197757193
0.691863189753571
0.24285069168831394
0.08474721216925257
0.36664063820591597
0.33251613066013674
0.43935803258503525
0.47400020403466747
0.22596106745090694
0.272438992443504
0.7968388014507104
0.4251895747799894
0.5956804106485784
0.43935803258503525
0.8883927749252032
0.7603062442299023
0.5956804106485784
0.4251895747799894
0.9641977954757373
0.6117663298115702
0.7190164440438762
0.07934200539195785
0.25581262003523514
0.9606761180427217
0.5087331369195894
0.6585388946598549
0.8881288706598323
0.31502153824086404
0.2742877470331799
0.05433505380214415
0.8256774862197568
0.5958599943249295
0.5746983647934872
0.05939626765346845
0.42603006815325944
0.6117663298115702
0.051652527151062166
0.3588848471117558
0.6510306328562824
0.662039330365551
0.6088829421827392
0.4832142013568627
0.07934200539195785
0.8142937610971308
0.7461515649036023
0.9156789950303714
0.9061607379334748
0.3858514059742646
0.08758412305410215
0.8223642652016135
0.40919880472641673
0.12414565769799794
0.6111361498754658
0.8223642652016135
0.22596106745090694
0.40919880472641673
0.35616389316550573
0.21025469408663397
0.05433505380214415
0.34034659545687784
0.44187328897934197
0.1776850959927917
0.43622174207567094
0.6170569427078862
0.4841813930124254
0.47400020403466747
0.14554484360191713
0.4251895747799894
0.7170076094401017
0.6696592997984866
0.5490808430379783
0.6139458476394728
0.7356383614045816
0.5013461734846419
0.272438992443504
0.4324239909855099
0.9748591006542365
0.7747607627488842
0.6248235579650632
0.6170569427078862
0.4324239909855099
0.1377415454413906
0.24285069168831394
0.15545452994723863
0.503440007338975
0.7921314416578064
0.259677051702173
0.7780977071603083
0.259677051702173
0.8107642272165113
0.43622174207567094
0.08445834225439415
0.24933993448556455
0.25006227313098384
0.8882730146385119
0.2534386716256881
0.46939793433235066
0.6842748621809489
0.43935803258503525
0.5087331369195894
0.6510306328562824
0.6139458476394728
0.6696592997984866
0.8035602721238068
0.7461515649036023
0.24279311920927035
0.13160922540188746
0.38029315228417526
0.35751021818372625
0.5956804106485784
0.8882730146385119
0.5027425209090828
0.9156789950303714
0.35616389316550573
0.7356383614045816
0.13160922540188746
0.1163794156095774
0.22596106745090694
0.9597999135639707
0.33251613066013674
0.8191426160930608
0.30219065814682416
0.32273869483757195
0.38830715399037086
0.1776850959927917
0.9641977954757373
0.4185074598519342
0.585502343944578
0.272438992443504
0.21932050813714954
0.6627963374896527
0.684548525539503
0.14554484360191713
0.1163794156095774
0.0737111676885345
0.8410584430828685
0.7780977071603083
0.22093408399966857
0.24279311920927035
0.16482888749210778
0.0737111676885345
0.9748591006542365
0.27402865017251604
0.8035602721238068
0.35837317629975063
0.24933993448556455
0.3458895284666606
0.5490808430379783
0.38029315228417526
0.11233619116562274
0.26107623467466107
0.8537727238964733
0.8537727238964733
0.6117663298115702
0.08474721216925257
0.8753310272697622
0.9606761180427217
0.712485840509658
0.6111361498754658
0.22167034929341609
0.5973995475535633
0.24285069168831394
0.6212969675990693
0.7073138808693835
0.6212969675990693
0.42010201421356125
0.3742547533724375
0.712485840509658
0.8881288706598323
0.33495110641315384
0.30219065814682416
0.5333199748564289
0.5973995475535633
0.5958599943249295
0.2713485860243993
0.32273869483757195
0.3570011957229114
0.9084059703245939
0.3588848471117558
0.8753310272697622
0.5328535603306891
0.29384903353967506
0.34034659545687784
0.8107642272165113
0.21932050813714954
0.9727447533636209
0.1681893330602733
0.31502153824086404
0.9066185810492915
0.8148180635510658
0.12414565769799794
0.16482888749210778
0.691863189753571
0.42010201421356125
0.2234662774177254
0.29384903353967506
0.7968388014507104
0.08445834225439415
0.7747607627488842
0.6248235579650632
0.8191426160930608
0.11942070015836818
0.9597999135639707
0.662039330365551
