0.29102322162612676
0.2512302658177725
0.28072238685556417
0.6929656130494086
0.5956804106485784
0.31452503127558423
0.633132091538959
0.2824559787239803
0.5151404150024517
0.2924524150407781
0.7582476373841301
0.2350303233619322
0.2701531173735206
0.33468483788702336
0.7229451973227096
0.7898519029207169
0.6618316657079985
0.2908459394752949
0.25546268380312215
0.2701531173735206
0.5151404150024517
0.25546268380312215
0.8177961266467707
0.2924524150407781
0.2960868968321207
0.3207094372387645
0.2843961060505311
0.27411130571425174
0.3207094372387645
0.24778122083280452
0.3856204152311124
0.1787117858355319
0.2963016667919196
0.2512302658177725
0.5103129082403131
0.7647084683863171
0.8152634499016973
0.2924524150407781
0.47716198299307444
0.8124942671513092
0.26652000754693345
0.7783779141687596
0.2910130856198
0.8154701439088046
0.5103129082403131
0.6740990592169923
0.804279508592954
0.24024846144134412
0.2910130856198
0.31310036068083846
0.36470740264236395
0.6971221096500946
0.30768066005983724
0.2520505496648738
0.26060670585531115
0.29069190015956015
0.7345134233435887
0.6740990592169923
0.5956804106485784
0.36775298010820784
0.2628362410410132
0.7783779141687596
0.5956804106485784
0.2350303233619322
0.7391185650078961
0.7898519029207169
0.8124942671513092
0.7582476373841301
0.27411130571425174
0.30768066005983724
0.7337241730637688
0.7337241730637688
0.9274278612260801
0.27965270823291294
0.2628362410410132
0.33468483788702336
0.7783779141687596
0.6965622604664033
0.6501444540775957
0.9274278612260801
0.6379646083199288
0.5151404150024517
0.27522111268827454
0.2690563596388799
0.24159146916836902
0.6626549094053922
0.695893166781882
0.6622402328839082
0.329818839657648
0.8176910923499642
0.7582476373841301
0.26900311051990483
0.8738935190245712
0.7201857496667
0.266861387282157
0.7801704740913606
0.2913622790768001
0.28825769625759784
0.5763326189060041
0.761261661875244
0.2628362410410132
0.33468483788702336
0.2963016667919196
0.329818839657648
0.3680610858083253
0.2860756985465654
0.4442339262248977
0.26060670585531115
0.36775298010820784
0.7647084683863171
0.30092629715415325
0.4723825619526553
0.24838966960867315
0.5103129082403131
0.674943596953428
0.7113579523245622
0.633132091538959
0.7341571740748231
0.6997936541349641
0.4723825619526553
0.28215224455271004
0.24838966960867315
0.9274278612260801
0.7487012737594234
0.6622402328839082
0.7660255118762239
0.500527687204523
0.24159146916836902
0.21193597889783478
0.27522111268827454
0.6880413987280372
0.7938174679251395
0.2824559787239803
0.7525819642468753
0.28072238685556417
0.7641839466565005
0.3856204152311124
0.5103129082403131
0.2690563596388799
0.2520007887126107
0.7157231712492763
0.24662085293485658
0.5105753134974275
0.7953345395313375
0.41157451444583043
0.6233906393095096
0.7938174679251395
0.6632704884452335
0.6618316657079985
0.8177986769257594
0.705081060144139
0.2269000838195361
0.24024846144134412
0.36157263244574045
0.24024846144134412
0.5956804106485784
0.6880413987280372
0.3996544722166134
0.755753177088763
0.29069190015956015
0.633132091538959
0.18483998614939703
0.2677161963539575
0.2765044828605025
0.8738935190245712
0.2843961060505311
0.8177961266467707
0.3103422049929887
0.25220968822517315
0.29102322162612676
0.24329181610691974
0.8176910923499642
0.6175473420913263
0.7229451973227096
0.2619100595091774
0.23627218289888283
0.6929656130494086
0.7345134233435887
0.2908459394752949
0.20762074959762353
0.2576776248085698
0.8154701439088046
0.7525819642468753
0.2547859485587256
0.2269000838195361
0.24662085293485658
0.26900311051990483
0.9041390995562635
0.26652000754693345
0.8149254956265051
0.40267608122058746
0.18483998614939703
0.28072238685556417
0.6971221096500946
0.2689443015449608
0.24778122083280452
0.27411130571425174
0.7734182745237806
0.47716198299307444
0.5151404150024517
0.25546268380312215
0.761261661875244
0.7734182745237806
0.6175473420913263
0.5978050537651123
0.2350303233619322
0.6619276939676969
0.2512302658177725
0.6618316657079985
0.3207094372387645
0.6233906393095096
0.3996544722166134
0.2765044828605025
0.7972593662025291
0.3678876055260941
0.31452503127558423
0.3103422049929887
0.2908459394752949
0.674943596953428
0.6965622604664033
0.3171449686743694
0.2701531173735206
0.31452503127558423
0.8177961266467707
0.2981425272710783
0.8216613567991293
0.5105753134974275
0.312109739596634
0.2960868968321207
0.7859333196782842
0.25352394196695605
0.7053180745679568
0.17518580910303622
0.2860756985465654
0.7201857496667
0.7341571740748231
0.25546268380312215
0.2701531173735206
0.6745764054776603
0.500527687204523
0.26900311051990483
0.2576776248085698
0.7647084683863171
0.2619100595091774
0.7487012737594234
0.5978050537651123
0.8458272710040423
0.19447293290107848
0.7280470165742221
0.6626549094053922
