0.30665446358009496
0.7379972895538605
0.7379972895538605
0.7379972895538605
0.7379972895538605
0.7379972895538605
0.7379972895538605
0.7379972895538605
0.30665446358009496
0.30665446358009496
0.7379972895538605
0.30665446358009496
0.7379972895538605
0.30665446358009496
0.7379972895538605
0.7379972895538605
0.7379972895538605
0.7379972895538605
0.30665446358009496
0.7379972895538605
0.7379972895538605
0.30665446358009496
0.7379972895538605
0.30665446358009496
0.30665446358009496
0.30665446358009496
0.7379972895538605
0.7379972895538605
0.7379972895538605
0.7379972895538605
0.30665446358009496
0.30665446358009496
0.30665446358009496
0.30665446358009496
0.7379972895538605
0.7379972895538605
0.30665446358009496
0.30665446358009496
0.30665446358009496
0.7379972895538605
0.7379972895538605
0.30665446358009496
0.7379972895538605
0.7379972895538605
0.7379972895538605
0.7379972895538605
0.30665446358009496
0.7379972895538605
0.30665446358009496
0.7379972895538605
0.30665446358009496
0.30665446358009496
0.30665446358009496
0.30665446358009496
0.30665446358009496
0.30665446358009496
0.30665446358009496
0.30665446358009496
0.7379972895538605
0.30665446358009496
0.7379972895538605
0.7379972895538605
0.30665446358009496
0.30665446358009496
0.30665446358009496
0.30665446358009496
0.7379972895538605
0.7379972895538605
0.7379972895538605
0.7379972895538605
0.30665446358009496
0.7379972895538605
0.7379972895538605
0.30665446358009496
0.7379972895538605
0.7379972895538605
0.7379972895538605
0.7379972895538605
0.7379972895538605
0.7379972895538605
0.7379972895538605
0.7379972895538605
0.7379972895538605
0.7379972895538605
0.30665446358009496
0.717842185606089
0.7379972895538605
0.7379972895538605
0.30665446358009496
0.7379972895538605
0.7379972895538605
0.30665446358009496
0.7379972895538605
0.7379972895538605
0.7379972895538605
0.30665446358009496
0.7749240300717944
0.30665446358009496
0.30665446358009496
0.7379972895538605
0.7379972895538605
0.30665446358009496
0.30665446358009496
0.7379972895538605
0.30665446358009496
0.30665446358009496
0.30665446358009496
0.30665446358009496
0.384480207595978
0.7379972895538605
0.7379972895538605
0.7379972895538605
0.30665446358009496
0.30665446358009496
0.7379972895538605
0.7379972895538605
0.7379972895538605
0.7379972895538605
0.7379972895538605
0.30665446358009496
0.30665446358009496
0.30665446358009496
0.7379972895538605
0.7379972895538605
0.7379972895538605
0.7379972895538605
0.30665446358009496
0.30665446358009496
0.30665446358009496
0.30665446358009496
0.7379972895538605
0.7379972895538605
0.30665446358009496
0.7379972895538605
0.30665446358009496
0.7379972895538605
0.384480207595978
0.30665446358009496
0.30665446358009496
0.30665446358009496
0.7379972895538605
0.30665446358009496
0.30665446358009496
0.7379972895538605
0.30665446358009496
0.6412423015530531
0.7379972895538605
0.7379972895538605
0.7379972895538605
0.7379972895538605
0.7379972895538605
0.30665446358009496
0.30665446358009496
0.30665446358009496
0.30665446358009496
0.7379972895538605
0.7379972895538605
0.30665446358009496
0.7379972895538605
0.30665446358009496
0.7379972895538605
0.30665446358009496
0.30665446358009496
0.30665446358009496
0.7379972895538605
0.7379972895538605
0.7379972895538605
0.30665446358009496
0.30665446358009496
0.30665446358009496
0.30665446358009496
0.7379972895538605
0.7379972895538605
0.7379972895538605
0.30665446358009496
0.30665446358009496
0.7379972895538605
0.7379972895538605
0.30665446358009496
0.30665446358009496
0.30665446358009496
0.7379972895538605
0.7379972895538605
0.30665446358009496
0.30665446358009496
0.30665446358009496
0.30665446358009496
0.7379972895538605
0.30665446358009496
0.7379972895538605
0.30665446358009496
0.30665446358009496
0.30665446358009496
0.7379972895538605
0.30665446358009496
0.30665446358009496
0.30665446358009496
0.7379972895538605
0.30665446358009496
0.7379972895538605
0.30665446358009496
0.7379972895538605
0.7379972895538605
0.30665446358009496
0.7379972895538605
0.30665446358009496
0.7379972895538605
0.30665446358009496
0.7379972895538605
0.30665446358009496
0.7379972895538605
0.7379972895538605
0.30665446358009496
0.7379972895538605
0.30665446358009496
0.30665446358009496
0.30665446358009496
0.30665446358009496
0.7379972895538605
0.7379972895538605
0.30665446358009496
0.30665446358009496
0.30665446358009496
0.7379972895538605
0.30665446358009496
0.7379972895538605
0.30665446358009496
0.30665446358009496
0.30665446358009496
0.7379972895538605
0.30665446358009496
0.7379972895538605
0.30665446358009496
0.30665446358009496
0.7379972895538605
0.30665446358009496
0.30665446358009496
0.30665446358009496
0.7379972895538605
0.30665446358009496
0.30665446358009496
0.30665446358009496
0.7379972895538605
0.30665446358009496
0.7379972895538605
0.6412423015530531
0.7749240300717944
0.30665446358009496
0.7379972895538605
0.717842185606089
