0.28087748126278705
0.1899585452435875
0.7876960025894301
0.11777326798262351
0.23365716953337756
0.28117228206643186
0.8697837272114683
0.4406156607821886
0.6465960175761749
0.3452210936532174
0.7250403015499338
0.15966170356291853
0.713847276517602
0.2969474946262434
0.562123258954359
0.217941695605966
0.5973801018578109
0.725346009838418
0.2221716904022167
0.8135664822705222
0.562123258954359
0.28780741802653304
0.6011864336880933
0.3424460367604824
0.562123258954359
0.8214999738762132
0.6139458476394728
0.8196798193158221
0.712485840509658
0.713847276517602
0.5317856413260376
0.7252617060247565
0.9653694403216067
0.8207763336247348
0.3798985053783135
0.28780741802653304
0.3569003208769207
0.3214437246124742
0.5754028991796872
0.4747308699893791
0.2969474946262434
0.4406156607821886
0.712485840509658
0.8410584430828685
0.09248921619031303
0.49070553816931994
0.345976794688714
0.6780301786561588
0.24285069168831394
0.08474721216925257
0.33631905961073
0.37188762687043797
0.37188762687043797
0.4740002040346674
0.3214437246124742
0.725346009838418
0.7486803405956518
0.6465960175761749
0.11777326798262351
0.43935803258503525
0.8774362291823171
0.7603062442299023
0.5956804106485784
0.4406156607821886
0.9181062604186385
0.6011864336880933
0.2404394264961918
0.15966170356291853
0.28093260900642697
0.35747364775182344
0.6151276915702835
0.6585388946598549
0.8881288706598323
0.3265636951552311
0.2134865686387929
0.05433505380214415
0.8214999738762132
0.6065614835735217
0.5623907174361147
0.05939626765346845
0.4747308699893791
0.5658777832254717
0.2221716904022167
0.33367050231248485
0.6170473695835144
0.662039330365551
0.6780301786561588
0.5317856413260376
0.15966170356291853
0.8649863780637511
0.8135664822705222
0.9181062604186385
0.9463901196563467
0.38307227912921993
0.8774362291823171
0.8210220422587178
0.3452210936532174
0.24074919457174915
0.5804139168531282
0.8210220422587178
0.29237056989393445
0.43314729729437096
0.3214437246124742
0.21025469408663397
0.05433505380214415
0.34034659545687784
0.4406156607821886
0.22249675598117982
0.43622174207567094
0.7250403015499338
0.4841813930124254
0.4676031409122362
0.13918325530419506
0.4251895747799894
0.7170076094401017
0.6614457373616275
0.5454608476792219
0.6139458476394728
0.7128656996440407
0.4676031409122362
0.23365716953337756
0.4107272256423709
0.9653694403216067
0.7876960025894301
0.6465960175761749
0.7250403015499338
0.42626300259953553
0.1377415454413906
0.217941695605966
0.18935382659005853
0.7658715209626277
0.8177159958178581
0.2385278175901484
0.7254605869788763
0.23365716953337756
0.7489597527888822
0.43622174207567094
0.13918325530419506
0.29156617850766914
0.2134865686387929
0.7711648490608723
0.22349035284622978
0.47776205672330957
0.6151276915702835
0.4406156607821886
0.5973801018578109
0.6170473695835144
0.6139458476394728
0.6684547413630745
0.7530906706210774
0.787362285672891
0.22009265560774904
0.13413730871189458
0.37188762687043797
0.34691812935927935
0.5956804106485784
0.8143109275442391
0.3247700665676869
0.8649863780637511
0.3569003208769207
0.7128656996440407
0.13413730871189458
0.11435780338760007
0.28332915846355716
0.9463901196563467
0.2943450226341873
0.8355099422971543
0.3284979197458665
0.31212007595795604
0.4107272256423709
0.22249675598117982
0.918591713496292
0.5134987252479005
0.562123258954359
0.2542500916622225
0.2204281235823555
0.6627963374896527
0.7867378559067563
0.19607146371947745
0.1163794156095774
0.0737111676885345
0.8410584430828685
0.7311773574146159
0.22093408399966857
0.22009265560774904
0.12796239442394128
0.0737111676885345
0.9653694403216067
0.2969474946262434
0.7530906706210774
0.3798985053783135
0.29156617850766914
0.3604411898652604
0.5454608476792219
0.15050550003337315
0.11777326798262351
0.28093260900642697
0.8537727238964733
0.7140270461073972
0.6011864336880933
0.132821667006473
0.8697837272114683
0.9606761180427217
0.712485840509658
0.5658777832254717
0.27735101032233933
0.5973995475535633
0.217941695605966
0.5779277603709099
0.713847276517602
0.5973801018578109
0.42010201421356125
0.3452210936532174
0.712485840509658
0.4088820295749735
0.33631905961073
0.3284979197458665
0.562123258954359
0.5973995475535633
0.6065614835735217
0.30347607222460643
0.31212007595795604
0.33631905961073
0.8983993726248986
0.33367050231248485
0.8697837272114683
0.47776205672330957
0.3798985053783135
0.293887987371018
0.8135664822705222
0.2204281235823555
0.7658715209626277
0.15050550003337315
0.3265636951552311
0.816671466290082
0.7489597527888822
0.2467304115896408
0.1899585452435875
0.6780301786561588
0.42626300259953553
0.27735101032233933
0.30223239039622624
0.7633914248964103
0.20636626024302243
0.7876960025894301
0.5934734084597111
0.8355099422971543
0.1899585452435875
0.8484618641245844
0.662039330365551
