0.7174471947945572
0.15585737430979388
0.18683335823307046
0.2169158361423679
0.783008938398441
0.17573938996513294
0.2202200731126658
0.16192827999950818
0.21680511965927765
0.18686222852393264
0.16843314833564185
0.16124020355115276
0.8095985003709876
0.29191671263970664
0.8132526546783972
0.7835108376693604
0.7212838619542989
0.19055592050442782
0.16977649752815957
0.12721618155791545
0.19060778618964277
0.19220550461112337
0.1905647153529486
0.31354906230654933
0.7465125751397408
0.7465125751397408
0.8227555960668695
0.7465125751397408
0.19220550461112337
0.8057980602079002
0.5183383582439146
0.2606106204367031
0.18385317864262576
0.15585737430979388
0.18311667085822247
0.2606106204367031
0.539472305313097
0.17573938996513294
0.8132526546783972
0.18706027320812452
0.7223083243500934
0.3790172916395462
0.3640591513293137
0.7423086030295447
0.7942928798324287
0.8258024645621829
0.7465125751397408
0.18683335823307046
0.2199399341249838
0.7918689451234617
0.8271118411215355
0.1940691574977727
0.8203579822266484
0.7835108376693604
0.7009465636694069
0.16124020355115276
0.6912109001040238
0.1482828942527446
0.26797967319309374
0.2131397598135507
0.3638530356069478
0.7809210857460211
0.461604458938873
0.22887644648841607
0.783008938398441
0.8114038917175111
0.16977649752815957
0.783008938398441
0.22718948111908155
0.7423086030295447
0.18733051212601376
0.8282826481777175
0.21882446144666362
0.141663221181629
0.798303242182315
0.7917938586072628
0.7835108376693604
0.2606106204367031
0.2131397598135507
0.17652373462847307
0.7839563215088656
0.5183383582439146
0.21298637385388397
0.09075488152040634
0.18385317864262576
0.15585737430979388
0.33738619050158025
0.19055592050442782
0.28454030759778565
0.21864410641349427
0.3766583373968171
0.28454030759778565
0.44222810883010605
0.7009465636694069
0.7552624801619672
0.7551313891039596
0.7542697134351576
0.15364876710315412
0.8018967292097267
0.2202200731126658
0.2003409144016959
0.2606106204367031
0.8720153007914229
0.2877974373351239
0.7212838619542989
0.16037678379075526
0.1874774702823246
0.8282826481777175
0.7283167447270608
0.7775627005582814
0.47531791956852615
0.7283167447270608
0.7880746389540138
0.21227891637127455
0.7634834295999597
0.21355925065773546
0.1961808254833252
0.17937344661701715
0.3138223814989102
0.8111602903919968
0.7114965535549902
0.6844459325442566
0.21680511965927765
0.18686222852393264
0.8271118411215355
0.8112130976203584
0.7973374743812084
0.2064774955157375
0.16124020355115276
0.35470289269731564
0.6912109001040238
0.7746342478374683
0.7807155126525487
0.8203579822266484
0.3223219170460707
0.8239378504046935
0.19289652592856252
0.7423086030295447
0.7864209629918171
0.16977649752815957
0.16192827999950818
0.19055592050442782
0.7542697134351576
0.7088199830714975
0.21989040118622444
0.18747747028232462
0.37024167764734206
0.8095985003709876
0.8000500420464872
0.7850105886331331
0.20753157765766583
0.539472305313097
0.26944714538066
0.7803034081373681
0.7809210857460211
0.2367641748487214
0.7733356932568205
0.21298637385388397
0.7209500586574635
0.7462657320764914
0.3640591513293137
0.7743409680919466
0.22887644648841607
0.1961808254833252
0.47531791956852615
0.18733051212601376
0.7901508955591996
0.7853722092691251
0.8064942220885302
0.7702445305243234
0.22548939408334
0.18232785999409723
0.8057980602079002
0.8557835630292528
0.8111602903919968
0.5183383582439146
0.16192827999950818
0.18908181151015613
0.19220550461112337
0.7223083243500934
0.17937344661701715
0.18709843941551102
0.2169158361423679
0.3790172916395462
0.8433405070425155
0.19405156780073116
0.21680511965927765
0.21732329542157333
0.1482828942527446
0.2003409144016959
0.7246086044246692
0.7733356932568205
0.18175699405263
0.007110801183297211
0.3790172916395462
0.26797967319309374
0.8731317701968656
0.7216176652511342
0.19220550461112337
0.18511506732086594
0.29191671263970664
0.8064942220885302
0.846967775583454
0.7999313788054443
0.22548939408334
0.7999313788054443
0.8132526546783972
0.7552624801619672
0.17244927329442933
0.7702445305243234
0.16476989278062196
0.19289652592856252
0.5306085297786336
0.7853722092691251
0.7743409680919466
0.7770650773274815
0.1905647153529486
0.8095985003709876
0.7651780759171426
0.3223219170460707
0.7813622242389773
0.8057980602079002
0.6844459325442566
0.33738619050158025
0.2202200731126658
0.7209500586574635
0.461604458938873
0.2169158361423679
0.2290357689908834
0.846967775583454
0.38908335811443717
0.2368852109638956
0.29191671263970664
0.8353659496999933
0.5306085297786336
0.21989040118622444
0.23151984970508804
0.18427174580599195
0.8118240618251834
0.31354906230654933
0.11722286597582765
0.7628390590915677
0.18709843941551102
0.19358713631738317
0.8258024645621829
0.24857622161298215
0.5459516126319091
0.1812196518637982
0.8607282563110106
0.8607282563110106
