0.7748214188505713
0.2205926684920573
0.2205952444830829
0.22064956869190885
0.7751247276892119
0.22047826759302364
0.22051900031075636
0.7753377909461333
0.7752826679514895
0.22063862887092803
0.22063862887092803
0.7753067789967454
0.22051147072586674
0.220663972813253
0.7752707172288947
0.775292141308522
0.7752484545481092
0.7755372138836963
0.2205926684920573
0.2203057715874309
0.22063105928383836
0.22057875438200003
0.7752934336126152
0.22057875438200003
0.22062025128395926
0.22047648855897173
0.7755308513583101
0.7753377909461333
0.775355011962549
0.7752925574603856
0.22062025128395926
0.2208038410887696
0.2207440488439169
0.775292141308522
0.7755881351941658
0.7753041153005406
0.22070215191682713
0.22052286751810346
0.7753128985064803
0.22055214576021545
0.7746195089568783
0.22046192567203113
0.7753340538318914
0.7752898938456035
0.7753464789643778
0.7753041153005406
0.22056805326294385
0.2205852099153275
0.2205926684920573
0.22051328441695095
0.22048014037084573
0.7752825380234737
0.22051900031075636
0.7753939756635748
0.7750233287442643
0.7752925574603856
0.22052083698063435
0.2206271997962727
0.22056781702457973
0.7752934336126152
0.22057875438200003
0.22056387491705526
0.2205027767293296
0.22063862887092803
0.22058672301187823
0.7751873564938045
0.2207086803218461
0.2206416231157591
0.22041305740806313
0.7752811661910584
0.22078421920193894
0.22045020038861382
0.22045020038861382
0.7754232856505636
0.22069949796454427
0.775439117536855
0.22067863466113155
0.22048573596480286
0.7752259800865353
0.7753210142168062
0.7752214656377874
0.7752707172288947
0.22059665093946867
0.7746195089568783
0.7753377909461333
0.22053851791646858
0.775355011962549
0.7755203247953063
0.7752944716632069
0.22043504505968883
0.22060941427681205
0.7754119434129761
0.7754463349944761
0.775355011962549
0.22044234807604238
0.7752672289875483
0.22051147072586674
0.22051840920701643
0.7753605912151259
0.2206304360867705
0.22048573596480286
0.2208038410887696
0.7753128985064803
0.22070673673289742
0.2205148422224016
0.2206271997962727
0.2206271997962727
0.22051594390642798
0.7752934336126152
0.22052491021567389
0.22064250451878575
0.7753408497842322
0.7752876722990648
0.7752927240334913
0.22071930350737712
0.22034745757420895
0.22061457016964567
0.2198480331586699
0.22051328441695095
0.22066424964769393
0.7753340538318914
0.7751863015580808
0.22067391396565486
0.2205526530981401
0.220566772566742
0.7753339583388741
0.775422192290474
0.7753826119186704
0.2205805521191479
0.22063105928383836
0.775292141308522
0.22058672301187823
0.775245629646263
0.22043387691504335
0.7752437093757827
0.7755021564672019
0.22041305740806313
0.775207548615743
0.22035996274912184
0.7752852068732208
0.7753707552421291
0.22060485566586
0.22050344823732781
0.7748214188505713
0.22068311523771603
0.22044988423601208
0.22051900031075636
0.775340218651626
0.7753067789967454
0.7751744798676665
0.7755881351941658
0.775340218651626
0.2204316327724251
0.7753067789967454
0.22056387491705526
0.22063105928383836
0.7753041153005406
0.22054031302638896
0.775428822462614
0.775439117536855
0.2206072856064631
0.7755372138836963
0.775260456298591
0.7757945510585995
0.22040123219328014
0.22050344823732781
0.2206976139158413
0.7768111835760827
0.7753324665223661
0.22062167304235522
0.7752749782423001
0.220663972813253
0.2206452334765362
0.22051594390642798
0.22052200893017215
0.7752634417079493
0.7752898938456035
0.7751652774387416
0.2203057715874309
0.7754328457803721
0.21798915303601016
0.22059665093946867
0.2204316327724251
0.22055214576021545
0.2206304360867705
0.2207440488439169
0.22045465812292794
0.7752826679514895
0.22068311523771603
0.22055969965319028
0.22047280604472494
0.22062718213630916
0.22051147072586674
0.2204328126331312
0.2205516384222908
0.22064250451878575
0.22064956869190885
0.22056781702457973
0.22065949374253463
0.22044336352969626
0.7753187660008928
0.7752876722990648
0.22056805326294385
0.22066947629426786
0.22054031302638896
0.22056850867703667
0.7754323321391527
0.7752555157706321
0.7752826679514895
0.22047648855897173
0.7757945510585995
0.7753128187995286
0.22005885213082593
0.7753152082634167
0.22043504505968883
0.22057192575427031
0.22042233539833564
0.7753305188652938
0.2205952444830829
0.7753075859047139
0.22050137339215548
0.7753584054822791
0.7752053207991562
0.7751247276892119
0.7752053207991562
0.7753128187995286
0.22052286751810346
0.7752484545481092
0.7753822319950008
0.2206072856064631
0.7751247276892119
0.22051182412288026
0.7751580263888778
0.7754123873575637
0.2206848011160461
0.7752852068732208
0.7753408497842322
0.22011102446377026
0.220663972813253
0.22047826759302364
0.2205952444830829
0.22060024184516244
0.22038430684843027
0.7756815968846105
0.22062025128395926
0.22058828372932893
0.7753703354336937
0.22068674627349275
0.2206900150787876
0.7752416411625536
