0.7300760553756519
0.2042132603982129
0.78600087299114
0.7921661610740016
0.7667016614322477
0.218802408348545
0.23079808804089666
0.8030095494274178
0.7795944376869959
0.2158222675848628
0.2616342942601447
0.8032322640967365
0.2390251944103808
0.1053857235206469
0.8224761110605157
0.16977649752815957
0.2058306382179252
0.2042132603982129
0.8119146800813098
0.2122144218521472
0.2705027198929966
0.7942957909538695
0.18923475623168604
0.7789930815367514
0.7623922544501383
0.7642620009395692
0.1892414519584935
0.23510793934681642
0.7737481155379939
0.8030095494274178
0.7623922544501383
0.2705027198929966
0.7737481155379939
0.19670773363050204
0.23510793934681642
0.2856892268201026
0.7646767025054293
0.21089978898746195
0.2042132603982129
0.7465125751397408
0.7402886159750174
0.2856892268201026
0.27576831080581915
0.7921661610740016
0.2191371280220444
0.7872606560607093
0.28454030759778565
0.7737481155379939
0.7374471033179617
0.2158222675848628
0.8271118411215355
0.20278026613705655
0.2122635556641496
0.7834271877908738
0.20253630031903683
0.1687778619149771
0.19055592050442782
0.1482828942527446
0.24048302352348885
0.8224761110605157
0.7784361170627201
0.2146213969899382
0.7782719337605357
0.21089978898746195
0.7653646440575113
0.8116139767713473
0.16977649752815957
0.807993894357152
0.259541076460989
0.7269025782922675
0.18733051212601376
0.2122144218521472
0.2109845084624922
0.8361711165411789
0.798303242182315
0.7708917653567235
0.20338768645129218
0.21678698290422124
0.19670773363050204
0.7402886159750174
0.7839563215088656
0.8057980602079002
0.218802408348545
0.7155113095225294
0.22340673710289835
0.1053857235206469
0.33738619050158025
0.2042132603982129
0.2616342942601447
0.20253630031903683
0.228162347655952
0.2616342942601447
0.44222810883010605
0.6899461429193067
0.7552624801619672
0.7667016614322477
0.7743418775023563
0.18331757047851904
0.7921661610740016
0.23079808804089666
0.2003409144016959
0.2856892268201026
0.7824355929382767
0.2705027198929966
0.7212838619542989
0.1892948706673483
0.21089978898746195
0.7976607778903333
0.7283167447270608
0.7775627005582814
0.47531791956852615
0.7283167447270608
0.7911973552422591
0.20499313779618697
0.7634834295999597
0.1706594512958236
0.20041422042181475
0.17937344661701715
0.2158222675848628
0.8111602903919968
0.7546180947808537
0.7057819040852205
0.21680511965927765
0.18686222852393264
0.8195132606014226
0.8112130976203584
0.7773453399093914
0.2191371280220444
0.16124020355115276
0.2519541178973584
0.7402886159750174
0.7646767025054293
0.7807155126525487
0.8203579822266484
0.3223219170460707
0.8269332788479541
0.23292759993633383
0.7346055906609061
0.228162347655952
0.16977649752815957
0.16192827999950818
0.2042132603982129
0.8032322640967365
0.7155113095225294
0.2058306382179252
0.27576831080581915
0.22204208603123654
0.8095985003709876
0.7814445505690275
0.7850105886331331
0.2198811007614534
0.539472305313097
0.26944714538066
0.782324924769086
0.3266106602627299
0.2367641748487214
0.7733356932568205
0.20857426690140898
0.7773453399093914
0.7642620009395692
0.3640591513293137
0.7773221881146574
0.20338768645129218
0.17703427572774758
0.47531791956852615
0.18733051212601376
0.7901508955591996
0.7853722092691251
0.8032322640967365
0.8224761110605157
0.22548939408334
0.2007498308786598
0.8030095494274178
0.8269332788479541
0.7911973552422591
0.7374471033179617
0.16192827999950818
0.1892414519584935
0.19220550461112337
0.7669611505607203
0.2122144218521472
0.1892948706673483
0.21220397947393077
0.29394915096917
0.840262581451884
0.2058306382179252
0.21680511965927765
0.7802660607746069
0.1482828942527446
0.2003409144016959
0.7921661610740016
0.7733356932568205
0.7667016614322477
0.1053857235206469
0.25360917308142783
0.22323361841613884
0.8731317701968656
0.7057819040852205
0.1843962903790746
0.19670773363050204
0.23292759993633383
0.8162440406309237
0.846967775583454
0.7999313788054443
0.20857426690140898
0.7708917653567235
0.8132526546783972
0.7552624801619672
0.21678698290422124
0.7795944376869959
0.16476989278062196
0.218802408348545
0.5306085297786336
0.7853722092691251
0.78600087299114
0.8073036168019495
0.78600087299114
0.7942957909538695
0.7799444662547241
0.26255109159156365
0.7802660607746069
0.7743571363807668
0.6899461429193067
0.2519541178973584
0.23079808804089666
0.7795944376869959
0.26255109159156365
0.21220397947393077
0.2007498308786598
0.846967775583454
0.38908335811443717
0.22323361841613884
0.7546180947808537
0.7976607778903333
0.5306085297786336
0.29394915096917
0.23151984970508804
0.24318351633303462
0.7646767025054293
0.22394569764077277
0.17703427572774758
0.7814445505690275
0.19002778080971186
0.19358713631738317
0.8100491277580262
0.22121675596508755
0.5459516126319091
0.22340673710289835
0.8073036168019495
0.8277719208439936
