0.7260744065176169
0.18166670163894694
0.46342230970996984
0.17395225112323612
0.358701087900749
0.2465325503282921
0.8421348698895048
0.7847539139566042
0.691626337435519
0.79935913845828
0.27968794617548065
0.49270774373665693
0.8632570968074159
0.007110801183297211
0.79935913845828
0.4282203884258981
0.666170253174787
0.7621608576827785
0.31492958395788306
0.8263894930548563
0.30693243599603975
0.723332786745888
0.17993668716279707
0.3908213761272729
0.46342230970996984
0.5685093158206103
0.7705230242516076
0.7532259235206343
0.18339671611509678
0.7797513618122512
0.8209695234111031
0.35470289269731564
0.4506790636796169
0.09078893159134016
0.8512252307716269
0.8632570968074159
0.07153377184874138
0.07153377184874138
0.7705230242516076
0.7610377719016416
0.09075488152040634
0.79935913845828
0.8036009831509653
0.2899445164214087
0.8316306454928769
0.9075627695598656
0.6348631598015851
0.23483289199179114
0.718767985700466
0.753816269181417
0.15512741058913218
0.1585233500918145
0.8045671748001924
0.7260744065176169
0.7260744065176169
0.11434501927824069
0.15489361455749837
0.1525950390663433
0.9564620673709324
0.753325448694866
0.4506790636796169
0.7096990889564879
0.3841435515107091
0.7385544271253672
0.8138360160141445
0.8512252307716269
0.13552704437129953
0.753325448694866
0.291136019119588
0.8197956929536154
0.5724521406552366
0.7681305652987664
0.1996234818223005
0.9169066914154467
0.7774736995432694
0.8632570968074159
0.860163390511528
0.2202452732211398
0.9170560888503964
0.17395225112323612
0.7649717061834135
0.627482439669103
0.09078893159134016
0.09075488152040634
0.9169066914154467
0.007110801183297211
0.13162169662550544
0.4434676868152909
0.27968794617548065
0.04638324410280148
0.34381763127394144
0.3319389090588957
0.4415204823366339
0.19586904580033396
0.8866273532840487
0.8675149643807597
0.33641115527571075
0.11409005426971086
0.6340967489033889
0.2545650604332296
0.2202452732211398
0.358701087900749
0.358701087900749
0.42328110444419886
0.12726703058972222
0.9109982521108143
0.7247627016463072
0.9663808977001547
0.6735310841224554
0.8487787186783325
0.4554804152714711
0.7094784795080188
0.8396583347660828
0.23048349093137901
0.23483289199179114
0.6796618445115188
0.3781580340470898
0.3586860107972467
0.4323412198138721
0.8768672577421665
0.7540351118977071
0.6671657092083124
0.6909805969904278
0.13162169662550544
0.8466046703794207
0.8421348698895048
0.8169650361699632
0.16673938699668134
0.2465325503282921
0.35470289269731564
0.5459516126319091
0.539879244259157
0.19713223430526017
0.17395225112323612
0.4506790636796169
0.22769894549236303
0.25008223045033595
0.23735596129526268
0.14732168527830805
0.13482223545309088
0.10779917594735233
0.14530544887042274
0.37471899358155014
0.1104607639511902
0.1600928561969682
0.1430597284596396
0.24857622161298215
0.1648609200910508
0.49270774373665693
0.691626337435519
0.11674717006176383
0.5390653663670368
0.3030800954740936
0.11434501927824069
0.7096990889564879
0.2465325503282921
0.7245572386841233
0.15512741058913218
0.7508295396541265
0.691626337435519
0.4613409171095618
0.7901108902602931
0.2523014078653403
0.26830237162200776
0.4282203884258981
0.11788387841509818
0.8249056435608968
0.7837111957556592
0.859158326280216
0.2644736176587815
0.23098472040310702
0.77028660346785
0.7847539139566042
0.8967432806906235
0.8967432806906235
0.8209695234111031
0.5685093158206103
0.21293971160899489
0.723332786745888
0.723332786745888
0.23048349093137901
0.09078893159134016
0.3908213761272729
0.7901108902602931
0.012138615374829853
0.11411938385615328
0.13482223545309088
0.09762025672975905
0.1600928561969682
0.18339671611509678
0.7245572386841233
0.6357250425471582
0.1585233500918145
0.007110801183297211
0.3743911580231802
0.6202084573297542
0.9564620673709324
0.666170253174787
0.7260744065176169
0.47559925613548304
0.46342230970996984
0.7532259235206343
0.8396583347660828
0.9663808977001547
0.36269928310418237
0.7705230242516076
0.9102543057976106
0.7182271049812553
0.8619196558328381
0.8209695234111031
0.1630539684482274
0.1803987994821082
0.5685093158206103
0.718767985700466
0.7797513618122512
0.7847539139566042
0.1803987994821082
0.8316306454928769
0.7565912771294673
0.2678841296710118
0.8664756779056365
0.8169650361699632
0.49270774373665693
0.7649717061834135
0.3030800954740936
0.7247627016463072
0.5390653663670368
0.15832343847489905
0.11674717006176383
0.7307574175921483
0.3797430325491469
0.7925422757437505
0.030173285539564
0.860163390511528
0.9830883528732453
0.27968794617548065
0.36269928310418237
0.04948739099106958
0.7797513618122512
0.37351052249788996
0.03303153823804672
0.8740934158211325
0.09075488152040634
0.8487787186783325
0.8041172502886631
0.24857622161298215
0.5459516126319091
0.16020749599775475
0.17993668716279707
0.14561691993770454
