0.7649826932053119
0.7751785804316069
0.20758725522259164
0.7690338292632998
0.778709923622213
0.21781795363721468
0.783089630051703
0.7787725174484628
0.22014118257108914
0.2180969759255371
0.21674182158666125
0.21598286757127505
0.21781795363721468
0.2095773463451552
0.21599639972586301
0.7720663826249738
0.22014118257108914
0.7748628899727115
0.21599639972586301
0.7757428999227267
0.21746330390253776
0.7772815776351405
0.7813206589176719
0.2693679860604556
0.21858471091790044
0.7720663826249738
0.7718974679944641
0.7801562486703403
0.7661779052099501
0.7852795957589299
0.21746330390253776
0.7720731360311216
0.7617719461853706
0.21530957727056696
0.21854779236301888
0.7818945981745574
0.7617719461853706
0.2179511698452763
0.7701083436940812
0.7742827204528524
0.7718974679944641
0.22743115437157774
0.7748310085098575
0.21903676113307644
0.7874110769424639
0.21854779236301888
0.21858471091790044
0.21327323914385848
0.22248186175524437
0.21879822790666892
0.7720866428434168
0.21858471091790044
0.21542907331429617
0.7649826932053119
0.20900215103864297
0.7797355080354845
0.2114933994295552
0.7582599674513424
0.2205544374104387
0.7768512719163742
0.7772815776351405
0.780646665154711
0.21742420043421454
0.21345503071674934
0.782323735046807
0.7952165564082233
0.22658453147988902
0.7702158280560534
0.2205544374104387
0.7796579965414453
0.21323537630787542
0.21429203220321372
0.21662246046305636
0.2095773463451552
0.7840519560202143
0.7933458488145637
0.2109833760398138
0.7729874536300343
0.20900215103864297
0.7852795957589299
0.7820974022132272
0.7674409790369854
0.7729874536300343
0.7603777954301015
0.7865126688604324
0.2114933994295552
0.22616289608165566
0.7635768817479902
0.21879822790666892
0.21746330390253776
0.7690338292632998
0.7772815776351405
0.21781795363721468
0.778709923622213
0.7628444339692629
0.20099648961983618
0.7690074432441465
0.21966822788744497
0.7757428999227267
0.22299431605231473
0.22340458452164383
0.2501089565155466
0.21903298169905272
0.22689163531352677
0.7661779052099501
0.21345503071674934
0.20744016533846515
0.7810156859521563
0.7720589024730002
0.21662246046305636
0.3153062275746737
0.2057926400152071
0.7881039719376961
0.7836751482282557
0.7677471747928538
0.24897737182178087
0.2095773463451552
0.20758725522259164
0.21879822790666892
0.2147120376157121
0.21530957727056696
0.7653593968078924
0.2146724731833184
0.21599639972586301
0.21102806477417066
0.783089630051703
0.7787725174484628
0.774108751428888
0.2179511698452763
0.20099648961983618
0.22619671583795065
0.7720731360311216
0.7801562486703403
0.774108751428888
0.24620120269182474
0.7852795957589299
0.2080188877677227
0.7521357283372193
0.21285703408353426
0.7881148096756135
0.7806581901246528
0.2179511698452763
0.21958186702360105
0.7635768817479902
0.22014118257108914
0.21879983586098328
0.7700279162976704
0.7929716265694638
0.780085452280899
0.7720731360311216
0.20974074757462308
0.539472305313097
0.23533777195116623
0.7748628899727115
0.26556849021724516
0.22296668335752323
0.7751785804316069
0.21903676113307644
0.7757428999227267
0.7617719461853706
0.22064032557315116
0.7748628899727115
0.7729545546310337
0.7790354384808822
0.4329507703286783
0.21852340847405097
0.7750326706696262
0.7848628371745039
0.7933458488145637
0.7768512719163742
0.22648153578715002
0.22373201786703725
0.7701083436940812
0.21717342161205017
0.7806581901246528
0.7677295947394579
0.24239418628451048
0.19149226422668747
0.2240833715929904
0.7720663826249738
0.21492214130806042
0.19149226422668747
0.23533777195116623
0.2693679860604556
0.7858100476529474
0.2177646442837899
0.21036206180721845
0.783089630051703
0.21753150921000036
0.3153062275746737
0.7879183765358283
0.7820231157656901
0.7690338292632998
0.20758725522259164
0.22148319747558834
0.2205544374104387
0.22296668335752323
0.782323735046807
0.2179558427103567
0.21598286757127505
0.22148319747558834
0.7718974679944641
0.7884462828370039
0.7841403370525276
0.20781941088375555
0.7796679296815754
0.7822004566029728
0.7576333759106525
0.22179644388162711
0.7772746839239355
0.21542907331429617
0.2080188877677227
0.5306085297786336
0.7653593968078924
0.7881148096756135
0.7710346280542693
0.7813206589176719
0.7820389230508784
0.7700279162976704
0.22540419614365315
0.22946972838815888
0.7787725174484628
0.7521357283372193
0.7492976372573491
0.21781795363721468
0.7772746839239355
0.21850322992323368
0.2193452488616073
0.22299431605231473
0.21327323914385848
0.21835800275738376
0.21842202950069906
0.7674409790369854
0.7848628371745039
0.22658453147988902
0.7751785804316069
0.21674182158666125
0.21747298167245563
0.7661779052099501
0.21530957727056696
0.24620120269182474
0.22111102600800983
0.21674182158666125
0.22540419614365315
0.21850322992323368
0.20744016533846515
0.7801392649905449
0.21747298167245563
0.22052080884411446
0.7884462828370039
