0.31741020323939306
0.4261509730399001
0.6416277390403714
0.9217812152486278
0.3063488922169074
0.13616705901160586
0.8827042968621227
0.40104332043585755
0.8341087715065834
0.6574733004258807
0.6154810153966177
0.8040841607817817
0.7416941487200135
0.7537315044675134
0.12498923192363987
0.797203604208457
0.42122736443197273
0.1617169047819076
0.10805538147877924
0.5501940723718708
0.07785306440856676
0.06842814232343031
0.5782144001736007
0.6285251490542916
0.8590467577856892
0.8991981701920464
0.7619022662554406
0.7058938766217546
0.7388706592094741
0.3398966751061504
0.7413182120845054
0.9073595818053968
0.15142305122336697
0.09135123747959784
0.4173534001632371
0.5267209701409936
0.5285598250177022
0.8368027310911468
0.6619959808403759
0.5033487730715829
0.8864830647457933
0.7975091286697169
0.37493056804314706
0.8262997442363959
0.400230681551775
0.6374598199463646
0.24849022941673327
0.5223191793881462
0.5235314857579385
0.8669746759218806
0.2784984812686109
0.588409652191258
0.6171869120717675
0.0362834618426604
0.5041647454015091
0.6881576188068266
0.69223722892614
0.4762671725639738
0.16351478957308951
0.7984340456451521
0.9457077782543517
0.5367805206469657
0.43876644387918806
0.6199517905385825
0.6557641631390407
0.6531630565101624
0.7732790345731417
0.6752585627450485
0.36295604703465767
0.32250436645528224
0.8648938011259427
0.5268251856913143
0.5900398627958331
0.12896020626738625
0.245419769036482
0.22491127955403745
0.2297358555275092
0.9698251313473099
0.2921073651410625
0.8360064432660997
0.21426993142548045
0.49027762144335085
0.9068003434109987
0.26015436453303575
0.6333650322939304
0.0038953820976688203
0.13100089824934902
0.49060359564911427
0.636473670792997
0.6157904307291678
0.8135207693645761
0.6917115986926174
0.7465831572677931
0.9220242361409294
0.8064828115489273
0.06526718658918274
0.46008439677146573
0.4023431906658027
0.5334382967800121
0.9497864154940028
0.7188242983812686
0.3226077342193593
0.3729977529962397
0.027838414794173816
0.3043033294235301
0.4992040827005412
0.9377287832701003
0.561430633379591
0.9497337071725837
0.4801418653061579
0.23729705955405467
0.2897919132278223
0.9413037199890205
0.8284616229172963
0.8368755442390655
0.6111606674055733
0.03234709283007409
0.967941340649418
0.8757545706228179
0.8787287604548877
0.7723516732517957
0.5601181568624531
0.7757126932307855
0.25813246455110983
0.6082606437210344
0.11460554304895643
0.2527911465699929
0.13119963609911856
0.2696515084147387
0.2726362634065631
0.686084343870151
0.7183405834054469
0.8129890532398668
0.7789626366465066
0.2352601698940744
0.9575301355763304
0.39801339613777886
0.11247287615526391
0.00200907399907857
0.3067227067916063
0.9098486634611013
0.5971203720782425
0.10487513294800277
0.15200358116011636
0.8009060684576034
0.9907558708137122
0.6282711608695187
0.09090102920454224
0.26393680546561604
0.3352232467060685
0.3560366517772683
0.45608013564499494
0.10518386716034567
0.8890478541518128
0.9518442671044225
0.5102722365294176
0.1694452119018861
0.3692751589395302
0.6378305535170808
0.43334618482690357
0.9517349411785799
0.6297762229338202
0.5557061663427255
0.3885051894276986
0.6599850364724523
0.37251810305944455
0.01100058240331625
0.13619916122147657
0.8633596843661223
0.9510627110170721
0.4030286554666217
0.9144275577006232
0.5834745474874756
0.30690504726019496
0.1992026158562824
0.16795825295406153
0.37398743412980406
0.14570372147054844
0.5432972913469087
0.993032993084217
0.40331195458019675
0.9598469420571284
0.7173301233900493
0.09028845676014496
0.9919842691362969
0.19206059508825446
0.6000020895853164
0.07370611975636221
0.9185251627559495
0.8109370443819066
0.5880348333648175
0.7483195447028882
0.027889250512269204
0.557769979647207
0.7078438771011725
0.3223040376975763
0.5888113532447853
0.37695546918580336
0.18270482075155103
0.07514390828869955
0.44184662656673435
0.6837040612123066
0.7415018384061055
0.32468855494960636
0.10387750683407215
0.18374768861342516
0.5977224033004132
0.5147439886102588
0.859995811902774
0.3955686527176995
0.5710576120595131
0.14795556761136697
0.7669245080303929
0.7895987257565065
0.5672648197744216
0.7450905871641261
0.7167675355882083
0.2277631844913527
0.5063408438860126
0.2387386062145227
0.27939111920748183
0.5596329196110156
0.2702927227458378
0.4470688989540458
0.26628436632874986
0.37196185757092504
0.8046043067521945
0.13861760718914817
0.6106669266421842
0.24354394991889916
0.42769584063441934
0.011921188647123215
0.9836148605160585
0.7969839984991218
0.08600146943528919
0.9235994209577327
0.3225319048587584
0.3757044334913131
0.29510979306556573
0.4330441653809839
0.6319063303676382
0.1398120311833978
0.8036164271002716
0.37637166481081563
0.9661057682047218
0.566596941374008
0.6116463301955799
0.5491109630998482
0.5753757902065889
0.47334165237362635
