0.29228884373603714
0.20278797718324285
0.03305230106025379
0.42161011593566866
0.28445956799865707
-0.0026465739193077624
0.15140936020242726
0.18726982540068463
0.10150690231020493
0.108929391739735
0.28488549226653925
0.18961550201168326
0.038359436564138254
0.1912889218638334
0.1279927045277919
0.1646600962721369
0.44669605166109994
0.22308301244991227
0.19181698113627874
0.2782456150105345
0.08509441212888122
0.13386509311255984
0.04295626158384538
0.08559352173822107
0.28004709104002895
0.22400132817540963
0.1615809991839326
0.06088632603302755
0.12651940911517906
0.2999708580389618
0.05111335440679697
0.13804988752918776
0.09233073137977046
0.009408358038570798
-0.0019673662275342288
0.07828386944489397
0.14564197487810693
0.0944470034261932
0.29368921794131564
0.16392860567603554
0.2855360013976397
0.3004329258558708
0.031244934752002983
0.0859035935086965
0.15627568323229832
-0.15692884881702415
-0.25546063480362524
0.2827259355914009
0.11792221990242137
0.17094035079996261
0.2867687132860024
0.05635079411530122
0.22347020485816582
0.3164429131435688
0.21051784294542827
0.07689978231121673
0.21685795861699186
0.2823502751284882
0.08703886278151975
0.030111151649032192
0.39358325045135906
0.06046460305078411
0.11694202441852841
0.0073585900228450105
0.170053546518544
0.02881527669842777
0.2961286192442789
0.3023120917586456
0.119645796686837
0.18090849884724822
0.17161870711926172
0.23317667653688048
0.22068697162627088
0.41384929313351027
0.22365440295280403
-0.03420636645163177
0.2924011276741266
0.04507360240831239
0.10194380484101667
0.2460662050247727
0.24765021207161625
-0.028260635964727446
0.20080773416734332
0.23078850036628085
-0.0049951113158659905
0.29528858776395583
0.18921652697363361
0.1351373108147261
0.20345194565068242
0.3620129980482386
0.005077645671270927
0.0535864211517282
0.1404726837244764
0.20538461993755694
0.28771382601538936
0.08743923664909492
0.08851205656846396
0.2374223204979845
0.23216122118957205
0.291458617874676
0.18855446641929172
0.08729262459577011
0.022345560460427943
0.044377395543527105
0.1519745768729294
0.3781321913403179
0.1529060793378134
-0.010017596559607796
0.12330943549643272
0.10867953297446936
0.2505189418102717
0.2370068237720498
0.10971421343686709
0.22597681607056833
0.008590587265855787
0.24304955029323622
0.13548121537511007
-0.05235848013675016
0.3101690753718024
0.09493648977409078
0.1958224697601263
0.04019747164654633
0.18940687274437648
0.27800018556164485
0.007194665361474255
0.27028218493317985
0.29837292263097176
0.10855333037872067
0.16540614033034273
0.06860927847316857
0.15974625298768508
0.0016988332697179809
0.13027850880977215
0.21276815657386158
0.15664546038807237
-0.05967621383972419
-0.027350468802326982
0.183744929919009
-0.011848975249750128
0.17729567469946741
0.18526824963127717
0.18608884593564268
0.30273147611318124
0.029154273629542243
0.39200826836144875
0.38771085829963253
0.22122681561101343
-0.08988687150842556
0.30686347347030146
0.03192569807558759
0.024736517800097446
0.13388401480782128
0.023254128634451903
0.22917150448756182
0.28964327553924535
0.11481460727754711
0.17301357691158026
0.08617979153242637
0.2518717296407362
0.23858455777169538
0.2987009578946178
0.14730782243521995
0.03958749914875491
0.18948232833497078
0.14969119253660368
-0.10454436368154137
0.24427571005118373
0.290478460563395
0.07509588354967303
0.06523233390197056
-0.02793571047979261
0.1040736067487929
0.10358900134289972
0.05453410001454091
0.17503261385864824
0.027233371230297287
0.24340134145168849
-0.16156398894528362
0.1758818674555551
0.018267766713268966
0.17477775441582033
0.19602482559724768
0.22602304263031814
0.14381773981503193
0.002606812391357388
0.14937852914307995
0.23371960331617883
0.021446295709090027
0.16050439620729556
0.03018430729183565
0.3592326638535778
0.19857358731497
0.08802571716124213
0.2160696729700271
0.15184228001982464
0.2589486121698278
0.13464509427520577
0.12167447159114692
0.06217685666408908
0.3609489645691441
0.20647138490525196
0.06439538178825735
0.1004512886692561
0.19651812824101608
0.30545819003059976
0.09155387984781924
0.039433758646201036
-0.0036936965299809005
0.29593159066447033
-0.04184583675805208
0.18348092428227983
0.11937843089737339
0.11282600903483138
-0.1982138611887983
0.1812676767351516
0.057716653982925976
0.18465710632084512
0.2833273875938471
0.1253892145748449
0.039660311899848914
-0.1206576643597485
0.15235634385577684
0.15531287696029106
0.13000724901949784
-0.07713885946827496
0.1366743356525487
-0.04321678903555528
-0.09575271531841949
-0.05006495914952526
0.12039065109465498
-0.2585937558302891
0.23517096509882518
0.05981972494817072
0.19122893103526786
0.2967095529683623
0.23245671185143146
-0.15475653755059052
0.023155834246365452
0.020381449101052097
0.19952025544585406
0.1564976133754769
0.008769923184540932
0.15786945003545458
-0.0732813982716428
0.13437992112664102
0.058579729607060226
0.1363478847821226
0.22900482301926636
0.05598525042620776
0.17330993292190625
