0.2936929052339252
0.20232533006866138
0.03456587113623909
0.4139807456705786
0.2844443645611614
-0.0031756936687966013
0.15256633957487759
0.18757177084614093
0.1035177579618792
0.11372283545043373
0.29496011059185107
0.19274955279374908
0.042814841329244166
0.20151461608159807
0.1260097583528903
0.1667745554590541
0.44567255816549756
0.22363378142399123
0.19073934567896236
0.27649276245642807
0.08826891546494274
0.1334876306762285
0.04282172480177366
0.08358372346805655
0.2775280356847166
0.2238593323629719
0.16274364402312036
0.06134494226793386
0.11664658301784442
0.3006684698028401
0.04161560142639719
0.138739946289738
0.09110048197083319
0.009398154784196845
0.0009069760071202508
0.07825235845080457
0.14545265043737332
0.09617833877309663
0.288748085424285
0.16274253968957733
0.28525358685974095
0.3005278334802902
0.03285470505734473
0.08733562111346758
0.1562499217957219
-0.15760391013255373
-0.25549627760670723
0.2779878218200867
0.1271222894271
0.16684658041229739
0.2875085210251622
0.060422917799011565
0.2293803327771022
0.30727305111643793
0.21027913877807278
0.08280427976227987
0.24559644658409502
0.2856060089360807
0.08701851791457896
0.030067375216481406
0.39229507373371825
0.06532015602595438
0.11543965244059863
0.007392875945693644
0.16996067812968055
0.0354872492336251
0.29447995714815806
0.2978669959316881
0.11998809405601855
0.1752107818821321
0.17078467611267248
0.225897809339495
0.21293665689561328
0.4064108751512784
0.23095750289455305
-0.03213127525919198
0.29613901359728456
0.044974019695956394
0.099260033014568
0.24626440327864957
0.24774259851374691
-0.028446873301969662
0.2011209561909485
0.22687653109170658
-0.008190521042725366
0.2807884476576503
0.18728914307507147
0.14044502966987682
0.2055488927399001
0.36177137145181254
0.009047942888225776
0.0553139117675345
0.14027795196482803
0.20883254628409373
0.28980506573175796
0.0769729010289438
0.08021189938911263
0.23724505746738692
0.23200914506822942
0.2935778683267569
0.19149640895200815
0.08648903931174685
0.02057049092101517
0.03857082583005105
0.1517036793862139
0.3782581258312412
0.15435733016416822
-0.007141830311072073
0.13094608792228643
0.11066975407665361
0.2506667219911122
0.2370116657384564
0.161124518413117
0.22660375234359376
0.008367294101207285
0.24281783911844973
0.1329534663741205
-0.05246552384480118
0.3154803588343174
0.10649225569253845
0.20007799507253818
0.0366464444717161
0.1903181966990962
0.278153131933654
0.006756420151706734
0.27947618614050035
0.29941371058392413
0.10945340056015451
0.16674849748815626
0.0627673137720237
0.16591307280528084
0.0023710102221965704
0.1300501900407692
0.21492421757817046
0.14840143235444733
-0.05989912478549255
-0.02773682616380831
0.18406229300819082
-0.006763167254826913
0.17020480640573551
0.1829012052100778
0.18934252971565985
0.30891655351552444
0.03066319738405265
0.39054008446546373
0.388105332448452
0.21989861046311623
-0.06688171134988202
0.301891561349724
0.040131896972170636
0.02268219568121514
0.13545867440586565
0.018128389416151663
0.23456568225293423
0.28963476388574344
0.11405590199757117
0.17266740061500396
0.09277342269638249
0.2537283112039846
0.23858109944680858
0.30054794932127865
0.14736698864772738
0.03400611785055983
0.18907827266229793
0.15479562126843424
-0.10446904616224222
0.2258323535364183
0.28331050785952683
0.06949837228331072
0.0612709533465921
-0.02701118010805062
0.10300008694975857
0.10453444793867166
0.04496687172145981
0.1752142770701162
0.027183935345798105
0.24621439187570573
-0.1612539487141312
0.1707443234497429
0.017005698265489172
0.1788382056159926
0.19752874751751598
0.22892465598579761
0.1444670895049683
0.00957048840157641
0.14392102936619433
0.23374966777444472
0.02700216823909084
0.15977320618325008
0.029611781544759852
0.3609518134872301
0.19871230878452995
0.08652466725624534
0.21625991446143386
0.14958804373936388
0.2536598535204222
0.13144683482494166
0.12252039294966027
0.07077820409989882
0.36556418575966315
0.21784297181957074
0.06387888911030462
0.0998173852623851
0.1907368441487629
0.30535534955187765
0.09148129578632759
0.03952175871127464
0.00040829162979913854
0.29196495725521354
-0.040885900221178384
0.19194077932823866
0.12089342033336867
0.1719998315413465
-0.19806550159090697
0.18035488351086737
0.05734561826288628
0.19498543915585367
0.28324194474298076
0.13084630077580056
0.0418022505017197
-0.11594700007687227
0.15212779895037157
0.15625783963192608
0.12910714644564572
-0.0765104290344717
0.13552517676663356
-0.04364383007433329
-0.09494421693906126
-0.0501898001613949
0.11306803279488399
-0.25860326721480237
0.23544368798098622
0.05820525402824402
0.19385067138064585
0.2960234052807329
0.2349364315078419
-0.15492358860807534
0.024421705325624803
0.019831300912280046
0.2070303560459139
0.15009307856089676
0.008892845962307334
0.15846399907568554
-0.07267650350099751
0.1353192646961405
0.05081050850698402
0.13588416785991528
0.22424352553910593
0.05830384802085714
0.17896858791322726
