0.2985883308013356
0.20649644910182183
0.03874652049592152
0.4218506397807265
0.28461157629007267
-0.0031512722823397576
0.15158345334735826
0.18753012109177752
0.10142178076763478
0.10803993652575748
0.28551448268007806
0.19008135156708583
0.0378018712776018
0.19072339207309855
0.12769304145988541
0.17122948378260736
0.44775556312615417
0.22362674906338253
0.19192911406811558
0.277719486792724
0.08508670194872338
0.13479394955892648
0.042831189118912455
0.08590808135526634
0.28007796569385773
0.23039080027545356
0.16621885930730204
0.06178946621934143
0.1268552862193555
0.29948285758775023
0.055469394947511706
0.13856974855283652
0.09186198782828249
0.009283365307051813
-0.002042800755449105
0.07763424134487305
0.14599207804995892
0.09400425890215092
0.2938039796929745
0.1650585960171375
0.2860602819094979
0.2993077440643762
0.02745698163520567
0.08594753749330149
0.15637498266265368
-0.1569739837088124
-0.25621455016630484
0.28265088312890807
0.12551594640027555
0.17123657872905612
0.28771315440228823
0.05552196202634317
0.22363913353355022
0.3156519263057788
0.21219730585954824
0.076897102380059
0.21110838766908047
0.2826682373773905
0.08590008672805452
0.03016232051647119
0.3882594915022156
0.06052800460027053
0.11769232263375497
0.007075809397598194
0.1692093157570671
0.0227070292225362
0.29574471987690465
0.3025439951240554
0.11957205728300214
0.18151918125293523
0.1716185954955258
0.2338099955183465
0.22040471165034783
0.4187057764633906
0.2237782907627277
-0.03439215669745383
0.29233632538656806
0.04445375025195229
0.10130450025804988
0.24555386615721142
0.2499723038478875
-0.018879224262850644
0.20110153128537805
0.23059976298849721
-0.0053982108674120515
0.29546110657283475
0.1890047312944246
0.13442928671252857
0.20364278949298537
0.36174008031061167
0.005153556722036338
0.05356961386509856
0.1409127360471025
0.2001550812864736
0.2883736614599044
0.08705946386099724
0.08212029915010247
0.23766660044187846
0.23227407581897394
0.2964175581772296
0.18833955170636082
0.085676368172001
0.022621222062249074
0.044323048494486046
0.15195829107398018
0.3780852202407274
0.15292768654704716
-0.010085175902425515
0.12282065833845023
0.1089224982331411
0.2507638849005249
0.23692892330381476
0.11049120766522821
0.22621833680680248
0.008543451338846065
0.24393249007928972
0.13282863432183192
-0.052373886293994774
0.31026110031998677
0.09916402341418015
0.19560172524101857
0.04023552553666046
0.18940687274437648
0.27800793093339504
0.0067666757754389715
0.2651993428126663
0.29360699478141056
0.11287054810450577
0.16512481871073162
0.008731357235700872
0.15926214341457465
0.0011563202649930077
0.13103012225116303
0.21286968458711839
0.15640920046557819
-0.05980365743773184
-0.0271150870518003
0.1835611848339575
-0.012620054136196046
0.17077554173902276
0.18461426758534716
0.18502696768035876
0.30284900763684747
0.028578400565411794
0.3925511540925988
0.38879468447052923
0.21269245430384573
-0.08979565526248275
0.314282568088678
0.03643819003915924
0.01330045675800188
0.13403690664068488
0.023045127213133614
0.2292423049207173
0.2897558141379914
0.10734412385794141
0.17298653362214464
0.0807048062276148
0.25096226458856524
0.23937310651190227
0.29874793122704885
0.14728176256373218
0.03948695512425698
0.1898234824364118
0.15479594430168553
-0.10418849620485165
0.24464148865269392
0.29041582950368805
0.07535754104889758
0.06523340598085874
0.0049407233498322874
0.10342292544474119
0.10336563486850636
0.053490535050972586
0.17502792655291388
0.02711733688026549
0.24356583101631243
-0.16140158129371304
0.1758305280744532
0.019933909567957982
0.17494326702198687
0.19013313918141758
0.2249431926908497
0.14324972815539538
0.003428497987416388
0.1490366607426179
0.2337318137072412
0.021303873850082748
0.1601759398986252
0.030179636915881453
0.35920003227087705
0.1933234026277013
0.08648479716673463
0.21614880971366712
0.1517547710496755
0.2602545067458014
0.13457170658459341
0.12682279999293863
0.0638634636590911
0.3563981444125429
0.20901611827521727
0.06399751643596908
0.10046113407965057
0.196807889202131
0.31045640772817507
0.0910475516484491
0.03872264225744711
-0.007332217127166386
0.2957084851387273
-0.041032595980316944
0.18234292898763885
0.1198289655782678
0.11207142994129007
-0.19759658943900277
0.18034030678071988
0.06418853186595688
0.1839093920617178
0.290072560045467
0.12355724259905386
0.03882137707721318
-0.12067008810424401
0.15270735789756024
0.15638498389669997
0.13647217541356976
-0.07677939377020362
0.1367452533383215
-0.044279238368571956
-0.09689362450583083
-0.050604376577616426
0.12730655712441913
-0.2586071553172171
0.229231354700892
0.059582409693163876
0.1913355124060867
0.29677255385845075
0.22614108020160784
-0.15503296866370914
0.02347259292741563
0.020875790241027047
0.19958058916641153
0.1514067315737682
0.00944584058137873
0.13624598869369586
-0.07840116098178036
0.1342567248340258
0.058548333936510814
0.13630948153802766
0.22847810704553934
0.05602499399989062
0.17342033030941667
