0.31882596595921786
0.23775771939813825
0.4323535604488936
0.39118865872608505
0.3081348178551319
0.09239046339547588
0.2062236823185814
0.1823482232673753
0.15490170207457127
0.17026967778730343
0.2682434379259098
0.1730852628321579
0.06218191124173401
0.2444106995149401
0.24350910757751001
0.27938229511180757
0.44837154397515144
0.22942388554342275
0.2509178592300363
0.24718062763070875
0.09318160746241475
0.22130964216432025
0.078761736857829
0.14003901277017977
0.35143620064859804
0.24005872272675297
0.20734684665073538
0.15738909333019765
0.1423337991491976
0.26158078960038683
0.17190486581789247
0.19613079963526378
0.13071092540368334
0.026998468974288016
0.20327239530712882
0.14815587420004372
0.2127501590669048
0.22047683205835328
0.21043971739983258
0.27314423932625426
0.25141027091661966
0.21939355935944602
0.09307131090956357
0.11184364001605461
0.25938278485752503
-0.1612484238509354
-0.2442769736680363
0.2612942606967049
0.1586192900824707
0.3501277297497998
0.32793063380173715
0.2877973600342505
0.3002221227842808
0.33055200334275053
0.19660396585381118
0.14593587195915225
0.2023607263375267
0.30218947401179547
0.15326577429754937
-0.03955255247535501
0.4416871407983227
0.21180302866629777
0.1677512463397231
0.20367489674325065
0.23253980242460331
0.0951786488553092
0.24915609603106062
0.3174027403054035
0.17559998982988864
0.13542673463136232
0.2643283491721962
0.33106997190175075
0.34379413989404756
0.381793903992725
0.30605327872307425
-0.047114543662445094
0.4168566007729199
0.07980062968299352
0.14241755495430555
0.23416788317607198
0.28505042490740523
0.05844921419922988
0.23911177337317638
0.37012343224149336
-0.052173659179935855
0.36407101457008956
0.21579550467826883
0.13773739414013128
0.12621643969596616
0.3321025030963966
0.39403812247823117
0.03944576985324405
0.41385787644499256
0.2818796855354924
0.33516913935315745
0.38626747119121807
0.12812898265632794
0.3221670851977107
0.2861711272437865
0.27880084626294416
0.2432801843634846
0.1420316725767245
0.15554517113280641
0.02315158210073629
0.22867747227977164
0.36235467652119074
0.28621316032201566
0.032763922824259974
0.3491535965428891
0.09607204870128842
0.261839303464804
0.21812614336330657
0.2513701084483176
0.2516241354596875
0.034310135552919806
0.21715059478833476
0.19884258458912127
0.06338678336568988
0.24561037053627668
0.13747424874822248
0.29474243110717263
0.12594430858039482
0.33085097990663603
0.30518044844385783
0.11011527846200378
0.3091417736829438
0.3411627168124331
0.1518742658573161
0.20911911530491198
0.20988371867030828
0.2083785837044179
0.11816788762493252
0.10408465833243685
0.32670848353051896
0.19389051439384114
0.06098637391207327
0.06804437597052863
0.23648382252656816
0.04443806925122918
0.1357549472537699
0.2493289340943065
0.1468750819445809
0.4281740335312951
-0.02256087251032864
0.3898925728557578
0.47335000823184636
0.2645195608888869
-0.05043859476858873
0.3115200723907745
0.036713379761557904
0.25121143209377167
0.0735608401828825
0.0797877252330997
0.22629956004290083
0.4310629925192338
0.1711213681661885
0.2130073206832699
0.1757976738718495
0.26862537327348557
0.3486675985970025
0.1662841676060272
0.2354159152157921
0.071368780320383
0.22068429084409924
0.20483225803616031
0.04968373277193467
0.21458827321191581
0.1650731042468261
0.08150640613846348
0.17293795732615141
0.05976788312390781
0.1226258525529624
0.15126908181252274
0.05455344458872875
0.23433934272044932
0.10424762476036945
0.32216223945224026
-0.12799561836813828
0.3000160622487346
0.0866170136750488
0.19020300393040077
0.10909236920010262
0.2645927887402257
0.22424641536324508
0.10789415745003669
0.2513703061477825
0.38925006223619263
0.09561990433743527
0.17481884845749668
0.05750947326248118
0.4321652600596831
0.23185394115727886
0.16877326747715804
0.23342178695870908
0.2979947815069789
0.33095123376797425
0.23864252416473533
0.2199445905291183
0.11290567503551195
0.25508960581706164
0.2692267002168358
0.015021390757950129
0.1894289765754204
0.20009963799109196
0.3576851805211065
0.20198290924259155
0.10076526326535391
0.16222260877506603
0.2316779302644165
-0.03693286181992858
0.4378016711943996
0.11895398057241398
0.142785064873953
-0.1769808591681436
0.22279016548780747
0.09762902607780838
0.16611935568512481
0.32170463916530273
0.09891963388848074
-0.10591527670030183
-0.015786495452405305
0.17590217390163831
0.21571673566581437
0.169552617840425
-0.08981385659775658
0.14750563842479564
-0.014689821268134146
0.04630348615869781
-0.033738509491995514
0.10766860459565154
-0.029466995981603673
0.18188713768761802
0.11443981514429508
0.23265294825171792
0.45854455129621524
0.3232707960288367
-0.03250266083766063
-0.015981751683180657
0.14839130561902006
0.2833124325637504
0.04165638299389583
0.04058191828418538
0.25783821870185236
-0.052376744682647844
0.31121134494622965
0.2842662121197459
0.28246542889480664
0.28011593285594216
0.16595032287650027
0.21951882449749732
