0.29366891817957774
0.20232937047607422
0.03491124347556533
0.4142927155761927
0.284555501130671
-0.0029794840403763625
0.1523923969793008
0.18771504655883084
0.10350693169710957
0.11365849815834735
0.2948306660509206
0.19282549017977985
0.04286317210625317
0.20152868568354212
0.12658658767067682
0.16654598071993273
0.4458855056880199
0.22330412815150846
0.1907681785743562
0.27657888892265553
0.08828190991391897
0.13363818041358516
0.04298573893213441
0.0838527899946616
0.27724741666718117
0.22378702496135908
0.16278465911550838
0.061171619823076624
0.11708823622739928
0.30033292683184754
0.04146888797514142
0.1390255569730232
0.0912779395415106
0.009486861151233147
0.000632193900394495
0.0779749541268016
0.14542650354385375
0.09578910393602479
0.2885711500074785
0.16275938209614163
0.285164127902352
0.30127916783775327
0.033059078933778976
0.08730233315559542
0.1562393645120916
-0.15773154485028062
-0.25562565234047246
0.27786764125157326
0.1269787946217466
0.16876200474382172
0.28754435941782897
0.06038887575697725
0.22872807103453832
0.30734411569033987
0.21016292905660391
0.08273359387494959
0.2456892423958778
0.2859473888923427
0.08715129552137588
0.030245132008738976
0.3922340572254831
0.06540989197039711
0.11536665534377766
0.007478689706299888
0.17036841822659887
0.03569260838909125
0.2942867612618782
0.29866343285781677
0.12012760113549263
0.1751136130556025
0.17076413383402325
0.226409470771472
0.21312944686721363
0.4064244809493674
0.23050577107831235
-0.03239858789333592
0.29618303164997517
0.04486799749519178
0.09912975072282715
0.24613579250388834
0.24774864301199515
-0.028451532695670752
0.20102818893699556
0.22716925741359564
-0.008239213906867469
0.28075993054041537
0.18728365044957823
0.14026507205160613
0.20542705422833968
0.36207304830452597
0.008827750725953144
0.0551985524550401
0.14064742341715625
0.20928229266512532
0.2896303977656001
0.07671422543069326
0.07947975575703545
0.23718223352545928
0.23191617780928936
0.2934666844649658
0.1917388833712065
0.0865794874247306
0.02085407396089409
0.03812506248646486
0.15172835188094352
0.3782727046654244
0.1541438493533178
-0.0064944057755697724
0.13065467363930558
0.11075957651161235
0.250718300053647
0.23715889190064432
0.16117569974555088
0.2266944555113084
0.008263713634828357
0.24307356894950508
0.13298165896555955
-0.05246200637296332
0.31547187075950195
0.10643583142764788
0.19980931663698437
0.036948165160288204
0.19044612827388122
0.27809981618935936
0.006534471904581973
0.2798035762393716
0.2992255525594409
0.10939809090867646
0.16672594951603267
0.06294053779875211
0.16625716827294
0.0022458029254471042
0.13021153678365338
0.2147883610804295
0.14840143235444736
-0.0602661793629703
-0.02772099152044584
0.18356596119599355
-0.006666494480918298
0.16998045552132193
0.1828324213968924
0.18897733638136857
0.3089140336857764
0.030639207314713784
0.39134212581055594
0.38807212770332905
0.2201690425865422
-0.06701307327832108
0.3020575306285163
0.040037985173119475
0.022682195681215114
0.1352917810948185
0.017370046794795358
0.2342053748355332
0.2898845547505942
0.11391286898853033
0.17266740061500396
0.09257590867170165
0.2537148379664029
0.23858109944680858
0.3003488233323996
0.14707589006784302
0.03406439213625471
0.18895586009486187
0.1547505272083816
-0.10444933505827285
0.22620376273654438
0.28338903836286505
0.06948478381824894
0.061422495171078194
-0.026903531279662215
0.10352948948726938
0.1043253272311214
0.04490919967076636
0.17528470089565729
0.026888847035577288
0.2468255482905424
-0.16105515129987233
0.17077824974636427
0.017008067208747767
0.17900298045948682
0.19756901260397203
0.22919517085358077
0.14421766762586635
0.009370240712566535
0.14389752354639254
0.23411276599548222
0.02700438916915669
0.15980641586124156
0.029196028017041926
0.3608039292354747
0.19889189361398127
0.08629056329430247
0.21627359146595834
0.1497853900988803
0.2537178058149021
0.13115251867823027
0.12241113205541533
0.0708495824022322
0.3655587309848003
0.21751631903612006
0.06392627734364295
0.09985824869052347
0.19073603502839603
0.3056260345903263
0.09185774587765308
0.039568020105080544
0.0002696805527961762
0.29188872549491346
-0.041046606572679445
0.19155031277539553
0.12100541268680799
0.1723728180034325
-0.1980995677991802
0.18066454873891402
0.05738438194632101
0.1947408897026838
0.28324194474298076
0.1305593736036759
0.04209546513668615
-0.11587171377734343
0.15193945444185847
0.15599292322963992
0.12904233839213403
-0.07669687315170691
0.13547616514999813
-0.04351822707664069
-0.09507557315541063
-0.05006226835248436
0.11291564572807279
-0.25859259903260495
0.23575894008820825
0.05809710827586325
0.1939940559691306
0.2959638007833327
0.23495660961265866
-0.15491596873698565
0.024371972496333917
0.019812280952049854
0.20755321374360208
0.15009307856089676
0.008671879785769276
0.1588893730675447
-0.07285889062132507
0.1353222123555996
0.05099957093159347
0.13607608292636325
0.22319381783126283
0.058912538321338456
0.17882677235936958
