0.3313692946942131
0.7336250496770844
0.5016235664605805
0.7217311029337442
0.17206691298152899
0.8822328472765493
0.6599716607843729
0.40197077522107205
0.8373685822901202
0.0659603618724825
0.19876238704073007
0.1669538113767849
0.08715781473468881
0.21334554911496967
0.5812738099636308
0.7406351223523746
0.15370417322138097
0.40197077522107205
0.1331172930528603
0.323059579042267
0.8822328472765493
0.17314587547548732
0.22893477301907625
0.05808098558821785
0.779162090442661
0.30071444715870865
0.779162090442661
0.6508288619863438
0.5915968037231157
0.8092243637389194
0.8941931121008951
0.05808098558821785
0.4050516571975943
0.15370417322138097
0.026626930768763914
0.07854994357801748
0.41778530517443346
0.483998339498417
0.7217126269834955
0.35776440700620504
0.08673188532246613
0.6298744359661762
0.9599470716308441
0.8941931121008951
0.25523537856202627
0.9769588721547657
0.9700896602224034
0.609101869098048
0.6365818483830032
0.6149837790472009
0.76889295610688
0.5016235664605805
0.3931591871177619
0.6599716607843729
0.4050516571975943
0.16004242271052127
0.3931591871177619
0.2552247829993084
0.41930817871397374
0.10962674060570926
0.7217126269834955
0.08673188532246613
0.3002026400751312
0.9147831991461983
0.8050607464594584
0.4509398904144952
0.6173785799225182
0.7282636474880038
0.7217275508176149
0.620731637168147
0.09732148147741558
0.4498620890601209
0.6508288619863438
0.25999023259184173
0.3061334649820755
0.4050516571975943
0.16004242271052127
0.255902627282676
0.779162090442661
0.6365818483830032
0.16347301938106526
0.5487664711334026
0.1435818696783307
0.3102645839769479
0.8945524197393898
0.6281015264181533
0.3002026400751312
0.312895168984848
0.7493880352602369
0.5782612450800351
0.5810148789303403
0.9700896602224034
0.41778530517443346
0.41778530517443346
0.8092243637389194
0.5326361026739235
0.620731637168147
0.4468852714935474
0.7406351223523746
0.6762195561050124
0.7412626207505155
0.16347301938106526
0.09732148147741558
0.6762195561050124
0.47402691916251094
0.8029595865059818
0.0659603618724825
0.5176557439783938
0.5326361026739235
0.3784031583390762
0.76889295610688
0.30071444715870865
0.3931591871177619
0.22893477301907625
0.16004242271052127
0.5123147024468357
0.8092243637389194
0.8988710757677711
0.21334554911496967
0.8945524197393898
0.2580837119844416
0.9482211430315247
0.47402691916251094
0.40197077522107205
0.9054858757384381
0.26769584336741836
0.2840850687088972
0.1031285782712015
0.255902627282676
0.052139441933246294
0.35776440700620504
0.4886839830281624
0.8373685822901202
0.6173785799225182
0.5999667447795942
0.5123147024468357
0.08918753059766182
0.7553782890520745
0.10962674060570926
0.4468852714935474
0.7153372507947241
0.258083676976272
0.3313692946942131
0.887672791889708
0.7217346550498736
0.7282636474880038
0.6281015264181533
0.3102645839769479
0.609101869098048
0.4509398904144952
0.4908465045974666
0.2580837119844416
0.6365818483830032
0.6173785799225182
0.4886839830281624
0.5915968037231157
0.954369153152367
0.8348566800919976
0.887672791889708
0.7493880352602369
0.7637284628021417
0.44578041175064276
0.483998339498417
0.1031285782712015
0.8029595865059818
0.5487664711334026
0.22020519172789238
0.312895168984848
0.9552330967258178
0.5746046889496552
0.052139441933246294
0.40197077522107205
0.5782612450800351
0.8050607464594584
0.25523537856202627
0.44578041175064276
0.7217311029337442
0.21334554911496967
0.8050607464594584
0.7553782890520745
0.9054858757384381
0.4498620890601209
0.7153372507947241
0.1435818696783307
0.5782612450800351
0.5812738099636308
0.8348566800919976
0.7412626207505155
0.9552330967258178
0.3784031583390762
0.3061334649820755
0.6149837790472009
0.8692970179923292
0.1331172930528603
0.5176557439783938
0.41930817871397374
0.17314587547548732
0.7637284628021417
0.8092243637389194
0.21334554911496967
0.6298744359661762
0.5999667447795942
0.0659603618724825
0.1669538113767849
0.7822960273985754
0.887672791889708
0.9599470716308441
0.026626930768763914
0.6565673102853246
0.8692970179923292
0.5262602276510433
0.8287146213662466
0.22020519172789238
0.018267877865190685
0.26769584336741836
0.2840850687088972
0.3931591871177619
0.8287146213662466
0.44578041175064276
0.5812738099636308
0.9147831991461983
0.07854994357801748
0.17206691298152899
0.17206691298152899
0.08715781473468881
0.483998339498417
0.8988710757677711
0.1031285782712015
0.018267877865190685
0.6565673102853246
0.026626930768763914
0.30071444715870865
0.41778530517443346
0.8029595865059818
0.323059579042267
0.7822960273985754
0.6599716607843729
0.9769588721547657
0.5262602276510433
0.5810148789303403
0.25999023259184173
0.954369153152367
0.4509398904144952
0.7336250496770844
0.08918753059766182
0.9054858757384381
0.9482211430315247
0.5746046889496552
0.4908465045974666
0.19876238704073007
