0.2927954417920125
0.20254742611450524
0.03485967349224645
0.4143585740369371
0.28519194328076497
-0.0026905644075797108
0.15208922376184494
0.18703192793166123
0.10316997960909283
0.1130929230154311
0.2944026682905112
0.19252411673071693
0.04358607616373005
0.20215029629261586
0.12609597713930645
0.1662648074637892
0.44624775875259814
0.22463829844668856
0.19063506639058053
0.27672377260161285
0.08866073233860652
0.1335960762638733
0.04304051693558445
0.0841605957120301
0.27794876307702227
0.22440511786028206
0.1631391171879927
0.061266470100016256
0.11658270843380408
0.2999633394476118
0.04140164833250694
0.13910779772651427
0.09186213502061338
0.009223763901405054
0.0004542311355719554
0.07829520971453072
0.14585235465698268
0.09535555771856483
0.2883862281119954
0.16399349048713455
0.2852652713277582
0.30023128674552263
0.03338250457655514
0.08668220856737757
0.15636588996913933
-0.15801679293670254
-0.25582001580869745
0.27701202765389954
0.12645736103205263
0.16853410227601998
0.28673518743284343
0.060712332389679165
0.23050117897695224
0.30773883216211484
0.2114219974504861
0.08279896284318368
0.24776817863097783
0.2851972302611805
0.08615489491267796
0.030139884327395856
0.39220994637499834
0.06531325140573246
0.11630223237542064
0.007366636572504306
0.1696382258817426
0.035969833738839906
0.29399125154374073
0.296992521643452
0.11998256295069394
0.17428266298873163
0.17137642763301425
0.22673006757971736
0.21340996428575743
0.4097594347790897
0.22880556790781714
-0.03295295776809218
0.2955919167106405
0.04505873073122925
0.09941032269974023
0.24547298160076822
0.24769366101497314
-0.028428336539153533
0.2007735225964593
0.2268653219636078
-0.0077399937313463235
0.28122414453600775
0.18736733241846976
0.14003719950472604
0.2059905254443266
0.36189225202083763
0.007298398162410861
0.05568113390001734
0.14040470447582493
0.20900369597930962
0.2899869461112911
0.07703537674111123
0.08018094835880875
0.23711098782846207
0.23080412181264048
0.2940944498846941
0.19233396916285178
0.08709701885881593
0.021145295210432156
0.038578717083013095
0.15189554426706142
0.37814326465405373
0.1543769788145215
-0.005807064754361411
0.13121656433242954
0.11055985584126357
0.24982708108705776
0.23708626484967704
0.16190491698155465
0.22757720603538703
0.008483189654189021
0.24310020157348292
0.13312644715016658
-0.05206290374242221
0.3151954332295446
0.1062541905254736
0.19825506071983848
0.03666957922971849
0.18949283382654666
0.2773908687367467
0.007211988577867365
0.2785155474207335
0.29958939401785933
0.10936336711769919
0.16687438938985996
0.06315899989788344
0.16570409388834267
0.0014637138839668053
0.13063263745943945
0.215129012222641
0.14885780893027079
-0.061189177628895974
-0.02761470353276247
0.18374321491288428
-0.00672103863038923
0.17094939138802479
0.18237513861057633
0.18512774214840547
0.3089830615582045
0.03106158064292949
0.39034229360797595
0.3882004143549767
0.22084916789856177
-0.06460563365752423
0.3030998734572351
0.041849835936234175
0.022073889304956067
0.13438827976301476
0.016699704035435973
0.2340800851408987
0.2896581436224716
0.11437237885477411
0.17265171120591147
0.09238007898762902
0.2543743914701539
0.2385819640280303
0.3009992863046362
0.14732225309006566
0.0347479222998421
0.18945683757381823
0.1551498943326684
-0.10456514649053679
0.22474482426985504
0.28335736518589205
0.06953808334097289
0.06232207845173089
-0.026823890656892026
0.10404257954498478
0.1036605576994805
0.04538756756083545
0.17486289355907172
0.027562311245041157
0.24592309136437407
-0.1615176991650252
0.17160741416855746
0.01815028729905693
0.17595308213218816
0.19765602957744688
0.22918590370987935
0.14425306419535133
0.010082147458480952
0.14466280097278625
0.23377305089184605
0.02705756796533641
0.15947381250021744
0.029271693418304632
0.35906388760155417
0.19846514840029544
0.08651851166973663
0.2161481021025248
0.15156992280746592
0.2536784495785101
0.1310931543596862
0.12191028073522488
0.07134683372142331
0.3656141450911207
0.21699890531042615
0.06421854356869086
0.10029320801508614
0.19096536395078997
0.3055176891670278
0.09151878788353372
0.03941272381732941
0.0004808347058457959
0.2913173538345487
-0.03998749873038576
0.1894566803319689
0.1207800391861323
0.17204213620837636
-0.19799262799905126
0.18043429914470213
0.057527959548415115
0.19430461133868832
0.2829301060322999
0.1305668968695328
0.041893023936529564
-0.11587263550967522
0.1524095860185636
0.15543017948357116
0.12986739013121282
-0.07627014513465107
0.13508050131986146
-0.04343878150833116
-0.09583521921255085
-0.05012378579008416
0.11390797647464469
-0.2585277948051256
0.2351956919562236
0.05825966108324329
0.19396057799399677
0.29690032058798826
0.23409360179017819
-0.15611126803230707
0.02422924012177588
0.020316085867587354
0.2062187356392345
0.14996584544653443
0.008718729795982674
0.15811474403674441
-0.07294487221971016
0.1348184908893582
0.05125770785329714
0.13598499448366247
0.22384901392323714
0.058433162654595805
0.1791456545448812
