0.48475649000422016
0.7300794807282198
0.7300794807282198
0.7300794807282198
0.19799230916477456
0.7300794807282198
0.7300794807282198
0.48475649000422016
0.7300794807282198
0.19799230916477456
0.19799230916477456
0.19799230916477456
0.19799230916477456
0.19799230916477456
0.48475649000422016
0.7300794807282198
0.19799230916477456
0.48475649000422016
0.19799230916477456
0.48475649000422016
0.7300794807282198
0.1149717226505271
0.19799230916477456
0.19799230916477456
0.7300794807282198
0.19799230916477456
0.7300794807282198
0.7300794807282198
0.7300794807282198
0.7300794807282198
0.7300794807282198
0.19799230916477456
0.48475649000422016
0.19799230916477456
0.19799230916477456
0.19799230916477456
0.48475649000422016
0.48475649000422016
0.7300794807282198
0.19799230916477456
0.19799230916477456
0.48475649000422016
0.7300794807282198
0.7300794807282198
0.19799230916477456
0.9769588721547657
0.9700896602224034
0.7300794807282198
0.48475649000422016
0.7300794807282198
0.7300794807282198
0.7300794807282198
0.19799230916477456
0.7300794807282198
0.48475649000422016
0.19799230916477456
0.48475649000422016
0.19799230916477456
0.4776220611572335
0.19799230916477456
0.7300794807282198
0.19799230916477456
0.19799230916477456
0.48475649000422016
0.7300794807282198
0.48475649000422016
0.7300794807282198
0.7300794807282198
0.7300794807282198
0.7300794807282198
0.19799230916477456
0.4976501545905222
0.48475649000422016
0.19799230916477456
0.4776220611572335
0.19799230916477456
0.19799230916477456
0.19799230916477456
0.7300794807282198
0.7300794807282198
0.19799230916477456
0.48475649000422016
0.19799230916477456
0.19799230916477456
0.8628230619993454
0.48475649000422016
0.19799230916477456
0.48475649000422016
0.7300794807282198
0.7300794807282198
0.48475649000422016
0.9700896602224034
0.7300794807282198
0.7300794807282198
0.7300794807282198
0.7300794807282198
0.7300794807282198
0.48475649000422016
0.7300794807282198
0.48475649000422016
0.7300794807282198
0.19799230916477456
0.19799230916477456
0.7300794807282198
0.48475649000422016
0.7300794807282198
0.48475649000422016
0.4976501545905222
0.7300794807282198
0.19799230916477456
0.48475649000422016
0.19799230916477456
0.19799230916477456
0.1149717226505271
0.19799230916477456
0.48475649000422016
0.48475649000422016
0.7300794807282198
0.19799230916477456
0.8628230619993454
0.19799230916477456
0.7300794807282198
0.48475649000422016
0.48475649000422016
0.7300794807282198
0.19799230916477456
0.19799230916477456
0.19799230916477456
0.19799230916477456
0.19799230916477456
0.7300794807282198
0.48475649000422016
0.7300794807282198
0.7300794807282198
0.7300794807282198
0.48475649000422016
0.19799230916477456
0.7300794807282198
0.19799230916477456
0.48475649000422016
0.7300794807282198
0.19799230916477456
0.5066487224422325
0.7300794807282198
0.7300794807282198
0.7300794807282198
0.7300794807282198
0.48475649000422016
0.48475649000422016
0.48475649000422016
0.5066487224422325
0.19799230916477456
0.48475649000422016
0.7300794807282198
0.48475649000422016
0.7300794807282198
0.7300794807282198
0.7300794807282198
0.7300794807282198
0.7300794807282198
0.7300794807282198
0.48475649000422016
0.19799230916477456
0.19799230916477456
0.7300794807282198
0.7300794807282198
0.19799230916477456
0.48475649000422016
0.7300794807282198
0.7300794807282198
0.19799230916477456
0.4776220611572335
0.7300794807282198
0.7300794807282198
0.19799230916477456
0.19799230916477456
0.7300794807282198
0.19799230916477456
0.48475649000422016
0.7300794807282198
0.7300794807282198
0.48475649000422016
0.7300794807282198
0.19799230916477456
0.48475649000422016
0.7300794807282198
0.7300794807282198
0.7300794807282198
0.7300794807282198
0.7300794807282198
0.48475649000422016
0.7300794807282198
0.7300794807282198
0.19799230916477456
0.4976501545905222
0.19799230916477456
0.19799230916477456
0.7300794807282198
0.7300794807282198
0.19799230916477456
0.7300794807282198
0.7300794807282198
0.19799230916477456
0.19799230916477456
0.7300794807282198
0.7300794807282198
0.7300794807282198
0.19799230916477456
0.7300794807282198
0.7300794807282198
0.7300794807282198
0.7300794807282198
0.19799230916477456
0.1149717226505271
0.19799230916477456
0.4976501545905222
0.48475649000422016
0.7300794807282198
0.48475649000422016
0.48475649000422016
0.7300794807282198
0.19799230916477456
0.19799230916477456
0.19799230916477456
0.19799230916477456
0.7300794807282198
0.7300794807282198
0.48475649000422016
0.1149717226505271
0.48475649000422016
0.19799230916477456
0.19799230916477456
0.48475649000422016
0.7300794807282198
0.19799230916477456
0.7300794807282198
0.48475649000422016
0.9769588721547657
0.48475649000422016
0.7300794807282198
0.19799230916477456
0.7300794807282198
0.48475649000422016
0.7300794807282198
0.19799230916477456
0.7300794807282198
0.7300794807282198
0.48475649000422016
0.48475649000422016
0.19799230916477456
