0.3313692946942131
0.7336250496770844
0.5283521935732569
0.7221362076307215
0.1735911091929781
0.8822328472765493
0.5780791636937941
0.40155238495936896
0.8373685822901202
0.06578226017247094
0.19876238704073007
0.16488749156769206
0.08715781473468881
0.21351570974118056
0.5816141573668594
0.739182272930958
0.13838982588413115
0.4034354106749273
0.1331172930528603
0.3752434251945851
0.8822328472765493
0.17314587547548732
0.22893477301907625
0.05808098558821785
0.7791562274413533
0.3006914731839753
0.7791650219433146
0.659062624568643
0.5915968037231157
0.8096268655323424
0.8941931121008951
0.05808098558821785
0.4065920981858554
0.16901046742239606
0.026692783384198133
0.07854994357801748
0.4220262113292221
0.4843137814653986
0.7145366551511515
0.35776440700620504
0.08673188532246613
0.6218618905559292
0.9599470716308441
0.8941931121008951
0.2549957228031232
0.9769588721547657
0.9700896602224034
0.6129957493627667
0.6168565723218166
0.6121880541496205
0.76889295610688
0.47489493934790405
0.39188628997221936
0.662836687352171
0.4065920981858554
0.1656766773295169
0.3390016750001412
0.2511559143077107
0.41930817871397374
0.10962674060570926
0.7214696754980714
0.08673188532246613
0.3002026400751312
0.9147831991461983
0.8044676101290775
0.4384475149546363
0.6178578072383273
0.6731247413923649
0.7322278440737235
0.6173892666081863
0.09732148147741558
0.44987948111302956
0.659062624568643
0.27636144249837524
0.2896936584087349
0.40155238495936896
0.14877391347253022
0.255902627282676
0.7791650219433146
0.6168565723218166
0.16488749156769206
0.5487664711334026
0.13838982588413115
0.3390016750001412
0.881244558618429
0.6281015264181533
0.3002026400751312
0.3144071061004359
0.7493880352602369
0.5780640171500322
0.5176984846360083
0.9700896602224034
0.4220262113292221
0.4135443990196448
0.8043177540376174
0.5326361026739235
0.6173892666081863
0.4094567615216962
0.7413615470630834
0.6776914659353293
0.7412626207505155
0.16205854719443846
0.09732148147741558
0.6776914659353293
0.47402691916251094
0.8043177540376174
0.06578226017247094
0.5176343736495865
0.5326361026739235
0.3784031583390762
0.76889295610688
0.3007259341460752
0.44987948111302956
0.22893477301907625
0.1656766773295169
0.5123147024468357
0.8140437393028519
0.8988710757677711
0.21351570974118056
0.881244558618429
0.24918976262224238
0.9482211430315247
0.47402691916251094
0.4016568477558477
0.9042986731774818
0.25890537717408507
0.2840850687088972
0.10258550438250091
0.255902627282676
0.0005721575752785091
0.35776440700620504
0.48760272224351037
0.8373685822901202
0.6178578072383273
0.5948072517334274
0.5123147024468357
0.08918753059766182
0.7553782890520745
0.10962674060570926
0.4843137814653986
0.7052318733922993
0.24918976262224238
0.3313692946942131
0.8886319638003752
0.7221362076307215
0.6950718118266115
0.6281015264181533
0.2896936584087349
0.5780640171500322
0.45718607814442497
0.4919277653821187
0.26037620219714275
0.6739791565021295
0.6219721970917695
0.48760272224351037
0.5915968037231157
0.954369153152367
0.8905571327426421
0.8886319638003752
0.7493880352602369
0.7637284628021417
0.44568834334527935
0.4841803075931692
0.10326283739235229
0.8022805027401644
0.5487664711334026
0.27636144249837524
0.3113832318692601
0.9552330967258178
0.5283521935732569
0.10465861494746441
0.4016568477558477
0.5790501568000481
0.7214696754980714
0.26037620219714275
0.44582644595332444
0.7145366551511515
0.21317538848875875
0.8044676101290775
0.7553782890520745
0.9344760031022723
0.4498277094206502
0.7287490487635763
0.14877391347253022
0.5780488706062702
0.5805931151571735
0.7791562274413533
0.7412626207505155
0.9552330967258178
0.3784031583390762
0.3144071061004359
0.6219721970917695
0.8692970179923292
0.1331172930528603
0.5176343736495865
0.41930817871397374
0.17314587547548732
0.7637284628021417
0.8096268655323424
0.21317538848875875
0.631586183961003
0.5948072517334274
0.06631656527250558
0.16903623745834717
0.8485201466496277
0.8857544480683737
0.9599470716308441
0.026495225537895482
0.6950718118266115
0.8692970179923292
0.5252142446899366
0.8956307472181837
0.16903623745834717
0.018267877865190685
0.27087573288994893
0.2840850687088972
0.39188628997221936
0.8485201466496277
0.44582644595332444
0.5816141573668594
0.9147831991461983
0.07854994357801748
0.1735911091929781
0.16901046742239606
0.08715781473468881
0.4835009294366831
0.8988710757677711
0.10258550438250091
0.018267877865190685
0.6129957493627667
0.026692783384198133
0.3007259341460752
0.4135443990196448
0.8022805027401644
0.27087573288994893
0.800474494685109
0.7413615470630834
0.9769588721547657
0.5252142446899366
0.6731247413923649
0.25890537717408507
0.954369153152367
0.45718607814442497
0.7336250496770844
0.08918753059766182
0.9042986731774818
0.9482211430315247
0.6218618905559292
0.4919277653821187
0.19876238704073007
