0.3313692946942131
0.7336250496770844
0.5016235664605805
0.7237894179139353
0.1735911091929781
0.8822328472765493
0.5780715904219131
0.40202314138825856
0.8373685822901202
0.06595757903341981
0.19876238704073007
0.16488749156769206
0.08715781473468881
0.21351570974118056
0.5813588968144379
0.7405443192635364
0.13838982588413115
0.4024938978171481
0.1331172930528603
0.323059579042267
0.8822328472765493
0.17314587547548732
0.22893477301907625
0.05808098558821785
0.7791617240050791
0.30071408819035333
0.7791617240050791
0.6604778981124659
0.5915968037231157
0.809088538445235
0.8941931121008951
0.05808098558821785
0.4065920981858554
0.16902013118587772
0.02661869919183464
0.07854994357801748
0.4220262113292221
0.4840022255145243
0.7189594523817946
0.35776440700620504
0.08673188532246613
0.6218618905559292
0.9599470716308441
0.8941931121008951
0.2525842806340499
0.9769588721547657
0.9700896602224034
0.6129957493627667
0.6168565723218166
0.617080125620695
0.76889295610688
0.5016235664605805
0.39188628997221936
0.6604778981124659
0.4065920981858554
0.1656766773295169
0.3390016750001412
0.2525842806340499
0.41930817871397374
0.10962674060570926
0.7214696754980714
0.08673188532246613
0.3002026400751312
0.9147831991461983
0.8034693312680854
0.4507446970479351
0.6178578072383273
0.6731247413923649
0.7233822496124376
0.6173892666081863
0.09732148147741558
0.449863302459161
0.660006140264525
0.2676334098362302
0.2896936584087349
0.40202314138825856
0.14877391347253022
0.255902627282676
0.7791628233178243
0.6168565723218166
0.16347301938106526
0.5487664711334026
0.13838982588413115
0.3390016750001412
0.881244558618429
0.6281015264181533
0.3002026400751312
0.312895168984848
0.7493880352602369
0.5780564438781512
0.5176564118011691
0.9700896602224034
0.4220262113292221
0.4135443990196448
0.8043177540376174
0.5326361026739235
0.6244877252845946
0.4468852714935474
0.7405443192635364
0.6776914659353293
0.7412626207505155
0.16347301938106526
0.09732148147741558
0.6776914659353293
0.47402691916251094
0.8043177540376174
0.06595757903341981
0.5176554100670062
0.5326361026739235
0.3784031583390762
0.76889295610688
0.3007146266428862
0.449863302459161
0.22893477301907625
0.1656766773295169
0.5123147024468357
0.8118353024175972
0.8988710757677711
0.21351570974118056
0.9078602808603506
0.24968130054360949
0.9482211430315247
0.47402691916251094
0.4016568477558477
0.9042986731774818
0.25890537717408507
0.2840850687088972
0.10303514311214206
0.255902627282676
0.052139441933246294
0.35776440700620504
0.48760272224351037
0.8373685822901202
0.6178578072383273
0.5948072517334274
0.5123147024468357
0.08918753059766182
0.7553782890520745
0.10962674060570926
0.4468852714935474
0.7153372507947241
0.24968130054360949
0.3313692946942131
0.8879125848673748
0.7237894179139353
0.6950718118266115
0.6281015264181533
0.2896936584087349
0.5780715904219131
0.4507446970479351
0.4919277653821187
0.26037620219714275
0.6739791565021295
0.6219721970917695
0.48760272224351037
0.5915968037231157
0.954369153152367
0.8348566800919976
0.8879125848673748
0.7493880352602369
0.7637284628021417
0.44577465747530753
0.4840022255145243
0.10331544858932035
0.8022805027401644
0.5487664711334026
0.2736185876941621
0.312895168984848
0.9552330967258178
0.5283521935732569
0.052139441933246294
0.4016568477558477
0.5790501568000481
0.8085502113581275
0.26037620219714275
0.4457832888883103
0.7189594523817946
0.21317538848875875
0.8034693312680854
0.7553782890520745
0.9078602808603506
0.4498600667283873
0.7153372507947241
0.14877391347253022
0.5780564438781512
0.5811036362620164
0.8348566800919976
0.7412626207505155
0.9552330967258178
0.3784031583390762
0.3144071061004359
0.617080125620695
0.8692970179923292
0.1331172930528603
0.5176554100670062
0.41930817871397374
0.17314587547548732
0.7637284628021417
0.8118353024175972
0.21317538848875875
0.6244877252845946
0.5948072517334274
0.06596592755060786
0.16902013118587772
0.8485201466496277
0.8871932059343745
0.9599470716308441
0.02661869919183464
0.6950718118266115
0.8692970179923292
0.5252142446899366
0.809088538445235
0.16903623745834717
0.018267877865190685
0.2736185876941621
0.2840850687088972
0.39188628997221936
0.8485201466496277
0.4457832888883103
0.5813588968144379
0.9147831991461983
0.07854994357801748
0.1735911091929781
0.16901690993138385
0.08715781473468881
0.4839905674662024
0.8988710757677711
0.10303514311214206
0.018267877865190685
0.6129957493627667
0.026643393922622473
0.3007146266428862
0.4135443990196448
0.8022805027401644
0.323059579042267
0.8024710524070933
0.7408167285300521
0.9769588721547657
0.5252142446899366
0.6731247413923649
0.2676334098362302
0.954369153152367
0.451330277147616
0.7336250496770844
0.08918753059766182
0.9042986731774818
0.9482211430315247
0.6218618905559292
0.4919277653821187
0.19876238704073007
