0.3313692946942131
0.7116796465723647
0.5165769096930594
0.7263144473007553
0.1735911091929781
0.8943268002486607
0.5791107429750959
0.39639189964560106
0.842751195468455
0.0652479550724363
0.19876238704073007
0.1650768329061426
0.09522600692130556
0.23052290914245332
0.5826351995765452
0.7348237246667071
0.13838982588413115
0.41703384090067275
0.13548821460950067
0.3752434251945851
0.8701388943044379
0.17314587547548732
0.3206828753966017
0.085554916013926
0.7657860815770359
0.2992441127757802
0.779184076697564
0.6515357133248667
0.6041889760182426
0.7662529412319363
0.8941931121008951
0.04076053563325455
0.40974878569678347
0.19275115138688825
0.02610010984529018
0.0780102646079629
0.48967999782360194
0.48007183097622375
0.769915470672035
0.40414558214315
0.1140089999028045
0.5431265675737589
0.9708198848445009
0.8941931121008951
0.26575668159116234
0.9769588721547657
0.9700896602224034
0.6120238073540033
0.6309894148465522
0.6123523009452378
0.7678704415417249
0.47489493934790405
0.39188628997221936
0.6515357133248667
0.4001579510767177
0.1656766773295169
0.3390016750001412
0.2511559143077107
0.4375606134179121
0.0885071097151986
0.623775461785124
0.06884626723287723
0.3002026400751312
0.9147831991461983
0.7750091409390307
0.36091880763334094
0.632523265221285
0.6829073367715816
0.7381412408466917
0.5657847618303654
0.10997129391490945
0.4501383395749263
0.6783149546279374
0.1774794598021654
0.2896936584087349
0.39639189964560106
0.14877391347253022
0.255902627282676
0.779184076697564
0.6027237297970809
0.16205854719443846
0.5487664711334026
0.13838982588413115
0.3390016750001412
0.881244558618429
0.6281015264181533
0.3002026400751312
0.3144071061004359
0.6741376613794754
0.61396769137153
0.5203911460657261
0.9700896602224034
0.3543724248348422
0.4135443990196448
0.8441670422917298
0.49218754580558455
0.631586183961003
0.4094567615216962
0.7435408211952088
0.6783149546279374
0.7412626207505155
0.16205854719443846
0.08467166903992171
0.677067977242721
0.48391335984871053
0.8034255163134018
0.0652479550724363
0.5162880429347275
0.5730846595422624
0.3784031583390762
0.769915470672035
0.21884370214438043
0.4501383395749263
0.22439730492640897
0.1656766773295169
0.4888258769781043
0.8359393831683029
0.8988710757677711
0.1965085103399078
0.881244558618429
0.24722361093677403
0.9490742584171874
0.4641404784763114
0.4016568477558477
0.8741213432526913
0.25890537717408507
0.2759630997534427
0.09915772779783469
0.255902627282676
0.0005721575752785091
0.3113832318692601
0.48760272224351037
0.8280325550552682
0.632523265221285
0.5948072517334274
0.50865318261774
0.05723169500183001
0.6548641169969011
0.13074637149621993
0.4853935812385728
0.6914666998480387
0.2511559143077107
0.3313692946942131
0.8915094795323768
0.7390405418691437
0.6950718118266115
0.6281015264181533
0.2896936584087349
0.5401274774534546
0.5431265675737589
0.4919277653821187
0.26575668159116234
0.6684686366717355
0.6309894148465522
0.48760272224351037
0.5790046314279889
0.954369153152367
0.8905571327426421
0.8857544480683737
0.8359393831683029
0.7637284628021417
0.44568834334527935
0.48391335984871053
0.09522600692130556
0.8655204636111851
0.5487664711334026
0.3752434251945851
0.3113832318692601
0.9552330967258178
0.5401274774534546
0.11015950209709413
0.4016568477558477
0.623775461785124
0.7460938847675633
0.24423476401508404
0.44568834334527935
0.7263144473007553
0.1965085103399078
0.8419123102070615
0.8441670422917298
0.9344760031022723
0.44930999249685677
0.7116796465723647
0.14877391347253022
0.5431684484614273
0.5785510307378019
0.8191904460173083
0.7412626207505155
0.9552330967258178
0.3784031583390762
0.3144071061004359
0.6120238073540033
0.8692970179923292
0.13074637149621993
0.5162880429347275
0.4010557440100354
0.17314587547548732
0.7637284628021417
0.7961015094939182
0.14263163235275161
0.631586183961003
0.5948072517334274
0.05723169500183001
0.1703560389757487
0.9238735300418028
0.8857544480683737
0.9490742584171874
0.02610010984529018
0.6950718118266115
0.8692970179923292
0.47489493934790405
0.8956307472181837
0.1703560389757487
0.035773857080955485
0.27087573288994893
0.29220703766435174
0.39188628997221936
0.7731667632574525
0.44596454856136947
0.5826351995765452
0.9147831991461983
0.0780102646079629
0.1735911091929781
0.14526978345790387
0.08016898048818122
0.4869300278971425
0.8988710757677711
0.09915772779783469
0.000761898649425885
0.61396769137153
0.027680572615711385
0.3840555265559652
0.4135443990196448
0.7390405418691437
0.27087573288994893
0.7657860815770359
0.7435408211952088
0.9769588721547657
0.575533550031969
0.6688526658435422
0.25890537717408507
0.954369153152367
0.47592464133421364
0.7653224546088201
0.12114336619349364
0.9344760031022723
0.947368027645862
0.7005972135380996
0.4919277653821187
0.19876238704073007
