0.29279513443276056
0.2025277668458861
0.034860707870968906
0.4216589908979552
0.28434830064924227
-0.002679769521001347
0.15209066404149052
0.1869527521193159
0.1014089225768297
0.10858873644135757
0.28541175141263275
0.19066425310766116
0.038085378233422645
0.19178104562460704
0.1279524046938323
0.1646817267715768
0.4462356224201727
0.2245621380685063
0.19159494063069699
0.2780467888282044
0.0862307710829661
0.13353227733041179
0.044145725446639555
0.084148923640755
0.28024632314501274
0.22432446999462954
0.16301962734485537
0.06123809779506804
0.12633212784002837
0.2999734162182481
0.05106003696794275
0.13909188652727647
0.09186089060168873
0.009222103893462332
-0.0011818444663491117
0.07822528252232207
0.14585134672308175
0.09526048764865987
0.294881751159558
0.16403491546105128
0.2852652061400311
0.3003298806763888
0.03147748753445539
0.08587076711873022
0.15636388184322828
-0.15800144316248133
-0.2557736629775358
0.2825695651692427
0.11828835812837028
0.17075904723729968
0.2867462348177209
0.057538352350227494
0.2249461259341255
0.31638257431502315
0.2112443249916282
0.07726328304364459
0.21519956361248277
0.2827413712535912
0.0861505502724964
0.03013994252176463
0.3921850148161464
0.060459083864959115
0.11624131263112
0.007378403352774776
0.16968748213468923
0.02823333582787003
0.2967101309439246
0.30247868609808154
0.12000179027036559
0.18070263996304445
0.17137645603802923
0.23288640816624476
0.22064359407039263
0.4155786341218348
0.22334116469764997
-0.032952588734582934
0.2923464973216042
0.04505891197878249
0.10188941900978615
0.24553067587715835
0.2476936495355745
-0.028428336539153533
0.20077328407811357
0.23089507225658226
-0.014593891022559738
0.29508641566995736
0.18726638831183515
0.134954395851943
0.2034605519440367
0.3619884655965181
0.005128349472318757
0.053563299273188626
0.14040476045986497
0.2053844296811709
0.2878453303578818
0.08748343652871407
0.08837469418432739
0.23698218824025313
0.2323884993958009
0.2916367497684711
0.18883670170934008
0.08708003498964863
0.02232355117603368
0.04442028926385398
0.1519935479652333
0.37815756007632045
0.15209519637712218
-0.009948481547522153
0.12356264576848557
0.10858433345686282
0.2523008330678866
0.23705448761165868
0.1102341684591597
0.227577235132176
0.008487970110426086
0.2431309681950935
0.13523867816796167
-0.052102902547290865
0.31002137959515386
0.10626444783389152
0.1960563514546226
0.04007892470066332
0.18949283382654666
0.2768362603554709
0.0071942503671395906
0.2710732238196822
0.29953643387891515
0.1093676668311489
0.16543029677331383
0.06825427104733776
0.15985963629679792
0.0014112800463651528
0.13054253781573635
0.2152540605623056
0.15676440105944434
-0.059161321500457935
-0.027667349730348567
0.18374325771624295
-0.011421250302146057
0.17840459603854886
0.18363246277101852
0.18530880748815448
0.3038279000325872
0.028750080854978436
0.3919984526118774
0.3880510981876267
0.22082272183338417
-0.08984473140417444
0.30665770196402437
0.03341799454691147
0.0247368700306875
0.13437663725872986
0.023832631084572765
0.2263351198326983
0.28965410530490737
0.11447614494973227
0.17265221528780703
0.08617994060134632
0.2520252822016736
0.2385819640280303
0.2984660526904638
0.14737300698512038
0.03818910873669911
0.18947505330988762
0.15027454237216464
-0.10456395471156825
0.2440384069874355
0.29069122151664734
0.0749021126422516
0.062350439157646036
-0.026824483927061837
0.10391150673653726
0.10385996034122598
0.053341330628518036
0.17486290872516597
0.02756838136848792
0.24449439104863005
-0.1615862853093459
0.17642630786936245
0.01853895390545922
0.17359167602871775
0.19759822237559033
0.22678958406012517
0.1443003867710572
0.0027278742311615833
0.14890207787707735
0.23377302469494463
0.021557810582238757
0.15946793472417023
0.030690783341739105
0.3596272273386188
0.1985434295448955
0.0888819164080314
0.21614813428015459
0.15145389282426058
0.26047646571797467
0.1344061138936952
0.12191013550148745
0.062379851015300386
0.36104782523885437
0.20919776825895509
0.06421779580925985
0.10032869984703535
0.1949698420893343
0.3055175875891933
0.09153480904634252
0.03943202281384237
-0.00355013554653677
0.29627312742802914
-0.041754905085393604
0.1831712836225029
0.11973857673249344
0.11298870834956909
-0.19799286775705427
0.18019141503782307
0.05755074542816656
0.1852220656682246
0.2829301060322999
0.12410351355860302
0.03781754986984795
-0.12072015866619128
0.15240951070992986
0.15545429558830576
0.12995783540588043
-0.07722009563655692
0.13672447007785613
-0.04352308346706421
-0.09576234488039867
-0.050126887416249655
0.12042399064284395
-0.25849023683716155
0.23516537882193184
0.05961245822276442
0.1916842883041921
0.2968879131052534
0.23260153704352102
-0.1546980554950952
0.022972706320992558
0.02032457631851808
0.19922824700338748
0.15494473392311048
0.008728897038879056
0.15802801167613673
-0.07329961067837616
0.1348030947315476
0.058396850738765674
0.13598500462393817
0.22891834553286655
0.05601283562552385
0.17351128164068205
