0.29378613531333836
0.20232522854147633
0.0346404794686762
0.41436167869203094
0.28483486511224004
-0.0031730049442541325
0.15256632403058978
0.18753896137064213
0.10381216574724492
0.11377072623428716
0.29448126204338343
0.1925069049717534
0.04318398742836003
0.2015178542896539
0.12609936579535228
0.1662663675701812
0.4456694637535954
0.22350524379172
0.19107721101611316
0.27661982928627504
0.08861673658417164
0.13362654276778302
0.04317718987095054
0.08358372383553626
0.27785726212061906
0.22385703746774557
0.16257067916822412
0.06134493404521025
0.11664280418250692
0.30066348525201825
0.04135733465992758
0.13873975623025106
0.09152611718225363
0.009475478598517982
0.0005122533643875847
0.07825691742303595
0.1456408202158312
0.09617085825265728
0.28891419277936903
0.16274156239701565
0.28535843541514655
0.30027228548134505
0.03334158242942597
0.08715575831803202
0.1563033325617667
-0.157499507403295
-0.2554884443716722
0.27694693765127104
0.1269972562290425
0.1686747682085781
0.2875085211893884
0.06102525679793378
0.23053269470605003
0.3077147427378142
0.2101785243046227
0.08273540725887678
0.24607615424919685
0.285286710829387
0.08578709583487776
0.030131445812505406
0.3922440165987587
0.06529945111720266
0.11557356721324073
0.0073928743675420435
0.16995912522423842
0.0354955509349305
0.2947597447157451
0.29714402309216603
0.11991159571898005
0.17520425764790182
0.17078467802394665
0.22620114675336644
0.21331106091806842
0.40620231462224937
0.22874129788127484
-0.03212290060335502
0.29561351239627837
0.045093072273973786
0.09962143449221066
0.24626343611726664
0.24781028558214113
-0.028439084131275636
0.2012683481405548
0.2273523637712224
-0.007999049908430818
0.28124456269314324
0.187291906361461
0.14005113584430665
0.20597243955455083
0.36203002294304515
0.008184187692870694
0.055667118632646256
0.14036680482967018
0.20964148237098784
0.29008360857615545
0.07712954651143548
0.08021191279028862
0.23724469398938103
0.2315230320848921
0.2939533121155501
0.19226128889043484
0.08649695854520256
0.021094938388272394
0.038596552209452586
0.1517893558614508
0.37800983182502107
0.15441105189386606
-0.006341474478841538
0.13083341616769661
0.11067558191757708
0.25107518112161337
0.23712941332810666
0.16075789388126582
0.22748631731642957
0.008370787991178286
0.24319748203071687
0.13330013222703982
-0.052469816548497465
0.3151446364609815
0.10643221860768577
0.19963255618669595
0.03663911084901984
0.19018340363132086
0.2774245236266633
0.006756434693193995
0.2798278495633562
0.2994965694388145
0.10934011240532869
0.16714301792248637
0.06274307629489682
0.1659073417522634
0.002377316254204906
0.1299883343564372
0.2149301429121292
0.14860508049395496
-0.06062364795935324
-0.027568136743605736
0.18396884010925074
-0.006665597322273275
0.1701285960817024
0.1824127888386606
0.18941885875036846
0.3089649704869834
0.03094291053260097
0.39034425339970846
0.3881028636051538
0.21977800710228015
-0.06430248198573205
0.3025838022305567
0.040253609982368606
0.022086999280181922
0.13516725683636943
0.018231137636229165
0.23479842710123344
0.2896347670134549
0.11405928656265003
0.17266739964778388
0.09247553549717201
0.2542231080668336
0.23858110033952767
0.3010312684098968
0.1473532182669608
0.03456742830119904
0.18916290857065512
0.1547463818807978
-0.10446596817854492
0.22602216324297242
0.28337075106393006
0.06949624714746776
0.06125879781922002
-0.02689167809654126
0.10304287652641062
0.10455421126646067
0.04509247886667021
0.174919868073224
0.027392818247951586
0.24604064584242635
-0.16125935588838508
0.17105347264358423
0.01700393286271716
0.17915415260696924
0.1974355562423978
0.22923630430078923
0.14470286778558272
0.009432754111768372
0.1446567980866437
0.2337425955731517
0.027000633900328842
0.1597031447894723
0.02914581172573653
0.35944643309934027
0.19872588982833556
0.08691608285313875
0.21620369905036035
0.15085002338940742
0.2532142325386486
0.13100083690621
0.12251759224892583
0.07133210411145985
0.3655704586020835
0.21784281903171793
0.06378608372063603
0.09987847769426181
0.19068367776978887
0.3054977577801235
0.09147708547614708
0.039437719114410456
0.00034754931324354477
0.2914314142309372
-0.04058625419020884
0.1917718034874603
0.12041265001625688
0.17199597538878653
-0.1980619259169743
0.18033803508132956
0.0574321495462569
0.1944441521861532
0.2832382765294354
0.13094378100151446
0.042633295624648335
-0.11587149599214097
0.15227415944473593
0.15595063793959177
0.12920767768838
-0.07612389200638861
0.13495845049467547
-0.0436462292084927
-0.09494149930541676
-0.050144603741738396
0.11399973649879482
-0.2584898712834548
0.23564978679900658
0.05820817296367035
0.19422766352123838
0.29620888246427063
0.23429087956816133
-0.15540536223714724
0.023803096779163525
0.019982148521552084
0.20643614178117176
0.15009307881706943
0.008725855323640008
0.15827405446868495
-0.07258761878980592
0.13531455135091647
0.050465989040299704
0.13587460721718883
0.2249002229183484
0.0584273762569229
0.17897451636841627
