0.3313692946942131
0.7336250496770844
0.5016235664605805
0.7237894179139353
0.1735911091929781
0.8822328472765493
0.5780665428066214
0.4020405518548572
0.8373685822901202
0.06596035915486623
0.19876238704073007
0.1669538113767849
0.08715781473468881
0.21351570974118056
0.5812738100447759
0.7406351168101941
0.13838982588413115
0.4020405518548572
0.1331172930528603
0.323059579042267
0.8822328472765493
0.17314587547548732
0.22893477301907625
0.05808098558821785
0.7791620904423114
0.3007144471586872
0.7791620904423114
0.6603206263006098
0.5915968037231157
0.808909096767384
0.8941931121008951
0.05808098558821785
0.4065920981858554
0.16901852055863079
0.02662693101997171
0.07854994357801748
0.4220262113292221
0.4839983394993435
0.7207207222654891
0.35776440700620504
0.08673188532246613
0.6218618905559292
0.9599470716308441
0.8941931121008951
0.2525842806340499
0.9769588721547657
0.9700896602224034
0.6129957493627667
0.6176211797826245
0.617080125620695
0.76889295610688
0.5016235664605805
0.39188628997221936
0.6603206838882377
0.4065920981858554
0.1656766773295169
0.3944320842633044
0.2525842806340499
0.41930817871397374
0.10962674060570926
0.7207207222654891
0.08673188532246613
0.3002026400751312
0.9147831991461983
0.8031368966083213
0.45093988966989174
0.6183869378200604
0.6734095290458333
0.72066469267156
0.6183869257703432
0.09732148147741558
0.4498620890601209
0.6603206263006098
0.2618985583878406
0.30205038225458536
0.4020405518533006
0.14877391347253022
0.255902627282676
0.7791620904433598
0.6176211797826245
0.16347301938106526
0.5487664711334026
0.13838982588413115
0.31434766670443803
0.8945524197393898
0.6281015264181533
0.3002026400751312
0.312895168984848
0.7493880352602369
0.5783707648777128
0.5176557439785532
0.9700896602224034
0.4220262113292221
0.4135443990196448
0.8043177540376174
0.5326361026739235
0.6244877252845946
0.4468852714935474
0.7406351168101941
0.6776914659353293
0.7412626207505155
0.16347301938106526
0.09732148147741558
0.6776914659353293
0.47402691916251094
0.8043177540376174
0.06596035915486623
0.5176557439780755
0.5326361026739235
0.3784031583390762
0.76889295610688
0.3007144471586872
0.3944320842633044
0.22893477301907625
0.1656766773295169
0.5123147024468357
0.8118353024175972
0.8988710757677711
0.21351570974118056
0.8945524197393898
0.2551045119070665
0.9482211430315247
0.47402691916251094
0.4018661102711728
0.9054858576231645
0.26769584336741836
0.2840850687088972
0.10312857791477466
0.255902627282676
0.052139441933246294
0.35776440700620504
0.48760272224351037
0.8373685822901202
0.6183870618445302
0.5948072517334274
0.5123147024468357
0.08918753059766182
0.7553782890520745
0.10962674060570926
0.4468852714935474
0.7153372507947241
0.2551045119070665
0.3313692946942131
0.8876727928044457
0.7237894179139353
0.6950718118266115
0.6281015264181533
0.31434766670443803
0.5780665428066214
0.45093988966989174
0.4919277653821187
0.26037620219714275
0.673409581195193
0.6183869378200604
0.48760272224351037
0.5915968037231157
0.954369153152367
0.8348566800919976
0.8876727928044457
0.7493880352602369
0.7637284628021417
0.44578041174927086
0.4839983394993435
0.1031285789840552
0.8022805027401644
0.5487664711334026
0.22020519172789238
0.312895168984848
0.9552330967258178
0.5262622705865143
0.052139441933246294
0.4018661102711728
0.5784316100315084
0.8089090957406065
0.26037620219714275
0.44578041174927086
0.72066469267156
0.21317538848875875
0.8031364091674713
0.7553782890520745
0.9054859119689849
0.4498620890601209
0.7153372507947241
0.14877391347253022
0.5783707648777128
0.5812738098013405
0.8348566800919976
0.7412626207505155
0.9552330967258178
0.3784031583390762
0.30205038225458536
0.617080125620695
0.8692970179923292
0.1331172930528603
0.5176557439785532
0.41930817871397374
0.17314587547548732
0.7637284628021417
0.8118353024175972
0.21317538848875875
0.6244877252845946
0.5948072517334274
0.06596036730771504
0.1669538113767849
0.8485201466496277
0.8876727900602328
0.9599470716308441
0.026626930266348332
0.6950718118266115
0.8692970179923292
0.5262592061833079
0.8089090957406065
0.22020519172789238
0.018267877865190685
0.26769584336741836
0.2840850687088972
0.39188628997221936
0.8485201466496277
0.4457804117533867
0.5812738100447759
0.9147831991461983
0.07854994357801748
0.1735911091929781
0.16901852055863079
0.08715781473468881
0.483998339496564
0.8988710757677711
0.10312857791477466
0.018267877865190685
0.6129957493627667
0.02662693101997171
0.30071444715875145
0.4135443990196448
0.8022805027401644
0.323059579042267
0.8031364091674713
0.7406351334367363
0.9769588721547657
0.5262592061833079
0.6734095290458333
0.2618985583878406
0.954369153152367
0.45093989190370254
0.7336250496770844
0.08918753059766182
0.9054858576231645
0.9482211430315247
0.6218618905559292
0.4919277653821187
0.19876238704073007
