0.3313692946942131
0.7336250496770844
0.5016235664605805
0.7237894179139353
0.1735911091929781
0.8822328472765493
0.5780715904219131
0.40202314138825856
0.8373685822901202
0.06595757903341981
0.19876238704073007
0.1669538113767849
0.08715781473468881
0.21351570974118056
0.581271150999543
0.7405443192635364
0.13838982588413115
0.4020753727864979
0.1331172930528603
0.323059579042267
0.8822328472765493
0.17314587547548732
0.22893477301907625
0.05808098558821785
0.7791619988332654
0.3007143574166198
0.7791619988332654
0.6604778981124659
0.5915968037231157
0.809088538445235
0.8941931121008951
0.05808098558821785
0.4065920981858554
0.16901852055863079
0.026631046557228557
0.07854994357801748
0.4220262113292221
0.48399821806041365
0.7207674135937634
0.35776440700620504
0.08673188532246613
0.6218618905559292
0.9599470716308441
0.8941931121008951
0.2525842806340499
0.9769588721547657
0.9700896602224034
0.6129957493627667
0.6168565723218166
0.617080125620695
0.76889295610688
0.5016235664605805
0.39188628997221936
0.6604778981124659
0.4065920981858554
0.1656766773295169
0.3944320842633044
0.2525842806340499
0.41930817871397374
0.10962674060570926
0.7207674135937634
0.08673188532246613
0.3002026400751312
0.9147831991461983
0.8034693312680854
0.45092769082908535
0.618137835654937
0.6735519489472472
0.7206180013432857
0.618137835654937
0.09732148147741558
0.4498620890601209
0.660006140264525
0.2713741459974376
0.30205038225458536
0.40202314138825856
0.14877391347253022
0.255902627282676
0.7791622736614516
0.6168565723218166
0.16347301938106526
0.5487664711334026
0.13838982588413115
0.31434766670443803
0.8945524197393898
0.6281015264181533
0.3002026400751312
0.312895168984848
0.7493880352602369
0.5780640171500322
0.5176559109340877
0.9700896602224034
0.4220262113292221
0.4135443990196448
0.8043177540376174
0.5326361026739235
0.6244877252845946
0.4468852714935474
0.7405443192635364
0.6776914659353293
0.7412626207505155
0.16347301938106526
0.09732148147741558
0.6776914659353293
0.47402691916251094
0.8043177540376174
0.06596175329201384
0.5176554100670062
0.5326361026739235
0.3784031583390762
0.76889295610688
0.300714492029753
0.3944320842633044
0.22893477301907625
0.1656766773295169
0.5123147024468357
0.8118353024175972
0.8988710757677711
0.21351570974118056
0.8945524197393898
0.24968130054360949
0.9482211430315247
0.47402691916251094
0.4018661102711728
0.9042986731774818
0.26326939350515766
0.2840850687088972
0.10317529585073121
0.255902627282676
0.052139441933246294
0.35776440700620504
0.48760272224351037
0.8373685822901202
0.6188864047016878
0.5948072517334274
0.5123147024468357
0.08918753059766182
0.7553782890520745
0.10962674060570926
0.4468852714935474
0.7153372507947241
0.24968130054360949
0.3313692946942131
0.8877327401341247
0.7237894179139353
0.6950718118266115
0.6281015264181533
0.31434766670443803
0.5780640171500322
0.45092769082908535
0.4919277653821187
0.26037620219714275
0.6735519489472472
0.6199150021650484
0.48760272224351037
0.5915968037231157
0.954369153152367
0.8348566800919976
0.8877327401341247
0.7493880352602369
0.7637284628021417
0.4457789731818089
0.4839985823744237
0.10317529585073121
0.8022805027401644
0.5487664711334026
0.22020519172789238
0.312895168984848
0.9552330967258178
0.5267832191315968
0.052139441933246294
0.4018661102711728
0.5785533003390997
0.8088193749016812
0.26037620219714275
0.4457811310350596
0.7206180013432857
0.21317538848875875
0.8029701918375893
0.7553782890520745
0.9078602808603506
0.4498620890601209
0.7153372507947241
0.14877391347253022
0.5785533003390997
0.581271150999543
0.8348566800919976
0.7412626207505155
0.9552330967258178
0.3784031583390762
0.30205038225458536
0.617080125620695
0.8692970179923292
0.1331172930528603
0.5176559109340877
0.41930817871397374
0.17314587547548732
0.7637284628021417
0.8118353024175972
0.21317538848875875
0.6244877252845946
0.5948072517334274
0.06596175329201384
0.1669538113767849
0.8485201466496277
0.8875528954008747
0.9599470716308441
0.02661869919183464
0.6950718118266115
0.8692970179923292
0.5252142446899366
0.8088193749016812
0.22020519172789238
0.018267877865190685
0.27212229322967907
0.2840850687088972
0.39188628997221936
0.8485201466496277
0.4457811310350596
0.5812791278918061
0.9147831991461983
0.07854994357801748
0.1735911091929781
0.16901852055863079
0.08715781473468881
0.48399821806041365
0.8988710757677711
0.10303514311214206
0.018267877865190685
0.6129957493627667
0.026631046557228557
0.300714492029753
0.4135443990196448
0.8022805027401644
0.323059579042267
0.8029701918375893
0.7408167285300521
0.9769588721547657
0.5267832191315968
0.6731247413923649
0.26326939350515766
0.954369153152367
0.4509642895853154
0.7336250496770844
0.08918753059766182
0.9042986731774818
0.9482211430315247
0.6218618905559292
0.4919277653821187
0.19876238704073007
