0.1693960276310599
0.7129732416588515
0.7004581434392291
0.6003077357378257
0.12075490598035399
0.5677488457054012
0.1218792035919003
0.5157842714376841
0.1593374834564359
0.5460150583077454
0.7799067111624136
0.6688999033508483
0.15478604362062237
0.1693960276310599
0.6234478979554968
0.3618684369675601
0.47748432024472
0.22635102233998997
0.7927741573450382
0.1853603888418473
0.6851763228565652
0.10906114979939349
0.18827362315395513
0.14925038176721983
0.6474028618454627
0.18597005208593267
0.23174642782052315
0.417715318879378
0.1676486372132056
0.11090118125707238
0.31850287410665795
0.6560494689380137
0.5391579256801514
0.548158857440125
0.3349552533474764
0.7662707255921424
0.09510786477851435
0.417715318879378
0.7889300943458364
0.1219368810460928
0.1537887327193358
0.05120325479255844
0.2574762746040332
0.9438135801745352
0.17434144388583622
0.2382586467318391
0.9051915156998942
0.8139518120637574
0.6666887260150902
0.6632411872134125
0.5435375335722232
0.6657902840300142
0.48200832522031384
0.3349552533474764
0.7539811302616537
0.17293468793469238
0.5992039685755173
0.32680366086622364
0.3176442616115821
0.8082607426131251
0.6976725327349367
0.7173393324469429
0.7458053949822847
0.8191116411876803
0.1080614829104282
0.6179723975404374
0.5224331547336265
0.6913896139837235
0.2382586467318391
0.1676486372132056
0.7043405477636775
0.6990396554280829
0.19351130756026413
0.3770690911769257
0.710826159004146
0.8167291902492286
0.6965738950320732
0.180065931564826
0.7353783449724784
0.8105584854871289
0.3749544477777425
0.22637011793400594
0.6688999033508483
0.6347913733659649
0.6288451344867423
0.2162065973095438
0.6767997423818526
0.7458053949822847
0.6666887260150902
0.4089244795285385
0.22437794736682556
0.6454976283872871
0.25752262826355177
0.08961052845921125
0.7799067111624136
0.6475894558181017
0.8678838531301758
0.15590378709621533
0.5109471838360329
0.08209254061281258
0.7296012693306531
0.8105584854871289
0.6976725327349367
0.589243377456055
0.6204410815027532
0.6560494689380137
0.1604779477282255
0.5541227013699764
0.48200832522031384
0.7244381877898571
0.24173683479819058
0.1857098116397711
0.644098180594512
0.10357929389338674
0.22391039860576722
0.2574762746040332
0.19086721155535097
0.7388298582835939
0.7296012693306531
0.1218792035919003
0.213157144216081
0.6946641833494857
0.6179723975404374
0.6474028618454627
0.7927741573450382
0.21727960099769367
0.38778240450011503
0.680494942060776
0.18539241540128443
0.5435375335722232
0.1900977361384218
0.18597005208593267
0.7511772678431712
0.6615620523157175
0.6151714608119541
0.7578500258636249
0.3222886858068954
0.7994714523741191
0.5809339529814845
0.6003077357378257
0.32971313525041335
0.655043576567399
0.1593374834564359
0.3623192167451852
0.5574015051759285
0.08209254061281258
0.6615620523157175
0.6528788012213456
0.655043576567399
0.18933838792595992
0.2830552825314425
0.19007942532667088
0.7166571871967353
0.11093146398146958
0.7994714523741191
0.11819551825909713
0.5611759473237719
0.7504097444522917
0.17853278480338278
0.6347913733659649
0.8233022334409665
0.5489627008737366
0.5489627008737366
0.6288451344867423
0.22416893982797478
0.19351130756026413
0.7275727342636555
0.1219368810460928
0.1976340303447064
0.7470666591477078
0.680494942060776
0.6946641833494857
0.6734076610055284
0.7323661241291207
0.5023917924932113
0.6767997423818526
0.6965738950320732
0.7008091888594883
0.11819551825909713
0.9740463882932568
0.47428441847849
0.1697959873067066
0.6151714608119541
0.1839788226608739
0.19007942532667088
0.9995233484240581
0.32680366086622364
0.6178312463637357
0.6528788012213456
0.1839788226608739
0.8678838531301758
0.181676987153838
0.6421552052390023
0.6992198261270103
0.6838607025152331
0.5023917924932113
0.5774405662074327
0.5014955830688448
0.6734076610055284
0.2162065973095438
0.7112949382351488
0.7275727342636555
0.4960071075218962
0.1101715149075376
0.9433760173635667
0.5541227013699764
0.6895700821802548
0.7150361631322578
0.213157144216081
0.18236915530142944
0.4688829515162251
0.6018259909449798
0.19857099297009875
0.7882465949486885
0.17185625330793156
0.6516701927858949
0.7472134744916693
0.20781368298329353
0.7150361631322578
0.5928747819565088
0.782806201030044
0.15889088750697078
0.5978530019814459
0.608601166498727
0.24173683479819058
0.38778240450011503
0.47428441847849
0.5964055775587651
0.6765079202215933
0.6923480813043394
0.6516701927858949
0.18236915530142944
0.7008091888594883
0.17185625330793156
0.18539241540128443
0.6838607025152331
0.8903975503114252
0.31850287410665795
0.7118229755453673
0.3217431188692987
0.1976340303447064
0.7656649504378846
0.3530354557860569
0.10969627186742582
0.5711528058918889
0.6632411872134125
0.20781368298329353
0.9590111858332079
0.3217431188692987
0.5831069232376535
