0.1693960276310599
0.7634625268613044
0.6484318604989971
0.6003077357378257
0.12075490598035399
0.5728054417568675
0.1218792035919003
0.6842495553841073
0.18777204038298984
0.6369483022566828
0.7382403030972434
0.6728498228663504
0.15478604362062237
0.1693960276310599
0.6234478979554968
0.3618684369675601
0.47748432024472
0.20731232274697253
0.6587216221587293
0.1853603888418473
0.6851763228565652
0.17780787133170686
0.2497069180198103
0.14925038176721983
0.7135203755682726
0.18597005208593267
0.23174642782052315
0.49273208229238963
0.19613057879735935
0.17631900802763148
0.2497069180198103
0.5720873075654691
0.5933736907491265
0.6089864831414517
0.3349552533474764
0.7288301697879329
0.11559692387412804
0.417715318879378
0.7889300943458364
0.21398707619216972
0.1537887327193358
0.05120325479255844
0.189706577825063
0.9438135801745352
0.18091096193296263
0.2382586467318391
0.9051915156998942
0.7634625268613044
0.764156343759688
0.6632411872134125
0.5435375335722232
0.6657902840300142
0.48200832522031384
0.3286219695771859
0.7539811302616537
0.18954298356353347
0.6748068565139045
0.32680366086622364
0.21398707619216972
0.7113900684402085
0.7126226334992961
0.7173393324469429
0.6396357539449987
0.797781696286745
0.1409408622802784
0.7352771310943957
0.591997603524672
0.7288301697879329
0.28398589099112626
0.2603420464996312
0.592542216003644
0.6990396554280829
0.17366426511852995
0.27780093799015426
0.6396357539449987
0.766693188722982
0.7382403030972434
0.2037390649171464
0.7353783449724784
0.8050149689306241
0.24814064637785693
0.22637011793400594
0.7151134445209092
0.6347913733659649
0.6288451344867423
0.20108832469773824
0.6983635708082717
0.7458053949822847
0.6296154710093671
0.5836386672664622
0.16875322397579412
0.6454976283872871
0.22757832930412908
0.08961052845921125
0.7232977185887519
0.5933736907491265
0.8033568557068849
0.15590378709621533
0.6076438657998552
0.13608598296974173
0.7296012693306531
0.8050149689306241
0.6756440690500226
0.589243377456055
0.7143509120579392
0.6596568359750643
0.1604779477282255
0.5837139582954458
0.48200832522031384
0.7244381877898571
0.17631900802763148
0.1949875577660268
0.644098180594512
0.14854530072682542
0.22172437830911584
0.3162153611908879
0.18571534062089864
0.8033568557068849
0.7119273066156362
0.1218792035919003
0.20231685498873742
0.6946641833494857
0.6179723975404374
0.6474028618454627
0.7927741573450382
0.17366426511852995
0.38778240450011503
0.680494942060776
0.22172437830911584
0.5730218092390492
0.14957944296890763
0.20108832469773824
0.7511772678431712
0.5836386672664622
0.6238229454995077
0.7578500258636249
0.3286219695771859
0.8050149689306241
0.5809339529814845
0.6303889221019217
0.28398589099112626
0.6998832919383284
0.2037390649171464
0.3623192167451852
0.5947134098296273
0.08209254061281258
0.5856929097381705
0.6596568359750643
0.6779263827134436
0.18933838792595992
0.2830552825314425
0.19007942532667088
0.6604701084660176
0.1949875577660268
0.7135203755682726
0.11819551825909713
0.5807461970767938
0.6791928026307237
0.25085566829796074
0.6698141088427783
0.7352771310943957
0.5315583936965677
0.5807461970767938
0.5947134098296273
0.19613057879735935
0.14854530072682542
0.6727725659020465
0.1219368810460928
0.18571534062089864
0.7470666591477078
0.6587216221587293
0.6946641833494857
0.6734076610055284
0.6791928026307237
0.5023917924932113
0.6728498228663504
0.7174456624811044
0.6983635708082717
0.1409408622802784
0.9740463882932568
0.47428441847849
0.1914765657613938
0.6151714608119541
0.19259308832027094
0.11559692387412804
0.9995233484240581
0.32680366086622364
0.6178312463637357
0.5728054417568675
0.18954298356353347
0.7104410864471088
0.18369339939680457
0.7113900684402085
0.6992198261270103
0.6838607025152331
0.5023917924932113
0.6296154710093671
0.5014955830688448
0.6734076610055284
0.18777204038298984
0.7112949382351488
0.7126226334992961
0.513782750609232
0.1101715149075376
0.9433760173635667
0.5837139582954458
0.7787269676552153
0.7054770579446565
0.222026844893464
0.18236915530142944
0.4688829515162251
0.6018259909449798
0.19857099297009875
0.7882465949486885
0.17185625330793156
0.6516701927858949
0.7224430036133029
0.20781368298329353
0.7054770579446565
0.5928747819565088
0.6842495553841073
0.23826757455927644
0.5978530019814459
0.6303889221019217
0.222026844893464
0.38778240450011503
0.47428441847849
0.6484318604989971
0.6765079202215933
0.6923480813043394
0.6003164468298157
0.18236915530142944
0.6779263827134436
0.17185625330793156
0.17780787133170686
0.7278815462056201
0.8903975503114252
0.31850287410665795
0.7118229755453673
0.3217431188692987
0.22757832930412908
0.7656649504378846
0.20628171613524904
0.10969627186742582
0.5720873075654691
0.6660705452821304
0.20781368298329353
0.9590111858332079
0.3217431188692987
0.5831069232376535
