0.19584932876791294
0.6633929969995483
0.7971788010117733
0.5441614405114016
0.04566048319279503
0.47972733773062376
0.14420539406198402
0.5617060940528165
0.13398823900773055
0.62812229821815
0.8311920262964649
0.572962682177427
0.12884313801256048
0.20638296380698756
0.6826236657133504
0.3618684369675601
0.4852611940700118
0.19584932876791294
0.7943015000577742
0.12240148034715329
0.7013998911881183
0.10906114979939349
0.21701865143025856
0.2119303809920078
0.6142974710980946
0.19086721155535097
0.19517931303622021
0.3612072120694819
0.18365595004045637
0.11090118125707238
0.31850287410665795
0.5967461013486165
0.5391579256801514
0.6187959028299607
0.3141198108867085
0.6919954682877987
0.15828313086833126
0.5168419831081291
0.8482920550345014
0.21701865143025856
0.1948012280484941
0.05120325479255844
0.4112053467499593
0.9438135801745352
0.1948012280484941
0.35717282412340257
0.9051915156998942
0.7472134744916693
0.5982418117252468
0.6582554161115708
0.526902549531429
0.9051915156998942
0.6413013903079532
0.3422401836643334
0.7928219083926684
0.12757497198209541
0.42240310518860325
0.12228901318693408
0.36870957014736366
0.8677050144311809
0.7111033402682255
0.7173393324469429
0.6566247813207134
0.8191116411876803
0.06739820276279421
0.550265213197181
0.4089788029724951
0.6919954682877987
0.2119303809920078
0.17033178756071982
0.7216847663908768
0.5521337547217708
0.1655754668800286
0.3929309702843695
0.47972733773062376
0.7077172588020566
0.7885741554788047
0.15828313086833126
0.782806201030044
0.7885741554788047
0.3749544477777425
0.3619381499640864
0.6907837596796482
0.3929309702843695
0.577782960012797
0.21053922736515795
0.5441614405114016
0.6182606756325791
0.5795971320101551
0.3619381499640864
0.238021601116144
0.6454976283872871
0.21053922736515795
0.08961052845921125
0.5938187315369837
0.635138519192913
0.8283327918556573
0.11259038338249233
0.5617060940528165
0.028488156952252763
0.8731339500757616
0.8311920262964649
0.735700891687157
0.6253656223796689
0.5840469406339847
0.7488164707950693
0.16604786666119714
0.572962682177427
0.45591080909299064
0.7159387958352827
0.3612072120694819
0.14725068345156742
0.5521337547217708
0.07958361580467807
0.29490411052607457
0.2305300373458927
0.19086721155535097
0.7440306433696122
0.6026634062781872
0.1101715149075376
0.21950824203719138
0.630747670492167
0.6872886115790124
0.7971788010117733
0.8268547746830468
0.27408125426716184
0.38778240450011503
0.8806901496358455
0.2085831256429732
0.6582554161115708
0.1575262287947749
0.14633127598925844
0.7622992757005018
0.635138519192913
0.5982418117252468
0.7578500258636249
0.3749544477777425
0.8147113270071056
0.5809542990850199
0.4591744708352019
0.3171860868364933
0.5884947687378311
0.09793049380497833
0.3623192167451852
0.4275316405199142
0.14420539406198402
0.526902549531429
0.6566247813207134
0.7865599874732204
0.26657895307580054
0.1842627624658849
0.12757497198209541
0.6142974710980946
0.11093146398146958
0.8806901496358455
0.26657895307580054
0.5553021924322312
0.7499767420025045
0.14633127598925844
0.7488164707950693
0.863798265851889
0.4591744708352019
0.7943015000577742
0.5391579256801514
0.2646819296154932
0.09793049380497833
0.6579756909467636
0.08521505351009187
0.2751373112457558
0.8283327918556573
0.5553021924322312
0.6633929969995483
0.6826236657133504
0.8304398328932954
0.641916192910361
0.6205413070922086
0.8329264985210174
0.6952015964769324
0.028488156952252763
0.9740463882932568
0.4926580278639894
0.17026107163136361
0.6836565019326268
0.1716328695051219
0.3183740552147356
0.9995233484240581
0.4741309224586431
0.6178312463637357
0.5809542990850199
0.12295418296181902
0.929502836912654
0.03344730082258929
0.6205413070922086
0.766587734633827
0.5287871000599551
0.40693058300497664
0.4852611940700118
0.40923673109573233
0.8362425483053539
0.1612587042897371
0.7499767420025045
0.8677050144311809
0.5902937806527058
0.1101715149075376
0.9433760173635667
0.6373869997107623
0.6952015964769324
0.8304398328932954
0.20325372307290526
0.09517619286230661
0.5287871000599551
0.6178312463637357
0.11259038338249233
0.8374190832592838
0.0019421064030735735
0.4453335501483695
0.7472134744916693
0.08603622439076981
0.5386713683950505
0.6253656223796689
0.782806201030044
0.36870957014736366
0.7865599874732204
0.6290273188124307
0.1120978227761193
0.38778240450011503
0.45591080909299064
0.3763885612796783
0.737789629336111
0.7957432703147942
0.8140919975584284
0.35598430854167684
0.7159387958352827
0.12884313801256048
0.10906114979939349
0.8329264985210174
0.9433760173635667
0.31850287410665795
0.8826575751684123
0.2609827059729969
0.1353972628381869
0.8711417472440336
0.3530354557860569
0.08521505351009187
0.5491888137871858
0.4741309224586431
0.3872932140010701
0.9590111858332079
0.3825035317656005
0.5831069232376535
