0.7169036950497991
0.7169036950497991
0.7169036950497991
0.7169036950497991
0.7169036950497991
0.20332469302118794
0.7169036950497991
0.20332469302118816
0.7169036950497991
0.20332469302119424
0.20332469302118755
0.20332469302118825
0.2033246930211881
0.2033246930211881
0.7169036950497991
0.7169036950497991
0.20332469302118827
0.20332469302118777
0.7169036950497991
0.7169036950497991
0.20332469302118933
0.20332469302118922
0.20332469302118966
0.7169036950497991
0.7169036950497991
0.2033246930211875
0.20332469302118944
0.7169036950497991
0.7169036950497991
0.20332469302118805
0.20332469302118725
0.7169036950497991
0.20332469302118755
0.7169036950497991
0.20332469302118789
0.2033246930211881
0.43952165459411163
0.7169036950497991
0.7169036950497991
0.20332469302118936
0.7169036950497991
0.2033246930211881
0.7169036950497991
0.20332469302118794
0.2033246930211877
0.20332469302118933
0.20332469302118805
0.7169036950497991
0.20332469302118816
0.2033246930211885
0.7169036950497991
0.7169036950497991
0.7169036950497991
0.7169036950497991
0.7169036950497991
0.2033246930211881
0.7169036950497991
0.7169036950497991
0.7169036950497991
0.20332469302118839
0.7169036950497991
0.7169036950497991
0.20332469302118825
0.9617660461745532
0.2033246930211881
0.20332469302118927
0.7169036950497991
0.7169036950497991
0.2033246930211879
0.20332469302118816
0.20332469302118744
0.20332469302118805
0.7169036950497991
0.7169036950497991
0.2033246930211882
0.7169036950497991
0.7169036950497991
0.20332469302118786
0.20332469302118789
0.2033246930211889
0.7169036950497991
0.7169036950497991
0.20332469302119088
0.20332469302118775
0.20332469302119083
0.20332469302118789
0.20332469302118608
0.7169036950497991
0.4479952828904289
0.2033246930211889
0.7169036950497991
0.7169036950497991
0.20332469302118933
0.7169036950497991
0.20332469302118927
0.2033246930211882
0.7169036950497991
0.2033246930211892
0.20332469302118963
0.7169036950497991
0.7169036950497991
0.2033246930211881
0.7169036950497991
0.7169036950497991
0.7169036950497991
0.7169036950497991
0.2033246930211884
0.20332469302118816
0.20332469302118736
0.7169036950497991
0.20332469302118605
0.20332469302118794
0.20332469302119
0.7169036950497991
0.2033246930211875
0.7169036950497991
0.7169036950497991
0.7169036950497991
0.7169036950497991
0.7169036950497991
0.7169036950497991
0.7169036950497991
0.7169036950497991
0.20332469302118855
0.7169036950497991
0.7169036950497991
0.7169036950497991
0.7169036950497991
0.20332469302118833
0.20332469302118686
0.20332469302118994
0.7169036950497991
0.20332469302118944
0.7169036950497991
0.7169036950497991
0.7169036950497991
0.20332469302119013
0.20332469302118789
0.7169036950497991
0.7169036950497991
0.7169036950497991
0.7169036950497991
0.20332469302118855
0.20332469302118933
0.7169036950497991
0.20332469302118703
0.20332469302118839
0.7169036950497991
0.20332469302118744
0.20332469302119022
0.7169036950497991
0.20332469302118736
0.7169036950497991
0.7169036950497991
0.716903695049799
0.20332469302118708
0.20332469302118883
0.7169036950497991
0.7169036950497991
0.7169036950497991
0.20332469302118608
0.7169036950497991
0.7169036950497991
0.7169036950497991
0.7169036950497991
0.7169036950497991
0.9617660461745532
0.7169036950497991
0.7169036950497991
0.20332469302119013
0.7169036950497991
0.7169036950497991
0.7169036950497991
0.7169036950497991
0.20332469302118933
0.4479952828904289
0.7169036950497991
0.20332469302118802
0.7169036950497991
0.2033246930211885
0.7169036950497991
0.2033246930211889
0.7169036950497991
0.7169036950497991
0.20332469302118963
0.7169036950497991
0.20332469302118944
0.7169036950497991
0.7169036950497991
0.7169036950497991
0.20332469302118483
0.7169036950497991
0.20332469302118927
0.20332469302118888
0.7169036950497991
0.7169036950497991
0.7169036950497991
0.7169036950497991
0.7169036950497991
0.7169036950497991
0.7169036950497991
0.20332469302118839
0.20332469302118922
0.7169036950497991
0.7169036950497991
0.7169036950497991
0.7169036950497991
0.20332469302118786
0.7169036950497991
0.20332469302118952
0.20332469302118708
0.7169036950497991
0.7169036950497991
0.2033246930211885
0.7169036950497991
0.20332469302118802
0.7169036950497991
0.7169036950497991
0.2033246930211871
0.7169036950497991
0.7169036950497991
0.7169036950497991
0.7169036950497991
0.7169036950497991
0.7169036950497991
0.20332469302118455
0.20332469302118744
0.20332469302118794
0.20332469302118777
0.7169036950497991
0.7169036950497991
0.7169036950497991
0.7169036950497991
0.7169036950497991
0.7169036950497991
0.7169036950497991
0.7169036950497991
0.20332469302118875
0.7169036950497991
0.7169036950497991
0.7169036950497991
0.7169036950497991
0.7169036950497991
0.7169036950497991
0.7169036950497991
0.20332469302118789
0.20332469302118725
0.7169036950497991
0.7169036950497991
0.20332469302118922
