0.6308487473499008
0.8742394456964263
0.6029295363116209
0.9018705635271633
0.7973991351892079
0.0421707124660895
0.5918149883238172
0.4784022672769488
0.6001505036390806
0.36156333260697665
0.2621122586238078
0.32028996550815114
0.055995880888535465
0.20738809896272148
0.6029295363116209
0.7724474149166629
0.10044141805303233
0.22836648178740826
0.6485829822467437
0.5471324428489408
0.4030569537964309
0.3634625298255254
0.10465741217424984
0.8890608873400188
0.8449640988299904
0.10515952815671936
0.07414348778754276
0.6226225725675365
0.8265339405985126
0.019511028838546274
0.056027902021110854
0.8534412779906995
0.19152143995741722
0.8101390275852163
0.24467017358143228
0.2587500464151553
0.5459354101226578
0.44958697335492703
0.8708472979215854
0.012573533661375147
0.9170087664367751
0.22279683624890592
0.7724474149166629
0.4303414489722386
0.13816447652176334
0.17907503782855005
0.31754337692495704
0.6862641060710941
0.04608719694252161
0.4691634003336158
0.5705484821802888
0.48016749511181855
0.740147411434612
0.7295172210266966
0.7448958013923795
0.153898216900195
0.7230769532032271
0.5947389415417499
0.7215981118444963
0.16617467759706117
0.5760878745548624
0.6889775743226437
0.23683291017561914
0.9547004921123636
0.10465741217424984
0.031207817533222548
0.8332093770398359
0.8960518027929081
0.13484258077492228
0.3816559268592824
0.3386633133663172
0.23538487838520594
0.6786682851506148
0.6308487473499008
0.06286042128080871
0.7340414981082983
0.9082245449579596
0.08125200545974465
0.44345446730413207
0.22938335869676552
0.8008406738988496
0.8534412779906995
0.2359104802931905
0.058872316733626806
0.047801142453434586
0.4580050130264477
0.07358851130499466
0.8136580615452388
0.33627881626296685
0.10044141805303233
0.8884386158452231
0.8320493140379555
0.24630408493424394
0.8968320453195942
0.43025480155115614
0.23538487838520594
0.7591762955848889
0.3923852834097048
0.2164127927934134
0.8742394456964263
0.8485649927382092
0.08638272069404485
0.7525985236475647
0.66756936260777
0.7135358753334118
0.6083031716208562
0.15478279619062546
0.31276131399355517
0.5010024784120304
0.8855611854866741
0.07542708049329205
0.012717579121563016
0.2071071728706656
0.8264788710806689
0.07581305290356999
0.7490243393899066
0.6318964650128553
0.9716515312548906
0.8030979250183852
0.8126399067828641
0.537093174704198
0.8629546763954173
0.5694122425211607
0.028022887159268595
0.9557564041490195
0.5798567221367297
0.660311600615966
0.8949042711137105
0.06958723776451736
0.21696052909186514
0.2616652746537631
0.5513347511240236
0.18345344335864272
0.5145973094390396
0.694886437448294
0.875724335136676
0.07251964480168382
0.04765062306146661
0.6028126895454993
0.9483515925043957
0.7757354647129222
0.5239309016515087
0.33037604704114426
0.117842418251213
0.5257170680387764
0.19102097447347666
0.36156333260697665
0.6983582053518208
0.36996322387973823
0.04317277215131465
0.8630531950359107
0.31276131399355517
0.4918197847747085
0.4918197847747085
0.4731249379116509
0.33037604704114426
0.18340512356898292
0.8597763263441801
0.7135358753334118
0.5935139819107988
0.09360605267663524
0.7757354647129222
0.8008406738988496
0.888429031534742
0.7321252528359679
0.6977072128865797
0.9643863767149494
0.6075714469929978
0.6853039784423802
0.18340512356898292
0.9547004921123636
0.6702492433660726
0.5725129884691349
0.8611323243609041
0.08165303925124112
0.44901971048935396
0.754218649366349
0.13547079074480073
0.7737593988649377
0.1394642187951609
0.43986441350256167
0.3386633133663172
0.6104334996134065
0.7077979121059217
0.11522124845191639
0.761938330025828
0.18345344335864272
0.39201415009556184
0.858817177926657
0.8968320453195942
0.16816310989915473
0.5459354101226578
0.2365508770540765
0.12062081505379063
0.7230769532032271
0.8270252578213115
0.6790130313689494
0.8960518027929081
0.5071186248976549
0.7527625949789875
0.5783989712974723
0.3816559268592824
0.06450626377217017
0.6977072128865797
0.745750855044492
0.5071186248976549
0.5257170680387764
0.02178391472892749
0.7591762955848889
0.22279683624890592
0.1310733349039812
0.5798567221367297
0.8611323243609041
0.32502009639574725
0.6349199960325516
0.3080078893563656
0.7295172210266966
0.42987470470584954
0.22130041454025606
0.5205591334053523
0.7623829585777214
0.6438297846347364
0.66756936260777
0.7525985236475647
0.6401539035660112
0.13414592216168392
0.31755247301781664
0.2913233438498982
0.23848649962714624
0.8332093770398359
0.7448958013923795
0.9732768237585362
0.5918149883238172
0.7215981118444963
0.9470380910147841
0.6742532969418829
0.6853039784423802
0.22561402580240675
0.6629998675603908
0.4543197052238278
0.6721388576551492
0.9483515925043957
0.8610892741048956
0.9052254747939652
0.7698124615056801
0.0500667285075741
0.18021767884490458
0.6167736869756093
0.8023274534118208
0.13414592216168392
