0.7491139802268236
0.8967952383519004
0.744286876641873
0.7061834912805254
0.7142763949649824
0.1592970574968956
0.7349494905040526
0.24295099494459887
0.7064728651124099
0.22912798794793549
0.17542589823691906
0.2043650110205163
0.19209160870270775
0.1628092759841251
0.7503709137073882
0.7042089792356726
0.15565580943764
0.18295129570649768
0.5730185021988798
0.6852954210781463
0.2763023899366566
0.178533493597686
0.1363526320854073
0.6713370266100873
0.6982665547973648
0.15558320904479228
0.1933229579565511
0.7317064737262966
0.6591832974139102
0.19631123401731004
0.1748829456211562
0.7173246835897791
0.145689511889593
0.7220627751387838
0.19558172644216706
0.1628092759841251
0.43952165459411163
0.6849487503116625
0.7435543142111788
0.1922753595539432
0.6903946634594422
0.2539415368582363
0.6982665547973648
0.4240530558926635
0.18996642069786113
0.21507024748548975
0.25288385057108537
0.7136488764610984
0.15560434969129183
0.20038228852833637
0.7023634023315282
0.5732989460289384
0.724600383316588
0.7351447718177658
0.7476712773095089
0.17918859697170836
0.718781152249949
0.7388845843863919
0.6880892221620565
0.16209112914545581
0.535664790118906
0.7102140464099007
0.20329330322306866
0.9547004921123636
0.20809661705047994
0.16209112914545581
0.7234172995376146
0.7173846194771009
0.1642494645444713
0.2763023899366566
0.34492496629869707
0.18872538686329599
0.7217993267917073
0.7407382147553244
0.16738112667331487
0.7321573916534743
0.8287922695226108
0.13228779099005883
0.38423728184993966
0.1933229579565511
0.73929984895523
0.73929984895523
0.1414955639974606
0.17830577016469817
0.18092678234530088
0.1922753595539432
0.19855416596785333
0.7359094221200677
0.4638392308443785
0.16422732511419497
0.7503025271258498
0.6992523336477028
0.18350526776973933
0.7498316437713902
0.2213672285697326
0.22509040390562374
0.7058726962024724
0.378327076384241
0.20809661705047994
0.743834657929564
0.7539258341242253
0.19209160870270775
0.7020135158713773
0.7179222413756945
0.7002041744538458
0.5601290271868797
0.20801802793594412
0.2539415368582363
0.27670450619293563
0.7407382147553244
0.17404969883439042
0.11324098725964662
0.1748829456211562
0.7636816528645543
0.16343564674678793
0.7394814257354081
0.6970778971321565
0.7219724876675899
0.6957345537049463
0.7404379374919812
0.6927295474246086
0.8043542075706936
0.6494440366912504
0.028022887159268595
0.7124368861687171
0.6918553407836099
0.7060863042734201
0.747905044948784
0.13248574093441734
0.16985220613904156
0.23085593551256908
0.6913018814940894
0.14522898471518947
0.7586687588836614
0.6960908444726515
0.8114187772158841
0.1672972463370508
0.1631197612734069
0.6476200722010261
0.7149581761959276
0.7511391749636671
0.7394814257354081
0.17577467360160984
0.14845872803988153
0.625781700039771
0.2260369501205834
0.378327076384241
0.7283522399969017
0.1414955639974606
0.1939251378273507
0.7410332649363367
0.22912798794793549
0.7124368861687171
0.6733031635050046
0.6401644104476085
0.18050609581805688
0.16417487602261488
0.7219107676588317
0.743834657929564
0.7173246835897791
0.16188123915643773
0.6960908444726515
0.7283788874850312
0.7414228243449819
0.7414228243449819
0.6980815152288748
0.9688316002367428
0.5562601439021012
0.7059869118808816
0.16417487602261488
0.8289491324719216
0.706771138650262
0.8287922695226108
0.8289491324719216
0.1783042472825124
0.4321513349364793
0.7283522399969017
0.14653012080738814
0.7491139802268236
0.2043650110205163
0.6980815152288748
0.282410061325553
0.7669666040599347
0.7265260724311899
0.25288385057108537
0.6733031635050046
0.16650470553304508
0.6990496970886358
0.776053201460291
0.7047832346898333
0.282410061325553
0.7716195068867711
0.15424527190068368
0.15565580943764
0.7455310919703361
0.7283788874850312
0.7142763949649824
0.7848327372982754
0.7213546666288044
0.7539258341242253
0.6918553407836099
0.24295099494459887
0.13922502397554473
0.7432391728569372
0.7366387685432308
0.7213546666288044
0.6713370266100873
0.1979137252624819
0.7060863042734201
0.1642494645444713
0.17577467360160984
0.6990496970886358
0.7051770044227874
0.38423728184993966
0.677000265510965
0.20329330322306866
0.7028109971986504
0.6903946634594422
0.18303668049068267
0.6498255252666323
0.6263637192047197
0.8056811047494931
0.6808431937985093
0.6817171732442522
0.6401644104476085
0.18050609581805688
0.34492496629869707
0.23305085881515764
0.2228703996022174
0.6970778971321565
0.718781152249949
0.8056811047494931
0.7487865141110858
0.7069956041240528
0.7586687588836614
0.820274392242606
0.7059869118808816
0.2685777867355345
0.7435543142111788
0.6927295474246086
0.6263637192047197
0.6814540471587576
0.7149581761959276
0.7253247137805079
0.7797042144828383
0.22050135288136963
0.37196420845697786
0.7020135158713773
0.7048583054511486
0.18303668049068267
