0.7058417854513396
0.777420200024855
0.7074997086373993
0.7061834912805254
0.7354293757571362
0.1592970574968956
0.8296948512121476
0.3263853820314596
0.5677042295317098
0.1662824728801499
0.16495307423321684
0.21966859977184314
0.14619488793947122
0.1583213056311994
0.7949271053640711
0.7327165684561256
0.1443232544385769
0.16148669942879879
0.5793986607093458
0.7207653168896603
0.3478001553909752
0.13922502397554473
0.1363526320854073
0.6963616352948733
0.8147160624281792
0.15676816646210895
0.1192819699792417
0.7139903097972539
0.684925056391128
0.17721502150845947
0.15738790668676234
0.7354293757571362
0.145689511889593
0.7632823564790583
0.19558172644216706
0.1672972463370508
0.43952165459411163
0.5972614100979818
0.7855151228637716
0.18416843057955
0.8693794040499685
0.16374860162217225
0.6964284555736238
0.4240530558926635
0.18996642069786113
0.1793304473125013
0.343886461985733
0.7136488764610984
0.15560434969129183
0.33737833120720967
0.7023634023315282
0.5732989460289384
0.7831694522162184
0.7435702179766592
0.5732989460289384
0.2316158437644341
0.667442133812065
0.6690567462815963
0.6716971316810105
0.20441589198419657
0.535664790118906
0.7102140464099007
0.20329330322306866
0.9547004921123636
0.20441589198419657
0.15363469055299925
0.8213819636031983
0.9227534931260774
0.17308539771212794
0.3560159869502133
0.19558172644216706
0.21401512697980402
0.6748329834852674
0.684925056391128
0.09708887422610407
0.8281556197867276
0.8995155195488753
0.13228779099005883
0.38423728184993966
0.2316158437644341
0.7844184109307984
0.7639084826895042
0.134397615601469
0.10846163792360847
0.1913862106204748
0.21777788462320535
0.21777788462320535
0.6758748995631112
0.4638392308443785
0.16422732511419497
0.7853881454042089
0.621644110823578
0.1811384308237043
0.7855151228637716
0.27898585551729294
0.23767337912052566
0.7524346003795344
0.4240530558926635
0.2315863290031262
0.7831694522162184
0.8037490216783469
0.1411118070322935
0.6498278569064442
0.7111254889371974
0.7141481646790089
0.7219367622246213
0.23882103436342877
0.29103949271121726
0.23713521311870225
0.8995155195488753
0.17404969883439042
0.11324098725964662
0.16148669942879879
0.7126472433009292
0.16343564674678793
0.6674197228048079
0.6540786942927799
0.7219724876675899
0.6540786942927799
0.7668855651867084
0.7174575758509216
0.7376001897234736
0.5877625844453034
0.028022887159268595
0.81886534394998
0.6742770224342016
0.6751066238617138
0.7761330036265864
0.145689511889593
0.16985220613904156
0.21431669786992188
0.6618384460985185
0.14522898471518947
0.7048583054511486
0.6922971136256627
0.8114187772158841
0.1672972463370508
0.10846163792360847
0.6966223744963147
0.6961082287348593
0.7126472433009292
0.7327165684561256
0.18415930214002524
0.14845872803988153
0.5666383436884138
0.316273799267169
0.4321513349364793
0.6626986495278406
0.16343564674678793
0.21431669786992188
0.7963247159700069
0.23644580030809184
0.6895762466627351
0.6246695647853878
0.5728291122578176
0.17046735407012695
0.14220807092121746
0.7421463020273181
0.6908474162002363
0.81886534394998
0.16374860162217225
0.7581164814505648
0.8068678081189137
0.8711082254179137
0.6334415384366925
0.6612163243391759
0.9688316002367428
0.5562601439021012
0.7023634023315282
0.15738790668676234
0.9227534931260774
0.703655938119042
0.7016752332903453
0.8147160624281792
0.24404870233298082
0.4321513349364793
0.740099959274543
0.13567233492801398
0.6755546666244676
0.33025221576093833
0.6854706061100634
0.18108904351606012
0.6966223744963147
0.7333577361702861
0.14522898471518947
0.7219367622246213
0.16650470553304508
0.6716971316810105
0.83316840755434
0.7383026030661234
0.18108904351606012
0.7716195068867711
0.1662824728801499
0.16698836443670312
0.7409452662291229
0.7384043729317726
0.755219551373377
0.7632823564790583
0.7016752332903453
0.7277952763125357
0.7256264508106773
0.28390124021636687
0.13922502397554473
0.652960525271624
0.7507275997845412
0.5986177699057376
0.6334415384366925
0.15560434969129183
0.6751066238617138
0.1363526320854073
0.16739004506319444
0.6742770224342016
0.7277952763125357
0.38423728184993966
0.7207653168896603
0.20329330322306866
0.7247189938141917
0.4726402002469797
0.25414850409641365
0.5562601439021012
0.7141481646790089
0.7200149925491739
0.6177253424812306
0.7139903097972539
0.7074997086373993
0.1800854092908129
0.39301953123065464
0.27898585551729294
0.18996642069786113
0.7029670632175966
0.770120170687833
0.8848361370677962
0.7487865141110858
0.7409452662291229
0.9470380910147841
0.6690567462815963
0.7184073148631811
0.19977724226385932
0.7111254889371974
0.5666383436884138
0.535664790118906
0.7524346003795344
0.7266709810848687
0.7507275997845412
0.7759476118051296
0.16495307423321684
0.37196420845697786
0.7174575758509216
0.7048583054511486
0.1543982516274756
