0.7197285552517609
0.7160941508945122
0.7153141838391671
0.7166498672902553
0.7165532433905156
0.19566131969472636
0.7171468687209449
0.19886203949945502
0.7177682990861667
0.20187456027983233
0.19956346193323923
0.20092367954819335
0.19553133657104327
0.20664182432388192
0.7199550249276528
0.7155993568479586
0.19795166086892768
0.20310551657256828
0.7173207755051354
0.7149760702475303
0.205848379393404
0.19839778946839853
0.19887664826601875
0.7206661983873578
0.7170930854115326
0.20449940014691737
0.20741980179509545
0.7165656765107056
0.7203006696740784
0.20214747089956062
0.19487192086824132
0.7144207027990441
0.1842445924393531
0.7171227385800428
0.20214747089956062
0.19820297927731367
0.43952165459411163
0.7152527475133608
0.7169981022341473
0.20386474579295352
0.7176386396427216
0.205848379393404
0.7171129639085094
0.22330264085835716
0.20579284472583825
0.20566905957026588
0.19826617126710705
0.7174359725519178
0.20104503391349723
0.19826617126710705
0.7182130526844435
0.7164098711249527
0.7172675398788222
0.7170797371522506
0.7184980701705844
0.20465592457193163
0.7165973747798544
0.7175474402964255
0.7168043911640164
0.19666300114601454
0.7188920231166771
0.7174838867422475
0.1971656136275184
0.9547004921123636
0.19666300114601454
0.20127155564556595
0.7176128803459778
0.716806038605746
0.19816450162011956
0.20589290307507857
0.20324165008860645
0.20193413628563683
0.7162606540783207
0.7174986535936495
0.20166204001138294
0.716351162442254
0.7173207755051354
0.20074689946318747
0.21558089586274415
0.20664182432388192
0.7171585381339107
0.7184283386219358
0.20848540175188857
0.20848540175188857
0.20092367954819335
0.2022214485203767
0.2015619999979706
0.714456572888321
0.4479952828904289
0.2727507802891327
0.7170797371522506
0.7164449129722774
0.190204583683368
0.7152527475133608
0.20166204001138294
0.19958483954017653
0.7175433440540788
0.20158719784332657
0.20386474579295352
0.7190683637970593
0.7175519604022963
0.2059938491708357
0.7182130924475418
0.7156064683193386
0.7156086232638716
0.7149630249455072
0.2051201653114762
0.20582361435286495
0.19579996083925927
0.7164502441941221
0.2059938491708357
0.19887664826601875
0.20716769215902672
0.7177047767207958
0.2064328728298473
0.7162593901981597
0.7170620496319278
0.7127270914470207
0.7152876338347025
0.7184119220979857
0.7158986511821297
0.7201093331518436
0.7176128803459778
0.2021633271979317
0.7175453587621237
0.7167176172193293
0.7177129453435673
0.7153141838391671
0.18999063009473277
0.1984713118222229
0.19769604858759626
0.7203006696740784
0.20083848112938146
0.7170620496319278
0.7182994688431468
0.7167176172193293
0.19991336532466766
0.20301593770037316
0.7183335377631214
0.7162593901981597
0.7168920973215391
0.7172052951663375
0.2034750686624603
0.2015619999979706
0.7171227385800428
0.2022214485203767
0.20413780308090643
0.7176243707820616
0.2117680675273467
0.2118874960872147
0.7164449129722774
0.20566905957026588
0.71829330333981
0.7156088165113645
0.7173916581009243
0.20229639821912077
0.19566131969472636
0.7178086328205602
0.7174838867422475
0.717644248196609
0.20465592457193163
0.7127665958214837
0.7182089777190817
0.7233990185308687
0.7199550249276528
0.7173916581009243
0.9688316002367428
0.7079351306376052
0.7152356674161777
0.19953925805311462
0.7158125576394045
0.7172052951663375
0.7171706203211192
0.7189316309516186
0.2013028801118108
0.4479952828904289
0.7169981022341473
0.19487192086824132
0.7185259903018978
0.20267660950549593
0.7182130526844435
0.20329699891418443
0.714456572888321
0.716351162442254
0.20331817180657275
0.7166543070942029
0.19626877986988533
0.7162138865839306
0.7152526393276226
0.710977883768775
0.20329699891418443
0.7172544889121992
0.19588836556871553
0.19795166086892768
0.7167870102927617
0.7175549925578076
0.7175638631211443
0.7147673933767081
0.7182781060349196
0.7162213676319025
0.7171706203211192
0.21558089586274415
0.19833714554976828
0.7165532433905156
0.7174986535936495
0.7182781060349196
0.7168043911640164
0.20127155564556595
0.7179696210627523
0.19380902160272023
0.20074689946318747
0.7177047767207958
0.7171129639085094
0.2727507802891327
0.7163479405095237
0.2051201653114762
0.7156064683193386
0.7168534779178286
0.20277846555347695
0.7176386396427216
0.7182130924475418
0.712107107170896
0.7171819166741868
0.7187625435984191
0.7164807719249158
0.20407974853472238
0.2064328728298473
0.20589290307507857
0.2013028801118108
0.7171819166741868
0.7175453587621237
0.718515109945947
0.7137201208405197
0.7175638631211443
0.7160941508945122
0.7174874644889869
0.7165751192879484
0.20534268975565925
0.7144259263459156
0.7166719299475186
0.7183335377631214
0.7152356674161777
0.7164098711249527
0.7152876338347025
0.7162138865839306
0.20187456027983233
0.19839778946839853
0.717913538258085
0.7146460247040135
0.19991336532466766
