0.6826886221388837
0.777420200024855
0.6816781007681757
0.7061834912805254
0.7102932374184321
0.1592970574968956
0.747113219295092
0.3597745515148844
0.5677042295317098
0.1695759352593385
0.17046735407012695
0.33737833120720967
0.13932202623045303
0.1860640831258737
0.7102393867087167
0.7187813112626945
0.1592970574968956
0.15364032915220943
0.5793986607093458
0.5736414732440107
0.3517138487962174
0.20400586822378855
0.08167245391107814
0.667464544819322
0.747113219295092
0.15676816646210895
0.1192819699792417
0.675215237191349
0.6816781007681757
0.24115955366213487
0.16858092543405342
0.8025217561257943
0.21363030623392923
0.8349576769646982
0.1621161206870509
0.19528849721070546
0.47789048047361504
0.6371541349156127
0.8418497511143377
0.13012531603675098
0.9170087664367751
0.2133559138196156
0.6964952758523743
0.4011528287146082
0.13681763363328203
0.14845872803988153
0.343886461985733
0.6717155276491744
0.1426144292862227
0.33737833120720967
0.6236709515087763
0.42038258606246937
0.7450408357220131
0.8341799106816946
0.6321240613963026
0.20748753610912682
0.6674197228048079
0.5092982163171801
0.7247189938141917
0.22995326579540804
0.535664790118906
0.7733845231564281
0.19528849721070546
0.9547004921123636
0.08167245391107814
0.1240779782609326
0.7733845231564281
0.9227534931260774
0.17308539771212794
0.3560159869502133
0.25184678608973987
0.23821154512234907
0.7252811367776816
0.6293770930209849
0.09708887422610407
0.7393024731366801
0.9082245449579596
0.10866494458030954
0.38423728184993966
0.2102021665851211
0.7154438357972768
0.7169208947741943
0.16013028662262851
0.10866494458030954
0.047801142453434586
0.316273799267169
0.1192819699792417
0.6758748995631112
0.4638392308443785
0.16422732511419497
0.7848956068061494
0.7242818016039869
0.2133559138196156
0.8418497511143377
0.3615210209118872
0.23713521311870225
0.7270474399939559
0.4085844571912154
0.23821154512234907
0.8442576374313212
0.8638150589828855
0.15006045877096497
0.5936755474028379
0.6781780454932286
0.7104455361824413
0.7168936223511806
0.30265945576130504
0.29103949271121726
0.23713521311870225
0.8908064941397911
0.15006045877096497
0.1240779782609326
0.15364032915220943
0.6823034055011099
0.10240399625836066
0.6674197228048079
0.5825309377748824
0.7219724876675899
0.7775436776969527
0.8796148240194255
0.7009610611610412
0.7829032658212847
0.5877625844453034
0.028022887159268595
0.9557564041490195
0.667464544819322
0.6293770930209849
0.8711082254179137
0.06958723776451736
0.1860640831258737
0.2704924460057495
0.6254191254518635
0.21262443443698897
0.6821924756521449
0.6366427043728832
0.875724335136676
0.11492589290225841
0.08252566024574792
0.7545580953900325
0.7461399710869375
0.7757354647129222
0.7402527494525246
0.18415930214002524
0.14845872803988153
0.6495223994925702
0.316273799267169
0.47057803784898694
0.6758748995631112
0.21363030623392923
0.16030428890601142
0.8630531950359107
0.31276131399355517
0.6214949265581705
0.6407740543100968
0.5728291122578176
0.17046735407012695
0.13012531603675098
0.7708636015698941
0.7115553733286017
0.7829032658212847
0.16917589761314514
0.557368685280351
0.8556850388331544
0.8711082254179137
0.8641216391122903
0.6823034055011099
0.9688316002367428
0.6085650752606788
0.7489198311507648
0.09708887422610407
0.9227534931260774
0.7338464938178224
0.7115553733286017
0.8165268508799356
0.13932202623045303
0.3937246320239716
0.8512851209353723
0.13567233492801398
0.7003405539996437
0.16013028662262851
0.5728291122578176
0.22995326579540804
0.6457589884999678
0.7154438357972768
0.10441365056427582
0.7226413626081978
0.18345344335864272
0.548155575877878
0.8638150589828855
0.8796148240194255
0.17818397855399054
0.7219724876675899
0.17322621356903797
0.12062081505379063
0.7384609319575822
0.783547716596217
0.5132579485345705
0.8748020002338812
0.6214949265581705
0.7226413626081978
0.6821133771826751
0.343886461985733
0.09836463866027656
0.7309707240895211
0.6896552913741811
0.5986177699057376
0.5335253407030988
0.15591063739980815
0.7591762955848889
0.16030428890601142
0.16431273605626195
0.6982577667451734
0.7366015613643478
0.38423728184993966
0.6928925799367729
0.15419249308626504
0.7247189938141917
0.4726402002469797
0.25414850409641365
0.6085650752606788
0.7338464938178224
0.7061834912805254
0.6835677451213199
0.7283618304422013
0.6766968142086751
0.15616495035783723
0.39301953123065464
0.3615210209118872
0.2907482605558971
0.729596236904103
0.770120170687833
0.8848361370677962
0.7461399710869375
0.7610043242768996
0.9470380910147841
0.729596236904103
0.6822565343363296
0.25414850409641365
0.6662885234645057
0.47057803784898694
0.535664790118906
0.7489198311507648
0.7610043242768996
0.6928925799367729
0.7759476118051296
0.1526911269579742
0.37196420845697786
0.7187813112626945
0.6821924756521449
0.1543982516274756
