0.48955166639040376
0.49918092007369763
0.4762334722339923
0.4858721729395053
0.4709467084520795
0.48363922182281366
0.4668908708988352
0.47540691571983135
0.49075948687847215
0.48538833167963097
0.48313572797887994
0.48845001948436556
0.4920969744903361
0.4809294887785312
0.46704346405897096
0.5000860537082239
0.47230049472738217
0.4788027240702509
0.47821395323640975
0.477247671770212
0.4713862226019799
0.4829034995683051
0.4652875783357939
0.4808786790947863
0.4791192233837019
0.4839490099037917
0.4889583129192054
0.47230049472738217
0.48066615998736406
0.4756676022665797
0.4757632502930491
0.47464598867634034
0.49918092007369763
0.4310715035020376
0.47066367344665494
0.47883770193214287
0.4756676022665797
0.4664469315178859
0.4846033060861927
0.4758931646024531
0.4809032354859503
0.4883189343434154
0.4781851863350828
0.48088996793170186
0.4809989706074019
0.47331491666043735
0.4791192233837019
0.48898090594343424
0.4837840666239386
0.5158101478794821
0.45907583494441734
0.48667752311499773
0.48856774543490106
0.47230049472738217
0.49136142894574836
0.48164766820465577
0.4872754456929193
0.482872398510852
0.47066367344665494
0.47127917085472437
0.4396566512965141
0.4813373599690347
0.4836941618031301
0.47584379485416123
0.47969650300382366
0.4856787809319781
0.4945757360665042
0.4846033060861927
0.4693723332689666
0.4803039603769181
0.495252000031083
0.45930355410948587
0.47205633248974094
0.47851424794068675
0.4817781257757647
0.47928600351281747
0.5047145809593533
0.4359265354741174
0.49136142894574836
0.4944462741313238
0.4820561384145554
0.49251533987256274
0.4857809045443997
0.4889583129192054
0.4500055529094405
0.4679145017753193
0.8276506794093323
0.4709467084520795
0.482872398510852
0.49873594918504977
0.45302196166996805
0.4803473456298097
0.48242888154094143
0.4535736739865694
0.4637138029217969
0.5000860537082239
0.4798097638831303
0.4734711414928421
0.504969020789215
0.47819472173025596
0.47540691571983135
0.4882001218886995
0.4206158542359648
0.48363922182281366
0.4797787258710225
0.40352456596921016
0.49266186241261206
0.49075968655109775
0.4780960347151402
0.40704773622764806
0.4788027240702509
0.4679656986075693
0.4679145017753193
0.5065217887014962
0.4781851863350828
0.4786747575887411
0.4867887607321649
0.6954950453204576
0.4836921825043026
0.4668908708988352
0.4648816561570084
0.4814711186392729
0.4836941618031301
0.48287961808575414
0.4922819948109871
0.47540691571983135
0.46430630380776744
0.4883189343434154
0.5079172916274154
0.4944462741313238
0.5291291280347676
0.4819542764119378
0.4652875783357939
0.48972068370540334
0.4939051607318519
0.4829034995683051
0.5025041784074656
0.47883770193214287
0.48363922182281366
0.48323167293133423
0.49075948687847215
0.49251533987256274
0.49075948687847215
0.4822990042038288
0.4858721729395053
0.4745629027127049
0.582300105176332
0.4856787809319781
0.48538833167963097
0.4786747575887411
0.49608154005705385
0.48313572797887994
0.4799809371450723
0.4717076669134013
0.48845001948436556
0.49003701555796825
0.45177010585542504
0.4442309586088806
0.5047702478962309
0.47028608474249806
0.44450381821764046
0.48667752311499773
0.4922819948109871
0.483831670093769
0.48845001948436556
0.7183457912637272
0.49873594918504977
0.4781851863350828
0.48441244817923296
0.4702055380752131
0.48242888154094143
0.4851670712948541
0.4767770239434545
0.4808786790947863
0.46688533184424036
0.49051353978352946
0.488867605569763
0.4770545934643477
0.4767770239434545
0.4627435053809693
0.35773546932438444
0.4940460999535259
0.4977070003208017
0.4713862226019799
0.4757420668240219
0.48538833167963097
0.4817781257757647
0.46704346405897096
0.4803960460076906
0.46430630380776744
0.46905530843731075
0.4848399012643849
0.4649448845324957
0.4788027240702509
0.47584379485416123
0.4813373599690347
0.48288609418926526
0.44717200204415053
0.46669716062736344
0.49305891107232425
0.4842979372331437
0.47821395323640975
0.48478735692179936
0.47464598867634034
0.4944462741313238
0.47331491666043735
0.4709467084520795
0.4829034995683051
0.40352456596921016
0.5016627572827406
0.47821395323640975
0.46669716062736344
0.4791192233837019
0.4396566512965141
0.7157049047726771
0.477247671770212
0.47963298424659034
0.4837840666239386
0.47205633248974094
0.4713862226019799
0.46806812774895107
0.48088996793170186
0.4842979372331437
0.49918092007369763
0.4836921825043026
0.4702055380752131
0.4781378282713277
0.4956746831091087
0.4494710539497878
0.4831809779233806
0.48287961808575414
0.4848399012643849
0.46857163740834534
0.49222598233668724
0.4889583129192054
0.4814711186392729
0.5019720785439742
0.4756676022665797
0.48153342049514863
0.4808786790947863
0.4757632502930491
0.4803960460076906
0.25679202341159474
0.48898090594343424
0.48813181241522435
0.4781378282713277
0.4648816561570084
0.4809032354859503
0.2680436536271026
0.4857809045443997
