0.8207794801104327
0.4717768205507413
0.5432659637036785
0.4359265354741174
0.41543989307822793
0.5144733637571011
0.7183457912637272
0.4940555350963263
0.12938165546660327
0.39580002380253665
0.8276506794093323
0.1477383795441653
0.8207794801104327
0.6129927934096518
0.5011350690095401
0.38321990071850165
0.18990439084915356
0.45990035653352157
0.38757329160788406
0.4566071274616497
0.7657345627095253
0.5875582459619164
0.4806127574274468
0.7993152466178479
0.44267408307622824
0.7645571019257109
0.5976362194129361
0.4566071274616497
0.6798790056585569
0.4982126892508997
0.7939261488244881
0.27456985058542144
0.5870405516447792
0.7983234546660297
0.17621894686323697
0.4982126892508997
0.39580002380253665
0.4717768205507413
0.6752338670433782
0.41543989307822793
0.7260077900752768
0.3029388329947107
0.43517423354029333
0.3564046278957096
0.13219415962487163
0.46968868819764414
0.3253838458851771
0.4643525233143727
0.9323026163043517
0.7217270170749688
0.5539990983590471
0.4281944958554448
0.8474971935596267
0.48657851390277795
0.10014952901396616
0.65692411654039
0.5219719841902881
0.48167282825800356
0.9481002784328986
0.4566071274616497
0.37985998975674384
0.12938165546660327
0.7381758142131469
0.4418168689516662
0.7983234546660297
0.8407849330491879
0.16936194995096787
0.49890960237576576
0.11487120513215747
0.6862810174410283
0.7402427538369772
0.41543989307822793
0.5086496204691064
0.810576030440678
0.6129927934096518
0.14461857956584953
0.43517423354029333
0.4359265354741174
0.10796047854011942
0.48457124865136214
0.912657810112498
0.44267408307622824
0.5066330203951979
0.9808885737965126
0.49890960237576576
0.5738228487069548
0.8276506794093323
0.3253838458851771
0.49203449294193313
0.7594124733346237
0.38529946304595974
0.6752338670433782
0.45120529414719346
0.9175467110408984
0.38321990071850165
0.5924258816504555
0.08728217829349633
0.5445359279280845
0.4407025787271482
0.3826003361758623
0.5086496204691064
0.5144733637571011
0.774420519421031
0.41813293786028055
0.48657851390277795
0.2865433341671044
0.1477383795441653
0.11987520918073118
0.5144733637571011
0.4064828282459103
0.3029388329947107
0.34823888975089257
0.4879007988431045
0.7183457912637272
0.8592612549805667
0.5432659637036785
0.9183419089513476
0.6954950453204576
0.10273990975513064
0.3820499297486647
0.4359265354741174
0.7993152466178479
0.4942483785965224
0.5445359279280845
0.4940555350963263
0.52768884607355
0.3729434685724691
0.5214588521617454
0.7583724523237677
0.5539990983590471
0.6129927934096518
0.4942483785965224
0.1200160379164322
0.15355022611024038
0.5394575526995298
0.11987520918073118
0.4909871464378099
0.4649623610604343
0.12938165546660327
0.5870405516447792
0.5044651161641184
0.6954950453204576
0.45483835200660877
0.7905261069706838
0.4939485428911326
0.8037119748092645
0.49523748626527586
0.7939261488244881
0.11487120513215747
0.41584131132785684
0.7755278545313589
0.4649448845324957
0.7645571019257109
0.7831038855169689
0.7264296144619659
0.4263914695755374
0.052548657049463245
0.7755278545313589
0.49073493115816263
0.38321990071850165
0.38757329160788406
0.4939485428911326
0.1316003198623286
0.575931922814372
0.7831038855169689
0.7183457912637272
0.7157049047726771
0.4494766279129503
0.47563270086100595
0.1477383795441653
0.43517423354029333
0.10014952901396616
0.8122872230349271
0.974547488307208
0.491960262337681
0.5700899374336029
0.45736133841977367
0.1836520056997098
0.3564046278957096
0.49523748626527586
0.35773546932438444
0.6089158007298918
0.6450186881214542
0.4841180580680701
0.7632879407218649
0.4695096413996742
0.7993152466178479
0.5219719841902881
0.558833115750727
0.4841180580680701
0.45736133841977367
0.41629620875023776
0.4649448845324957
0.4263914695755374
0.5066330203951979
0.4695096413996742
0.4940555350963263
0.45990035653352157
0.48457124865136214
0.18990439084915356
0.5176318738801731
0.23645646576760365
0.4717768205507413
0.37985998975674384
0.7605332271139207
0.45990035653352157
0.635470686076087
0.45689189182705653
0.45483835200660877
0.38757329160788406
0.23645646576760365
0.48973496146999657
0.328801804809765
0.8203622026910267
0.7157049047726771
0.771123285035064
0.7983234546660297
0.48167282825800356
0.14102103173015818
0.8097421083440819
0.38757329160788406
0.5875582459619164
0.7625735180220745
0.5979869890478549
0.48127888598612334
0.4806127574274468
0.44267408307622824
0.8078041652590379
0.7485655375551704
0.5044651161641184
0.7711847901283345
0.7958012324099355
0.4143197504708292
0.8277218538761353
0.5394575526995298
0.49203449294193313
0.5509552899742554
0.4982126892508997
0.4418168689516662
0.3729434685724691
0.9175467110408984
0.18990439084915356
0.239014196237768
0.4841180580680701
0.5189775735278378
0.7545788259565008
0.8407849330491879
0.4281944958554448
0.2680436536271026
0.11487120513215747
