0.47894107276915976
0.4790691226774999
0.47878425163271493
0.4790410877509966
0.47888095480500653
0.47924001754843587
0.47926282695681915
0.4791775150482363
0.47931881692188205
0.478872321128641
0.4790653584549298
0.47909725764553657
0.4790945535640603
0.47914363860702963
0.47887010804369706
0.4790991808192913
0.47892451455723123
0.4790563492262752
0.4791995552746182
0.4789341143903017
0.4790563492262752
0.4788701268606646
0.4788839473698388
0.4788994399407777
0.4790729335227541
0.47909885573033767
0.4793387456939298
0.47906624424913097
0.4789830307719458
0.4789486471860096
0.479098470092263
0.4789861407040063
0.4790918679668498
0.47917277315906803
0.4790691226774999
0.47910020084508204
0.4792882617894429
0.47878425163271493
0.4790991808192913
0.478943136495724
0.4794707086169634
0.4790678194996976
0.4792859724776844
0.4790678194996976
0.4791960068829875
0.4791270608275078
0.47903276113346394
0.47919392673621225
0.478897326621087
0.4791995552746182
0.4792968854199282
0.4795085273252684
0.47906106061713355
0.4791570472080149
0.478604037666235
0.47895857260406743
0.4791731911173848
0.47907519239249025
0.47952499389120806
0.47878425163271493
0.47913767349605774
0.47917277315906803
0.47958195762984795
0.4791523154473961
0.47897412439967213
0.4790993778448453
0.4789757445972211
0.47916341820820674
0.4789993852789345
0.47887403795963296
0.47906567864197075
0.4789861407040063
0.4790811265629553
0.4790729335227541
0.47917277315906803
0.47861817066220036
0.4789830307719458
0.47907128282283734
0.478604037666235
0.4786640555931038
0.4789865105546889
0.4790410877509966
0.47899874026398287
0.47920631972753364
0.47888095480500653
0.4790367398679608
0.47880846216794687
0.4792859724776844
0.47899295162434785
0.47931054945536733
0.4791995900819858
0.4796009050875138
0.47881366577041623
0.4781394809012659
0.47924001754843587
0.4789448944701941
0.47862159684571565
0.4790410877509966
0.4792882617894429
0.47690910804433256
0.4790533461512083
0.4808629720118411
0.47907519239249025
0.4793575208227927
0.4794546441670061
0.4791681059059795
0.4789448944701941
0.47914363860702963
0.4789720510844305
0.4789899078095931
0.4791323445814742
0.47916660747814804
0.478872321128641
0.4791554198152834
0.4786421689553317
0.4796009050875138
0.4790847252718302
0.478936283042705
0.47901723710820426
0.47899426890269176
0.4792194226908538
0.47926282695681915
0.4791775150482363
0.4793576071410845
0.47902613516503156
0.4790533461512083
0.4791996530300345
0.4792875371064516
0.4795491438195647
0.4789757445972211
0.47919435972694163
0.47936243762821923
0.4791874512045382
0.479009134396781
0.4789627598113648
0.47861223834591504
0.4795300400168722
0.47910020084508204
0.47913520635125123
0.479495155083507
0.4790856360489761
0.4791742223743752
0.4790187940604303
0.47888095480500653
0.4791995552746182
0.4789830307719458
0.47908775942353315
0.4793223603392592
0.47846810617581687
0.4790701437792031
0.4789200511340102
0.47909885573033767
0.4790691226774999
0.478943136495724
0.47912484068396183
0.4798544421458142
0.47905293086580336
0.4790653584549298
0.4798544421458142
0.47916660747814804
0.47931881692188205
0.4795085273252684
0.47920631972753364
0.4789486471860096
0.4787282341188332
0.479087868163065
0.47926096463846957
0.47900906310946056
0.4786640555931038
0.47845606500447874
0.47904333251093517
0.4792664967974212
0.47909725764553657
0.4788994399407777
0.479177722593409
0.47928513630059105
0.4791570472080149
0.479009134396781
0.4791731911173848
0.47896362627901445
0.47916511757752606
0.47909527325395723
0.47922508535604075
0.478964275386408
0.47899874026398287
0.4788839473698388
0.4787997656138155
0.47892451455723123
0.4789341143903017
0.4792946108908416
0.4792497412977983
0.4790991808192913
0.4786983386050616
0.47882159797562757
0.4791874512045382
0.47689362412458064
0.4782174894453295
0.479033542768176
0.47926888931093564
0.4788701268606646
0.47913847426891326
0.4792497412977983
0.4789634455606173
0.4792158812132709
0.4790563492262752
0.47909725764553657
0.4790247736158119
0.47916156122858583
0.47901367949001783
0.47926888931093564
0.4790678194996976
0.47896206063268787
0.4791960068829875
0.4791270608275078
0.47892993646791066
0.4790419020032777
0.478778202048219
0.47912847603628067
0.4787997656138155
0.4791624474869982
0.4789461936933075
0.4789993852789345
0.4788345025095115
0.47887010804369706
0.47909681894386197
0.47912847603628067
0.47895857260406743
0.47880846216794687
0.47906624424913097
0.4801251382330472
0.47908775942353315
0.47961348806429466
0.4801251382330472
0.47975491130227077
0.479530945517187
0.47926282695681915
0.47906624424913097
0.4792882617894429
0.4791653449969537
0.47903276113346394
0.47979197632898146
0.4791554198152834
0.47913520635125123
0.4790015959480752
0.4789262999996975
0.47895857260406743
0.4790247736158119
0.4794707086169634
0.4792968854199282
0.47928513630059105
