0.47894107276915976
0.47910077312974947
0.47891195677229886
0.4788847858508262
0.47952499389120806
0.4789899078095931
0.4791642814549753
0.47908733503783657
0.4791618454633697
0.4791618454633697
0.47910565823736073
0.4792995710729964
0.47906537372924884
0.47889779664075727
0.4791116177696495
0.478936027908913
0.4792852315000309
0.47938467673508267
0.479124965743628
0.47904333251093517
0.47938467673508267
0.479024425924675
0.4786983386050616
0.479199758780986
0.47902310476826165
0.47877769698122297
0.47993279124312443
0.47956180490500633
0.47887761875067164
0.479024425924675
0.4793223603392592
0.47935855762488605
0.4791642814549753
0.47909888485771285
0.479095976926545
0.47910020084508204
0.47915956842295787
0.47923153875905394
0.4790787397085566
0.4792000298634485
0.4797771020434247
0.4789551950440199
0.4792012699174069
0.4790553704062321
0.478936027908913
0.4788642895905959
0.47915956842295787
0.478392001548365
0.4785549888561936
0.479124965743628
0.47943046978055054
0.4795103465006954
0.4782440775027881
0.4788529625556946
0.47885219265927875
0.4788847858508262
0.4787541409281092
0.4794507118119226
0.47952499389120806
0.47910565823736073
0.47913767349605774
0.47891195677229886
0.4799996338047206
0.479197031991891
0.47978491255105665
0.4790787397085566
0.47880844687465984
0.47945234833519895
0.4797351403565785
0.47887403795963296
0.4790951914490941
0.479199758780986
0.47885805534343673
0.4788847858508262
0.4790553704062321
0.47838225299827547
0.47924280423963755
0.479197031991891
0.4779993890375245
0.4786983386050616
0.47835584984839824
0.4783687139673385
0.4788748123729598
0.4794046880429878
0.4793223603392592
0.4789659175047647
0.47835584984839824
0.4797245228170682
0.478936027908913
0.47931054945536733
0.4793317794822649
0.47890783308378143
0.4797771020434247
0.47750075975431283
0.47952499389120806
0.4790639132469374
0.4785217197286433
0.4794710767302353
0.47973315093248176
0.4732124110484048
0.4788226840948811
0.4808629720118411
0.47908733503783657
0.4793575208227927
0.47912333855988964
0.4792653589100295
0.47845606500447874
0.479124965743628
0.47814304094505505
0.4789899078095931
0.4782927768897934
0.4791642814549753
0.4793595087867035
0.48019912967304124
0.47780180379483106
0.47960943399291384
0.4790847252718302
0.4799654653558969
0.4789551950440199
0.4811152649751047
0.4792612346678506
0.4795100875587317
0.47915846918881055
0.47894491692741037
0.4791116177696495
0.4790596147252269
0.47901276758034905
0.4792875371064516
0.4795491438195647
0.47908733503783657
0.47919435972694163
0.47936243762821923
0.47891195677229886
0.4777899953258557
0.4789627598113648
0.47861223834591504
0.4804236226169507
0.47910020084508204
0.4791909100555454
0.47917038666925565
0.47841666299595076
0.47906537372924884
0.4791618454633697
0.4789899078095931
0.4790639132469374
0.47887761875067164
0.47890783308378143
0.4793223603392592
0.4792995710729964
0.4794229245271641
0.4789200511340102
0.47941423158792706
0.47869070396246455
0.4790590521097254
0.47927026328241157
0.47866112903496827
0.47910565823736073
0.47878820255137455
0.4814911277568006
0.47887403795963296
0.4793111568556632
0.47952549258898963
0.4794046880429878
0.47952989338490976
0.47822119200604757
0.47843912204289807
0.47950889281869385
0.47915580086027926
0.47905622711383183
0.47845606500447874
0.47904333251093517
0.4792852315000309
0.47967790621597056
0.47890428530582585
0.47904333251093517
0.4783902820007555
0.479095976926545
0.47915199166840616
0.47984675476820976
0.4794261879899895
0.47915686371885674
0.4787106638259641
0.4793573055336533
0.4790429458830356
0.47972580069281406
0.4799495970677846
0.4775949066310979
0.4792852315000309
0.47847504543212893
0.4786573911355496
0.4792497412977983
0.47977750178788553
0.4786983386050616
0.4782927768897934
0.4799365042194354
0.4720172099357798
0.47861223834591504
0.4790416738171254
0.4799996338047206
0.48004747181304447
0.48019912967304124
0.4792497412977983
0.47938467673508267
0.4788226840948811
0.4794710767302353
0.4791741099949019
0.4795103465006954
0.47869070396246455
0.4784653548696479
0.4791089309652024
0.47931054945536733
0.47847504543212893
0.47986017124520247
0.47899739998995244
0.4787106638259641
0.47899739998995244
0.4775949066310979
0.4791313732133962
0.47919435972694163
0.4793317794822649
0.4789461936933075
0.47892969452123973
0.4782655488207238
0.47890428530582585
0.47909681894386197
0.47948079120826415
0.4788380743186243
0.47931607613719
0.4776878143455585
0.4792919107602273
0.47936280402448506
0.4791313732133962
0.4814911277568006
0.47997535772454564
0.47993279124312443
0.4795100875587317
0.47956180490500633
0.47936243762821923
0.4779993890375245
0.47901276758034905
0.47993279124312443
0.4788529625556946
0.47894491692741037
0.47910077312974947
0.47868243056447496
0.4791683658335854
0.47912333855988964
0.4797230670351667
0.47943046978055054
0.4803566349516761
