0.4790283967596832
0.4790832682453287
0.4791118453686118
0.4790061085945358
0.4791315858282113
0.4790989523815474
0.47909838014098677
0.4790733708895976
0.4790357075390197
0.47910995721261823
0.4790357075390197
0.47909314941548
0.4791389576354515
0.47909838014098677
0.47898998810941534
0.4790357075390197
0.4791005231805768
0.47909930442427906
0.4790862204921377
0.47903267124427384
0.4790365351800308
0.4791292178384238
0.47905461852391995
0.47897403871705935
0.47884112566730014
0.47876267942083856
0.4790504943148152
0.4790104407036136
0.47911090811633494
0.47913910146457644
0.4791581293792137
0.4791104126023726
0.47909495021653165
0.47917277315906803
0.4790691226774999
0.4790688261279063
0.4790862864330898
0.4790942994608895
0.4790733982069149
0.47924089543107895
0.4790832682453287
0.4790221305473619
0.4791929526563612
0.47908181329705807
0.47907877386709236
0.4791212539600644
0.47906370983592056
0.4790955629707714
0.479013260535476
0.4792418705249437
0.4789927848045555
0.4792577881707158
0.47907080468481156
0.47908939393588507
0.4789832526830611
0.47900788206605266
0.47919602224498264
0.47910387055397236
0.47952499389120806
0.4790504943148152
0.47913767349605774
0.4791896771938649
0.47919418894429583
0.4791523154473961
0.4791292178384238
0.4790993778448453
0.47909677149205554
0.47902560268996125
0.47911282083127854
0.47876267942083856
0.4787156799957115
0.4790365351800308
0.4790811265629553
0.47913740576601044
0.47917277315906803
0.47907069601751423
0.4790061085945358
0.4791426856238268
0.4788405197584099
0.47902560268996125
0.4789865105546889
0.47908987556884375
0.47911878247216183
0.47898939871983215
0.4790166325200374
0.47902578814170943
0.4789631997401967
0.4792859724776844
0.4790733982069149
0.4791315858282113
0.4791995900819858
0.47908690999620446
0.47881366577041623
0.47903759627944514
0.4790989523815474
0.47912818897142356
0.47862159684571565
0.4790104407036136
0.4791206819061959
0.4787156799957115
0.4791104126023726
0.47967431001001537
0.47901151286962634
0.47905184693791275
0.47908829556386895
0.4790989523815474
0.4790832682453287
0.47926982237020677
0.4791086838537274
0.4789899078095931
0.4791056445762439
0.4790862864330898
0.47908125892922565
0.4790870977791339
0.47909424206763696
0.47930279804765163
0.4790847252718302
0.4791181143682095
0.47909838014098677
0.47909831304838235
0.479098566271088
0.47911090811633494
0.47910387055397236
0.47907691408184777
0.4790974132503334
0.47900788206605266
0.4791426856238268
0.4787722261443763
0.47930557219675896
0.47905461852391995
0.4790688261279063
0.47920080482664296
0.47908987556884375
0.479013260535476
0.47890969326159566
0.4791206819061959
0.47930279804765163
0.4790579543996518
0.4790942994608895
0.4792671164401058
0.4790377545092192
0.4791037943671604
0.47905614786571
0.4790448442034901
0.4790255855719976
0.47906781543046506
0.4791169830357759
0.4791212539600644
0.4790700785618433
0.47919602224498264
0.4790875657057206
0.47905605813290686
0.4790691226774999
0.4790061085945358
0.47935541930596287
0.47924939455137633
0.47905293086580336
0.4790598021032097
0.479048637493341
0.47899910079239194
0.47931881692188205
0.47920080482664296
0.47914318634750486
0.479072239073095
0.4790757770455077
0.47913910146457644
0.47926096463846957
0.4788606094509647
0.4786640555931038
0.47845606500447874
0.47909314941548
0.479114199813466
0.479069255360055
0.4788405197584099
0.4790872611993479
0.4791389576354515
0.4791570472080149
0.47899453780373613
0.4792275042244049
0.478902067612421
0.47907877386709236
0.47907746852576144
0.47922508535604075
0.47909314941548
0.4790644938297161
0.4789899951405018
0.4790401938852637
0.47894588683862843
0.4791581293792137
0.4791896771938649
0.47910995721261823
0.4790958107834888
0.47905461852391995
0.47882159797562757
0.4791874512045382
0.47876267942083856
0.47884112566730014
0.47913910146457644
0.4791993201722953
0.4788701268606646
0.47908181329705807
0.4790584077193875
0.47909930442427906
0.4791313464756605
0.47909477364883474
0.4790104407036136
0.4790734508911855
0.47903443015510966
0.47910965645457587
0.47908690999620446
0.4790700785618433
0.47896206063268787
0.4790862204921377
0.4791270608275078
0.47913740576601044
0.4790341332127055
0.4791292178384238
0.4790365351800308
0.4790377545092192
0.47926982237020677
0.4790872611993479
0.47900788206605266
0.47909831304838235
0.4791039649336469
0.4790530324054251
0.47912847603628067
0.47884112566730014
0.4790221305473619
0.47908829556386895
0.47924089543107895
0.47903569186187805
0.4792539221468375
0.47939783755346027
0.47912208464290784
0.47924089543107895
0.4790674920415545
0.47917395480005864
0.47906781543046506
0.4790803433832919
0.4791426856238268
0.4792961077320632
0.47910387055397236
0.4791104126023726
0.47909495021653165
0.47905605813290686
0.47905214476416097
0.4790733982069149
0.4792577881707158
0.47910663705306034
0.4791389576354515
