0.3315280733953653
0.7318925932966909
0.5165769096930594
0.7246663030953396
0.21721871401694925
0.8943268002486607
0.6728279047116191
0.3930780235951552
0.8416561796555725
0.06433964026817973
0.19998050723237748
0.1650768329061426
0.09462559575630047
0.23052290914245332
0.6335188273659489
0.699348460883017
0.05533433817703892
0.41703384090067275
0.13548821460950067
0.41872840445216175
0.8701388943044379
0.17310619511638725
0.3206828753966017
0.08643816298793028
0.7967484384873645
0.2992441127757802
0.8602909927166456
0.7239606836746374
0.6041889760182426
0.8087965491791942
0.9281240230151669
0.04076053563325455
0.4509754975254906
0.19275115138688825
0.025056992619389873
0.07297029549992617
0.48967999782360194
0.5493749737239662
0.7721409909801115
0.40414558214315
0.102095744145
0.5567462881366702
0.9542849285649495
0.8602622011866233
0.26026254916910585
0.9951556022865811
0.9448516528955192
0.6123698690590972
0.5988789907117535
0.6123347328313786
0.7637803832811048
0.4635205668442314
0.390567116456652
0.4806370221393118
0.36852207386807634
0.1651190330118295
0.36160127785153495
0.2505235521500141
0.4375606134179121
0.0885071097151986
0.6014614361193164
0.06884626723287723
0.3084386629702609
0.9110475671552088
0.7750091409390307
0.36091880763334094
0.5904997898633889
0.6849219395077213
0.7381412408466917
0.5410697337973419
0.10997129391490945
0.4359579457794909
0.6715360909803297
0.1774794598021654
0.325928598719897
0.3997057756960469
0.14295890675429213
0.2559902925865757
0.7035262240018862
0.6065684688824081
0.15049462524735002
0.6031131992255442
0.1912247357543363
0.3164020721487475
0.9076471878436163
0.6424617484336245
0.2919666171800015
0.3181053309014691
0.6741376613794754
0.5718284531738262
0.5203911460657261
0.9953276675492875
0.3543724248348422
0.4140840863254962
0.7364043729699545
0.49218754580558455
0.6428296618648891
0.4094567615216962
0.7409348052335706
0.6852656970433693
0.7466426626499082
0.1736224691415269
0.125922255660609
0.677067977242721
0.5036365786112483
0.8034255163134018
0.06615626987669287
0.5456460579723125
0.5730846595422624
0.47792388681460707
0.7717800086245787
0.22170476827370744
0.4643187333703618
0.22439730492640897
0.1662343216472043
0.4888258769781043
0.8342332027355954
0.8926364803787841
0.17417331853543516
0.849392866069838
0.24722361093677403
0.9307410935325247
0.47550425424188925
0.3872082469531898
0.8741213432526913
0.23291996793071612
0.2759630997534427
0.16146900409522746
0.2558149619787763
0.0005721575752785091
0.31529302746499577
0.416988776147182
0.8133139146420814
0.6992617686122046
0.6031244105066814
0.50865318261774
0.025573673720304058
0.6548641169969011
0.14119747769546398
0.4901501403378338
0.6868751248273435
0.20908835529197167
0.33121051599306095
0.9030195424603832
0.7377983473369725
0.6807208552676178
0.6137413044026823
0.2534587180975728
0.4763450809767529
0.5295068470108476
0.45277670271073356
0.21675132608500292
0.6684686366717355
0.6592550998960235
0.5582166683398387
0.5790046314279889
0.9478136311691363
0.8905571327426421
0.8635924093792128
0.8534592198270796
0.7466662380008235
0.4499953392683691
0.46419014108617274
0.09582641808631065
0.8655204636111851
0.4936230683366488
0.33175844593700843
0.3074734362735244
0.9370095833121114
0.6047065486347682
0.11069285745407409
0.4161054485585056
0.6460894874509316
0.7460938847675633
0.32575030194143473
0.4413813474221896
0.727962591506171
0.2159826360150534
0.8419123102070615
0.9220811433515231
0.94226097823679
0.44930999249685677
0.6960582748687338
0.1545889201907683
0.5431684484614273
0.5235832341096549
0.8191904460173083
0.7358707911756651
0.9734566101395242
0.2788824298635453
0.31070888129940266
0.6116953137627688
0.8138905336234289
0.10962614674011417
0.4937882248180613
0.4010557440100354
0.1731855558345874
0.7808024752789177
0.7834064698086423
0.1339300238101575
0.6203427060571168
0.5864900929601734
0.08888971628335596
0.29448819763884304
0.9238735300418028
0.8964064238295282
0.9873548411240523
0.023982301530348082
0.7072362868816414
0.9247035023612296
0.48626931185157674
0.8956307472181837
0.08892380148609003
0.035773857080955485
0.2639870286042256
0.29220703766435174
0.383614628867721
0.7731667632574525
0.44596454856136947
0.5867193684152885
0.9185188311371877
0.08305023371599962
0.10294745437087216
0.14526978345790387
0.08016898048818122
0.41076868822848134
0.9051056711567582
0.05568382324291776
0.000761898649425885
0.6561069295692336
0.030841498156553793
0.3840555265559652
0.4130047117137934
0.7402827364013149
0.27776443717567223
0.7702989884503971
0.746146837156847
0.9587621420229504
0.575533550031969
0.6688526658435422
0.284890786417454
0.9609246751355978
0.47592464133421364
0.7653224546088201
0.12114336619349364
0.9266910279677546
0.9439555661032113
0.7005972135380996
0.5197150522879259
0.19754426684908266
