0.680448230802658
0.6878570930219354
0.6750890195425316
0.6754659951490192
0.24551574879852114
0.6661286143038887
0.6711797752231534
0.2535459037896417
0.6689185291871549
0.2978631077785473
0.25343467443444156
0.2813385118499659
0.28007542942557373
0.25223228018233856
0.689991061813177
0.6814071591927398
0.26129186842928925
0.25634073377610744
0.24976339893390995
0.25153856583307527
0.7331173194115137
0.2745144867940005
0.6785757981325605
0.25436959313230956
0.6789266377982276
0.6881087890714261
0.6661286143038887
0.6826530746001767
0.2563163185405321
0.6314267715093501
0.6826530746001767
0.2647671867384125
0.6753381980510136
0.2622269268045554
0.24147643443862848
0.24676491642698564
0.6709972395855381
0.2854965155716059
0.6808228178741738
0.25392434385441226
0.25016158933770843
0.24147643443862848
0.6878570930219354
0.683563998615109
0.2548349616065179
0.6797534739594444
0.694043821543719
0.6782548683436879
0.6815007870580104
0.6838718895000816
0.703490588191191
0.6831176183712313
0.2723834382243882
0.6788880397156608
0.2723834382243882
0.25801755378270763
0.28912877573623025
0.2612251190997644
0.2612251190997644
0.2470326237595513
0.6784674636308418
0.25016158933770843
0.24935723026931467
0.6749845756545841
0.6653366928555415
0.6750294056537234
0.6748036803575634
0.6769564242018883
0.6822177824832785
0.6723491722735373
0.24637728236630255
0.6782313027236527
0.6794112347494419
0.2542273073044773
0.2670527728769948
0.2843173695179002
0.2442544345307273
0.2549707632274429
0.2622269268045554
0.6862543073804293
0.2585304909092725
0.23337941106709753
0.2978631077785473
0.6794112347494419
0.681469079499422
0.6782313027236527
0.2611094372882233
0.28007542942557373
0.692866240522889
0.6766090024908781
0.2549707632274429
0.6791132922935179
0.6719338295754417
0.28912877573623025
0.6833137887622855
0.6776347573901181
0.6728242090387474
0.25448934723922145
0.6915487173434747
0.6777950583586678
0.6782548683436879
0.6784986550335419
0.2511257088471771
0.6766090024908781
0.6742061507362191
0.6719338295754417
0.24076597858989368
0.6727519465195229
0.6734285534837812
0.2470326237595513
0.6808228178741738
0.24875815321217026
0.6803720296522321
0.25343467443444156
0.25392434385441226
0.6868737945000138
0.6776347573901181
0.6657717827228617
0.2611094372882233
0.7331173194115137
0.2647671867384125
0.676202658221694
0.6815007870580104
0.25468334831881234
0.6863057342278726
0.2627696983451563
0.24196766675164233
0.25634073377610744
0.24150426620706195
0.2809048732470981
0.24177961294665107
0.26128246804769295
0.24875815321217026
0.6801336445619688
0.6748051218205198
0.6748036803575634
0.24076597858989368
0.6753103055317806
0.2670527728769948
0.2854965155716059
0.6767039306156557
0.27042133973839755
0.24074469161466333
0.684732069875032
0.6753381980510136
0.6723491722735373
0.6795026128848306
0.2515139905758943
0.6772111024464139
0.2588332029495394
0.6689185291871549
0.2563163185405321
0.6734285534837812
0.6800249076951121
0.6750890195425316
0.661622805611498
0.6915487173434747
0.6863747543524374
0.6770099595501844
0.692866240522889
0.6831176183712313
0.6789266377982276
0.6774627283188972
0.27866846635113307
0.6767039306156557
0.6953479295383223
0.6862543073804293
0.24637728236630255
0.6786106490477142
0.6795026128848306
0.23337941106709753
0.2561753486365289
0.6819078225700936
0.6809276949976989
0.2511257088471771
0.456129898089911
0.6759153661646329
0.27144078390819726
0.6770099595501844
0.6785842187520943
0.6761562224867184
0.6741302113930038
0.6727519465195229
0.26029756414854965
0.6718741355083272
0.6901798600599278
0.6822177824832785
0.6801336445619688
0.6793830069459652
0.24976339893390995
0.25624016421187157
0.25984703927466685
0.6711144430289548
0.24074469161466333
0.6702143009055389
0.27144078390819726
0.25801755378270763
0.6783247537289563
0.6772111024464139
0.2561753486365289
0.6937769591512614
0.6748051218205198
0.24086936265116654
0.25448934232932763
0.679478153935536
0.6874004926566009
0.676202658221694
0.2442544345307273
0.6901798600599278
0.6828573241020568
0.6881087890714261
0.6809276949976989
0.2966469622956832
0.24782350027142136
0.6817575617838094
0.24124897773220855
0.26512569422443827
0.6911130431428367
0.6777950583586678
0.6937769591512614
0.6742061507362191
0.24676491642698564
0.25448294472686456
0.27042133973839755
0.26389232250648376
0.2590542108570306
0.683563998615109
0.26029756414854965
0.24782350027142136
0.6793604777689052
0.24263783541876852
0.678569276843753
0.6709972395855381
0.6785757981325605
0.24086936265116654
0.679412425987623
0.6711797752231534
0.6624026383322514
0.6785842187520943
0.6716026515918798
0.2542273073044773
0.9178450795335242
0.25153856583307527
0.6713563886052476
0.24196766675164233
0.6727489095923238
0.6863747543524374
0.673957262040204
0.683854189513718
0.26129186842928925
