0.18023159307786715
0.1702244185353881
-0.0036796064561787217
0.39576007477887487
0.25308598614758804
0.08565866291805353
0.11677563556450683
0.1913349826388257
0.1201434940361076
0.240549587793187
0.27131611873741873
0.14918084425132272
0.10930960365643685
0.17088824135328934
0.1704224817436276
0.15574429753301947
0.35456669058616896
0.1406271629194992
0.2510326742430905
0.2931941826916622
0.17230143997009376
0.08755028335561311
0.11884122141825743
0.09342866082894608
0.2119430297145728
0.16473116903590684
0.030888657972989297
0.0005546106222995679
0.06397970508324938
0.305004971703444
0.08140438097180994
0.11855495883566686
0.14984951571639424
0.11039226110535895
0.08247825530685225
0.12952128421472894
0.1795382044057001
0.15518966463466868
0.2697044060655284
0.25367779158536735
0.27397003760338845
0.19506388948387307
0.06279632016191489
0.2037057537100291
0.17399573485898692
-0.09287307118690707
-0.21206182682317118
0.29012785930303575
0.19790839688810233
0.26002710810327945
0.2746350572044764
0.10435914559950266
0.2733920951330818
0.2040780788317335
0.10626187913348936
0.04662546832021141
0.08173661603009649
0.3029667307772666
0.10433088733569804
-0.03294664307277777
0.19627520887403943
0.06940034770482498
0.10733080938018578
0.12822359842468947
0.15777405122457167
0.1524991969087036
0.22922514522340554
0.33061689031294006
0.13963065499683394
0.11924780039893117
0.1336052555533703
0.2190630846585105
0.231179079767628
0.24465345922384463
0.17223534833457568
-0.07110300265077517
0.38650963203282285
0.016061130716378026
0.10369909174623959
0.3290210939247937
0.2730214575038187
0.05215740046313313
0.23834605069264178
0.2053878723631383
-0.024156930622942288
0.30454413139161524
0.27254184111489516
0.16528102637293815
0.19787969247640444
0.33937251612933816
0.20486846350124754
0.09529411531193947
0.11604186882911162
0.141652312697706
0.31465372102183164
0.028345876304909635
0.08622169157554956
0.16718561491578118
0.27496508907472966
0.32971977111841005
0.21480059128409162
0.1887931288186445
0.1370899213672356
0.06067819747122382
0.2701985213729091
0.3512195870220945
0.17799174442005292
0.06301384716864625
0.04195255643455819
0.08309249023488115
0.26876358463488426
0.1216678035281188
0.20625635248283064
0.2426519445049519
0.021988021969768345
0.03433747301006589
0.1068455556124338
-0.023641701330133044
0.273691086908976
0.20808366745475423
0.1794472280830367
0.21906290610685553
0.16048315936310714
0.2947401896172067
0.018907711493741722
0.1783950492402111
0.2865319421835284
0.16014520681460298
0.18118610597253296
0.09202244880074495
0.26201709503695725
0.22463981339352046
0.15344607536267707
0.35790834120722087
0.25654095248099096
0.027163554093641313
-0.06212463108658987
0.09951718529606667
0.02814727350580131
0.2491366300523424
0.19869184642335147
0.20164806158781493
0.2780300787740417
-0.06928146184376402
0.36182788954524775
0.3811729431008626
0.26913818134767814
-0.09864799040328609
0.2613982629065403
0.14656385603138788
0.1335648440737888
0.060938229769995376
0.06032583694775822
0.19748489820594348
0.21235164788457456
0.02100296986938795
0.1892067523063016
0.09188258718075105
0.36618929538423634
0.25318587652919805
0.19276402706642845
0.21660481300853598
0.05760254872825182
0.3154227771705422
0.1277887975022897
-0.25814321281273883
0.262541916409459
0.3232023635533681
0.06703383153911716
0.2902569251361983
0.022284174002161122
0.15406915548234668
0.19750904566952235
0.029175722992403414
0.13606490322057854
0.0023482700740267287
0.26527374318906277
-0.1620677506212092
0.23520984284005467
-0.16708774363073778
0.2838384022089987
0.13307875997562418
0.26458287518482043
0.18894387807791618
0.012011506945540797
0.028562876780825322
0.29457504716306476
0.01670170941417635
0.07807089349025766
0.0922606416542912
0.29658022946693824
0.15456085624445895
0.17743692789225607
0.1400011560725537
0.2197969304097774
0.4050940222572385
0.13993035403947562
0.14450177685664495
0.08594586075819749
0.3820364661843272
0.24046544896112007
0.08375944741460392
0.1308042528839925
0.18581741936389298
0.41974679122627395
0.13320208555004517
0.03680505385091185
-0.008987013386007362
0.22482077495751399
-0.09558208095716297
0.17175755318254424
0.17194299005476996
0.08473422179873986
-0.12775257521218386
0.18051882302162134
0.10736818232024901
0.19260862344841725
0.3138217168895013
0.2738075100752649
0.06918341804420022
-0.05508942525891074
0.12482582465348228
0.13251442390342136
0.17839966667559226
-0.01794026588387438
0.16845898525006445
-0.05013537494205215
-0.08583926118953039
-0.10521124967037714
0.20387555023154183
-0.22574164016064896
0.23975510209617013
0.0876689782079694
0.15992557905256785
0.35273510670801755
0.1561259195110468
-0.08835062903171922
0.10364635527638484
0.10906167072141054
0.2780674838389551
0.12556141937531318
-0.02634481030838096
0.12952739585068146
-0.03148630065982166
0.078986297258637
0.09143105295720587
0.1238567194352381
0.2331331267685556
0.030692344290631092
0.14101492901916932
