0.27964582750856826
0.16430774808237184
0.4688137091588501
0.7172313831529117
0.6884869304909513
0.8498064352672701
0.4290992003188962
0.4044599535412288
0.6884869304909513
0.5393177177870343
0.5963870647094016
0.7406565071668212
0.11786386060362528
0.37648007323286553
0.39540208282732636
0.4130431489469586
0.8025809808944094
0.4080625153109998
0.093122470560287
0.16430774808237184
0.4688137091588501
0.4686310845520326
0.10493107757995337
0.8654310957006693
0.839703405039683
0.46528315303775925
0.13303495310246055
0.6719126237072326
0.031043141090263716
0.13509438236902516
0.7988843923030684
0.036567392792770076
0.8258596795174697
0.7811492764725976
0.07926127796090734
0.2073570177829272
0.7622856313585155
0.7823363745502053
0.06181895487382966
0.9434434868496355
0.5897842661216104
0.7364538766936626
0.07926127796090734
0.7648323866606037
0.3288648496224188
0.5224275955425193
0.20032373973132955
0.5050831746347919
0.13303495310246055
0.8711417472440336
0.20899925419373094
0.878227205756375
0.8468707501011234
0.8873542969333073
0.154055045683745
0.08108894436136999
0.4388515378085269
0.6764584117202926
0.25765014013245435
0.31560524029025083
0.4952935479955197
0.8258596795174697
0.49863079016910516
0.49453531915720766
0.7486949176627297
0.3760151684170862
0.3760151684170862
0.8481003793849611
0.7141792513228811
0.5906954150509918
0.8498064352672701
0.5753209831794819
0.5262395904405612
0.5393177177870343
0.8481003793849611
0.4872650100707395
0.10975889771671182
0.4130431489469586
0.5966161424643194
0.699706788945856
0.6372548000411109
0.12585356801739592
0.22850117836855527
0.839703405039683
0.09261730232007839
0.7702329414987958
0.6731529184613542
0.22741475788154616
0.3061625900971458
0.6649968058551763
0.22741475788154616
0.7335207087379697
0.48823559124340654
0.7648323866606037
0.46528315303775925
0.5168358356989373
0.5671396573145273
0.7729823078116769
0.4598020718665583
0.598490101578331
0.5905242739671233
0.7957432703147942
0.5895443380816343
0.031043141090263716
0.7626806624965023
0.0974700255619902
0.9122211407669386
0.36675532924518417
0.9345052376931011
0.659591749679479
0.7643142288109696
0.8536157636745105
0.09318827577684721
0.0974700255619902
0.6372548000411109
0.3977646590207605
0.89831218864953
0.1381578622354874
0.47674427064101743
0.10493107757995337
0.3248249418604143
0.39719909067027614
0.6089042799204544
0.619483871401583
0.8717871004089436
0.11786386060362528
0.5899042301415984
0.23167580330374926
0.7486949176627297
0.4388515378085269
0.6444879184188643
0.6640944372472171
0.7702329414987958
0.9053757042024062
0.49202519614649887
0.1490201469970747
0.9122211407669386
0.154055045683745
0.49202519614649887
0.5911073884632859
0.09261730232007839
0.5906954150509918
0.6689624646398468
0.5050831746347919
0.7172313831529117
0.4872650100707395
0.18332420863304566
0.5884231414491234
0.3348374629939422
0.7977493350517746
0.37648007323286553
0.34014181863134707
0.9345052376931011
0.08108894436136999
0.5262395904405612
0.04653709627991061
0.3790524712282547
0.3977646590207605
0.7643142288109696
0.05120325479255844
0.6220856260583276
0.49956884923444994
0.6731529184613542
0.1381578622354874
0.1003018436201753
0.3439994936527454
0.619483871401583
0.9561112725936771
0.7626806624965023
0.18332420863304566
0.3348374629939422
0.8888603536586924
0.2339256064317028
0.7419370833214447
0.13917553228733714
0.49956884923444994
0.20814018389583633
0.8536157636745105
0.09318827577684721
0.24649575609435082
0.8342061138494308
0.04653709627991061
0.4044599535412288
0.5168358356989373
0.6649968058551763
0.39540208282732636
0.4251628192357551
0.27964582750856826
0.9536241924588096
0.42541036510424846
0.659591749679479
0.1496812835698879
0.2797274043136847
0.6088351003747268
0.5884231414491234
0.24649575609435082
0.3662842260273589
0.764267305206088
0.24510265356548688
0.47674427064101743
0.5216669252946662
0.05120325479255844
0.5899042301415984
0.9083605072834003
0.738731610631384
0.39719909067027614
0.7135524765305016
0.10975889771671182
0.9434434868496355
0.27797588153824654
0.5912000831024627
0.5216669252946662
0.5912000831024627
0.89831218864953
0.27797588153824654
0.09579386487210825
0.9995233484240581
0.08961052845921125
0.4342196761429816
0.8873542969333073
0.4952935479955197
0.2073570177829272
0.3439994936527454
0.2442645608836359
0.036567392792770076
0.58491215898778
0.9053757042024062
0.6980338468898418
0.6387375721177042
0.02790044220102572
0.6126542792634097
0.043891765801165994
0.7957432703147942
0.9561112725936771
0.043891765801165994
0.8342061138494308
0.3288648496224188
0.1496812835698879
0.6011291474966476
0.17509915359270278
0.5966161424643194
0.7811492764725976
0.4342196761429816
0.5083396375601787
0.36675532924518417
0.2172542711384663
0.6220856260583276
0.3530354557860569
0.1526285440407718
0.04507132181739854
