0.6386917399722682
0.19252976590995186
0.6386917402501113
0.6386917427062333
0.6386917400805874
0.6386917430416752
0.6386917411108426
0.638691742262423
0.638691741580951
0.6386917439968098
0.6386917405750437
0.638691743781589
0.19252980239786288
0.6386917426996478
0.1925292776891096
0.6386917394336199
0.638691740684381
0.19252976398089924
0.19252967739925597
0.1925292776891096
0.6386917381854711
0.1925294841806351
0.1925299044642983
0.6386917401730778
0.6386917425987599
0.6386917409155284
0.19252942466486764
0.6386917417766171
0.19252899965697984
0.6386917420155618
0.63869174122072
0.19252948093113476
0.638691736433981
0.638691740876903
0.19252952946427063
0.6386917448044261
0.6386917428344991
0.6386917436064647
0.19252976590995186
0.6386917429164153
0.6386917356107065
0.638691742749131
0.19253002283919174
0.6386917427839827
0.19252899965697984
0.6386917429164153
0.1925292958759114
0.19252958208473708
0.1925296524683448
0.6386917402981336
0.19253014397296972
0.6386917427762073
0.638691740876903
0.6386917440566584
0.192529394976323
0.1925294395445445
0.6386917341025349
0.6386917428798703
0.19252936958669112
0.19252947074405774
0.6386917442701137
0.6386917417367972
0.6386917416755813
0.6386917401154362
0.6386917415593707
0.19252954438610365
0.19252954438610365
0.6386917406662412
0.6386917420129782
0.6386917445308151
0.6386917433642134
0.6386917410915858
0.6386917397442973
0.6386917422462225
0.6386917403058968
0.63869174063095
0.19252893251091927
0.6386917421557148
0.638691743202053
0.6386917432787089
0.6386917388198743
0.1925297899526688
0.6386917428344991
0.6386917440427644
0.19252968602724746
0.6386917437606875
0.6386917430392893
0.19253005236329063
0.19252949682708134
0.6386917453091665
0.19252980239786288
0.6386917411209689
0.6386917427633698
0.6386917413677937
0.6386917413427297
0.6386917413896701
0.6386917421327172
0.6386917393258754
0.6386917403098669
0.6386917435711275
0.6386917404308718
0.6386917425573448
0.6386917415593707
0.19252935101523
0.6386917427390002
0.1925294062608603
0.6386917421243102
0.19252995129473155
0.6386917415808492
0.6386917412200667
0.6386917379262732
0.6386917356107065
0.19252948264556344
0.19252952128781914
0.6386917456264891
0.19252958208473708
0.638691744279459
0.1925293011024266
0.6386917385285557
0.19252952128781914
0.6386917438659464
0.19252951389447093
0.6386917373992341
0.6386917404180977
0.638691743202053
0.19252958600707099
0.6386917444313094
0.19253014397296972
0.6386917392386707
0.6386917442701137
0.6386917429855365
0.6386917418683822
0.6386917446745579
0.63869173907858
0.6386917441799403
0.19252987698894397
0.6386917430392893
0.19252946604120325
0.6386917440229434
0.6386917406330967
0.19252978683217598
0.6386917511655903
0.6386917380633772
0.1925295661877335
0.638691742273549
0.6386917401009699
0.19252946586255154
0.6386917427762073
0.19252983156540204
0.6386917408449646
0.6386917426996478
0.1925296347127321
0.6386917434569067
0.19252968602724746
0.6386917417001197
0.19252947959378192
0.6386917410840347
0.6386917409155284
0.6386917405767933
0.19252917819200627
0.6386917408441389
0.6386917439808402
0.6386917384640188
0.19252967739925597
0.1925294395445445
0.19252981272212483
0.6386917404180977
0.6386917432839392
0.6386917425573448
0.19252977581572367
0.19252891253513105
0.6386917432787089
0.19252954676654577
0.6386917414273939
0.19252881051934284
0.6386917403098669
0.19252935101523
0.6386917406330967
0.19252949682708134
0.1925292091241969
0.6386917396789498
0.1925292958759114
0.6386917427633698
0.6386917432348324
0.6386917438422758
0.6386917435610026
0.6386917404245771
0.19252936958669112
0.6386917414456598
0.19252947959378192
0.6386917406662412
0.19252978683217598
0.19252878181177027
0.6386917444073941
0.6386917410284044
0.19252963631477799
0.6386917402406334
0.6386917427390002
0.6386917416721885
0.6386917400163985
0.6386917417766171
0.1925297623189436
0.6386917421596221
0.6386917442705304
0.6386917421937843
0.6386917408449646
0.6386917418876994
0.1925292091241969
0.638691742749131
0.6386917411453765
0.6386917423022859
0.6386917400163985
0.6386917429855365
0.6386917418683822
0.19252971958615012
0.19252914330206045
0.6386917411539176
0.19252927046913415
0.6386917404245771
0.6386917428798703
0.6386917416755813
0.19252973874895607
0.6386917404245716
0.19252920106591292
0.19252948093113476
0.6386917411108426
0.6386917404308718
0.6386917422462225
0.638691741923549
0.19252835432620435
0.6386917418876994
0.1925295716899058
0.6386917404769683
0.6386917426536802
0.19252948577696863
0.6386917421596221
0.19252995360465278
0.19252972293146886
0.638691736433981
0.19252972293146886
0.6386917388198743
0.6386917411539176
0.6386917411453765
0.6386917427839827
0.19252976398089924
0.19252967493539075
0.6386917403087229
0.6386917423022859
0.6386917430416752
0.19252938000260966
