0.27964582750856826
0.16430774808237184
0.4502647635717555
0.789974847886959
0.6357611055919017
0.8498064352672701
0.4290992003188962
0.47482155841094276
0.7977493350517746
0.6011962547577522
0.5963870647094016
0.7122512304671151
0.11786386060362528
0.37648007323286553
0.49453531915720766
0.528485265387379
0.8025809808944094
0.4080625153109998
0.13917553228733714
0.16430774808237184
0.4873626547459448
0.4686310845520326
0.12585356801739592
0.8654310957006693
0.839703405039683
0.46528315303775925
0.14979253439964255
0.6719126237072326
0.04800287074242267
0.13509438236902516
0.7988843923030684
0.011315830711710495
0.8258596795174697
0.7823363745502053
0.07181457577669509
0.20814018389583633
0.7622856313585155
0.7823363745502053
0.06181895487382966
0.9434434868496355
0.5895443380816343
0.7364538766936626
0.0867079801451196
0.7177737116594294
0.3288648496224188
0.4435778372959227
0.20032373973132955
0.47584853538194827
0.11627737180527858
0.8711417472440336
0.2689783613903872
0.878227205756375
0.8468707501011234
0.8873542969333073
0.154055045683745
0.07181457577669509
0.4388515378085269
0.7141792513228811
0.25765014013245435
0.31560524029025083
0.4919563058219343
0.8258596795174697
0.5286304957861777
0.49453531915720766
0.7675344378350223
0.3760151684170862
0.3760151684170862
0.8481003793849611
0.7141792513228811
0.5911073884632859
0.8498064352672701
0.5753209831794819
0.6022144173093669
0.4774391808163164
0.8481003793849611
0.4872650100707395
0.12639532487313665
0.3662842260273589
0.598490101578331
0.699706788945856
0.6372548000411109
0.12585356801739592
0.22850117836855527
0.839703405039683
0.09261730232007839
0.7998093758307705
0.6386010187932576
0.13000457390267806
0.3061625900971458
0.6649968058551763
0.3248249418604143
0.7335207087379697
0.5186998702407992
0.7998093758307705
0.46528315303775925
0.5112440758553554
0.5671396573145273
0.7729823078116769
0.3911188783457375
0.598490101578331
0.5905242739671233
0.7957432703147942
0.5895443380816343
0.014083411438104765
0.764267305206088
0.11093146398146958
0.8654310957006693
0.34014181863134707
0.9345052376931011
0.6719126237072326
0.7675344378350223
0.8468707501011234
0.11360783224245169
0.08400858714251083
0.6372548000411109
0.3977646590207605
0.8995924876589294
0.11145957657215216
0.47674427064101743
0.08400858714251083
0.3248249418604143
0.3061625900971458
0.6089042799204544
0.6367533254937991
0.8717871004089436
0.11786386060362528
0.5900241941615865
0.23167580330374926
0.7419370833214447
0.4388515378085269
0.6269373118138134
0.6640944372472171
0.7690617838665273
0.9053757042024062
0.4919563058219343
0.1490201469970747
0.9590111858332079
0.154055045683745
0.5083396375601787
0.5911073884632859
0.09261730232007839
0.5902834416386976
0.6689624646398468
0.5180722627985204
0.6587806457115493
0.4872650100707395
0.2172542711384663
0.5905242739671233
0.42541036510424846
0.7977493350517746
0.37648007323286553
0.34014181863134707
0.9345052376931011
0.08493276101998148
0.4502647635717555
0.04800287074242267
0.3790524712282547
0.3977646590207605
0.7610940197869168
0.07745339993358791
0.5677128403963627
0.49956884923444994
0.7385281861625772
0.16485614789882264
0.1003018436201753
0.3439994936527454
0.6022144173093669
0.9561112725936771
0.7610940197869168
0.14939414612762503
0.23167580330374926
0.8888603536586924
0.2339256064317028
0.7419370833214447
0.13917553228733714
0.49956884923444994
0.20814018389583633
0.8603607772478977
0.07276871931124274
0.24649575609435082
0.8342061138494308
0.04507132181739854
0.3340983486715149
0.6012773537891158
0.6649968058551763
0.296268846497445
0.4251628192357551
0.27964582750856826
0.9536241924588096
0.42541036510424846
0.6357611055919017
0.09579386487210825
0.2438495683371186
0.5819090951575517
0.5863220089311236
0.24649575609435082
0.3662842260273589
0.764267305206088
0.24510265356548688
0.47674427064101743
0.5356047256027424
0.02495310965152897
0.5900241941615865
0.9083605072834003
0.738731610631384
0.45777131224601386
0.7135524765305016
0.04706940883323685
0.9434434868496355
0.31560524029025083
0.6269373118138134
0.5077291249865901
0.5356047256027424
0.8970318896401307
0.2762243587628084
0.09579386487210825
0.9995233484240581
0.08961052845921125
0.4342196761429816
0.8873542969333073
0.4686310845520326
0.20657385167001807
0.3439994936527454
0.25685331846352255
0.06181895487382966
0.58491215898778
0.9053757042024062
0.6980338468898418
0.6387375721177042
0.02790044220102572
0.6126542792634097
0.043891765801165994
0.7957432703147942
0.9561112725936771
0.043891765801165994
0.8342061138494308
0.3288648496224188
0.1490201469970747
0.5753209831794819
0.17509915359270278
0.5947421833503077
0.7799621783949899
0.4342196761429816
0.5083396375601787
0.39336883985902127
0.2172542711384663
0.6387375721177042
0.3530354557860569
0.1526285440407718
0.04507132181739854
