0.4657955509520385
0.7935915214008994
0.5007877356233019
0.5544519411859872
0.14203276606409732
0.8414739839596855
0.7614638348261384
0.34775531843126384
0.7621261414523395
0.23055434797015145
0.19876238704073007
0.11952565732148968
0.1655554961545206
0.18211039727369038
0.7167534032937593
0.7314371288075311
0.07421778197664781
0.46006212820323766
0.21657611288168516
0.2076736482992096
0.8936792912979297
0.15797044100880603
0.2471526722690643
0.07421778197664781
0.7812008267424987
0.38911963866045085
0.7981928047265398
0.7015156051858411
0.4162396846368601
0.6929767282738022
0.8728674235799507
0.051780896764950055
0.43433224868671083
0.24361967451286565
0.1611641849883872
0.1560971221886242
0.5096780839168076
0.4409994399688208
0.5945190061395549
0.33006793736486284
0.13058235763589052
0.4657955509520385
0.9394942154630895
0.6583639259056238
0.2493067069390111
0.9273570812049616
0.9260553548394086
0.5974820270411298
0.5307769720586977
0.5514801511864122
0.6787399859634778
0.5440159793376136
0.37709638351673647
0.38911963866045085
0.4715808398344967
0.1873273822126855
0.5307769720586977
0.3953567959924068
0.3953567959924068
0.05624470562277334
0.6367391219662724
0.08442715954369959
0.4044715474403613
0.8328794438567797
0.8650419215747497
0.39888817791018727
0.5945190061395549
0.670879142346106
0.759546612392005
0.530845996627358
0.14570496809654218
0.44796092769935103
0.8593888397062602
0.17748388165856221
0.21509813691282714
0.4044715474403613
0.18824176495203887
0.23490756726341128
0.6448640919103533
0.6929767282738022
0.23055434797015145
0.6583639259056238
0.18528979365809758
0.46246833270295307
0.9076471878436163
0.698959132340601
0.2761747131373633
0.4162396846368601
0.8011100333570069
0.5476974657621623
0.4644653643179386
0.9260553548394086
0.7026141275718648
0.30506071567896353
0.7924689010768575
0.48690385406192527
0.7780641462473346
0.4644653643179386
0.7314371288075311
0.6309534803852188
0.5804636268997615
0.2471526722690643
0.13058235763589052
0.7095723055623568
0.55715087313986
0.7760625762859843
0.14158493151933416
0.6114827796767818
0.48690385406192527
0.3861845207936153
0.7691892501485758
0.17805373241901476
0.6179286809735425
0.14158493151933416
0.2076736482992096
0.4888258769781043
0.7945607109075882
0.8337569207664286
0.2761747131373633
0.8251803482992697
0.20943921633668303
0.7719532413676674
0.5544519411859872
0.41768899984793106
0.900406185610223
0.14570496809654218
0.2836248142817407
0.12839471000756938
0.181836054542683
0.13734183971328573
0.31529302746499577
0.4155088347201271
0.698959132340601
0.8105561404179886
0.6787399859634778
0.5200800333318037
0.09732930261429695
0.7812008267424987
0.1804914768228959
0.644301376709105
0.6114245615669404
0.2916447594161815
0.424920541703419
0.9451871917922177
0.710611369780342
0.8334489760283244
0.6797786552866939
0.21509813691282714
0.46006212820323766
0.39888817791018727
0.44976996495928356
0.20943921633668303
0.7026141275718648
0.5919991730406653
0.5436658841101379
0.5149564538220401
0.9458845986361738
0.7780641462473346
0.7291697463866016
0.7826571116028485
0.710611369780342
0.39168798507639074
0.4094977793158925
0.23702809579566975
0.867558028094204
0.5476974657621623
0.46554475489236885
0.1804914768228959
0.9552330967258178
0.6367391219662724
0.141137096974571
0.1669119722951426
0.7291697463866016
0.8470673287802297
0.21657611288168516
0.4409994399688208
0.8728674235799507
0.17805373241901476
0.7654160088511333
0.9220811433515231
0.7614638348261384
0.55715087313986
0.6114245615669404
0.18528979365809758
0.6355281399996402
0.46246833270295307
0.8176108241447344
0.7945607109075882
0.8251803482992697
0.18824176495203887
0.36726464417322413
0.5514801511864122
0.8591644690486204
0.13734183971328573
0.5227936013928414
0.36726464417322413
0.1611641849883872
0.8337569207664286
0.7963357423377537
0.17354177923230898
0.7826571116028485
0.5943915081365861
0.09732930261429695
0.1560971221886242
0.7761109366339111
0.8334489760283244
0.9451871917922177
0.05624470562277334
0.6467340212555663
0.9394942154630895
0.5441910269513515
0.7614289861039035
0.18211039727369038
0.15797044100880603
0.46554475489236885
0.39168798507639074
0.23702809579566975
0.7614289861039035
0.6448640919103533
0.4715808398344967
0.8328794438567797
0.08160960710209042
0.2493067069390111
0.13478264172110027
0.1669119722951426
0.4497444852496287
0.8105561404179886
0.12839471000756938
0.051780896764950055
0.5441910269513515
0.027949245387971833
0.2916447594161815
0.424920541703419
0.7761109366339111
0.24967061926890224
0.7483428081823422
0.7736526121505516
0.8591644690486204
0.48205902919571186
0.670879142346106
0.16582681827910417
0.9609246751355978
0.48205902919571186
0.7935915214008994
0.10610169230159734
0.900406185610223
0.8936792912979297
0.6179286809735425
0.44976996495928356
0.19876238704073007
