0.33289787107945923
0.2159784803858395
0.4919038300257647
0.7747877254694553
0.5414147307486021
0.8517110994708903
0.4269080833171278
0.458850741548589
0.6609086579514489
0.6335719880378216
0.8174956649929814
0.655942943218677
0.1325101602087683
0.46107870436614845
0.39540208282732636
0.4610520839093474
0.8288444553926344
0.3437610052781509
0.08214596256207395
0.2159784803858395
0.5838901620755166
0.3586672508170383
0.0873649977885591
0.7747877254694553
0.7925511208004987
0.45173283413466164
0.10439309388955381
0.6407077179856058
0.08214596256207395
0.3459601101906183
0.8040836760815114
0.03380526694151689
0.8167429461056628
0.8167429461056628
0.1836750360575711
0.33390213401394675
0.6703737965382921
0.5216558342272225
0.11283938443647773
0.9434434868496355
0.6627712913566908
0.6627712913566908
0.08593929014049287
0.8040836760815114
0.30202271203176323
0.5938480249845024
0.1611429725095891
0.4644907677554838
0.1645843535070534
0.7865506379628707
0.20506250215986435
0.8918014549793907
0.8553411555520103
0.8553411555520103
0.13221334214080763
0.15952823138138353
0.5159370627649784
0.5129279094899228
0.236748905719665
0.3152617024894344
0.5500274760969993
0.8452212200197147
0.5747773175498159
0.656996038047544
0.6890960878074912
0.20025229320026844
0.282195311095368
0.8256214947379287
0.8110037012559996
0.6581309848428614
0.8320835286532251
0.5896307045877198
0.5379230275813222
0.5428758041964856
0.7329385713187291
0.48923702474343833
0.13061266479530514
0.4269080833171278
0.5896307045877198
0.6827182395436392
0.4610520839093474
0.21652736041312817
0.4345648248053891
0.7774697015867542
0.08937647339293145
0.6930265931938019
0.656996038047544
0.2320660461145852
0.3459601101906183
0.6689780269392919
0.195861252981959
0.48923702474343833
0.4345788524163551
0.7586048538559943
0.4641816543584469
0.5338829231194977
0.5768914724487754
0.6644983791504999
0.3394849021687546
0.5379230275813222
0.7865506379628707
0.7009892942194942
0.8290605583374488
0.03380526694151689
0.7931835568181627
0.12662699676857048
0.8739560324242561
0.4314298256598784
0.842451733271288
0.6407077179856058
0.6890960878074912
0.8420668898822401
0.1312633497028859
0.09481578420964287
0.6048635491422933
0.3481592151030857
0.89831218864953
0.230024728420111
0.46107870436614845
0.09741368981751836
0.45173283413466164
0.1836750360575711
0.655942943218677
0.5938480249845024
0.9093790842408379
0.1287744759150286
0.5884127507916257
0.2131517678918347
0.6785535794312161
0.5246817344384676
0.6218423963844935
0.7413755913149731
0.8761173715271025
0.7925511208004987
0.5414147307486021
0.1254552486107684
0.7284501802098103
0.143532726257082
0.7329385713187291
0.7641239389713383
0.08937647339293145
0.5663558902593472
0.6779092839287543
0.45637449007774405
0.7483763433923367
0.5941798973254254
0.1569387601680739
0.6930265931938019
0.3366251923934118
0.8288444553926344
0.4686759066905456
0.25885783452244715
0.8256214947379287
0.0873649977885591
0.4919038300257647
0.1569387601680739
0.5993230069357123
0.45670197663531
0.8174956649929814
0.05120325479255844
0.6644983791504999
0.44064149769701466
0.6335719880378216
0.1287744759150286
0.12422151900039682
0.2131517678918347
0.529406433480732
0.8320835286532251
0.7931835568181627
0.15952823138138353
0.21652736041312817
0.8739560324242561
0.13221334214080763
0.5838901620755166
0.13610524269489885
0.5216558342272225
0.11283938443647773
0.7641239389713383
0.15938910728096586
0.22435942205453108
0.8647545676617661
0.1254552486107684
0.4314298256598784
0.4686759066905456
0.7284501802098103
0.39540208282732636
0.5559269251930419
0.3152617024894344
0.8100090450444621
0.33390213401394675
0.6785535794312161
0.19569644077096143
0.230024728420111
0.506241863468141
0.4641816543584469
0.22435942205453108
0.38798901058667834
0.842451733271288
0.3586672508170383
0.5246817344384676
0.5941798973254254
0.05120325479255844
0.5559269251930419
0.7309023868465184
0.82368354077141
0.4345788524163551
0.6779092839287543
0.13061266479530514
0.8761173715271025
0.282195311095368
0.5500274760969993
0.49508925810789073
0.529406433480732
0.89831218864953
0.2681298758155898
0.19569644077096143
0.8110037012559996
0.09481578420964287
0.5458306013954581
0.8523496192337777
0.5338829231194977
0.12223460811821174
0.30202271203176323
0.23649771748332304
0.12223460811821174
0.529941046053169
0.8686154212217806
0.7765322739667218
0.5533894794940183
0.10439309388955381
0.6218423963844935
0.043891765801165994
0.7774697015867542
0.9093790842408379
0.043891765801165994
0.8100090450444621
0.3394849021687546
0.24303041842856726
0.5863447837364016
0.12761593568389457
0.600922275964728
0.8523496192337777
0.5295078075489473
0.5533894794940183
0.2681298758155898
0.1312633497028859
0.5129279094899228
0.529941046053169
0.2252955400470842
0.1645843535070534
