0.47044430637900725
0.4980233888258778
0.6910906338283668
0.7017427851102824
0.4996517519803388
0.4627695845216986
0.34966602426661886
0.29792644741058427
0.32601894687955885
0.3456998162575863
0.3519331411346241
0.4512319255087134
0.411938168945255
0.3298367081184817
0.5164911099315448
0.38218368553824145
0.5679542738537513
0.48019581436828823
0.3924343785229791
0.39624164841780707
0.4627680266113073
0.3384305453554708
0.44609565517422384
0.4896432911274949
0.6796498202188523
0.3135367595915802
0.40090544095938285
0.34966705142518
0.3699339488893903
0.542358630341677
0.6028317670924189
0.48019382220822
0.49451238451082974
0.277315085341474
0.37806476560825397
0.3096668045443248
0.6198065118762213
0.4599410976868228
0.5366373895255987
0.48019127698892095
0.4693967601922382
0.27092490580012973
0.6165292422355605
0.38218310177974923
0.41147430562714354
0.2998070714875246
0.15752340842212154
0.5366378813914291
0.4945140360550455
0.38218263276355713
0.45082995029686046
0.5216920352724723
0.5463505878161176
0.6469615525047273
0.3457004556907077
0.2911760136271328
0.31952904227557305
0.4329375786094944
0.5069042532807093
0.2979253936667799
0.6469622295062035
0.3648942757177811
0.48154204572457804
0.45632115889647423
0.3574715790634486
0.5366357205001356
0.4460958010558211
0.5057481847201025
0.2998079530574162
0.5366385292059809
0.4059381108114667
0.513235480632951
0.5752503883714535
0.5875918378956686
0.38568272554291055
0.2837145540763828
0.4959472019717252
0.3266177950344139
0.3742790811631844
0.5675287002484397
0.4539406045097961
0.4059381282117659
0.3519333858278811
0.5057487377278755
0.38218544781184005
0.41470050690238686
0.45994027107395763
0.43293903890485036
0.4297075216644348
0.5194760172343614
0.7937895713619002
0.48515292525303216
0.5057469541579203
0.2178508436303996
0.4818310851826034
0.8146581150548589
0.5057482245525584
0.4059318366670914
0.48598748895564264
0.5752514140343562
0.4147008386038121
0.659135801202747
0.3589763684086065
0.31300005166293793
0.531310041233731
0.6630097049184035
0.4167300074918655
0.5164947337889098
0.7034495122934702
0.3195299135011603
0.47723270211310526
0.4059371395178624
0.5057465915861564
0.33843017480745335
0.20612171419386544
0.47044238537679245
0.4034891542701933
0.34099485714477457
0.34608404438153745
0.4460964036716549
0.2960654800707162
0.45940954899199965
0.6068431643223673
0.36205664151255573
0.4090457982861107
0.41025870916697227
0.4707442104187284
0.3434036222194421
0.40828544455434096
0.40828653730804315
0.4119391485217336
0.3279285364188946
0.2931434450315471
0.48515252541626924
0.5506803470309177
0.35276617332879806
0.18091305210765565
0.41852681244599205
0.1951431212255569
0.3856832452362333
0.35930047859052194
0.27828927185896
0.2557355996202949
0.4508288887246112
0.629310429743237
0.6618594407420374
0.5506810806409401
0.05490507650638934
0.6396075821641792
0.5009873229653334
0.3821828778769535
0.3195294711706918
0.35532337050381196
0.5292823654967187
0.46276850902081273
0.4050658650361641
0.6326257632729705
0.524756609225976
0.5506796408780827
0.4912095906563425
0.5722803377991661
0.4233707953674862
0.6469616352144659
0.48449126163088285
0.5497297997188221
0.33069953437718336
0.38218302307379715
0.5875929222988542
0.6293089026848412
0.4508307738697524
0.22880221457274239
0.3069259696109465
0.38218501528544735
0.4185244151938678
0.41025620426613807
0.14941273025963012
0.5881263890116003
0.13044232352251733
0.4887078265387278
0.24787405926565498
0.4627679754593555
0.49802333672548366
0.6165276558608395
0.36993420081503225
0.287133697261445
0.6098028656285757
0.6097989400566242
0.35747247068346755
0.45632369182780913
0.3519316062905777
0.5201776502700067
0.16473121225119058
0.5881217472255211
0.41338663716944735
0.45632251110745836
0.4683816779653245
0.495946524108562
0.49659438894103286
0.3821838987822001
0.5307090807802683
0.5292823111252497
0.44197208463526266
0.3951343766617233
0.3414759817058569
0.6776607696291415
0.505745683142593
0.3821844915302434
0.2709248928133008
0.5551715442004008
0.343570267890995
0.6412689868065173
0.3821814255289554
0.22673605727136648
0.22029564232395643
0.5739201381274032
0.3298404328991189
0.42959558211164167
0.45083081767341177
0.44197246850849653
0.4502481595118206
0.20919364960217776
0.40593845759091934
0.2672637099330526
0.376235785635455
0.2709232876100177
0.24792293938637738
0.4336686361689708
0.06311088282783574
0.3279300968710164
0.42970820489760386
0.18343667134292135
0.33805330462655403
0.3622530983785432
0.450830717501547
0.4575960479023104
0.5292817319090497
0.14043115644415785
0.5057482734651442
0.4912093165180613
0.4508295479746
0.3434052818557054
-0.1292177113773148
0.2509307039991966
0.35930360219659513
0.2061187924408207
0.5881213909194944
0.4704448475648646
0.2586196977723736
0.5675291389268049
0.26035911045901844
