0.17885617772340626
0.16960870520617866
0.03727805270710637
0.35543201366448873
0.2632693600543456
0.060785591973689324
0.14850046364182043
0.1921117621851739
0.1607360991854669
0.24497846090954223
0.25091557716446405
0.1810365310114027
0.1287972322947828
0.19197593732594082
0.15376188882115727
0.2079034463943371
0.32487757068405704
0.17393340827675352
0.2815845744420393
0.264155723106448
0.16388552407817542
0.10003635513795826
0.11911165901333302
0.14274256259415088
0.30842098372431476
0.18917222434550318
0.08684024556318033
0.005331318179753969
0.22246888627880265
0.31742714044435905
0.1765550057660519
0.13273390322784057
0.2136866124798937
0.07137892646039867
0.09780819109595551
0.10757583203501161
0.041528254648466
0.17788637423018394
0.2616353835730217
0.23842040098727665
0.2645473608413816
0.21658938297360333
0.05141959114417977
0.20135614806018656
0.1860707681100431
-0.09657933717488679
-0.20236549857726216
0.29396887118353004
0.17855656234559994
0.21645016839484757
0.3097984952650444
0.14055864209216468
0.31451807053749037
0.2060585131117809
0.07495324598476935
0.029714761113801464
0.10776856907167534
0.3215880989411372
0.11769695029130556
-0.04346899861667976
0.19218884896962657
0.043717882969889856
0.05050655837294497
0.16099042390415913
0.12135099104917531
0.11716110856155133
0.27613666978242246
0.3510449785754279
0.14652096539207132
0.16340485088957565
0.16072988023351548
0.275066938754394
0.25615681423605785
0.20610160792959825
0.24795240182305944
-0.034179073157261895
0.38069859503915054
0.02197308060014152
0.07188568609740122
0.25727482888378733
0.3096925792279643
0.05583567072107256
0.22023986239498594
0.2736827968437416
0.0007987065799192
0.3186712900255994
0.26698516413076645
0.19391378429677167
0.17763421523671477
0.3498221225626146
0.23474629012176926
0.0476094565778456
0.27471990017931985
0.15536653776155968
0.3101429918973376
0.016049091472134697
0.12378972592850417
0.1484923154032181
0.2800094626138831
0.3636443443494362
0.27166587166845524
0.16861770032198445
0.12760141926857582
0.04457117445439624
0.2799163801809042
0.37240563020218487
0.2027678909813545
0.21326796604216577
0.09894238731455453
0.11443229753058608
0.2263669828478676
0.17338172634983978
0.23015459790662787
0.22760036324306612
-0.007559403544816129
0.07425192292604733
0.14398840632108256
0.013250023863109623
0.24822876708883643
0.20089557699841318
0.19755249165108277
0.20543175982727963
0.3197357119230183
0.2788981706810155
0.01179342941458978
0.19925752257268095
0.30337624295705773
0.12160342554700533
0.18739604342554794
0.1998877959120008
0.25489963852001535
0.22491120053630023
0.2482826694368146
0.34388473715065887
0.2516008906362497
-0.010986333944010829
-0.04998051317742728
0.14298526898244013
0.03226157463021393
0.2515911533351451
0.21776983159080052
0.1878518405557779
0.31163301020788997
-0.09282284876052625
0.3646607134134315
0.3685625655823896
0.3219607302675167
-0.09652934721157656
0.3286737839716334
0.1711189919308171
0.17938290029126552
0.04473288932004563
0.09744523528122358
0.19637730773206646
0.18561239424944137
0.04144111016418352
0.19696957473085822
0.19387179848708425
0.35276415928652605
0.22135978164859374
0.18493034211332735
0.3435826297591625
0.10433126340878908
0.3004020912270736
0.11668009286112627
-0.09481644277660405
0.2044155222048499
0.331397364385089
0.08012031618937945
0.30974932560997037
0.05297997497063803
0.15396573755779983
0.2160943114589616
0.05152355038727544
0.2608827344435348
0.019254396632556653
0.23739244604094709
-0.16790543313998788
0.266164519870008
-0.17332381149314863
0.2739186386821647
0.12833583729664433
0.28209450548082693
0.21462834505065803
0.008667443125579056
0.06925750590991493
0.3140261029895093
0.012003254252960822
0.10613549216393808
0.11334597394145353
0.3644721167613297
0.2296774299337386
0.20528938845513647
0.21064013263813094
0.2109263775053188
0.41799703692276474
0.13764727441013175
0.17023841830097486
0.06264890256490482
0.3952571172481052
0.2478910661497594
0.10355683298633041
0.1154394982750761
0.15570154800659836
0.3873033890460081
0.14903947272558143
0.009116346448529771
-0.001995254525313826
0.25492560801414405
-0.09542272272106457
0.2518914927134464
0.17732069697341135
0.06456457102495683
-0.14780502610660734
0.1628769407018977
0.08401635560076201
0.18258082321785382
0.3315739089585207
0.26119754502732967
0.07304511684167556
-0.039471179588586265
0.14699494096960727
0.20249825697883705
0.15816647560559974
0.005047361980408346
0.15773226950755567
-0.05670084740314121
-0.07431910896935483
-0.09483343336239011
0.26275271220920565
-0.22720990158694915
0.2598911815359513
0.1455810184973016
0.14883462966906805
0.34518598979666815
0.18375593912576693
-0.08665970799429548
0.09761509790811397
0.1042226481040509
0.2673430026910784
0.1052506713445158
-0.016910919212387035
0.10633642564308605
-0.021056198591369202
0.12182239796545509
0.10048556887631437
0.12123728815218258
0.24595730150308853
0.016522779547190135
0.13738508698211394
