0.26674826751053904
0.30301453411917995
0.13169711749474994
0.3275685579806891
0.37677121126927043
0.2188261644828909
0.1488946604972901
0.17540764291830266
0.2333652757512142
0.252766183612812
0.15556911795067285
0.2842820211910574
0.18951008229145302
0.21628263671539197
0.2625576387599965
0.21980475952492864
0.36135317877268686
0.30884704607546
0.3864969052775892
0.3435662685212343
0.31089820251081646
0.16387340725386765
0.2216282032313572
0.3009834580842655
0.39974127814354404
0.1195662191334241
0.2427336643419112
0.056552946108713566
0.31966349114935516
0.33852057738712155
0.3832199128336658
0.18757462880596595
0.10154757960875163
0.22600373890300485
0.12206096773844828
0.20756414323835357
0.35441903068187275
0.2226575984584746
0.29173159892719697
0.36295843826391544
0.2910417877950183
0.19204041636865696
0.32436165920016746
0.3328442442872418
0.25272330906653623
0.07562385658611605
-0.132522465704589
0.3543727538482291
0.3035282586755001
0.21117890887252272
0.35796662030501475
0.29816989988832804
0.2820437295324959
0.270221487036627
0.13405793335628796
0.08703413682964385
0.20868957845941272
0.30140737119532396
0.0664351907437128
0.10319386812653034
0.4456641522851085
0.103489856706299
0.20059691725356493
0.28841298800554777
0.3622617941393276
0.23253394334425082
0.22595441932328716
0.37571949438249486
0.2364231224030366
0.2824915841173868
0.27080168591009607
0.3922250344102865
0.33508350327578335
0.30122146808272654
0.22030982660410034
0.06805496148908752
0.4000778520628161
0.15148667342823854
0.22984190956068232
0.3481601278915879
0.3294194823268406
0.1868319033055809
0.21539710364228734
0.36776630440000224
0.07614766584128867
0.39097154259680894
0.3415251378469147
0.27325589070902323
0.2646175533662433
0.36160028722184795
0.35675226683969463
0.12152519009338932
0.3492515444284131
0.2731622725617412
0.39542971289253864
-0.06580985557052485
0.26301546084284755
0.301337601765614
0.14171776045180828
0.3623803561622846
0.34907780871243893
0.2184721033257635
0.24544096271698185
0.13699397215892864
0.29580779803783597
0.4481383063503079
0.24300392056913525
0.2833366159288398
0.20639780260417187
0.19396706242123318
0.2582320296545037
0.18776179723071018
0.20352354579344195
0.2511380561822798
0.07269786525001168
0.3113280633788316
0.2813068020494218
0.10878685815836257
0.22856855142941776
0.10425553438770913
0.23545972851404126
0.2541688337471854
0.40643633669901824
0.2542929582719212
0.014359774743422083
0.220041913873367
0.3475781186990634
0.21538777108316295
0.331705520461368
0.2797589882763331
0.2349547816358925
0.30810019068825883
0.2937829125489115
0.31892381941826486
0.273026654627954
0.1423109517175304
-0.002712674328862525
0.18193851913688205
0.12214220523739704
0.2793327298651301
0.2633514961666729
0.1954681985263895
0.1203530516368046
0.06247164310456485
0.3946578108271834
0.4867024776733209
0.2930830469071933
0.024161403021939924
0.37333711687747906
0.11947098062339057
0.15856293633743046
0.15797719080763672
0.15293362996830648
0.3397525380452115
0.27428990059660185
0.21846217424376432
0.17464592725842776
0.27079225992458034
0.3732896208245847
0.27966413732539896
0.31425065731946034
0.33815691773667794
0.42415814793290096
0.37702436051100374
0.2844866579508205
0.12554049850247254
0.2960848958849467
0.38972593360887353
0.28842301631500916
0.31926520654803914
0.08707338694672523
0.19217993716004175
0.2863762222026712
0.26135346682213845
0.3655644480729085
0.3797707988678975
0.3538745367781095
-0.0917005984214131
0.2872703294376554
-0.20878187057884337
0.29106072581108366
0.2557780130869132
0.3218890473089273
0.16131630733950134
0.09608316391036645
0.39166736130168606
0.49171819353500873
0.19777346705367832
0.2786746751717891
0.2510912106839545
0.32116159705530667
0.2848123510971766
0.15470245660288187
0.27754589021924586
0.327767752635646
0.3302282703500474
0.3325649750586353
0.2975825774371028
0.19450341739018037
0.29300615244152933
0.2632696427205999
0.29030754553813576
0.2884417033525143
0.2269397347550834
0.501710957295349
0.31366851636456067
0.12004400547573953
-0.011428635310917522
0.26746057654161315
0.04951660068467523
0.4756420073460284
0.14039320878647868
0.032582110503456614
0.05760340445328413
0.308457375038265
0.17914380767999188
0.3224690674224658
0.23620956870520537
0.247205978871042
0.25269067886811863
-0.02745608671878536
0.20131707549416739
0.24097889036031733
0.20288268705960494
0.19158230974921214
0.19422376669462788
0.12886080253436602
-0.042684869796534824
0.15711660804011046
0.21191896397180396
-0.037036755566644805
0.21349944417708436
0.1792856318124017
0.1816462684609579
0.46292283617489693
0.32911180612022145
-0.036519179973521616
0.3371741190339362
0.1794955996665568
0.32778138426863557
0.1352794459566987
-0.048944767679126824
0.17275531612167488
0.22929062624110358
0.06944264115965479
0.241954948011413
0.24281726455766742
0.2591940007157964
0.1582684476926044
0.2649687001623367
