0.7036935781062359
0.26466452633394416
0.7041179058665658
0.6999258445318841
0.7019996292521049
0.7135453931123622
0.7048382961261943
0.7038947967891304
0.7012689277142397
0.7035363570110107
0.7042638076372615
0.6986453845683444
0.6986237437587969
0.7038947967891304
0.7015235114825701
0.7028647772027043
0.26466452633394416
0.7016166572746808
0.6982185728080482
0.7014867905235518
0.705558335214179
0.7221086288917561
0.7072362730737741
0.6904298996611615
0.6999258445318841
0.7004739201498046
0.7015235114825701
0.7097503326414006
0.6973778843522606
0.7130396177270352
0.7070533386286342
0.2513012164207558
0.7042638076372615
0.6902625998128995
0.7025997327159814
0.6996781063412176
0.7031969634374512
0.710375383735864
0.700006900900718
0.7066661077151136
0.7090529708290778
0.6970224276254272
0.7037836364723048
0.33732320645667724
0.27530504698910785
0.707305362725873
0.7046950306141739
0.7025997327159814
0.28417188711932206
0.7019996292521049
0.7125436813859419
0.3266565599527373
0.7025997327159814
0.7061724219641973
0.35896087045797487
0.7406247079724035
0.7080884660027853
0.7030261653254021
0.7061724219641973
0.7113396742574095
0.7046474830097684
0.6997041433338445
0.6906433055413095
0.33732320645667724
0.7090529708290778
0.6995435476968146
0.7038947967891304
0.7029433894243019
0.6986237437587969
0.7008467234436405
0.7048484179007161
0.7056501904131203
0.7096006647979181
0.7041179058665658
0.283255962349764
0.29089410628878987
0.28435334441883126
0.6999258445318841
0.7043476518271405
0.7009076571426492
0.26466452633394416
0.6975434213561054
0.7032262080034664
0.6996781063412176
0.6850310160422479
0.70550763632769
0.7036898204430502
0.6924844097500522
0.7055311164497255
0.7007280616382362
0.707305362725873
0.29089410628878987
0.7013424778448721
0.7237413060631942
0.6992299843203788
0.7056419753022021
0.27530504698910785
0.28435334441883126
0.3179895833959275
0.7091685284256247
0.27102206735681045
0.27972974788233074
0.28977766210622524
0.7079198865924332
0.6949748440015083
0.6988044385849621
0.7125436813859419
0.7199233575494779
0.699601709877228
0.7245538603950291
0.6865727119944567
0.7031969634374512
0.2802383148800633
0.2784084714286283
0.7032262080034664
0.7794033820456625
0.2513012164207558
0.7010949638858232
0.6911713329597367
0.7057830720120526
0.7078614749912269
0.6776156317697708
0.7048162265687327
0.7033892086973431
0.7041016550265167
0.7057830720120526
0.7035279324659158
0.6964679718979486
0.7042638076372615
0.7391403022859409
0.7085485891163559
0.2540240056787805
0.6987880753166474
0.22760934872967623
0.9604350242683555
0.7112458806265797
0.7155509012860952
0.22833666810297462
0.6865727119944567
0.7048382961261943
0.7054658482706474
0.6840763707691822
0.9736565652487786
0.6864516589496994
0.7030261653254021
0.7043610737706845
0.7096006647979181
0.7072362730737741
0.3136918116522621
0.6840763707691822
0.6840053319640178
0.7042983675832065
0.7080884660027853
0.7135453931123622
0.7042983675832065
0.7174647514692035
0.7074360828533537
0.6986006552515178
0.2970785249912164
0.28386199266527085
0.7056925138022863
0.6995435476968146
0.7035279324659158
0.7061427756171307
0.37734572225380913
0.7091685284256247
0.6975434213561054
0.7066661077151136
0.7011587800040343
0.706645292502404
0.7055311164497255
0.7049066434981108
0.7097503326414006
0.6944229215317956
0.7035363570110107
0.7048382961261943
0.7046950306141739
0.28435334441883126
0.3531912327718068
0.2660289228927668
0.699769754722291
0.7041179058665658
0.702508953679339
0.6742056926297691
0.6908023797198095
0.7029433894243019
0.7197149424225807
0.7141956871670381
0.7108208431749021
0.7056865879482359
0.709250806630816
0.13613340626628584
0.7072353868991146
0.7065905394744889
0.7074392006103789
0.7013840852701941
0.28986171202546174
0.2957055006982414
0.2802383148800633
0.25512452454549195
0.7035330623176099
0.3840848093967312
0.9557514136998988
0.7037425968268728
0.6985023155740263
0.7079393143251521
0.6776156317697708
0.6987880753166474
0.7036898204430502
0.3266565599527373
0.21604515742595187
0.5998281843783171
0.7041122513921209
0.7061427756171307
0.5267015710903
0.3840848093967312
0.7090854910682306
0.28167907660731173
0.6982185728080482
0.29101222278667216
0.7007460068481253
0.6973209739487038
0.7183157856531578
0.6999779713481424
0.710375383735864
0.7184038718089059
0.6970329434215098
0.6906433055413095
0.7197149424225807
0.6995290049707128
0.7104932321068687
0.67852215362869
0.7030482027114552
0.028695428359838182
0.7055311164497255
0.33481701825354654
0.7036935781062359
0.6995435476968146
0.7245538603950291
0.6794795006687058
0.254229007268602
0.7052236489174298
0.9671301978942105
0.7264882151738756
0.6979829600276543
0.7223233601979524
0.707557240259957
0.712737336845858
0.7055358606022785
0.7014867905235518
