0.07903594638192846
0.7689622472548581
0.5055516171489809
0.6104567476829116
0.3029433292351026
0.578418701260971
0.26606166263228215
0.5252654572263854
0.04443315583066687
0.2479168213344215
0.41762633168144525
0.5259295590076631
0.859871903525755
0.6637603235830913
0.1971036196146947
0.192578258652219
0.10760040552601091
0.1005229746050853
0.9186599282693569
0.19290295351391984
0.27729667198694696
0.7497367250392033
0.6075919093271173
0.37392770903255745
0.2698314615388623
0.6963996311929274
0.5419172811935263
0.6030130703103439
0.5504938103700142
0.11802399553566767
0.8459795272374417
0.5722504153128156
0.35036608923110213
0.011161797968294751
0.17249464941191417
0.8232583311627654
0.823048988336142
0.8943180500919533
0.18472100691879667
0.5416794903459601
0.3736552937034999
0.90102864300486
0.6705272392094244
0.05410021422805289
0.06329000142828589
0.7298230844531024
0.3089639945833704
0.32454429227869963
0.1825984419142359
0.016386768924872452
0.6464252338100483
0.548185202783226
0.42261236832138893
0.6081612792605773
0.11196203308936459
0.968575311096874
0.22417646612555986
0.597537868637
0.08292760114056674
0.5145202150828768
0.8945257998385575
0.5408905303980126
0.6971610011909428
0.16388744341310812
0.17770848756815816
0.7291877098243439
0.5819911652428575
0.43179791456722416
0.3605662278547499
0.5255376529994155
0.28324891577501055
0.8038811418682167
0.87411418233928
0.5578224555242154
0.1658721004899154
0.5712364015680694
0.8925541286869886
0.3629477310790985
0.2528448547591785
0.36810867380238343
0.5933227196394434
0.06835144211417099
0.6629639526207154
0.7535882126797755
0.6460419408551616
0.8471637594002581
0.09089794179797406
0.6905750440429892
0.19205591765397878
0.8286545182674712
0.7059771508237261
0.9709225189892737
0.8681357003686638
0.24576591635179368
0.8134316539629499
0.26875063306855496
0.15530217092127363
0.48509636776390985
0.6345140007217206
0.07318187246417329
0.19519859245500482
0.878512667037599
0.3423671030366625
0.2592033713249149
0.4538355640911038
0.8611280352385166
0.43385804010754114
0.4682865967338308
0.009473068721577826
0.6471061595207773
0.44559660403518797
0.25097869257685257
0.9288751283151085
0.8514750246391788
0.8125637078062398
0.8930650083335611
0.20755046146345912
0.19969711249574418
0.18326200000193982
0.3808320129384928
0.6811112597668916
0.7416943312048225
0.24657490878211974
0.6910060925932552
0.77016684722449
0.3220987230663942
0.8442502393138162
0.46839436367826237
0.011322720772858563
0.6525156452179726
0.16887725482090754
0.854116149165825
0.18181189034359746
0.19380545277077987
0.9604350242683555
0.9363196840472021
0.8298199214385682
0.011909948623077038
0.7395964048601097
0.5047212620935806
0.6539227333419572
0.3287173106361272
0.9736565652487786
0.5329617147954846
0.3840679666547322
0.5810669022195059
0.26665534005215763
0.6864927217953881
0.19201177218931442
0.5056293961415234
0.7596888046675682
0.027749101060940418
0.15410031882706987
0.9281372437628153
0.9257868474773788
0.7524206623897054
0.3408038089435993
0.20901184238409476
0.3826550420435936
0.2913404639594339
0.13419545435211666
0.8691089589633657
0.3170329852456365
0.4437093278108887
0.31434186592856905
0.3992178254033596
0.9365919278729637
0.5892255951639448
0.9354085931327067
0.09563468146062026
0.7045851430279042
0.01019481782078202
0.8603509941011659
0.12249989550183349
0.9637847591051253
0.03336401482700213
0.9739863676121807
0.6569960658138493
0.7775673833465302
0.2464656346879931
0.2374372042237769
0.8398456199142507
0.16865044914201388
0.6778433354291672
0.5419788205672713
0.8160478846503018
0.14795214718637273
0.6988352837427442
0.9685717030246614
0.6965909903243646
0.17995944661306162
0.09045492218897422
0.6405110996716878
0.944309474659622
0.2207292984225393
0.3576062745757447
0.3159675975839493
0.42131295312584993
0.08296355895912966
0.3341106675661488
0.6693815175726018
0.40979351217842375
0.9557514136998988
0.6921287739573634
0.27407837880133756
0.2660629469275131
0.6091078198577241
0.6547113455846375
0.7020803113687966
0.3903275189685267
0.18999608719906802
0.7357491076423013
0.7064641773283192
0.26977020252269657
0.5267015710903
0.4634086092291556
0.5004045788286359
0.21744447686145807
0.165264313383515
0.38730422676126786
0.5246181133346018
0.31822968158170484
0.7585292320251457
0.41716126806019826
0.5561181200992537
0.8212611440341209
0.9135686347578273
0.522757607218449
0.8770781377804271
0.6583110326490798
0.6947242122632713
0.6075305223750601
0.9781505829836032
0.028695428359838182
0.3177545207898068
0.8804533706912988
0.13624402226975074
0.3218787863250404
0.8381999139513089
0.6185333204860758
0.28474122725073037
0.0590579870077691
0.9671301978942105
0.7566411012576325
0.5321381281958628
0.9079810347357887
0.05067117366431051
0.8341527467658124
0.008013442922471747
0.4099082558687168
