0.7172347930228545
0.20773077677273605
0.6729566783752002
0.6558690062749626
0.346813904140462
0.6478260436125994
0.8242881137390516
0.3482019542684808
0.8428502518904065
0.7504040241393437
0.7464330718735386
0.5959947144532182
0.6959486773184053
0.671949337367046
0.7595866110364711
0.270610384685436
0.6864640281165987
0.713521626588574
0.3775931049663662
0.741465477829403
0.2513183951550044
0.38282226006098774
0.6757517211542257
0.3241069778519555
0.7902183530672822
0.2564617998172096
0.6928862128480398
0.301979042502537
0.5504938103700142
0.18713609965277642
0.7327861753447736
0.5024130172502292
0.8159371813294946
0.6177295281627111
0.27396598686695256
0.2474703893188468
0.6088395286510013
0.8943180500919533
0.20120724223066916
0.5987982280019003
0.3852899150133665
0.90102864300486
0.20773077677273605
0.6209694394874619
0.3188108035705954
0.6633404386762661
0.6187656981062264
0.8320446761196728
0.2696523528281143
0.3188108035705954
0.6478260436125994
0.5463868866860074
0.29739753446196554
0.6478260436125994
0.6298985121577152
0.6957454090703856
0.7073624047637932
0.44037935170595566
0.7139647529730009
0.2789927664795501
0.23202540160495788
0.5850797238260446
0.6099593042046959
0.30677589685951884
0.6734314387535781
0.7006186489248093
0.6179569492924073
0.3852899150133665
0.7649676287723916
0.6160750979448899
0.5826631410638246
0.19399406078756376
0.7401062661283895
0.5578224555242154
0.1658721004899154
0.6345154903773881
0.16829654185485343
0.3629477310790985
0.6741652321345597
0.301979042502537
0.7779555935014039
0.06835144211417099
0.6629639526207154
0.7073624047637932
0.6460419408551616
0.7099864426882091
0.062130978312488094
0.6897613034461001
0.19338633019890816
0.69391331684236
0.7059771508237261
0.3387819154595089
0.6734314387535781
0.3387819154595089
0.7481141565371877
0.652986250351306
0.2474703893188468
0.4943670974468472
0.346813904140462
0.3072031548311875
0.23850077845925627
0.878512667037599
0.19967703782331886
0.26490687800517543
0.24712801422067063
0.301979042502537
0.37734572225380913
0.4682865967338308
0.19968689804194992
0.8197135813170477
0.36030764078695554
0.23387205119098048
0.9288751283151085
0.8005965168198927
0.8431328219338154
0.8611683129277009
0.12911081756388482
0.8297407468540936
0.27587806720807095
0.3482019542684808
0.7107658059827759
0.7240792542665708
0.24657490878211974
0.300990362496682
0.8202016910475401
0.711975597830605
0.7107658059827759
0.5364202217944388
0.8159371813294946
0.6633404386762661
0.6729566783752002
0.6959486773184053
0.8699605361517389
0.19380545277077987
0.9604350242683555
0.8159371813294946
0.7045696814169682
0.07463513216414086
0.6638946173580975
0.10298813893489381
0.6179569492924073
0.23850077845925627
0.9736565652487786
0.6187656981062264
0.5965240413573909
0.711975597830605
0.3255400609827497
0.6122062049984813
0.24406574854597804
0.5056293961415234
0.6542030133140004
0.6729566783752002
0.16970076409616364
0.8297407468540936
0.8222961815666455
0.6861583167314755
0.4403495785790493
0.6762901776064671
0.3826550420435936
0.27396598686695256
0.6762596012221774
0.8808192726107369
0.3968955605489066
0.598680799753707
0.37734572225380913
0.3234141398244993
0.6812540849092142
0.5987982280019003
0.3482019542684808
0.19968689804194992
0.17839819333533055
0.8005965168198927
0.8320446761196728
0.20120724223066916
0.7504040241393437
0.10298813893489381
0.7373038842007489
0.13736031570520468
0.3531912327718068
0.20028297675753148
0.20537973529633607
0.1766839146821319
0.2513183951550044
0.5386524702499513
0.6185084583438656
0.3852899150133665
0.6910213904223007
0.6321439132488482
0.9685717030246614
0.6928862128480398
0.36030764078695554
0.13613340626628584
0.7110798920530467
0.6209694394874619
0.1921427384694454
0.3736973789783029
0.29739753446196554
0.38282226006098774
0.08296355895912966
0.23706336021014152
0.6209694394874619
0.5235983682433687
0.9557514136998988
0.5965240413573909
0.2474703893188468
0.23706336021014152
0.6957454090703856
0.6547113455846375
0.671949337367046
0.49839005734853825
0.18999608719906802
0.5811479104127685
0.7240792542665708
0.3135636948383714
0.5267015710903
0.44037935170595566
0.5938089260573371
0.2996416369900065
0.165264313383515
0.2696523528281143
0.6388114448616582
0.30803878001730334
0.7585292320251457
0.6088395286510013
0.6177295281627111
0.8699605361517389
0.20773077677273605
0.6099593042046959
0.8866744294344224
0.675525592014156
0.7006186489248093
0.6075305223750601
0.6542030133140004
0.028695428359838182
0.19338633019890816
0.7756886351859521
0.1850580367303656
0.3878571752080721
0.8197135813170477
0.6122062049984813
0.2340016136263351
0.7504040241393437
0.9671301978942105
0.8037383581381797
0.8242881137390516
0.8866744294344224
0.12911081756388482
0.8341527467658124
0.24516692550409505
0.4099082558687168
