0.42173832871855493
0.4218215183306306
0.4216498343141735
0.4218565900501093
0.4216418165689449
0.42203923867634163
0.4219294748614526
0.4217293346686244
0.4217105452228329
0.42164211233560384
0.42178804602406966
0.4218149030267395
0.42143223845624816
0.4217206585316913
0.421542647570269
0.4216166900304759
0.4217336177924866
0.4219620889206887
0.42176293191191916
0.4219681658011653
0.4217597907156645
0.42175274026526494
0.4217391711022584
0.42151129747270805
0.4218223788768846
0.4217887394345525
0.42160206186771787
0.42178532175020766
0.4217389201708685
0.4215109295437913
0.4217094674598904
0.42149396954221613
0.42174227081459104
0.42167113963603864
0.4217816164262793
0.4215204477086492
0.42185497247839193
0.42170915539704784
0.42178532175020766
0.42186740495926744
0.4210573465523153
0.4216703823716137
0.42176336597024316
0.42160206186771787
0.4216849238416135
0.42170302108920427
0.4213588181206626
0.42200874805008665
0.4215953011791828
0.4215136351571758
0.42178804602406966
0.42181349987959804
0.4213197031871741
0.42174068035170215
0.42177945109426496
0.4223482580370898
0.42175538831565035
0.42164211233560384
0.42186740495926744
0.42142919991165617
0.42181659537394195
0.42181349987959804
0.4217391711022584
0.42177421092352363
0.42158026868842646
0.42180153560557443
0.4217336177924866
0.4219946367551452
0.42176959989889795
0.4218486499242858
0.4215411068877415
0.4218640113684231
0.4216498343141735
0.421679253082251
0.4218149030267395
0.42190903338401514
0.4213588181206626
0.4216166900304759
0.4218187315868102
0.42187838867280353
0.4216206969382784
0.4215201957158064
0.4216418165689449
0.4231122627576524
0.4218149030267395
0.42182770646755574
0.42176955508832453
0.421686149385366
0.42167113963603864
0.4218304907279433
0.42168895620159724
0.42172054975643936
0.4210573465523153
0.42167113963603864
0.42178459989726735
0.4219242058125548
0.42191351439537444
0.42176293191191916
0.4217695222527635
0.42181659537394195
0.4213463359943748
0.42185979293798953
0.4220968143361485
0.42150581407659854
0.42167539352341216
0.42170915539704784
0.42191067664916154
0.4212754622249519
0.4217597907156645
0.4210573465523153
0.42175274026526494
0.42178532175020766
0.42158816742211425
0.42148029012271837
0.42178804602406966
0.4217597907156645
0.42149396954221613
0.42183150004571585
0.42214309509969605
0.4216493063857196
0.42149459812272416
0.4216586452245818
0.4212023706027752
0.4216673673888917
0.4212622303051788
0.4215102965430713
0.42227563607174146
0.42176336597024316
0.42167029664784855
0.42205315513318803
0.42171983886306397
0.421542647570269
0.42199674603701764
0.4217302982549545
0.4215513501115007
0.42144982441159534
0.42099574639656834
0.42176336597024316
0.4217847658823966
0.42170134900757295
0.42167264402376786
0.42184052542799194
0.421663632340808
0.42176955508832453
0.4217736533149509
0.421765346461769
0.4215889603295081
0.42167029664784855
0.4218636821574853
0.42170505063414643
0.42149459812272416
0.42167157049990195
0.42176293191191916
0.421656061838138
0.4204201766589801
0.42166754036100584
0.42203923867634163
0.42152967491276366
0.42175274026526494
0.4217293346686244
0.4212754622249519
0.42171086334197644
0.4216498343141735
0.42186740495926744
0.4216150602639501
0.4220127788303132
0.4216692171289093
0.42106225144420134
0.4219294748614526
0.421765346461769
0.421623431308138
0.42177945109426496
0.4221114664449667
0.4217302982549545
0.42160547180294217
0.42183083557562506
0.4216849238416135
0.42152181378630255
0.42143223845624816
0.4218760694302847
0.4219796866033385
0.42138503328231475
0.42152181378630255
0.4217206585316913
0.42160206186771787
0.42170988873982557
0.4215834574260575
0.4217572474030372
0.42172309169966554
0.421542647570269
0.42168895620159724
0.4218215183306306
0.4220127788303132
0.4218565900501093
0.4220587057229392
0.42180153560557443
0.4216647970490805
0.4197585758332012
0.42163446499694474
0.4217389201708685
0.4216647970490805
0.4215085219731201
0.42172245562513505
0.4217979965458068
0.42170314710188433
0.4216166900304759
0.42151129747270805
0.4217695222527635
0.42105519800906177
0.4217311502582848
0.42177945109426496
0.4219620889206887
0.4216279342007612
0.4217206585316913
0.4167117878493274
0.4217979965458068
0.4216991182863508
0.4216418165689449
0.4221114664449667
0.4212057768388287
0.4215953011791828
0.4213588181206626
0.42171161202972957
0.4218807515727883
0.42183187132142863
0.4213463359943748
0.42150581407659854
0.42197993603154554
0.42192403789115346
0.42157773693577055
0.4212618644168855
0.42159326651763723
0.4218636821574853
0.42167157049990195
0.4217816164262793
0.4218486499242858
0.42152967491276366
0.42172054975643936
0.4220968143361485
0.4217084857762508
0.4219681658011653
0.42174227081459104
0.4217978255928246
0.4215109295437913
0.42175538831565035
0.4215201957158064
0.4217117983106419
0.4215085219731201
0.42151129747270805
0.42163635099169783
