0.36546669506430524
0.365157787053841
0.3662201266578115
0.36538424383035406
0.3653229988800444
0.3652510349452518
0.365937980973076
0.3651107700313641
0.3653167132557755
0.3657348191359331
0.36529550662465793
0.3648066790841886
0.3656470027284587
0.36486635030280484
0.36580271892151806
0.36526841310795644
0.36521063026709655
0.3653115780200929
0.36508974465208266
0.3652102737705866
0.365152271221128
0.36551787510849393
0.3653087414732022
0.3652331124287636
0.3656109421318994
0.3651305439823906
0.3650365160024082
0.36543845838010913
0.36519082621332427
0.36545968146343827
0.3651494594921938
0.3651480742163736
0.3662342417305297
0.36539792611722244
0.3651017421570548
0.36496952071409305
0.3653614778468242
0.3651017421570548
0.36514377547383003
0.3651891654310076
0.365401262355483
0.36594752381257534
0.36514377547383003
0.36470291270218863
0.36526841310795644
0.36542371833011367
0.36479910393529186
0.3653167132557755
0.36428239587381545
0.3656461733436045
0.365937980973076
0.36521046366541365
0.3653013754890962
0.3651300299060882
0.36519639200228077
0.3648081339947481
0.36527569717001
0.3649336265117796
0.36508974465208266
0.36511825455608116
0.3658366758852851
0.36438459089338693
0.36486635030280484
0.3653614778468242
0.36529550662465793
0.3645322919513606
0.3649034747288988
0.3646500541292212
0.36519082621332427
0.3651132548609263
0.36509650870330007
0.3648191841111246
0.3661165790877385
0.3651007865773514
0.36510823815255816
0.36476955883994117
0.3652649726499977
0.3653115780200929
0.36594752381257534
0.3656461733436045
0.36519181245172216
0.3648122720129945
0.36521046366541365
0.3653130405616328
0.3653115780200929
0.36542371833011367
0.36524985006121213
0.36551787510849393
0.3645070503305508
0.3662201266578115
0.3686505878452469
0.3634309991079554
0.3654249808732207
0.36429158097639047
0.36502417419586136
0.3653087414732022
0.36718449016548993
0.36461936078947044
0.36500568969800223
0.3651305439823906
0.36546142633443585
0.36518015558472783
0.3637045025982554
0.3650566818188553
0.3654198781735755
0.365309206991088
0.36511749369543817
0.3651319055603663
0.36538580173550744
0.36491470143096666
0.3653013754890962
0.36476025846975246
0.3653209959980219
0.3651107700313641
0.36545668069792714
0.3659332580351946
0.36518610976952587
0.3651928077985942
0.3647650828532229
0.3648542617663011
0.3680017089891167
0.3653747312782911
0.3648122720129945
0.36640223914908293
0.3650313983549267
0.36538330038045114
0.3654239727389263
0.36491822396572765
0.36524349082033086
0.3645322919513606
0.3651017421570548
0.36566638418410463
0.36740399439134513
0.3653357461465072
0.36507751199260596
0.36504969883816374
0.3648841250359907
0.36518138800352923
0.3653021931323808
0.365397956010971
0.36650463618663115
0.36596228098136113
0.36570730310346306
0.36524985006121213
0.36519639200228077
0.365600261730682
0.3651641277723458
0.36566638418410463
0.3637045025982554
0.36580271892151806
0.3650739480885728
0.36470291270218863
0.36523177290487685
0.3651305439823906
0.3653229988800444
0.36538221013777644
0.3651132548609263
0.36508974465208266
0.36545968146343827
0.36529806651462576
0.3655994416112795
0.3649006074442989
0.36538424383035406
0.3653229988800444
0.3650579094968199
0.36560128124787106
0.3650970110476454
0.36519353350767886
0.36565409233616486
0.36481570270825436
0.3647650828532229
0.36530284991536305
0.3656470027284587
0.3650414657880218
0.3649046980422839
0.36479910393529186
0.36539792611722244
0.36461936078947044
0.3662201266578115
0.36527569717001
0.3650970110476454
0.36539792611722244
0.3650966492677713
0.36537277263383905
0.3651203610357872
0.36480657018244544
0.365061402851612
0.3650102617331079
0.3650365160024082
0.36514428403912524
0.3652102737705866
0.36521063026709655
0.3653773464527658
0.36503021487990533
0.36546669506430524
0.3655887866309001
0.36521573891320336
0.365190646958484
0.3653587438566636
0.3649787346704247
0.36486635030280484
0.365157787053841
0.3634335418008952
0.3650739480885728
0.3654512143742104
0.36530284991536305
0.36538580173550744
0.36393320792468975
0.3533601044041881
0.3649006074442989
0.36480657018244544
0.36470291270218863
0.3650525349767455
0.36547348831344073
0.36580271892151806
0.36718449016548993
0.3651107700313641
0.3653039360328653
0.3652912102165422
0.3656470027284587
0.3653087414732022
0.3650579094968199
0.3654512143742104
0.3653013754890962
0.36514444528978013
0.3646113934736054
0.3648958791453439
0.36781835676209784
0.36476955883994117
0.36526886651006946
0.36498623019776916
0.36530637803596827
0.3653039360328653
0.3651397414933948
0.365600261730682
0.3656109421318994
0.36524349082033086
0.3651292814007523
0.36529550662465793
0.3658366758852851
0.36566265675230514
0.3653167132557755
0.3658366758852851
0.3656109421318994
0.3654305819565833
0.3652912102165422
0.3648542617663011
0.3655163487443091
0.36463633090078934
0.36557041810309726
