0.5392797308428121
0.3704874093605177
0.37041619520366126
0.37259131489809816
0.3687180391653428
0.3664140808716448
0.3721091926537636
0.36426671579999614
0.3942980269806072
0.3728556003777153
0.37206175278320774
0.33342365064579993
0.3722649157711697
0.3932542673206534
0.35416283996351033
0.3627414940988393
0.3719425955800167
0.36834824944251715
0.3257623856897696
0.36696266295321817
0.3603960075045837
0.37196494141082925
0.36358118343155743
0.3668030267859825
0.3728022343847511
0.36426671579999614
0.3625025386791618
0.3824693560159002
0.37439178443631893
0.36674216527572995
0.3644162138904406
0.36437484183524343
0.36983011165252944
0.3704874093605177
0.3719425955800167
0.3710723362083183
0.3635893006416118
0.36145499247505275
0.3457229541063092
0.38317489686729783
0.37541103664072745
0.3623878884445941
0.36761003835840983
0.3648732178759388
0.35130641286013564
0.3669739591905558
0.36628162089210203
0.36518016353595645
0.35946629770175376
0.3652374488745684
0.3528213103572298
0.3773668062344924
0.3702568353072017
0.36492710972624676
0.35733167284328665
0.3631971418085382
0.36834824944251715
0.3548050438893316
0.3631971418085382
0.3656711755315882
0.37804135037739445
0.357132549270303
0.38166309422258643
0.3942980269806072
0.31266393304172263
0.36678799933553025
0.3469714646085431
0.4106236955318031
0.3644162138904406
0.3932542673206534
0.37285960816704294
0.3619826453159967
0.3648964839444396
0.35230077393113063
0.37449656371909734
0.3545664196708553
0.3773668062344924
0.3619826453159967
0.3699282268808273
0.3728556003777153
0.3674036583081947
0.37196494141082925
0.3853623493526831
0.3652007916857805
0.33342365064579993
0.3606407780620214
0.3771408490497172
0.3942980269806072
0.36507770508324766
0.36886223210868746
0.37015860303234954
0.36731911277455165
0.37259131489809816
0.36342458372561137
0.3648732178759388
0.3682065699167805
0.35482269781809284
0.34616996136019335
0.3606315971227055
0.3603960075045837
0.35733167284328665
0.3602832861203189
0.36983011165252944
0.3624906504252212
0.36615783496730187
0.3668030267859825
0.36261775457743806
0.3646662937207592
0.37633803055785153
0.3627414940988393
0.3783132861588396
0.40740311601052637
0.3722649157711697
0.36426671579999614
0.36597952438173265
0.33577771817419366
0.36628162089210203
0.3457229541063092
0.39520498927749553
0.32987668906221257
0.3083674738760038
0.36729042920971733
0.3747449317813339
0.36834824944251715
0.36358118343155743
0.3795081933319906
0.3627052846261793
0.3696534676023803
0.3634294222621233
0.36437484183524343
0.3548050438893316
0.36052739581988563
0.3610838852494512
0.3616045965631925
0.37058368301158556
0.29448821163964234
0.37206175278320774
0.3680331412712743
0.36696266295321817
0.36983011165252944
0.373009145106121
0.36052739581988563
0.3718925947702343
0.3648964839444396
0.33342365064579993
0.3492785922101483
0.3462319902545083
0.36486319100776243
0.3808522250894384
0.3675291283445947
0.3768684758416592
0.35416283996351033
0.3750706066302931
0.36358118343155743
0.3658523884222992
0.35864333288420336
0.3652504870034656
0.37053830223180517
0.36937729449132123
0.3652374488745684
0.37633803055785153
0.37196494141082925
0.3634294222621233
0.35751517292860086
0.36886223210868746
0.37492564204721107
0.30937888534445335
0.37041619520366126
0.3627414940988393
0.3625472916727583
0.3702642114816214
0.3705130102567512
0.3722649157711697
0.37259131489809816
0.36291157852758316
0.3257623856897696
0.3632619875254037
0.3653329913090138
0.3526344757973692
0.3240053215535721
0.36492710972624676
0.3646662937207592
0.37271629542108853
0.37533976323566476
0.366934253973545
0.3680331412712743
0.3629461605663993
0.3528213103572298
0.37252040694165084
0.3616975930913424
0.3644162138904406
0.36937729449132123
0.3257623856897696
0.3576310731634497
0.3716482390180404
0.3771408490497172
0.36028299086360394
0.3687180391653428
0.3537490547044999
0.7799159623906426
0.3721091926537636
0.35416283996351033
0.38014918176081747
0.3841615689463051
0.3696534676023803
0.3652504870034656
0.36674079439503315
0.34226795603881505
0.3664140808716448
0.3675291283445947
0.3625025386791618
0.34226795603881505
0.3841615689463051
0.34846336339166917
0.37530826016842433
0.3624733229217418
0.36103374563493446
0.3545664196708553
0.3503128488486107
0.3308758074305987
0.37492564204721107
0.36486319100776243
0.3576951427117984
0.37289475089745777
0.39250644933813544
0.3483390092827598
0.37252040694165084
0.20116401004974738
0.36814525859194486
0.36906955102241196
0.3757461021601594
0.37289475089745777
0.36145499247505275
0.34846336339166917
0.37041619520366126
0.3660709345457032
0.3882101665390077
0.36086164850334135
0.36028299086360394
0.39292542589220314
0.3664140808716448
0.37449656371909734
0.39292542589220314
0.3728022343847511
0.3692964479923111
0.36780904620622107
0.41026429587841057
0.36615783496730187
0.3554189860704886
0.37622357937164885
