0.4164894463560656
0.7313218976738477
0.8243385731105274
0.7531379614042021
0.4701790181905901
0.6827037633638039
0.80931778890268
0.6827037633638039
0.4479085547276217
0.4125978011958895
0.2748032722520468
0.4164894463560656
0.15130279825141912
0.7080273861213493
0.16084277902500435
0.790612327165816
0.8220332913233538
0.17766084806916885
0.8898409547973972
0.7831219276346856
0.734886649954682
0.4125978011958895
0.2795840058804604
0.8049651541527986
0.7831219276346856
0.42136281354621496
0.4633824699074282
0.4701790181905901
0.4024277166737547
0.13129947377127746
0.4848080490689136
0.8220332913233538
0.48152569259879724
0.8206009351499038
0.13527933159321484
0.6277879668060523
0.16084277902500435
0.7623432702442291
0.14178654109967806
0.4356171941761344
0.2795840058804604
0.7080273861213493
0.8148570581718451
0.46490797554717883
0.7652641355875622
0.7076938560425238
0.6387179204959167
0.44207231841433625
0.8294327826453035
0.2795840058804604
0.46643348118692946
0.7313218976738477
0.1598205457496287
0.7080273861213493
0.6442681706419398
0.7710482358169731
0.7783828821948017
0.5137369775782099
0.8220332913233538
0.13129947377127746
0.8148570581718451
0.8187132468372017
0.36733800632517905
0.4378055381534669
0.7831219276346856
0.5137369775782099
0.3335941340868915
0.4024277166737547
0.7808949697664295
0.08985955609144648
0.2795840058804604
0.6819010593043333
0.7876268823630621
0.1598205457496287
0.8104006226512834
0.7808949697664295
0.7430740780594509
0.4356171941761344
0.8273637245079716
0.2748032722520468
0.8291939621800003
0.42136281354621496
0.1264634928944851
0.4024277166737547
0.7080273861213493
0.3377503364378785
0.40929177846617376
0.4395858471372595
0.4997567322522258
0.1598205457496287
0.44207231841433625
0.5285061406367737
0.39071466766957014
0.2795840058804604
0.8206009351499038
0.20528394142052153
0.3965150302693967
0.12472559796707956
0.8049651541527986
0.4701790181905901
0.5036231644460137
0.20619619243809062
0.7997760343777053
0.10755681192007138
0.15130279825141912
0.3837026176881655
0.35950000875475374
0.4851517681627606
0.4164894463560656
0.3965150302693967
0.12720664093667536
0.80931778890268
0.4125978011958895
0.7505384251339904
0.8534954402260433
0.7784899616628015
0.2542016509500885
0.2748032722520468
0.8439321552130946
0.4701790181905901
0.8291939621800003
0.8273637245079716
0.7430740780594509
0.6387179204959167
0.10287418778515944
0.16464178087457212
0.7678772262615059
0.764992600388983
0.13527933159321484
0.14178654109967806
0.6585232208913436
0.7711360155582995
0.46490797554717883
0.836440831370744
0.8216236630158503
0.8049651541527986
0.9233034687690445
0.6585232208913436
0.80931778890268
0.4604866644069221
0.08866154479210042
0.4378055381534669
0.08866154479210042
0.18933668403219892
0.49052740341659334
0.48152569259879724
0.09255389760471038
0.6827037633638039
0.176995738472629
0.4604866644069221
0.7783828821948017
0.7678772262615059
0.08985955609144648
0.4848080490689136
0.7167699516256688
0.7878967528151867
0.8587085576496645
0.6277879668060523
0.841925986771143
0.7003355509889689
0.36733800632517905
0.7505384251339904
0.3103251947541576
0.5137369775782099
0.4851517681627606
0.3771929947074348
0.3335941340868915
0.790612327165816
0.6442681706419398
0.8898409547973972
0.25988968739915647
0.4633824699074282
0.7652641355875622
0.20619619243809062
0.4479085547276217
0.4024277166737547
0.13129947377127746
0.8104006226512834
0.8294327826453035
0.17977957879223427
0.8242192323730645
0.7710482358169731
0.7313218976738477
0.8896336676192954
0.14178654109967806
0.7311005792127093
0.8397828163967774
0.246909837896663
0.16084277902500435
0.7829475965154327
0.40632641280509
0.7162586315436953
0.7829475965154327
0.14256074506968514
0.8010978560753382
0.48152569259879724
0.44783863955738723
0.8260806234916349
0.5069884621014261
0.7991939220606356
0.8539155916307779
0.09255389760471038
0.3820823456386835
0.2542016509500885
0.14043543596268926
0.6396325085258466
0.7167699516256688
0.8989218574129585
0.28853573437280444
0.6277879668060523
0.4181744686262706
0.35950000875475374
0.8898409547973972
0.8508718542615075
0.7745349314578416
0.15130279825141912
0.7076938560425238
0.6859924861722096
0.8366385977732835
0.9051677010633928
0.44797762820045356
0.7808949697664295
0.8498480356669992
0.4479085547276217
0.8366385977732835
0.7302473431765625
0.176995738472629
0.7623432702442291
0.8177495342077709
0.3771929947074348
0.25988968739915647
0.16464178087457212
0.08985955609144648
0.734886649954682
0.4356171941761344
0.8397828163967774
0.8457824712561098
0.5283990320641911
0.8539155916307779
0.4395858471372595
0.8156297488444877
0.8260806234916349
0.17766084806916885
0.734886649954682
0.7652641355875622
0.39071466766957014
0.8177495342077709
0.5069884621014261
0.7313218976738477
0.3342681558618281
