0.33167430345533927
0.83761494243372
0.46593298387557636
0.20528394142052153
0.9237743773305996
0.40233555547054545
0.23211376251190063
0.7774824099642094
0.8202139611765571
0.7902989657330828
0.7192859801187524
0.8555369802335845
0.5355349512017071
0.2246662171865471
0.8908773906879065
0.9355614685353056
0.8600052935161835
0.5292989521014932
0.3822658914620674
0.5355349512017071
0.8600052935161835
0.9237743773305996
0.6820368248854308
0.11324986381597314
0.23583545335021458
0.23583545335021458
0.2246662171865471
0.7436068399433546
0.3330698073024951
0.7274780527579034
0.33167430345533927
0.846328963802968
0.5160803894867046
0.8637939232644436
0.9237743773305996
0.493288248935911
0.33048350155594464
0.7991939220606356
0.1274679627428652
0.5720852501887642
0.35022451025266266
0.5542364820017753
0.8617080738007779
0.3387856772859792
0.14704767203878644
0.8131718916601072
0.7829835415110556
0.386566473079826
0.15186458596129745
0.3863864028954698
0.8630578096723357
0.059759348428086834
0.8518179029747341
0.23583545335021455
0.6442681706419398
0.7620581043171295
0.5042932419917601
0.5375738098756591
0.46359667933407894
0.40233555547054545
0.4039892797672477
0.8154259053682587
0.3098282161392089
0.34376703866503
0.9687556353040923
0.9260296997535807
0.3822658914620674
0.36180540969469893
0.04799940347204123
0.9687556353040923
0.9363502073093515
0.6186120759841749
0.7254809197181795
0.06062116594242273
0.8617080738007779
0.6634736408955935
0.5355349512017071
0.5720852501887642
0.45487870244670514
0.4240303950904516
0.2061741376680654
0.3464818782179527
0.7274780527579034
0.11324986381597314
0.6236469958419075
0.4240303950904516
0.3822658914620674
0.23147520576252592
0.4632292866214637
0.12747380240963072
0.3863864028954698
0.5542364820017753
0.493288248935911
0.9613406402026211
0.8733345409119716
0.20528394142052153
0.31086634012323944
0.1202394985971229
0.6615740885640485
0.5451356763335218
0.0727405527960695
0.5672030245590216
0.8617080738007779
0.07810200516892275
0.1274679627428652
0.5451356763335218
0.3330698073024951
0.5708620666905071
0.33048350155594464
0.31086634012323944
0.13013133615561406
0.9260296997535807
0.339420258295873
0.7870002390982275
0.83761494243372
0.9420044162646747
0.2246662171865471
0.30313673057909013
0.8154259053682587
0.5292989521014932
0.918326677840202
0.8637939232644436
0.6236469958419075
0.3486180910902428
0.04799940347204123
0.19067436442329372
0.6865181868383405
0.7355273406656124
0.20988772261179908
0.15186458596129745
0.6585232208913436
0.7192859801187524
0.5160803894867046
0.7902989657330828
0.8034470382656363
0.7298168719103879
0.9237743773305996
0.6585232208913436
0.9260296997535807
0.40900809603718535
0.10178276283605492
0.36345851733801027
0.7774824099642094
0.13013133615561406
0.5917098730819896
0.45487870244670514
0.02002670827311827
0.5855776419966195
0.215115469963669
0.40900809603718535
0.7274780527579034
0.7192859801187524
0.20988772261179908
0.5786587372978631
0.7625100094819872
0.8784738517308965
0.8202139611765571
0.5375738098756591
0.8784738517308965
0.7003355509889689
0.5042932419917601
0.7870002390982275
0.24154395065812975
0.4983592458541118
0.493288248935911
0.4721988044870782
0.8630578096723357
0.9552810467427215
0.6442681706419398
0.8908773906879065
0.23211376251190063
0.49944269909066036
0.7254809197181795
0.3863864028954698
0.40233555547054545
0.40756168546543153
0.11324986381597314
0.9265270848506816
0.8430006875723038
0.23583545335021458
0.7902989657330828
0.7829835415110556
0.7139537809561505
0.8875607958382769
0.15382673901486976
0.6956271208064202
0.9355614685353056
0.20528394142052153
0.2815571701715429
0.7316560052201382
0.6634736408955935
0.6739278682682759
0.7436068399433546
0.2161298004680453
0.7436068399433546
0.4708836538206304
0.5007940682995308
0.8630578096723357
0.059759348428086834
0.7991939220606356
0.918326677840202
0.02002670827311827
0.3464818782179527
0.2246662171865471
0.12642906580204036
0.6547501845457537
0.7625100094819872
0.8864301701120899
0.17657018118207932
0.6417971213240055
0.46593298387557636
0.36345851733801027
0.8908773906879065
0.7874227101350786
0.796738811040546
0.12747380240963072
0.9237743773305996
0.6625863758457023
0.8555369802335845
0.8637939232644436
0.46593298387557636
0.7620581043171295
0.8955362095915107
0.5855776419966195
0.8555369802335845
0.6369009913157931
0.23211376251190063
0.5815753200446173
0.8915227982184867
0.3387856772859792
0.3336619607246929
0.19067436442329372
0.05270747159315903
0.6369009913157931
0.49944269909066036
0.9355614685353056
0.8975289185946534
0.5272848948817241
0.83761494243372
0.3387856772859792
0.846328963802968
0.8603644651477974
0.07068074906834741
0.7425972767119113
0.6739278682682759
0.4039892797672477
0.8114592023309153
0.5865543058157665
0.7003355509889689
0.17657018118207932
