0.40406703422196566
0.3983412791148794
0.8174775901818405
0.4222184950917429
0.8305149523971949
0.44450324534932895
0.44887495570703706
0.09696363021903015
0.4227966634812901
0.4227966634812901
0.14200415951732817
0.4528073495415465
0.14639643433789523
0.15822804272689464
0.46054574292766565
0.7429309479503002
0.19692668116953763
0.08985955609144648
0.2297019727114819
0.4227966634812901
0.7429309479503002
0.3126921456949876
0.4363501708703271
0.14200415951732817
0.44054616486304704
0.8537908591824973
0.7783828821948017
0.7828088213063326
0.4077426929082011
0.13605298576766933
0.40406703422196566
0.3570999368746879
0.13605298576766933
0.7654344453890815
0.42048308231943093
0.41992975469388555
0.44450324534932895
0.7892307081498321
0.1443885560552483
0.42048308231943093
0.8114465640638159
0.46740176215309703
0.8006105221994707
0.8537974240481963
0.38609265249291363
0.7828088213063326
0.7111007972195805
0.403490957270055
0.26575954962579534
0.37400553424852
0.4158702277917263
0.44887495570703706
0.24166114898346946
0.4528073495415465
0.7326980658175675
0.6912732478070951
0.7783828821948017
0.5284473843522507
0.8221697591471996
0.13605298576766933
0.3983412791148794
0.7413595506305167
0.3563805652066827
0.3150590966358176
0.24166114898346946
0.5137369775782099
0.3570999368746879
0.41992975469388555
0.7854981578976276
0.08985955609144648
0.32527461831583354
0.7111007972195805
0.804113908756483
0.24166114898346946
0.7964609972697753
0.8016484505577767
0.7694393050887004
0.3987356061159247
0.8233695479778755
0.3612735652307413
0.4222184950917429
0.46055977289922034
0.3910838038091978
0.38523462342246034
0.7654344453890815
0.3500901283692542
0.3315587250592179
0.40010069455806524
0.46055977289922034
0.14618939964997546
0.3980547546020814
0.44893815284848687
0.4353079625397753
0.3983412791148794
0.8040430482776564
0.2632671448347044
0.3965150302693967
0.15822804272689464
0.7111007972195805
0.41889890807792196
0.47318390390519777
0.21248412906496764
0.858051002989044
0.09696363021903015
0.14639643433789523
0.3837026176881655
0.4077426929082011
0.4851517681627606
0.40406703422196566
0.4075715502532164
0.181788691583616
0.7791744766743468
0.3983412791148794
0.43878631228761894
0.8537580348540024
0.7630416541186732
0.2168024871391684
0.18940607866042722
0.8311887272602299
0.4835054153207291
0.8268070718944515
0.8178930747801169
0.7719871182732709
0.6912732478070951
0.1052183533142261
0.16464178087457212
0.8221697591471996
0.7986811323326016
0.13527933159321484
0.14178654109967806
0.6585232208913436
0.7711360155582995
0.4537452369371035
0.8074940534751504
0.8216236630158503
0.8164524031919188
0.8311887272602299
0.6585232208913436
0.7326980658175675
0.22801790129147995
0.09484499387882189
0.26575954962579534
0.1052183533142261
0.24359902485582766
0.3910838038091978
0.44054616486304704
0.09696363021903015
0.7413595506305167
0.15822804272689464
0.46740176215309703
0.7326980658175675
0.7908336522834287
0.14200415951732817
0.44054616486304704
0.7358280569962173
0.7868492701566476
0.8178930747801169
0.5284473843522507
0.841035539647762
0.7558910575263924
0.4222184950917429
0.7712535917245422
0.3126921456949876
0.46987201332980005
0.4851517681627606
0.41889890807792196
0.3570999368746879
0.7630416541186732
0.6912732478070951
0.8174775901818405
0.3563805652066827
0.4624494202850558
0.7986811323326016
0.21248412906496764
0.40216019063374797
0.34190242153303824
0.13605298576766933
0.8006105221994707
0.8114465640638159
0.17838765863243164
0.805983879545262
0.7460295601833888
0.7537749758934323
0.8460893277670735
0.14178654109967806
0.7739746646532226
0.8026136177028783
0.16139006932184932
0.16644880203972587
0.787485161405409
0.3987356061159247
0.7320966728400734
0.7828088213063326
0.1443885560552483
0.7851034748753104
0.4622009522596613
0.43878631228761894
0.7858017874981086
0.44887495570703706
0.7712535917245422
0.8537908591824973
0.14200415951732817
0.400674153490501
0.2168024871391684
0.14043543596268926
0.7235632810004985
0.7320966728400734
0.8071804529277553
0.18940607866042722
0.5682020001041326
0.4077426929082011
0.3963930119000325
0.8069875784640675
0.8348662403763516
0.7719871182732709
0.14639643433789523
0.8041112477435638
0.7413595506305167
0.841035539647762
0.858051002989044
0.4622009522596613
0.7967264097871049
0.8348662403763516
0.44450324534932895
0.8401450925243809
0.7571153585065895
0.2297019727114819
0.7623432702442291
0.8305149523971949
0.31163046139650175
0.32527461831583354
0.16464178087457212
0.08985955609144648
0.7358280569962173
0.4624494202850558
0.8076932769464888
0.8016484505577767
0.4835054153207291
0.8537974240481963
0.400674153490501
0.8156297488444877
0.7868492701566476
0.181788691583616
0.7429309479503002
0.7696645802553623
0.4353079625397753
0.8346907100781759
0.49222858330184954
0.7537749758934323
0.3500901283692542
