0.4164894463560656
0.7278511025692862
0.4479085547276217
0.8109343049146952
0.7446014354834897
0.7590416961845458
0.19692668116953763
0.4532466660647452
0.2632671448347044
0.3722974522163376
0.8068668523803603
0.7919957423052397
0.7590416961845458
0.8460893277670735
0.20492047822281323
0.10756251884329276
0.46055977289922034
0.8006105221994707
0.2967110515884863
0.2632671448347044
0.8068668523803603
0.47544981589334623
0.46746440595971483
0.7623432702442291
0.4984732442562155
0.8538105537795943
0.4803113530934451
0.7712535917245422
0.3994103642868936
0.8041112477435638
0.46746440595971483
0.33393114497435983
0.7849838039928594
0.7967264097871049
0.46938571019047637
0.7791744766743468
0.40977929668892066
0.7919957423052397
0.1482597465291733
0.46938571019047637
0.8114465640638159
0.7791744766743468
0.8006105221994707
0.2967110515884863
0.3500901283692542
0.7754431446159612
0.7111007972195805
0.4487266061088789
0.2542016509500885
0.3479361454507081
0.47544981589334623
0.4532466660647452
0.3255000486972633
0.7080273861213493
0.6442681706419398
0.7720538321857028
0.7783828821948017
0.5682020001041326
0.8155600667831954
0.1408064977640612
0.7278511025692862
0.8187132468372017
0.35106603381638685
0.4294029591676078
0.19974169912657258
0.5137369775782099
0.38523462342246034
0.3994103642868936
0.7967264097871049
0.08985955609144648
0.2552380177541942
0.7111007972195805
0.804113908756483
0.19974169912657258
0.7964609972697753
0.7808949697664295
0.7430740780594509
0.3568888888654362
0.8233695479778755
0.29170219773378564
0.8114465640638159
0.46055977289922034
0.10756251884329276
0.38523462342246034
0.7446014354834897
0.3500901283692542
0.35106603381638685
0.3821420848329804
0.46055977289922034
0.14577533027413592
0.4487266061088789
0.47544981589334623
0.40977929668892066
0.37858890369552434
0.8206009351499038
0.2632671448347044
0.3965150302693967
0.13946034698116028
0.7111007972195805
0.46746440595971483
0.4696201793110741
0.19692668116953763
0.8109343049146952
0.0990822665592384
0.14577533027413592
0.3837026176881655
0.3847249918470161
0.4851517681627606
0.4164894463560656
0.3965150302693967
0.20492047822281323
0.7791744766743468
0.4125978011958895
0.45900882887398864
0.8537055159284106
0.7630416541186732
0.2542016509500885
0.18940607866042722
0.8311887272602299
0.46746440595971483
0.8268070718944515
0.8178930747801169
0.7430740780594509
0.6387179204959167
0.10287418778515944
0.16464178087457212
0.8287794515112038
0.7756981535160138
0.13527933159321484
0.14178654109967806
0.6585232208913436
0.7711360155582995
0.470447214564385
0.836440831370744
0.8216236630158503
0.8126834118584916
0.8311887272602299
0.6585232208913436
0.7754431446159612
0.4604866644069221
0.09060772119840539
0.4294029591676078
0.10756251884329276
0.18933668403219892
0.3847249918470161
0.4803113530934451
0.0990822665592384
0.7278511025692862
0.176995738472629
0.4604866644069221
0.7783828821948017
0.7678772262615059
0.09120672684807843
0.4627088257026962
0.7167699516256688
0.7868492701566476
0.8178930747801169
0.5682020001041326
0.841925986771143
0.7003355509889689
0.4054005684163851
0.7712535917245422
0.3103251947541576
0.46987201332980005
0.4851517681627606
0.3771929947074348
0.3722974522163376
0.7630416541186732
0.6442681706419398
0.8448204188591774
0.3616950965969785
0.4627088257026962
0.7756981535160138
0.19692668116953763
0.4479085547276217
0.38523462342246034
0.13129947377127746
0.8006105221994707
0.8114465640638159
0.17838765863243164
0.8242192323730645
0.7590416961845458
0.7313218976738477
0.8460893277670735
0.14178654109967806
0.7311481984097817
0.8026136177028783
0.22793514476487675
0.16644880203972587
0.787485161405409
0.3568888888654362
0.7320966728400734
0.787485161405409
0.1421736430846816
0.7919957423052397
0.4803113530934451
0.45900882887398864
0.7858017874981086
0.4532466660647452
0.7712535917245422
0.8538105537795943
0.09120672684807843
0.38153296567009837
0.2542016509500885
0.14043543596268926
0.6396325085258466
0.7320966728400734
0.8068668523803603
0.18940607866042722
0.5682020001041326
0.4181744686262706
0.3963930119000325
0.8448204188591774
0.851475135285639
0.7745349314578416
0.14577533027413592
0.8041112477435638
0.7278511025692862
0.8401450925243809
0.9051677010633928
0.44797762820045356
0.7967264097871049
0.851475135285639
0.4479085547276217
0.8401450925243809
0.7330174241822318
0.2967110515884863
0.7623432702442291
0.8289914012337269
0.3120514163020489
0.2552380177541942
0.16464178087457212
0.08985955609144648
0.7409704204378554
0.4696201793110741
0.8087189249839559
0.8457824712561098
0.49954642468174343
0.8538105537795943
0.38153296567009837
0.8156297488444877
0.7868492701566476
0.16644880203972587
0.7330174241822318
0.7696645802553623
0.40977929668892066
0.8289914012337269
0.49222858330184954
0.7313218976738477
0.3500901283692542
