0.30519942858529986
0.11729604067404047
0.730370790459328
0.7623082443587265
0.4249752683379089
0.3084931666107454
0.7936415863729511
0.10755681192007138
0.3103251947541576
0.40184695938510623
0.2118562080662151
0.40064905692741054
0.4772507003262985
0.8632869212774652
0.12968768390627117
0.4997567322522258
0.7330739201381735
0.17766084806916885
0.5141452634005056
0.03636708993313865
0.7894879442189158
0.4310270470051442
0.7162586315436953
0.2118562080662151
0.8431286545926027
0.7787290469681767
0.47297570805379985
0.4273362505395979
0.7252517929398865
0.4025748147133637
0.20528394142052153
0.2118562080662151
0.8394936268310017
0.35970371757028174
0.7314330688820828
0.44326302009992274
0.17766084806916885
0.46733828749248146
0.13327845791984225
0.40669487287874223
0.8431286545926027
0.8507478892941496
0.33781554457633045
0.8394936268310017
0.7634520282116068
0.7573947090048719
0.6387179204959167
0.40064905692741054
0.8529194914505239
0.45593872200704166
0.8619424700834755
0.7787290469681767
0.25397074100054207
0.0815888058558226
0.6442681706419398
0.7863867039585472
0.803615034615
0.5137369775782099
0.49766182289183
0.1264634928944851
0.8394936268310017
0.7936415863729511
0.33781554457633045
0.4025748147133637
0.13488162954647032
0.08152680728305024
0.4310270470051442
0.382224905537482
0.7622840568995584
0.03636708993313865
0.35970371757028174
0.6819010593043333
0.7529493776852417
0.13488162954647032
0.8439321552130946
0.46733828749248146
0.7330739201381735
0.40669487287874223
0.8659863586972434
0.3084931666107454
0.41411121898399017
0.42136281354621496
0.5044871905050728
0.40184695938510623
0.6341390208026604
0.3084931666107454
0.4137398269577994
0.4250266905089508
0.4997567322522258
0.12385665050337681
0.40064905692741054
0.5285061406367737
0.4249752683379089
0.9114135447138272
0.8152302132004953
0.20528394142052153
0.35970371757028174
0.12385665050337681
0.7330739201381735
0.5141452634005056
0.5285061406367737
0.5672030245590216
0.8156297488444877
0.10755681192007138
0.13327845791984225
0.6762758276865819
0.35950000875475374
0.5143648143184796
0.3971048221688271
0.40184695938510623
0.12968768390627117
0.80931778890268
0.4310270470051442
0.730370790459328
0.8494600494221783
0.7894879442189158
0.2542016509500885
0.2118562080662151
0.8439321552130946
0.5141452634005056
0.9231464992485261
0.8439321552130946
0.7314330688820828
0.6387179204959167
0.0815888058558226
0.1416829713714617
0.7573947090048719
0.7529493776852417
0.11729604067404047
0.14459316905910455
0.6585232208913436
0.7787290469681767
0.5160803894867046
0.8501663692493132
0.8086699377736305
0.7634520282116068
0.9233034687690445
0.6585232208913436
0.80931778890268
0.4772507003262985
0.08152680728305024
0.3971048221688271
0.08152680728305024
0.12968768390627117
0.4997567322522258
0.4858006848712959
0.10755681192007138
0.5855776419966195
0.16648756640200835
0.47241696047889614
0.803615034615
0.7274823992212506
0.11729604067404047
0.4956928681413108
0.7585120385852381
0.8142930309966575
0.8587085576496645
0.5143648143184796
0.8487600349743423
0.7003355509889689
0.33781554457633045
0.730370790459328
0.3103251947541576
0.5137369775782099
0.45593872200704166
0.3771929947074348
0.382224905537482
0.7894879442189158
0.6442681706419398
0.8896336676192954
0.2067962459530067
0.46733828749248146
0.7623082443587265
0.25397074100054207
0.42136281354621496
0.382224905537482
0.1264634928944851
0.8495475211200446
0.8110072059466525
0.2665017485252466
0.8452807194632274
0.7863867039585472
0.7623082443587265
0.8896336676192954
0.1463266903650768
0.6762758276865819
0.9147577334899021
0.20528394142052153
0.17766084806916885
0.8086751210824313
0.40669487287874223
0.7162586315436953
0.8086751210824313
0.13381869188795117
0.8010978560753382
0.4858006848712959
0.49766182289183
0.8318841853976364
0.5069884621014261
0.7991939220606356
0.9231464992485261
0.07755098328934937
0.3820823456386835
0.2542016509500885
0.12712361031817876
0.6396325085258466
0.7549788369611191
0.8864301701120899
0.25397074100054207
0.6417971213240055
0.44326302009992274
0.35950000875475374
0.890048241975499
0.8632869212774652
0.7229892394240484
0.13327845791984225
0.7314330688820828
0.7437956207664757
0.8487600349743423
0.9114135447138272
0.44797762820045356
0.7622840568995584
0.8632869212774652
0.47445429590902843
0.876532949414119
0.7140259560417087
0.16648756640200835
0.7274823992212506
0.8431286545926027
0.3771929947074348
0.3129831288453062
0.1416829713714617
0.03636708993313865
0.7140259560417087
0.46733828749248146
0.8529194914505239
0.835091938567944
0.5282919234916087
0.8494600494221783
0.4250266905089508
0.8156297488444877
0.8318841853976364
0.17766084806916885
0.7437956207664757
0.7162586315436953
0.4249752683379089
0.8431286545926027
0.5069884621014261
0.7003355509889689
0.3103251947541576
