0.3268873991394154
0.22366532056368468
0.3564826836041205
0.19054995905469163
0.3331090867124246
0.7782319119612612
0.778480257536245
0.7869184059608809
0.7879049118087771
0.7910294997965363
0.7876901295917792
0.7869184059608809
0.2924453037818944
0.78649188878037
0.3402607510816398
0.32621016914676587
0.34467109359172193
0.2580311596164942
0.3437680099101314
0.34493019610641434
0.7878555367218124
0.7839681200838872
0.7814053944125119
0.7897323527569465
0.3413545404518799
0.7840438766830881
0.7920578446575924
0.4007304704581905
0.350490988424997
0.7916188126707602
0.3268873991394154
0.3121268045413505
0.3210962261869427
0.7883258735576154
0.7840438766830881
0.7885394038862001
0.7877045471066224
0.3210962261869427
0.31810988365970916
0.3159442147587005
0.3102422351682619
0.3159442147587005
0.7890450757938342
0.35859825627975656
0.3645187081012712
0.7881280454388215
0.7797189884719907
0.3102422351682619
0.31810988365970916
0.7857938789573614
0.34678410231638246
0.4090047547246849
0.32867309119156013
0.3413545404518799
0.3754608837495055
0.33480368997487553
0.778480257536245
0.4819696954031736
0.7845109625516438
0.3210962261869427
0.7876901295917792
0.7869184059608809
0.34467109359172193
0.3248113201920709
0.32852569395356057
0.4819696954031736
0.34493019610641434
0.350490988424997
0.7782319119612612
0.23755951016892282
0.3331090867124246
0.7724985641940695
0.3508002548196629
0.29838771399460284
0.794420901901292
0.35800849240801874
0.34493019610641434
0.31195400125008305
0.7945826688827897
0.30532167145146377
0.3102422351682619
0.350490988424997
0.2973981819218389
0.3696315081460337
0.785255848471889
0.7920588820964269
0.7900666649474989
0.3437680099101314
0.34144592050768835
0.24060488330766502
0.3255000993740857
0.34678410231638246
0.34912282401334904
0.7907309097102386
0.7962743067903366
0.3045163297685749
0.3331090867124246
0.31282829806725065
0.7836813392896721
0.3882383830271013
0.34467109359172193
0.3070745780408252
0.7910294997965363
0.7814053944125119
0.2924453037818944
0.3882383830271013
0.35637651667542014
0.4916168902796827
0.3268873991394154
0.7724985641940695
0.32621016914676587
0.7814053944125119
0.7945826688827897
0.31188833980990927
0.7839681200838872
0.7898587324802642
0.34163976158500287
0.313184709367055
0.7971145469079275
0.44132374339068403
0.8030006051805831
0.7870603166925381
0.3070745780408252
0.7797189884719907
0.10172558783973856
0.16464178087457212
0.7879049118087771
0.7869225597164871
0.3248113201920709
0.31810988365970916
0.6585232208913436
0.7879104413834556
0.3754608837495055
0.7878993822340985
0.3437680099101314
0.785619222947857
0.7840438766830881
0.6585232208913436
0.7877986455515454
0.2580311596164942
0.22366532056368468
0.31875656118843854
0.10172558783973856
0.2924453037818944
0.33534437867886296
0.31188833980990927
0.22366532056368468
0.7782319119612612
0.32559341581382606
0.2916035953558929
0.778480257536245
0.7879049118087771
0.3045163297685749
0.3489075159735309
0.7839681200838872
0.7962743067903366
0.7898587324802642
0.4190119891520043
0.7920588820964269
0.7800784785144401
0.35859825627975656
0.7820842635514106
0.32867309119156013
0.44132374339068403
0.4916168902796827
0.3489075159735309
0.3121268045413505
0.7935851786214648
0.7802798651126355
0.7965160608986702
0.35637651667542014
0.3215768731988528
0.7907712222359106
0.3049419252614143
0.308022254641261
0.3487791981109642
0.23769778806895794
0.7802798651126355
0.8030006051805831
0.31282829806725065
0.7935851786214648
0.7971145469079275
0.788381557746838
0.7907712222359106
0.19054995905469163
0.7869184059608809
0.78649188878037
0.19054995905469163
0.35192665000492634
0.7861526567802857
0.31195400125008305
0.7726912727843889
0.7885394038862001
0.2916035953558929
0.7920578446575924
0.7850791892397011
0.3754608837495055
0.7878458205661198
0.4090047547246849
0.7820842635514106
0.8054234490879525
0.3004342924932991
0.3477461123925643
0.34163976158500287
0.20811561585079877
0.7890450757938342
0.7776517303471723
0.7876901295917792
0.3644462754376818
0.78649188878037
0.34803558704524407
0.34620815709671415
0.7916188126707602
0.7877045471066224
0.7800784785144401
0.24060488330766502
0.7916188126707602
0.784281905482906
0.7885394038862001
0.7907309097102386
0.4007304704581905
0.7900666649474989
0.7877986455515454
0.4190119891520043
0.7945100245867621
0.7834781680781236
0.35859825627975656
0.785619222947857
0.7881280454388215
0.30532167145146377
0.3159442147587005
0.16464178087457212
0.2580311596164942
0.7836813392896721
0.3413545404518799
0.7830998409593882
0.7951542787763382
0.4413454180384666
0.7865799521109778
0.3102422351682619
0.7910294997965363
0.7878555367218124
0.32621016914676587
0.7922838467812805
0.7834781680781236
0.3533633493745947
0.7930533108687912
0.4090047547246849
0.7878458205661198
0.33534437867886296
