0.30519942858529986
0.7502690145588161
0.4480645797449716
0.7274823992212506
0.5891171762009574
0.1416829713714617
0.7882348478596044
0.07762637628460335
0.4858006848712959
0.7827704128200988
0.2542016509500885
0.8086751210824313
0.4858006848712959
0.2542016509500885
0.5891171762009574
0.45266394592702264
0.8318841853976364
0.4997567322522258
0.30519942858529986
0.3538793124603317
0.7334318479231857
0.12968768390627117
0.7162586315436953
0.7882348478596044
0.3538793124603317
0.7827704128200988
0.2542016509500885
0.7672389823450357
0.40669487287874223
0.38259412044428087
0.5451359959229409
0.2067962459530067
0.4480645797449716
0.7622840568995584
0.7567389924258193
0.45489637774766495
0.21783444858279827
0.46733828749248146
0.13327845791984225
0.8659863586972434
0.07762637628460335
0.8659863586972434
0.8495475211200446
0.8416944709625306
0.7162586315436953
0.7573947090048719
0.38179975843457004
0.3670521847870057
0.1463266903650768
0.4558324404233242
0.8619424700834755
0.47445429590902843
0.38259412044428087
0.8516585492935403
0.6442681706419398
0.7882348478596044
0.8343754081257911
0.5137369775782099
0.49574698870683864
0.4480645797449716
0.8416944709625306
0.825803385026957
0.33781554457633045
0.412959088506478
0.9209529493515936
0.5137369775782099
0.4137398269577994
0.40669487287874223
0.7622840568995584
0.03636708993313865
0.31351529672757794
0.6170997591014766
0.7529493776852417
0.07762637628460335
0.8495475211200446
0.793947534335247
0.7331422039117396
0.9209529493515936
0.8659863586972434
0.32311766306501843
0.4008163439926313
0.3282036783857214
0.663497018905838
0.1290703352855934
0.6341390208026604
0.32311766306501843
0.4137398269577994
0.3538793124603317
0.4997567322522258
0.12385665050337681
0.3670521847870057
0.5285061406367737
0.4560450035907591
0.9114135447138272
0.8131395536109146
0.20528394142052153
0.31086634012323944
0.12385665050337681
0.7327739482710811
0.5891171762009574
0.5285061406367737
0.5672030245590216
0.8361808646856556
0.07762637628460335
0.13327845791984225
0.5891171762009574
0.35950000875475374
0.5143648143184796
0.3387887444641356
0.31086634012323944
0.12968768390627117
0.8554504556194065
0.392844503410239
0.7605031493889394
0.8494600494221783
0.8175449703257406
0.2542016509500885
0.2922875770725403
0.825803385026957
0.5282919234916087
0.9213305994183937
0.8416944709625306
0.7331422039117396
0.632073670515893
0.08217649307067311
0.1416829713714617
0.7573947090048719
0.7529493776852417
0.13188300143899329
0.14459316905910455
0.6585232208913436
0.7576159162605962
0.5160803894867046
0.8138332737702251
0.7918006581045496
0.7643042446874292
0.9237743773305996
0.6585232208913436
0.8554504556194065
0.47241696047889614
0.08152680728305024
0.3387887444641356
0.08152680728305024
0.12968768390627117
0.4997567322522258
0.4858006848712959
0.0791300458582649
0.5855776419966195
0.215115469963669
0.47241696047889614
0.4735344556287036
0.7274823992212506
0.13188300143899329
0.5451359959229409
0.7546270439797034
0.8131395536109146
0.8587085576496645
0.5143648143184796
0.8784738517308965
0.7003355509889689
0.33781554457633045
0.7605031493889394
0.2665017485252466
0.5137369775782099
0.4560450035907591
0.3771929947074348
0.40669487287874223
0.8175449703257406
0.6442681706419398
0.8900482419754991
0.2067962459530067
0.46733828749248146
0.7502690145588161
0.31351529672757794
0.4480645797449716
0.40669487287874223
0.1290703352855934
0.8495475211200446
0.8110072059466525
0.2665017485252466
0.8138332737702251
0.8553055620864604
0.7502690145588161
0.8892190932630917
0.1463266903650768
0.6970619219526575
0.9147577334899021
0.20528394142052153
0.21783444858279827
0.8086751210824313
0.7827704128200988
0.7162586315436953
0.8086751210824313
0.13381869188795117
0.8004180293814523
0.4858006848712959
0.4995766570768213
0.8318841853976364
0.08112511578651682
0.7991939220606356
0.9243345209965852
0.0735751592956485
0.3282036783857214
0.2542016509500885
0.12712361031817876
0.6396325085258466
0.7623970331907728
0.8864301701120899
0.31351529672757794
0.6417971213240055
0.4545626539723909
0.35950000875475374
0.890048241975499
0.8703295630099922
0.7567389924258193
0.13327845791984225
0.7567389924258193
0.7334318479231857
0.8624281313807405
0.9114135447138272
0.45266394592702264
0.7622840568995584
0.8570381034704696
0.47445429590902843
0.876532949414119
0.7072977344519377
0.2067962459530067
0.7274823992212506
0.8355094198910555
0.3771929947074348
0.3129831288453062
0.1416829713714617
0.03636708993313865
0.7072977344519377
0.46733828749248146
0.8703295630099922
0.876532949414119
0.5282919234916087
0.8494600494221783
0.4008163439926313
0.7954781686473124
0.8318841853976364
0.0791300458582649
0.7334318479231857
0.7162586315436953
0.41703384203786126
0.8355094198910555
0.5395226282938238
0.7003355509889689
0.24064419055968608
