0.26475470634011333
0.8420643456209311
0.869376778933681
0.9420092314088836
0.7666474626138693
0.8142335103015695
0.4616663065479365
0.4088722636343653
0.10030333960364698
0.14848669894025168
0.31723814518081284
0.5579650161471185
0.7003331263554654
0.3375863706326066
0.7436614640219389
0.12885453394785046
0.13152099772409986
0.34438299161687413
0.9127944143668285
0.48089370506437945
0.12885453394785046
0.3576112820183446
0.40338653177617717
0.8177343078292957
0.7564331448590191
0.14848669894025168
0.4001021438371058
0.4962818850842643
0.46364267256445535
0.9101324209936735
0.48089370506437945
0.8653881438874145
0.9127944143668285
0.9420092314088836
0.4973705037949191
0.48089370506437945
0.7666474626138693
0.3934674745745123
0.4604213640055381
0.8177343078292957
0.40017990879052023
0.30964238853713044
0.6095642534515122
0.3794502854537869
0.8142335103015695
0.9101324209936735
0.48056519366817646
0.3794502854537869
0.7906102758465847
0.40017990879052023
0.43452146837905214
0.40094188912093603
0.8319705736039719
0.26475470634011333
0.13152099772409986
0.13901716778083612
0.44114491897765956
0.07382278134087346
0.344487656158385
0.39680606428306747
0.4262587497082158
0.4088722636343653
0.3288767810988207
0.9093309326855399
0.3195656276561827
0.07382278134087346
0.8706363868521992
0.2109956775995214
0.30285729192831345
0.9180733789132351
0.45238624119539056
0.48056519366817646
0.9109339093018072
0.3655850521646549
0.6095642534515122
0.8142335103015695
0.47039477817589165
0.4649998702519689
0.6645177797907671
0.861479979211539
0.5321818025598005
0.878136943652001
0.4088722636343653
0.14848669894025168
0.22049765815616565
0.4923465899104455
0.5252015919338548
0.34410759148108666
0.10740419579731968
0.869376778933681
0.344487656158385
0.394003386308965
0.48089370506437945
0.40017990879052023
0.9420092314088836
0.33049098254622256
0.8766353544106219
0.38825268404769936
0.8319705736039719
0.3179264108139332
0.48089370506437945
0.21643491453891606
0.8748995057863951
0.41532355832088236
0.4039372361402183
0.4604213640055381
0.43452146837905214
0.2528829672966522
0.6095642534515122
0.3794502854537869
0.7251238886009547
0.6053499894855535
0.4262587497082158
0.13152099772409986
0.3361032579547747
0.3179264108139332
0.4143572258827741
0.5252015919338548
0.6001998585318266
0.29289428648172844
0.5321818025598005
0.9420092314088836
0.4924483879033519
0.34410759148108666
0.9093309326855399
0.8665898247593454
0.661032583251477
0.4714463071055757
0.8420643456209311
0.39680606428306747
0.32399312866407165
0.6047888605229641
0.13152099772409986
0.5667300615237781
0.860216092820564
0.33603310003332104
0.8648264437799176
0.8502205352354469
0.8321180334428182
0.9183703212140106
0.8420643456209311
0.11778419492309133
0.27011924071257715
0.29240978706515236
0.31723814518081284
0.7564331448590191
0.661032583251477
0.860216092820564
0.9645784031871382
0.7666474626138693
0.44114491897765956
0.30964238853713044
0.731237516817545
0.9127944143668285
0.3150579042483762
0.09922175010002046
0.12795018169689895
0.552099408884478
0.10030333960364698
0.9127944143668285
0.7436614640219389
0.4230603934348152
0.17980239010260607
0.9101324209936735
0.9420092314088836
0.8681918121339142
0.8706363868521992
0.8252764969129093
0.16205178598211617
0.3934674745745123
0.8878470364135026
0.9645784031871382
0.6363100523233447
0.46364267256445535
0.8252764969129093
0.2109956775995214
0.8505179940794819
0.3375863706326066
0.31723814518081284
0.9107614095608755
0.07382278134087346
0.49393008949244016
0.3402364068039668
0.38825268404769936
0.14848669894025168
0.5579650161471185
0.16205178598211617
0.34888094744379056
0.21643491453891606
0.26475470634011333
0.4649998702519689
0.3782144963039668
0.43452146837905214
0.8603795351371227
0.8816862820280081
0.731237516817545
0.4962818850842643
0.41532355832088236
0.4230603934348152
0.8653881438874145
0.5837977998943279
0.7003331263554654
0.49393008949244016
0.3375863706326066
0.41545104338838906
0.34079759614483807
0.41545104338838906
0.30285729192831345
0.3288767810988207
0.12885453394785046
0.6001998585318266
0.6645177797907671
0.33049098254622256
0.7666474626138693
0.7436614640219389
0.8319705736039719
0.3906648792299474
0.4973705037949191
0.869376778933681
0.48614548993018936
0.34079759614483807
0.13901716778083612
0.32399312866407165
0.12668673458092294
0.826720178530847
0.48614548993018936
0.9107614095608755
0.8177343078292957
0.16408321370665435
0.8681918121339142
0.5579650161471185
0.30233252264664634
0.9180733789132351
0.60385261663987
0.4962818850842643
0.12795018169689895
0.7003331263554654
0.8505179940794819
0.3782144963039668
0.37926266964302985
0.34888094744379056
0.09766111416606495
0.3934723793425195
0.1108693712460551
0.8748995057863951
0.8321180334428182
0.37926266964302985
0.8766353544106219
0.3402364068039668
0.27011924071257715
