0.39242551053289926
0.3936239165807239
0.843883668437952
0.8454657007397154
0.12728396597625127
0.38907213258817847
0.39122689761771984
0.39078618999494613
0.8441924211909194
0.8437129747739244
0.39100167163264876
0.8454657007397154
0.3927354340860975
0.38933579539651686
0.3940603978567623
0.8471271648987081
0.3909512349383571
0.8443713298192286
0.39473323324181137
0.39234457217564556
0.8471271648987081
0.39283964437629226
0.3937765735805005
0.3933381920105617
0.3918847169635512
0.39122689761771984
0.8443713298192286
0.39724920987838486
0.39198641361316183
0.39357208436549296
0.40003371767506485
0.39184823013481673
0.39493311712390883
0.39151923216528184
0.39359081062395296
0.39027802933019834
0.8455632642157282
0.8432635573260715
0.39493311712390883
0.39359081062395296
0.389662187917917
0.8297338447060567
0.39316312341188464
0.3927217160672393
0.3936239165807239
0.38852288087618997
0.8457950118612019
0.3927217160672393
0.8472329171116878
0.8455681768216431
0.39473323324181137
0.39282949129863404
0.8372784331194281
0.8483701134170332
0.8449299300805073
0.8408249092046187
0.3899712563283666
0.39234457217564556
0.8472329171116878
0.39493311712390883
0.8510480578574742
0.39197461855795385
0.8408249092046187
0.39297071777012577
0.3908698848922217
0.3919202241667505
0.39283964437629226
0.3917998444438608
0.8513358100167375
0.8441924211909194
0.843883668437952
0.40003371767506485
0.8789469467068296
0.389662187917917
0.39377552358390633
0.8452111079957465
0.3985042110620196
0.3916907723266519
0.8445234172880651
0.840966963656505
0.394800493198969
0.8449299300805073
0.39210971853796606
0.12728396597625127
0.3913063800439505
0.3916389899076863
0.3927354340860975
0.39377552358390633
0.25950406173683255
0.8375546900055871
0.38427657792191267
0.391250448454497
0.40003371767506485
0.39729107781904077
0.8460586920859067
0.39198641361316183
0.8476932349137604
0.39078618999494613
0.8370021762332689
0.38390158762699395
0.3925995542576913
0.21643491453891606
0.8543889098883939
0.39529213390192214
0.3927354340860975
0.3924769410032125
0.3868442923626201
0.39384088332267153
0.39316312341188464
0.3927217160672393
0.8440288391326467
0.846292410029261
0.12728396597625127
0.36207988812125524
0.3978834288377621
0.3857415245539042
0.39551355261211735
0.3895695786359692
0.4069725450502615
0.39724920987838486
0.394800493198969
0.8510480578574742
0.36207988812125524
0.3978834288377621
0.8483701134170332
0.8543940070627064
0.3970032482351857
0.3933381920105617
0.8457950118612019
0.3957621158107926
0.3881645604637803
0.3925995542576913
0.39551355261211735
0.39100167163264876
0.3925952786244687
0.39130288305285327
0.8373966755164397
0.8432635573260715
0.8535474915270322
0.8455681768216431
0.8399914858404032
0.39283964437629226
0.389662187917917
0.387947711673587
0.3848842191844218
0.8441924211909194
0.3970032482351857
0.8373966755164397
0.9645784031871382
0.3925443702399265
0.392827058278223
0.3937765735805005
0.8391165554861874
0.38764768977964464
0.3895695786359692
0.13692040655326557
0.3857415245539042
0.3933097466721251
0.38933579539651686
0.8509393793511588
0.8454657007397154
0.4071030919080253
0.3780497524888389
0.3909512349383571
0.8455681768216431
0.8455632642157282
0.8437129747739244
0.8476932349137604
0.3885861178744916
0.3988534389381486
0.39782888389313054
0.9645784031871382
0.37706708266715755
0.38933579539651686
0.8437129747739244
0.3547343564828402
0.8381380123167487
0.38940821952224863
0.39498089816144005
0.8483701134170332
0.13692040655326557
0.39078618999494613
0.40376241672602725
0.3988534389381486
0.25950406173683255
0.39197461855795385
0.3547343564828402
0.3933381920105617
0.21643491453891606
0.3964793695423686
0.3924769410032125
0.397214995991099
0.3931397310746451
0.8443838949745938
0.8391165554861874
0.8412709102856307
0.38857400239817425
0.3925952786244687
0.39282949129863404
0.8445234172880651
0.39198641361316183
0.8297338447060567
0.38783987945411813
0.3961538865704815
0.38764845525796304
0.39286539888593136
0.38764768977964464
0.3815451972096297
0.39357208436549296
0.8460586920859067
0.3868442923626201
0.4071030919080253
0.38322509104856467
0.8248617343927458
0.39498089816144005
0.8381380123167487
0.39027802933019834
0.846292410029261
0.843883668437952
0.39729107781904077
0.40376241672602725
0.12728396597625127
0.39122862710456224
0.39297071777012577
0.8399914858404032
0.38390158762699395
0.8789469467068296
0.3944263156277567
0.39192302069666834
0.840966963656505
0.39782888389313054
0.38907213258817847
0.8443713298192286
0.39357208436549296
0.3931397310746451
0.3780497524888389
0.8248617343927458
0.38958583650542894
0.8408249092046187
0.39070664747533357
0.38857400239817425
0.3878496309880161
0.39100167163264876
0.3881645604637803
0.8543889098883939
0.8455632642157282
0.39192302069666834
0.8440288391326467
0.38862163868332095
0.3848842191844218
