0.3897101953273103
0.8427219713266232
0.84271284083891
0.8428386285053597
0.3897211750923623
0.38964605966663757
0.3896899899450903
0.3896899899450903
0.12848166283783782
0.3897306481424241
0.38968205808506196
0.38934660969469026
0.3896242128395529
0.38964182865758273
0.3894086876331262
0.389684974003083
0.3887906127058351
0.389675826871215
0.3897101953273103
0.12848166283783782
0.38952528739223574
0.3896634716707446
0.38966500200014537
0.3896899899450903
0.38934660969469026
0.3895729574243341
0.38968205808506196
0.3897330874020568
0.38965544750636344
0.38958259134796397
0.38961235254738796
0.3896821231555981
0.3896793425871517
0.3895935759574214
0.3896927335113394
0.3895639395530748
0.8426866913828696
0.3897261861291068
0.8420083369664322
0.38964182865758273
0.8428064223506639
0.38964182865758273
0.8427219713266232
0.12748850602767448
0.38970517491979784
0.8426411523253639
0.8429582931502838
0.38864001460971487
0.38964605966663757
0.3896831260193558
0.12848166283783782
0.389671947071813
0.84183351701517
0.38934660969469026
0.84271284083891
0.12787383423666396
0.8422883451282952
0.38965193929637265
0.8429582931502838
0.8426520644105353
0.3895949664409923
0.3896927335113394
0.8428616125489183
0.38957790874573645
0.38972430309092276
0.38971928485615676
0.3896970830353999
0.38969592324584834
0.8427219713266232
0.38968342169669173
0.38968352629071423
0.3885274531734761
0.3896644923846728
0.38958431974457336
0.12748850602767448
0.8420083369664322
0.3896793425871517
0.3885274531734761
0.3895864310051627
0.8426866913828696
0.38941709784397877
0.84271284083891
0.38927891140823984
0.12789424105261318
0.3896345493155265
0.8428064223506639
0.38977549687806423
0.3896760828688553
0.3897184292818509
0.8417503107447762
0.3896662066043514
0.38958431974457336
0.8426411523253639
0.3895949664409923
0.389864756700207
0.38966244206164913
0.389630893026598
0.3895370556136219
0.8431317381109609
0.3896903690127318
0.38724570212529247
0.2887529520793948
0.8543889098883939
0.38969592324584834
0.3897330874020568
0.3896157743448951
0.3892323919002911
0.38983957195323843
0.3895181815109697
0.38864001460971487
0.3887906127058351
0.8422636610057259
0.3894206537342006
0.3895623884410188
0.3895866042750209
0.3895518586483841
0.38972170313195464
0.38966717007448803
0.3897003016071474
0.3896157743448951
0.3887906127058351
0.12797586831641009
0.3896793425871517
0.38965638734169533
0.8426497244648118
0.842275512889912
0.38952528739223574
0.38965193929637265
0.8424328759315457
0.8420083369664322
0.3895507484471923
0.3895006908669372
0.3897278184039588
0.38952528739223574
0.38971135324995054
0.3897306481424241
0.8424965524985222
0.8423094880962585
0.8423567362102
0.38975532371521565
0.8422200235313054
0.8426593391339829
0.3897031553725623
0.3895589269035409
0.3896821231555981
0.3895623884410188
0.3895687599259135
0.8424965524985222
0.9645784031871382
0.3893889708780873
0.38965544750636344
0.3896651066086026
0.84183351701517
0.3896970948030784
0.3897101953273103
0.12848166283783782
0.38966618176263523
0.38971928485615676
0.3896726226593843
0.8426520644105353
0.8428386285053597
0.3897261861291068
0.38968342169669173
0.3895639395530748
0.38943179622360796
0.842705781818351
0.8427358694720299
0.8423567362102
0.3896662066043514
0.3896921841474649
0.12797586831641009
0.9645784031871382
0.389674152675061
0.38965544750636344
0.8425671009457937
0.38076850327450995
0.3896460973542954
0.3896378197792598
0.3895193295301194
0.8426914777279706
0.12848166283783782
0.3896831260193558
0.38957108896353415
0.3895005553839366
0.3897184292818509
0.3895193295301194
0.38076850327450995
0.8426858207294916
0.2887529520793948
0.38976147692625296
0.3895729574243341
0.38967770887371644
0.3895604119097884
0.8431317381109609
0.8427117840174645
0.8426965256937429
0.3896802425592757
0.38971325503651727
0.3896872463788413
0.38968205808506196
0.38982773208962324
0.8426858207294916
0.3895949855364427
0.38843995710186024
0.3896133081920478
0.3896242128395529
0.3895181815109697
0.3895924080715906
0.38961235254738796
0.38972637643575037
0.3897211750923623
0.3981339839252651
0.389698887714633
0.8424752616973651
0.3894086876331262
0.84183351701517
0.3894086876331262
0.842275512889912
0.8422117319601782
0.38966631147781117
0.3896536963230413
0.12787383423666396
0.3896726226593843
0.3896453120154377
0.8422117319601782
0.38971704605669916
0.8426411523253639
0.3897306481424241
0.3896644923846728
0.842705781818351
0.38927891140823984
0.389721432726178
0.8420070279429929
0.3895949664409923
0.38967770887371644
0.389684974003083
0.8424752616973651
0.3896378197792598
0.8428585807320262
0.38958331283990194
0.38958259134796397
0.3893889708780873
0.3981339839252651
0.3895935826798483
0.8543889098883939
0.8426866913828696
0.38964685361882556
0.8428386285053597
0.3897219045093841
0.38961235254738796
