0.10681558683937191
0.8859211982973049
0.8605354492534388
0.859811079617284
0.861178151125301
0.7850947117820546
0.06101554253686858
0.4009189955919892
0.7405912784541293
0.5354751525081926
0.1396935307824881
0.44788854771424513
0.9302668480982936
0.1396935307824881
0.20718038926878302
0.6605859865996946
0.6899586153285834
0.16391787424613363
0.5095933888851126
0.20051199980809709
0.6605859865996946
0.20718038926878302
0.4636176388650505
0.1396935307824881
0.22502039874263724
0.06101554253686858
0.1627950104401178
0.4090202764177742
0.22870606136346336
0.4433420170478266
0.24061456762099262
0.37441620443540863
0.859811079617284
0.18915529918830887
0.43806029148393794
0.18915529918830887
0.06066589954217022
0.27171126358630776
0.37441620443540863
0.7850947117820546
0.06066589954217022
0.6559654422881221
0.48150554413000207
0.38670330922761575
0.38903754896771486
0.38670330922761575
0.5130910166843466
0.38670330922761575
0.27171126358630776
0.2969525679502535
0.3812622579526465
0.5872386797543522
0.16412904507942236
0.9083652379983562
0.1930812386494543
0.4123636917887882
0.3508263682862822
0.5354751525081926
0.6289710011742459
0.4367450708269533
0.1627950104401178
0.4009189955919892
0.3508263682862822
0.4123636917887882
0.2894604440933505
0.5764693139483911
0.26741623263294173
0.26741623263294173
0.2120475584713476
0.22870606136346336
0.6605859865996946
0.47054479399758986
0.9693048912990108
0.18660726328402508
0.859811079617284
0.9083652379983562
0.4488018437893786
0.44788854771424513
0.6994036558808774
0.8690309965174291
0.7154919468486913
0.8859211982973049
0.9006031985049546
0.1323390311030014
0.11361056784809676
0.7485424171765676
0.5130910166843466
0.22502039874263724
0.06101554253686858
0.8905259338619893
0.26863660513346044
0.5331664216008918
0.5326741965591422
0.3985966327053995
0.3914579744091294
0.20051199980809709
0.8785327154331201
0.2969525679502535
0.7308182040095643
0.34751398858099464
0.5740994284966353
0.26873818351119877
0.8958336407260785
0.7563881455302994
0.5130910166843466
0.7154919468486913
0.5200492123011372
0.16391787424613363
0.5825851954246396
0.2969525679502535
0.5728583229972439
0.4636176388650505
0.3985966327053995
0.06101554253686858
0.37441620443540863
0.3812622579526465
0.16391787424613363
0.5381791331506345
0.6039471670790798
0.3508263682862822
0.5740994284966353
0.9559517660105845
0.4433420170478266
0.43806029148393794
0.9679240346016449
0.8785327154331201
0.8859211982973049
0.5381791331506345
0.859811079617284
0.37441620443540863
0.10452913840357032
0.6039471670790798
0.10723816070710623
0.527977766820148
0.84214516604055
0.20051199980809709
0.8605354492534388
0.8392629193455928
0.8321180334428182
0.9302668480982936
0.8897638609518332
0.08586988100056772
0.23525605712181513
0.22502039874263724
0.2120475584713476
0.7847508656216459
0.5758538626510834
0.8759419513288972
0.9645784031871382
0.7850947117820546
0.4833808179987628
0.16371485696819374
0.8063282592107028
0.24061456762099262
0.1473253759390143
0.09393729922485639
0.14707436431405047
0.112648517062043
0.10883255898969064
0.9280666968071827
0.6899586153285834
0.4090202764177742
0.15830355521605444
0.8510671614086497
0.9280666968071827
0.9120705178189198
0.8510671614086497
0.6963676461447722
0.1930812386494543
0.4090202764177742
0.859811079617284
0.9645784031871382
0.5354751525081926
0.7485424171765676
0.861178151125301
0.26741623263294173
0.8905259338619893
0.37858980816112475
0.8498669041645792
0.9513465179082696
0.06066589954217022
0.4907854357303767
0.26863660513346044
0.5738096990442682
0.10681558683937191
0.4009189955919892
0.1396935307824881
0.2868856007942208
0.20718038926878302
0.268554150824221
0.44788854771424513
0.26102759165259815
0.5028651954532523
0.8605354492534388
0.861178151125301
0.6270654736324193
0.4864955507079817
0.4907854357303767
0.28106519340585695
0.7936583150635274
0.4636176388650505
0.5915727306213602
0.5886932890774913
0.37858980816112475
0.6963676461447722
0.5758538626510834
0.4487587966959503
0.84214516604055
0.32807139073019426
0.037208342402539285
0.5200492123011372
0.6994036558808774
0.19191772033272414
0.7850947117820546
0.6899586153285834
0.8905259338619893
0.4433420170478266
0.4864955507079817
0.9142070218630648
0.4907854357303767
0.2450946196728249
0.10883255898969064
0.3914579744091294
0.1473253759390143
0.8786285511430736
0.48150554413000207
0.9679240346016449
0.8063282592107028
0.11361056784809676
0.8786285511430736
0.46620945036702466
0.2894604440933505
0.9302668480982936
0.6524485527431231
0.5872386797543522
0.14707436431405047
0.6559654422881221
0.9010489304518097
0.3884400529203586
0.44948767441275966
0.20119774343367902
0.09393729922485639
0.5886932890774913
0.112648517062043
0.8689004815238768
0.8321180334428182
0.44948767441275966
0.8290712796430841
0.26863660513346044
0.38903754896771486
