0.3887214821083012
0.3887328797264334
0.3887235570869071
0.3887251152215544
0.38872388831937266
0.3887181689559472
0.8426621331885991
0.8426622381704251
0.3887111605016427
0.8426621440015264
0.8426622018299388
0.38872659564497497
0.8426622423101578
0.38872431926324125
0.38873583742778234
0.8426622423101578
0.8426620248521961
0.3887239644352655
0.3887239644352655
0.38872072023101006
0.8426621370113945
0.38872388831937266
0.38872907078288027
0.38872392404551154
0.38872072023101006
0.38872580315089955
0.38874663017051997
0.38872259524158487
0.38872156891717025
0.8426619958026904
0.3887231552347978
0.38872060088588456
0.8426624420137798
0.38872532189021247
0.8426622025444059
0.38872259524158487
0.3887247581653324
0.38872958859269136
0.8426623433715813
0.3887215067476416
0.38872550697384356
0.38872299384645825
0.842662491333026
0.3887284861492095
0.38872573682787587
0.8426621331885991
0.3887242842832484
0.38872659564497497
0.388735909871421
0.38874530827579945
0.38872539699841496
0.8426621440015264
0.8426619958026904
0.8426622901724475
0.388711229123959
0.3887567458731265
0.842662491333026
0.3887307802503078
0.388723141449008
0.8426623000329486
0.38872072023101006
0.8426623402666582
0.388725172301844
0.8426620049935081
0.38871637632150613
0.38872483811135505
0.3887107225447614
0.3887107225447614
0.8426622977425748
0.8426621578123487
0.3887231552347978
0.3887244382058306
0.3887237954747054
0.38872316717790745
0.38872496351971314
0.8426621039323858
0.3887199206056677
0.8426621973960546
0.842662201863069
0.8426623422570012
0.3887253452606143
0.8426621869880573
0.3887244382058306
0.38872469849512165
0.388722187379474
0.3887260939989725
0.8426622018299388
0.3887181689559472
0.38872156891717025
0.8426628097162753
0.3887239359676444
0.38872580315089955
0.8426622128278684
0.3887247810888941
0.8426620010056121
0.8426620253145831
0.3887214030790802
0.38873682355738404
0.8426624420137798
0.38872483811135505
0.38872392404551154
0.38872060088588456
0.3887227436897478
0.8426619328481404
0.8426622018299388
0.3887253452606143
0.3887203311464937
0.3887242842832484
0.3887181689559472
0.38872951100452263
0.38872907078288027
0.8426623640888171
0.38872078892865414
0.3887236802854273
0.3887215067476416
0.3887288313805851
0.3887321914752804
0.3887217278991697
0.3887111605016427
0.3887328797264334
0.3887368947438268
0.3887245936571629
0.8426624420137798
0.3887215067476416
0.8426622901724475
0.8426621331885991
0.3887235570869071
0.3887217278991697
0.8426621418842573
0.842662095206131
0.38872431926324125
0.3887251152215544
0.38872388831937266
0.38874530827579945
0.3887223719057538
0.38872605132321686
0.8426626291466912
0.8426622734786824
0.8426625304966112
0.3887234558595019
0.8426621432885182
0.8426620248521961
0.3887224734330448
0.3887219169820679
0.38872781568922454
0.3887302920245912
0.3887219169820679
0.8426624008433987
0.9645784031871382
0.38872573682787587
0.38874663017051997
0.38871637632150613
0.8426628097162753
0.3887258337670097
0.388722187379474
0.3887368947438268
0.3887288313805851
0.38871373288488553
0.3887194127873612
0.8426621926384477
0.842662095206131
0.38872316717790745
0.3887284861492095
0.38883105679114693
0.3887287033903915
0.8426623711175738
0.8426619958026904
0.8426621178459351
0.38872156891717025
0.38872454912446375
0.3887302920245912
0.9645784031871382
0.38872060892314453
0.38872935565982464
0.8426617014329334
0.3887107225447614
0.38871648907584416
0.3887239644352655
0.38872299384645825
0.8426622128278684
0.3887251152215544
0.38873246420054164
0.38872060892314453
0.8426624298075882
0.3887214821083012
0.3887221148208468
0.38872078892865414
0.8426624197684542
0.38872644402051587
0.38872951100452263
0.8426619948803282
0.3887260939989725
0.38872259524158487
0.8426623640888171
0.8426622750321928
0.8426621611047149
0.388723141449008
0.3887181451392625
0.8426621949775679
0.3886773985762677
0.8426622025444059
0.8426623292272414
0.38873583742778234
0.3887321914752804
0.3887328797264334
0.3887222004914559
0.38871980898180464
0.3887199513428273
0.38872580315089955
0.38872095377640264
0.3887162574958875
0.38873753853486026
0.3887237380465726
0.8426621611047149
0.8426622866784448
0.8426628097162753
0.3887436391009672
0.8426622250842064
0.8426621306126365
0.3887273395205298
0.3887240308646587
0.8426621039323858
0.3887176446848621
0.8426621440015264
0.8426622381704251
0.3887221148208468
0.8426621789468118
0.38872431926324125
0.3887238124778673
0.8426622381704251
0.8426623147655471
0.38872698765869274
0.8426620248521961
0.38872459462676073
0.38872476623985414
0.38872923160996037
0.8426621419126202
0.38872392404551154
0.38872461630843397
0.3887257390314347
0.38874663017051997
0.3887286066493698
0.38873583742778234
0.3887191496368554
0.8426623000329486
0.8426623422570012
0.3887214030790802
0.8426620602882962
0.38883105679114693
0.3887111605016427
