0.11319644790527927
0.6963676461447722
0.571674832021826
0.22090615552733583
0.24738056936119135
0.06066589954217022
0.3559893110906435
0.4573773134911395
0.22455464938814082
0.5926452294676112
0.6963676461447722
0.2865575994060874
0.6039471670790798
0.3312014923474282
0.1925588710164813
0.7110312047297556
0.4571613969600032
0.25043723429878545
0.8780418518286668
0.30935868719327564
0.7454914763122658
0.1366265219861219
0.4577810727236918
0.12235113584706789
0.32205804567044843
0.06101554253686858
0.8706827861574481
0.4090202764177742
0.5351405868435148
0.8874132719513992
0.3649116594958794
0.8706827861574481
0.14707436431405047
0.1925588710164813
0.7850947117820546
0.1366265219861219
0.06066589954217022
0.30935868719327564
0.4573773134911395
0.7850947117820546
0.09596234507945457
0.22877977626292145
0.9420092314088836
0.39682019485371284
0.2857829970925241
0.3570852222576851
0.466866079268034
0.39682019485371284
0.2942551866032192
0.3804881952525591
0.4381419321922877
0.4577810727236918
0.4577810727236918
0.284917898180206
0.1930812386494543
0.3376927527916654
0.3804881952525591
0.5354751525081926
0.6379691482122046
0.4367450708269533
0.3895930974324222
0.40725112664363744
0.3508263682862822
0.44841072806677024
0.32205804567044843
0.06101554253686858
0.5836490070999847
0.23291677983733905
0.17980239010260607
0.22870606136346336
0.4403866818041203
0.47054479399758986
0.9101860263538302
0.18660726328402508
0.8691718975252021
0.9111163975539103
0.4424153049771946
0.42024400970502346
0.7356076492043978
0.8724864739231631
0.6212302679473206
0.8874132719513992
0.14707436431405047
0.17398306816141007
0.09596234507945457
0.7485424171765676
0.5836490070999847
0.3376927527916654
0.1024512715406969
0.8905259338619893
0.2865575994060874
0.5331664216008918
0.5326741965591422
0.4403866818041203
0.3274671352877544
0.30935868719327564
0.8538019975381022
0.2969525679502535
0.7454914763122658
0.3649116594958794
0.6212302679473206
0.2256894398090491
0.8780418518286668
0.7563881455302994
0.41991538874693407
0.5010053609991659
0.5351405868435148
0.25043723429878545
0.5825851954246396
0.2969525679502535
0.5728583229972439
0.5142471993619502
0.37888116346450057
0.1024512715406969
0.36164800548226816
0.3895930974324222
0.18413410816510015
0.5381791331506345
0.6039471670790798
0.2989514365048146
0.5926452294676112
0.9420092314088836
0.4424153049771946
0.43806029148393794
0.9596352762549573
0.8691718975252021
0.7454914763122658
0.5381791331506345
0.859811079617284
0.3861339256564828
0.22455464938814082
0.6039471670790798
0.10723816070710623
0.527977766820148
0.84214516604055
0.30935868719327564
0.8602500629312552
0.8392629193455928
0.8321180334428182
0.9225354882665086
0.8722764431940716
0.08586988100056772
0.22877977626292145
0.23505750920773105
0.2989514365048146
0.7356076492043978
0.5758538626510834
0.8724864739231631
0.9645784031871382
0.7850947117820546
0.5010053609991659
0.22877977626292145
0.8187834549302219
0.22090615552733583
0.1473253759390143
0.09393729922485639
0.12795018169689895
0.1366265219861219
0.10883255898969064
0.9280666968071827
0.7436614640219389
0.4090202764177742
0.17980239010260607
0.9101860263538302
0.9420092314088836
0.8681918121339142
0.8510671614086497
0.6963676461447722
0.1930812386494543
0.4090202764177742
0.9111163975539103
0.9645784031871382
0.5926452294676112
0.56532333592827
0.861178151125301
0.23291677983733905
0.8874132719513992
0.3729425406015059
0.8733046168037597
0.9596352762549573
0.06066589954217022
0.42024400970502346
0.2256894398090491
0.5546424257762304
0.11319644790527927
0.40725112664363744
0.1396935307824881
0.3804881952525591
0.20718038926878302
0.2647908712384096
0.4573773134911395
0.2647908712384096
0.5028651954532523
0.8780418518286668
0.8926897778985682
0.6155063203557496
0.4864955507079817
0.41991538874693407
0.5872386797543522
0.8706827861574481
0.5142471993619502
0.5915727306213602
0.5886932890774913
0.3729425406015059
0.6963676461447722
0.5758538626510834
0.4330265815962055
0.3883362647060756
0.30692719391135914
0.12235113584706789
0.571674832021826
0.7110312047297556
0.1925588710164813
0.7850947117820546
0.7436614640219389
0.8905259338619893
0.3559893110906435
0.4864955507079817
0.9142070218630648
0.48614548993018936
0.23505750920773105
0.10883255898969064
0.3570852222576851
0.12235113584706789
0.8722764431940716
0.48614548993018936
0.9138675571094644
0.8187834549302219
0.09596234507945457
0.8681918121339142
0.5633977184833596
0.3312014923474282
0.9225354882665086
0.6542069975156226
0.571674832021826
0.12795018169689895
0.6379691482122046
0.9010489304518097
0.36164800548226816
0.44841072806677024
0.22090615552733583
0.09393729922485639
0.5886932890774913
0.16765355085271247
0.8689004815238768
0.8321180334428182
0.44948767441275966
0.8538019975381022
0.3559893110906435
0.30692719391135914
