0.704328297922963
0.23872560000720633
0.704328297922963
0.704328297922963
0.704328297922963
0.704328297922963
0.704328297922963
0.704328297922963
0.704328297922963
0.704328297922963
0.23872560000720633
0.23872560000720633
0.5402029790635913
0.23872560000720633
0.704328297922963
0.23872560000720633
0.23872560000720633
0.704328297922963
0.23872560000720633
0.704328297922963
0.23872560000720633
0.704328297922963
0.704328297922963
0.23872560000720633
0.704328297922963
0.704328297922963
0.704328297922963
0.704328297922963
0.8549123004507528
0.23872560000720633
0.704328297922963
0.704328297922963
0.23872560000720633
0.704328297922963
0.704328297922963
0.704328297922963
0.704328297922963
0.704328297922963
0.23872560000720633
0.704328297922963
0.704328297922963
0.704328297922963
0.704328297922963
0.704328297922963
0.23872560000720633
0.704328297922963
0.23872560000720633
0.704328297922963
0.23872560000720633
0.23872560000720633
0.704328297922963
0.704328297922963
0.704328297922963
0.704328297922963
0.704328297922963
0.23872560000720633
0.23872560000720633
0.23872560000720633
0.23872560000720633
0.704328297922963
0.704328297922963
0.23872560000720633
0.704328297922963
0.704328297922963
0.704328297922963
0.704328297922963
0.23872560000720633
0.23872560000720633
0.23872560000720633
0.704328297922963
0.23872560000720633
0.23872560000720633
0.23872560000720633
0.704328297922963
0.23872560000720633
0.704328297922963
0.704328297922963
0.23872560000720633
0.704328297922963
0.23872560000720633
0.704328297922963
0.704328297922963
0.23872560000720633
0.704328297922963
0.23872560000720633
0.704328297922963
0.23872560000720633
0.23872560000720633
0.704328297922963
0.23872560000720633
0.23872560000720633
0.704328297922963
0.23872560000720633
0.704328297922963
0.704328297922963
0.704328297922963
0.704328297922963
0.704328297922963
0.23872560000720633
0.704328297922963
0.23872560000720633
0.704328297922963
0.704328297922963
0.23872560000720633
0.23872560000720633
0.23872560000720633
0.23872560000720633
0.704328297922963
0.704328297922963
0.23872560000720633
0.704328297922963
0.704328297922963
0.23872560000720633
0.704328297922963
0.23872560000720633
0.23872560000720633
0.704328297922963
0.704328297922963
0.704328297922963
0.704328297922963
0.23872560000720633
0.23872560000720633
0.704328297922963
0.23872560000720633
0.2341438995914095
0.23872560000720633
0.23872560000720633
0.704328297922963
0.704328297922963
0.704328297922963
0.704328297922963
0.23872560000720633
0.23872560000720633
0.23872560000720633
0.2341438995914095
0.23872560000720633
0.23872560000720633
0.704328297922963
0.704328297922963
0.23872560000720633
0.704328297922963
0.704328297922963
0.704328297922963
0.704328297922963
0.704328297922963
0.704328297922963
0.23872560000720633
0.704328297922963
0.23872560000720633
0.23872560000720633
0.704328297922963
0.23872560000720633
0.23872560000720633
0.704328297922963
0.704328297922963
0.23872560000720633
0.704328297922963
0.704328297922963
0.23872560000720633
0.704328297922963
0.23872560000720633
0.23872560000720633
0.704328297922963
0.704328297922963
0.704328297922963
0.5402029790635913
0.23872560000720633
0.23872560000720633
0.704328297922963
0.23872560000720633
0.23872560000720633
0.704328297922963
0.704328297922963
0.23872560000720633
0.704328297922963
0.23872560000720633
0.704328297922963
0.23872560000720633
0.23872560000720633
0.704328297922963
0.23872560000720633
0.704328297922963
0.704328297922963
0.23872560000720633
0.704328297922963
0.23872560000720633
0.704328297922963
0.704328297922963
0.704328297922963
0.704328297922963
0.704328297922963
0.704328297922963
0.23872560000720633
0.704328297922963
0.704328297922963
0.8549123004507528
0.23872560000720633
0.704328297922963
0.704328297922963
0.704328297922963
0.09804743607194179
0.704328297922963
0.704328297922963
0.704328297922963
0.704328297922963
0.704328297922963
0.23872560000720633
0.704328297922963
0.704328297922963
0.704328297922963
0.704328297922963
0.23872560000720633
0.23872560000720633
0.704328297922963
0.23872560000720633
0.704328297922963
0.704328297922963
0.23872560000720633
0.23872560000720633
0.23872560000720633
0.704328297922963
0.09804743607194179
0.704328297922963
0.23872560000720633
0.23872560000720633
0.23872560000720633
0.704328297922963
0.23872560000720633
0.23872560000720633
0.23872560000720633
0.23872560000720633
0.23872560000720633
0.704328297922963
0.704328297922963
0.704328297922963
0.704328297922963
0.704328297922963
0.704328297922963
0.704328297922963
0.23872560000720633
0.704328297922963
0.23872560000720633
0.23872560000720633
0.704328297922963
0.704328297922963
0.704328297922963
0.704328297922963
0.23872560000720633
0.704328297922963
0.704328297922963
