0.6778020698257694
0.21208619322153213
0.7067248582852921
0.7067380836174396
0.6779262585032864
0.7067210437683891
0.7067287757354546
0.6778020698257694
0.706598822525941
0.7066512255122841
0.20596727682961125
0.22652804405524157
0.5402029790635913
0.2676175055000489
0.7067228673751778
0.24189728551248635
0.21626234533039668
0.7067276813439575
0.21728527960017036
0.7067143333239888
0.2671366591007881
0.706734649661416
0.706715893579191
0.28659637232767365
0.7066328030981861
0.7065284072578754
0.7067287757354546
0.7067403340473994
0.8549123004507528
0.23593121253132388
0.706692173152733
0.7067702414230546
0.23780804900737612
0.7067267544912612
0.7067257054329936
0.7066131529135635
0.706692173152733
0.7067421576094137
0.22880476181890175
0.7955151337475324
0.7067132126569222
0.7067166156866318
0.7067153887896763
0.7066926939627189
0.32283128821757223
0.7067330368920174
0.25867431716244843
0.7955151337475324
0.22803715752570258
0.2966971436237287
0.706598822525941
0.7066581636958379
0.7067060915840775
0.7067169968554707
0.7066784035818096
0.23593121198806138
0.21837186922095234
0.2676175055000489
0.22880476190865695
0.7067306340057038
0.70672291333353
0.2359312119640645
0.7066745264214405
0.7067132789621133
0.7060880693047624
0.70609681722333
0.24414697760871654
0.23243143867811827
0.17055409792022477
0.7067335896308643
0.2720976878523311
0.256812937827561
0.21892436593050157
0.7067180962301537
0.21630571331765266
0.7060880693047624
0.7066926939627189
0.2301820549719943
0.7067257054329936
0.25202388475718873
0.7067800331533811
0.7052372154958031
0.22880476190865695
0.7067060915840775
0.23800112541662333
0.7067304284339692
0.23731262479150023
0.2352425151067581
0.7067184904894818
0.22803715752570258
0.2674207716538611
0.706708474046784
0.32283128821757223
0.7067009601214349
0.706729613478098
0.7067421576094137
0.7052371247458182
0.7067306340057038
0.25867431716244843
0.7067155324618024
0.22521311270589417
0.6644255850579905
0.706713976122513
0.21626234533039668
0.23731618208128283
0.21728523833204028
0.23745575560932886
0.7067101334249152
0.7067800331533811
0.22652804405524157
0.7067190545168882
0.7067177432463108
0.19505837231666295
0.7066928821287483
0.21693975055177306
0.2626963692062956
0.7052372154958031
0.7067057545739626
0.706734649661416
0.7066328030981861
0.22651053245039873
0.19505837231666295
0.70672291333353
0.23243143867811827
0.17235087004867522
0.2715592875391051
0.28659637232767365
0.7067670919983391
0.706718613290179
0.7058555813688929
0.7067221107524053
0.256812937827561
0.3138158293203478
0.23731618208128283
0.17235087004867522
0.17055409792022477
0.22655259978264589
0.7067129923307158
0.70609681722333
0.23745575560932886
0.7262539280230105
0.706477901375369
0.7066302566415547
0.7067193408471968
0.7065825288458958
0.7067183673710093
0.2359312119640645
0.706718043130288
0.2626963692062956
0.22833807710551046
0.7066302566415547
0.23800112541662333
0.25202388475718873
0.7066400985557146
0.5910622096648404
0.21208619322153213
0.7067149441698024
0.706725198295232
0.2966971436237287
0.7064812639605145
0.24638321896724563
0.2352425151067581
0.7067169968554707
0.7067043467696412
0.7067205219547901
0.5402029790635913
0.22833807710551046
0.23663054881682954
0.7066400985557146
0.2366453413980223
0.24189728551248635
0.7067330368920174
0.706718043130288
0.23780804900737612
0.7065000166807491
0.23666258370603677
0.6779262585032864
0.2112843087637526
0.21728523833204028
0.7067245925553312
0.21693975055177306
0.7067124459620322
0.706715893579191
0.2112843087637526
0.706477901375369
0.21892436593050157
0.706725198295232
0.7067228673751778
0.7066951909032243
0.7066205813765793
0.7067670919983391
0.7067205219547901
0.3138158293203478
0.706723984051332
0.7058555813688929
0.8549123004507528
0.21565575301931467
0.7067245925553312
0.7066951909032243
0.7066694021356636
0.09804743607194179
0.7066205813765793
0.7067143333239888
0.7067085133246029
0.7067094568311852
0.7065554680518855
0.21565575301931467
0.7066603965715281
0.706713976122513
0.7067295648842125
0.706684133027917
0.2671366591007881
0.21837186922095234
0.7067126939997647
0.22652887794118648
0.7067132789621133
0.7067147066928753
0.2366453413980223
0.2715592875391051
0.21630571331765266
0.7066745264214405
0.09804743607194179
0.6644255850579905
0.24638321896724563
0.23731262479150023
0.23662809909000782
0.7067190545168882
0.21379271617535067
0.21379271617535067
0.2301820549719943
0.22880476181890175
0.2720976878523311
0.7067056433862091
0.7067094568311852
0.7067295648842125
0.7067153887896763
0.5910622096648404
0.7067184904894818
0.7067009601214349
0.2674207716538611
0.7067251340963991
0.22521311270589417
0.24414697760871654
0.706743454580883
0.7067043467696412
0.5910622096648404
0.7262539280230105
0.32283128821757223
0.7067687725281645
0.7064779755947809
