0.728412011435644
0.21948447225680967
0.7111104473217074
0.7052489679311338
0.7046072987088343
0.6893581697870171
0.7097997975272022
0.7031603375110697
0.7028634494125129
0.700521473228065
0.21325726733457503
0.19483288153234873
0.4849450000314199
0.27512400600630804
0.7046215225457828
0.22524611555966167
0.18203896916475185
0.7066074165323635
0.19449166647717103
0.7023204384580883
0.3052466535500482
0.7064495344336983
0.7136650904091963
0.32476990658680127
0.7055426537897945
0.7088087112817267
0.7057569342225872
0.706011858457828
0.9430632589428056
0.2339140270029828
0.6845281143534379
0.7051768887044173
0.2400093142133256
0.6815939108257582
0.7011953453089614
0.7066614940956348
0.7023204384580883
0.7054586854778339
0.22073361127064314
0.9430632589428056
0.702219157844307
0.7121235044349177
0.7043012605369281
0.6934400141345731
0.1978533212129832
0.7060927496363971
0.33188301831684597
0.7062979863015264
0.18231564139814965
0.19094089562972422
0.7028632948405049
0.7044619084232805
0.705895344381718
0.7067661232277425
0.7066614940956348
0.24390952766374835
0.15107476213106596
0.2628054754888123
0.24509550924482573
0.7069141610164424
0.7109446689998573
0.2339140270029828
0.6998337024569843
0.7050501219548116
0.7031603375110697
0.7046847977701635
0.37673725608745345
0.29626948939716896
0.156418336330934
0.6940162309683523
0.3052466535500482
0.2666658570296456
0.2628054700599254
0.706011858457828
0.21906043927086066
0.7074512101659426
0.6845281143534379
0.23018792121722959
0.7011953453089614
0.2666658570296456
0.7146945393916659
0.703132691647973
0.22524611555966167
0.7638101222090079
0.24335136714544417
0.7062648396681955
0.2804562888357922
0.21967168276850635
0.7028632948405049
0.15107476213106596
0.2666658869242504
0.7050477949614794
0.4028705824406687
0.6972227446325856
0.7066074165323635
0.7049925141199946
0.7052489679311338
0.7069141610164424
0.33188301831684597
0.7121393255991478
0.24509550924482573
0.7052177288414854
0.7055741824819577
0.18203896916475185
0.33188301831684597
0.1917478614849616
0.22858722951872268
0.705895344381718
0.7111104473217074
0.19449166647717103
0.7043012605369281
0.7042083112200365
0.1912264607128571
0.6940162309683523
0.21907465423664593
0.25370006809869916
0.7052177288414854
0.7054791724804689
0.7074512101659426
0.700521473228065
0.19483288153234873
0.16735595658334945
0.7109446689998573
0.29626948939716896
0.11041932134714932
0.3052466535500482
0.32476990658680127
0.7027444078176732
0.7044619084232805
0.703844342301192
0.7121235044349177
0.26666587838293476
0.36021305843394846
0.2400093142133256
0.11041932134714932
0.156418336330934
0.1917478614849616
0.7045561706396845
0.6893581697870171
0.24390952766374835
0.7533524907837057
0.7053681587179199
0.7034455970577063
0.7048928038931761
0.7054586854778339
0.7638101222090079
0.2339140270029828
0.702219157844307
0.25370006809869916
0.22073361127064314
0.7067661232277425
0.24335136714544417
0.37673725608745345
0.7054919463126731
0.47588012885031405
0.15107476213106596
0.7025249963405962
0.7050512944662628
0.36021305843394846
0.702501057467144
0.25370006758281294
0.21967168276850635
0.7042345016356973
0.7638101222090079
0.702501057467144
0.4849450000314199
0.22073361127073116
0.1912264607128571
0.7054919463126731
0.2402297051499599
0.22524611555966167
0.703132691647973
0.7121393255991478
0.2400093163363951
0.7066744568554546
0.21948447225680967
0.704717516089415
0.23018792121722959
0.2628054700599254
0.7073376482201256
0.21325726733457503
0.6934400141345731
0.7136650904091963
0.15107476213106596
0.7146945393916659
0.1978533212129832
0.7050512944662628
0.7044471872437972
0.7068563706920137
0.7057569342225872
0.7062648396681955
0.6971619306645125
0.36021305843394846
0.7050501219548116
0.703844342301192
0.7071368384209515
0.19094089213814378
0.7073376482201256
0.7066744568554546
0.7051477049694954
0.09804743607194179
0.7027444078176732
0.6762955201403296
0.6971623360914506
0.6815939108257582
0.7088087112817267
0.19094089708873702
0.728412011435644
0.6762955201403296
0.7561122370548676
0.7049925141199946
0.27512400600630804
0.18231564139814965
0.7060927496363971
0.21906043927086066
0.70488990871776
0.7034455970577063
0.2402297051499599
0.2399635479793888
0.19517409658752058
0.6998337024569843
0.09804743607194179
0.7044471872437972
0.25370006758281294
0.2804562888357922
0.2402297051499599
0.7097997975272022
0.16735595658334945
0.16735595658334945
0.22495385723409628
0.22495385723409628
0.3052466535500482
0.7022190222081415
0.7068563706920137
0.7561122370548676
0.7062979863015264
0.47588012885031405
0.7045561706396845
0.6972227446325856
0.2399635479793888
0.7051768887044173
0.22858722951872268
0.19094089213814378
0.7071368384209515
0.7638101222090079
0.6971623360914506
0.7533524907837057
0.4028705824406687
0.7046072987088343
0.6998337024569843
