0.704328297922963
0.23976644312228634
0.704328297922963
0.704328297922963
0.704328297922963
0.704328297922963
0.704328297922963
0.704328297922963
0.704328297922963
0.704328297922963
0.23976644312228634
0.23976644312228634
0.5402029790635913
0.23976644312228634
0.704328297922963
0.23976644312228634
0.23976644312228634
0.704328297922963
0.23976644312228634
0.704328297922963
0.23976644312228634
0.704328297922963
0.704328297922963
0.23976644312228634
0.704328297922963
0.704328297922963
0.704328297922963
0.704328297922963
0.8549123004507528
0.23976644312228634
0.704328297922963
0.704328297922963
0.23976644312228634
0.704328297922963
0.704328297922963
0.704328297922963
0.704328297922963
0.704328297922963
0.23976644312228634
0.704328297922963
0.704328297922963
0.704328297922963
0.704328297922963
0.704328297922963
0.23976644312228634
0.704328297922963
0.23976644312228634
0.704328297922963
0.23976644312228634
0.23976644312228634
0.704328297922963
0.704328297922963
0.704328297922963
0.704328297922963
0.704328297922963
0.23976644312228634
0.23976644312228634
0.23976644312228634
0.23976644312228634
0.704328297922963
0.704328297922963
0.23976644312228634
0.704328297922963
0.704328297922963
0.704328297922963
0.704328297922963
0.23976644312228634
0.23976644312228634
0.23976644312228634
0.704328297922963
0.23976644312228634
0.23976644312228634
0.23976644312228634
0.704328297922963
0.23976644312228634
0.704328297922963
0.704328297922963
0.23976644312228634
0.704328297922963
0.23976644312228634
0.704328297922963
0.704328297922963
0.23976644312228634
0.704328297922963
0.23976644312228634
0.704328297922963
0.23976644312228634
0.23976644312228634
0.704328297922963
0.23976644312228634
0.23976644312228634
0.704328297922963
0.23976644312228634
0.704328297922963
0.704328297922963
0.704328297922963
0.704328297922963
0.704328297922963
0.23976644312228634
0.704328297922963
0.23976644312228634
0.704328297922963
0.704328297922963
0.23976644312228634
0.23976644312228634
0.23976644312228634
0.23976644312228634
0.704328297922963
0.704328297922963
0.23976644312228634
0.704328297922963
0.704328297922963
0.2362192128620776
0.704328297922963
0.23976644312228634
0.23976644312228634
0.704328297922963
0.704328297922963
0.704328297922963
0.704328297922963
0.23976644312228634
0.2362192128620776
0.704328297922963
0.23976644312228634
0.19326385617558234
0.23976644312228634
0.23976644312228634
0.704328297922963
0.704328297922963
0.704328297922963
0.704328297922963
0.23976644312228634
0.23976644312228634
0.23976644312228634
0.19326385617558234
0.23976644312228634
0.23976644312228634
0.704328297922963
0.704328297922963
0.23976644312228634
0.704328297922963
0.704328297922963
0.704328297922963
0.704328297922963
0.704328297922963
0.704328297922963
0.23976644312228634
0.704328297922963
0.23976644312228634
0.23976644312228634
0.704328297922963
0.23976644312228634
0.23976644312228634
0.704328297922963
0.704328297922963
0.23976644312228634
0.704328297922963
0.704328297922963
0.23976644312228634
0.704328297922963
0.23976644312228634
0.23976644312228634
0.704328297922963
0.704328297922963
0.704328297922963
0.5402029790635913
0.23976644312228634
0.2362192128620776
0.704328297922963
0.23976644312228634
0.23976644312228634
0.704328297922963
0.704328297922963
0.23976644312228634
0.704328297922963
0.23976644312228634
0.704328297922963
0.23976644312228634
0.23976644312228634
0.704328297922963
0.23976644312228634
0.704328297922963
0.704328297922963
0.23976644312228634
0.704328297922963
0.23976644312228634
0.704328297922963
0.704328297922963
0.704328297922963
0.704328297922963
0.704328297922963
0.704328297922963
0.23976644312228634
0.704328297922963
0.704328297922963
0.8549123004507528
0.2362192128620776
0.704328297922963
0.704328297922963
0.704328297922963
0.09804743607194179
0.704328297922963
0.704328297922963
0.704328297922963
0.704328297922963
0.704328297922963
0.2362192128620776
0.704328297922963
0.704328297922963
0.704328297922963
0.704328297922963
0.23976644312228634
0.23976644312228634
0.704328297922963
0.23976644312228634
0.704328297922963
0.704328297922963
0.23976644312228634
0.23976644312228634
0.23976644312228634
0.704328297922963
0.09804743607194179
0.704328297922963
0.23976644312228634
0.23976644312228634
0.23976644312228634
0.704328297922963
0.23976644312228634
0.2362192128620776
0.23976644312228634
0.23976644312228634
0.23976644312228634
0.704328297922963
0.704328297922963
0.704328297922963
0.704328297922963
0.704328297922963
0.704328297922963
0.704328297922963
0.23976644312228634
0.704328297922963
0.23976644312228634
0.23976644312228634
0.704328297922963
0.704328297922963
0.704328297922963
0.704328297922963
0.23976644312228634
0.704328297922963
0.704328297922963
