0.7051321501529964
0.23863487326629956
0.7052269166005309
0.7051338939673784
0.7052440012275415
0.7051146058199804
0.7052191304063088
0.7056817214323049
0.7051489485041276
0.7051337510745399
0.23863487326629956
0.23863487326629956
0.5402029790635913
0.23863487326629956
0.7054344016435915
0.23863487326629956
0.23863487326629956
0.7051180280862397
0.23863487326629956
0.705213220593977
0.23863487326629956
0.7108063477778672
0.7051297169008068
0.23863487326629956
0.7051338939673784
0.7054281708143411
0.7051435765203835
0.7051523531649084
0.7419742985549105
0.23863487326629956
0.7056817214323049
0.7051098522800245
0.23863487326629956
0.7053472922580022
0.705143134735258
0.7051062175448657
0.7052744589893152
0.7051344078958717
0.23863487326629956
0.7052601970267032
0.7054344016435915
0.7051243350238507
0.7051173757980858
0.7054344745240955
0.23863487326629956
0.7052894033868925
0.23863487326629956
0.7054159435293246
0.23863487326629956
0.23863487326629956
0.7053472922580022
0.7419742985549105
0.7051356369479349
0.7108062157106197
0.7051023228351894
0.23863487326629956
0.23863487326629956
0.23863487326629956
0.23863487326629956
0.7051409962491639
0.7113824051503316
0.23863487326629956
0.705163276602754
0.7051532050776187
0.7051015857201486
0.7051288277815084
0.23863487326629956
0.23863487326629956
0.23863487326629956
0.7051337510745399
0.23863487326629956
0.23863487326629956
0.23863487326629956
0.705101612374603
0.23863487326629956
0.7051140833751415
0.7052457117782922
0.23863487326629956
0.705113988322942
0.23863487326629956
0.7051498538775922
0.705152016144234
0.23863487326629956
0.7051510379437845
0.23863487326629956
0.705169671616623
0.23863487326629956
0.23863487326629956
0.7051130190402091
0.23863487326629956
0.23863487326629956
0.7056846084284849
0.23863487326629956
0.7051808141073932
0.7051180280862397
0.7051885571143999
0.705213220593977
0.7051662978282115
0.23863487326629956
0.7051356369479349
0.23863487326629956
0.7051498538775922
0.705101612374603
0.23863487326629956
0.23863487326629956
0.23863487326629956
0.23863487326629956
0.7051334307861983
0.7051938029762528
0.23863487326629956
0.7051150888240046
0.7051173757980858
0.23863487326629956
0.7052457117782922
0.23863487326629956
0.23863487326629956
0.7051426989833876
0.7051066011601091
0.7108065854989125
0.7051169821116288
0.23863487326629956
0.23863487326629956
0.7056846084284849
0.23863487326629956
0.23863487326629956
0.23863487326629956
0.23863487326629956
0.7054294186204421
0.7097967795883393
0.7051235355201279
0.7113824051503316
0.23863487326629956
0.23863487326629956
0.23863487326629956
0.23863487326629956
0.23863487326629956
0.23863487326629956
0.7051126706440163
0.7051288277815084
0.23863487326629956
0.7051467520034902
0.7051404839387148
0.7051701323517817
0.7051409962491639
0.70514682207703
0.7051106205021902
0.23863487326629956
0.7052744589893152
0.23863487326629956
0.23863487326629956
0.7108063477778672
0.23863487326629956
0.23863487326629956
0.7051877116758288
0.7051467520034902
0.23863487326629956
0.7057069920512113
0.7052846088326787
0.23863487326629956
0.7051315809732299
0.23863487326629956
0.23863487326629956
0.7051152488075001
0.7051106205021902
0.7051523531649084
0.5402029790635913
0.23863487326629956
0.23863487326629956
0.7051028046493941
0.23863487326629956
0.23863487326629956
0.705152016144234
0.7051129130609506
0.23863487326629956
0.7051140833751415
0.23863487326629956
0.7052177401189887
0.23863487326629956
0.23863487326629956
0.7051518663714194
0.23863487326629956
0.7053037118807557
0.7051297169008068
0.23863487326629956
0.7051324069864656
0.23863487326629956
0.7051397990449155
0.7051489485041276
0.7051153922389453
0.7051543600508916
0.7052243179324389
0.7097967795883393
0.23863487326629956
0.7052440012275415
0.7051169950222006
0.7337595369421304
0.23863487326629956
0.7052243179324389
0.7051153922389453
0.705163276602754
0.09804743607194179
0.7052285721736664
0.7051138775895218
0.7051674739458993
0.7051173920273258
0.7051172639164587
0.23863487326629956
0.7051854891588529
0.7051138775895218
0.7057082187676302
0.7051028046493941
0.23863487326629956
0.23863487326629956
0.7052894033868925
0.23863487326629956
0.7054281708143411
0.7051701323517817
0.23863487326629956
0.23863487326629956
0.23863487326629956
0.7051938029762528
0.09804743607194179
0.7051178433594807
0.23863487326629956
0.23863487326629956
0.23863487326629956
0.7051015825859293
0.23863487326629956
0.23863487326629956
0.23863487326629956
0.23863487326629956
0.23863487326629956
0.7053422765745814
0.7051173920273258
0.7057069920512113
0.705110453420323
0.705110453420323
0.705116654350492
0.7051449849190006
0.23863487326629956
0.7051146055010941
0.23863487326629956
0.23863487326629956
0.7337595369421304
0.70512859506208
0.7051497443744019
0.7051472499962943
0.23863487326629956
0.7052033936224043
0.7051718028928062
