0.2934005313147475
0.7750132303822288
0.2933524270526674
0.7750132141531029
0.2932838922161503
0.2933919154058748
0.7750133064813642
0.29336590936238677
0.2933470842996284
0.775013218893233
0.29338602425138416
0.7750131179183954
0.2933617061504788
0.29333224248674367
0.7750130626422622
0.2933922283441175
0.7750132026624861
0.7750130757027267
0.5644247555187973
0.7750132435575029
0.7750131467127088
0.7750132406078186
0.7750132780352145
0.7750132141531029
0.7750132752736013
0.7750132672275591
0.7750131179183954
0.7750130576008017
0.2932904987582332
0.7750135096209155
0.7750131694343354
0.2933552589517034
0.29339378026085394
0.29339378026085394
0.7750132418712247
0.775013218893233
0.7750130810705116
0.7750132807719521
0.2932813478626845
0.2933909997979902
0.7750128572579236
0.2933919154058748
0.2932676858198868
0.29336972224831676
0.2933919154058748
0.7750132692845595
0.7750131997178177
0.2933853956092831
0.7750138597075751
0.7750132930992994
0.2933932338683587
0.7750132071675665
0.29339579354930545
0.7750132277109596
0.7750132026624861
0.7750134910788737
0.7750132502478698
0.7750130899549609
0.29338981771217276
0.7750132553374594
0.7750132579436799
0.29333224248674367
0.29337718007315555
0.2931439906440801
0.7750131671591608
0.29338602425138416
0.2933834431815394
0.7750132909886611
0.2933978004706671
0.29338602425138416
0.775013156547957
0.7750130626422622
0.7750132991456697
0.2933909997979902
0.7750132909886611
0.2933883189304121
0.2945641926391456
0.2933965132579169
0.7750132071675665
0.7750135096209155
0.29339579354930545
0.775013178235989
0.7750132672275591
0.7750133344319302
0.7750132947877364
0.2934387603905737
0.29337906305796924
0.2934058300013857
0.7750132858995825
0.293343147954856
0.29337356743473325
0.7750126334453356
0.7750133480434696
0.2934387603905737
0.7750131898391753
0.7750140468241017
0.5644247555187973
0.2932838922161503
0.2933487246633358
0.2933632673623152
0.7750132930992994
0.7750132992699941
0.7750132995869823
0.7750133368230173
0.7750132930992994
0.7750132858995825
0.7762590812157021
0.29345142504524735
0.29338226910150983
0.17104311245624654
0.29335445947253036
0.7750130626422622
0.29304518718420425
0.2934005313147475
0.7750131956033234
0.5644247555187973
0.7652528699011059
0.2933889613016544
0.2933562460929068
0.7750130757027267
0.29338390530375663
0.29339105534507665
0.2933562460929068
0.2945641915121126
0.2933718988317379
0.28304107007536095
0.27423410913994806
0.7750134563991681
0.7750132265970365
0.27423410913994806
0.7750132579436799
0.7750132936554031
0.5985441460642974
0.2934107322769852
0.29338821225115064
0.7750130899549609
0.29338079271157785
0.2933066851737724
0.7750131895727657
0.2933853956092831
0.5985441460642974
0.29327081970306706
0.2933911863910736
0.29339118722511637
0.29342512093496714
0.7750132026624861
0.29342379031710486
0.7750132435575029
0.7750131998712089
0.7750132990276863
0.29335445947253036
0.7750133813231773
0.7750131694343354
0.12942274033211354
0.29331667200077194
0.2932904987582332
0.7750132996719339
0.5645584584453125
0.7750133264704354
0.2933946037906112
0.2932838922161503
0.29338603034108246
0.7750133344319302
0.29335124888816616
0.7750132502478698
0.29333527526531117
0.2932904987582332
0.7750132210996236
0.7750132328491178
0.2945641915121126
0.293395476386442
0.7762590812157021
0.5645584584453125
0.7750132265970365
0.7750132995869823
0.22537263439681476
0.775013349983375
0.7520520454193473
0.7750131671591608
0.29337956589265174
0.17104311245624654
0.7750132374810501
0.7750132328491178
0.7750132672275591
0.2933909997979902
0.22537263439681476
0.2933922283441175
0.2934107322769852
0.29340176938643814
0.77501327700573
0.7750130899549609
0.775013221773838
0.2932585414768422
0.12942274033211354
0.7750132141531029
0.2933929454368563
0.2933151055412876
0.7750131945682984
0.2933524270526674
0.29335939795034616
0.293392312785676
0.7750132818630069
0.2933961985416665
0.29337956589265174
0.29343211755584697
0.29338068412148194
0.2933911863910736
0.2933718988317379
0.293432095158691
0.29333224248674367
0.7750131956033234
0.2933543258643215
0.29330190522740646
0.7652528699011059
0.2932821553199414
0.775013221773838
0.2933942917142343
0.775013496259824
0.2933632673623152
0.7750132487770152
0.2933552589517034
0.2934704660204458
0.2932821553199414
0.2933106978643854
0.2933617061504788
0.7750132277109596
0.7520520454193473
0.29335815747795996
0.775013178235989
0.29335806664859787
0.7750133064813642
0.7750132752736013
0.2934704660204458
0.7750132435575029
0.29335730616780564
0.2933922283441175
0.7750134563991681
0.7750132692845595
0.7750132997190413
0.7750132692845595
0.7750131848712949
0.2933877628341788
0.29336590936238677
0.7750132303822288
0.29345142504524735
0.2933978004706671
0.29336797897662703
0.7750132618719703
0.7750132552304734
0.29342379031710486
