0.6887203563085708
0.21369151837054126
0.4761006391409781
0.3762298113246846
0.5132576553853182
0.4888881674683994
0.39687983417318334
0.48147582890664675
0.42769370516085425
0.56412448054523
0.16434256573862824
0.2818230480182906
0.4239451829103707
0.22145278561193707
0.3912475382820027
0.6703535615004533
0.29925258090812223
0.48848928930649743
0.17585518466034464
0.20992235789690933
0.6471320704082419
0.2745299029075426
0.3520723879644459
0.5770644578208785
0.3386172225351976
0.45563610841650537
0.26890157307874585
0.2153177895685808
0.4884575398667342
0.34249296009222846
0.3327663867085494
0.48423656098852114
0.290934045502299
0.4707082830583331
0.47336473930049544
0.2711777886165691
0.3563354550185691
0.40355550690181813
0.1451101949033514
0.16877168207943835
0.295756298998967
0.2763604090578701
0.22579457078926388
0.5321069893417116
0.13268874646268694
0.520758016762724
0.45826888653995895
0.31571572965067074
0.2700854444614546
0.585359695313723
0.4744552874103124
0.5889583458422092
0.35517620044408377
0.26412306539681873
0.3353609204255561
0.20309199443842527
0.34301779769207436
0.1647093939842455
0.4504099970313741
0.38670994720621493
0.43859308260644364
0.2127404738811365
0.45692834399113824
0.33187631422876757
0.2600754575092437
0.5337023199120402
0.40666513828506046
0.46714935169045735
0.3514608830513576
0.43646128934841205
0.3279119983162461
0.4488968413083636
0.11880739328962148
0.44722552607638577
0.25021626329184343
0.4453031020077991
0.15684792759597105
0.21482859792181708
0.219576005328897
0.28708428519699664
0.23085306845436873
0.40299786009660404
0.16039148556554975
0.44713895309728297
0.45673662387741015
0.500070945551207
0.4314429897745005
0.47984003970066397
0.3029814477254018
0.4732754819010784
0.46995440442371456
0.42466166939483263
0.25519331543695783
0.23243935122313353
0.26908066501073025
0.4260928395388753
0.2649939010200775
0.5337726370992593
0.41216936706922763
0.2679571449042874
0.40613041500807423
0.22183267172309634
0.38082656257263364
0.5336414663047425
0.40335732454054884
0.19019409602977635
0.4105579304325993
0.130297192080631
0.2594829721363624
0.13721114721686897
0.3472061723120259
0.26252054516550705
0.23816378746375935
0.3322628584958549
0.49364823290523213
0.3595368869339777
0.45206205802808525
0.37613181239333804
0.47739040168647473
0.3822235738491647
0.37444537324934957
0.39692432819032486
0.23507601637174835
0.33001062185184676
0.40882764561187807
0.37704912047882333
0.2887852611688768
0.2556287650053551
0.43504677095524824
0.5473589505471509
0.27692528970114827
0.2841731249347755
0.2205424341250978
0.35894241882551375
0.31055641734149564
0.3025169979154656
0.4604901494956332
0.11671975878295074
0.4081077409499112
0.42298976972392993
0.21122443733565882
0.19646461238973803
0.4908450254521184
0.41554840891534084
0.3692574056492308
0.2736691481881551
0.741301817838432
0.4623359686303321
0.25303023970777977
0.42703732955295565
0.5612881649181297
0.25234678245356823
0.2895035100183513
0.053991808546658984
0.1666649046966953
0.46271671622935195
0.3760638068643609
0.2358468852416592
0.2801187134140792
0.1889632175641102
0.35623199712875836
0.4275100231157596
0.3803967479040246
0.33406412699208554
0.4393125963383743
0.37715668165364397
0.42326304201169435
0.32313257384149047
0.4740808751440583
0.1082771169334828
0.3689634343858087
0.2015880816450897
0.3029806582408412
0.33814013329862713
0.4731608247081522
0.2559771866693335
0.5327791776454954
0.28881379906538757
0.34090433163743195
0.39254058930665026
0.1633246873972095
0.5167141900270511
0.2383824420005699
0.4237651299289183
0.5494568237199962
0.24860069781556093
0.6328058642097233
0.349465810861721
0.3375756281458561
0.34860435851261734
0.30148306322240337
0.4554473305395672
0.27108288867719504
0.13343775802976215
0.3454753732490509
0.27350904057903597
0.29062987885563096
0.3307157296705243
0.4163098738485287
0.41835311749412535
0.2978482312559072
0.2686241245576747
0.4512564325130033
0.49671089009042607
0.24959407012321894
0.35144072038758295
0.39576759917193505
0.46623891038691767
0.3132843110815733
0.42770251883274785
0.5018699307341585
0.3736417787492977
0.45571513248587725
0.415580197391534
0.32909276882028804
0.3277821651608886
0.6787985349517005
-0.05438291894619246
0.21060898770899594
0.523184820346452
0.05649584624149613
0.1844795822081138
0.2892014237313116
0.6005288930446547
0.19694338680385437
0.38729350435430226
0.43990664492715886
0.4854147572241059
0.5684686507691971
0.3978408991453136
0.35167822948263294
0.4143164300453144
0.33196699290337817
0.39916166738475894
0.3624796597379901
0.5086317487813483
0.3905357192247643
0.43058303042517965
0.2816835762631969
0.3113401374362938
0.4619854793911768
0.2632107519261085
0.6441999891283291
0.278454716311846
0.4346157683341868
0.6499121927431427
0.4113189080973802
0.17957606054770076
0.33101883690802536
0.3925423420919372
