0.652255305032448
0.17716347075651676
0.44065872131091965
0.36562142565989897
0.565529665260477
-0.13716797297288555
0.26118721531667516
0.5574290417950885
0.1970935341888966
0.42618671047676504
0.40655535964392653
0.3663758749082674
0.3929804667185454
0.45001536916998125
0.5034184555043545
0.5660378987904178
0.38971879686668454
0.4456571525018791
0.18987433422446645
0.47202787950937164
0.5416027212199493
0.22749812810675504
0.44280004261652384
0.578647575132141
0.44760703045957356
0.289354842221519
0.351845819499514
0.49688131688684634
0.5028305613843892
0.2776394616014295
0.2891415907932026
0.2541217111360079
0.36458511786960446
0.2193930271476424
0.4788775738944646
0.26538143404814146
0.23513627974034018
0.4637630544725118
0.4702886325800235
0.2841595378031542
0.29574394559160067
0.43509940909465067
0.2874750100909202
0.13167402077417117
0.13740726084537702
0.5752414366397608
0.46571260608685333
0.33095158909044264
0.2759095020641417
0.4475788847118578
0.47832864397766134
0.5169475583618147
0.32154884858154165
0.534649679728174
0.3891876820242925
0.257543640129454
0.34902432302681174
0.12913039577668878
0.11078908036258625
0.3339225853628801
0.40096141324943585
0.28477080899526663
0.44130971205455016
0.290581641734611
0.40264591688140755
0.5460044870904776
0.5052043841605193
0.5125639105899181
0.35819988648205636
0.46064537066747174
0.40700445436522953
0.46104654354623104
0.1982308484188013
0.34101832868013465
0.3852087313303118
0.3123116805706334
0.09092414149382172
0.48104715798508746
0.2704790268806941
0.3625681738715403
0.19011277034296759
0.40829822810964267
0.2154892487550384
0.4856104260537616
0.466338319561846
0.5855279958437317
0.3743788749285099
0.48872255868222253
0.5010209421186324
0.4111315825614934
0.42102951041276493
0.5314383822616604
0.35365221386999546
0.14833595394869595
0.35291993401557853
0.49259121963904917
0.2649381911231906
0.4801840181748717
0.42462672974949717
0.27461866412144986
0.34286737791919936
0.22158668217243727
0.6019086718808124
0.44708395632042475
0.4512362194106233
0.3785627269607902
0.37374658410307665
0.07321712584886052
0.27224196378507926
0.09496559737191504
0.4066834507849069
0.4429517920400284
0.35081999481553
0.1674901882246198
0.5547719829362505
0.3677609750381108
0.3672587927411903
0.3834122094368678
0.5459152613148529
0.3445128768451394
0.39340260129145976
0.2755503161672896
0.1202894192622613
0.2519463044758786
0.42292110040300523
0.32647761853617996
0.3317305669262852
0.2578088877632274
0.43902972882787994
0.5570014516048741
0.3260369843325636
0.3838749780837346
0.2077772101028634
0.4190149025824745
0.38030669251734606
0.30335731541049493
0.5453522633153374
0.03765103195506551
0.4098367994953055
0.4323048222909609
0.222301061242506
0.3802003916664182
0.38724072694133943
0.4201343123987473
0.24039271281280633
0.22112512113081198
0.688560980939667
0.5207431232848118
0.3610337357464503
0.4810687945535835
0.7217482244105694
0.3620229602470533
0.2974471815175503
0.11440977231935053
0.05160414460336348
0.42529453537207434
0.2749491931331411
0.24681339165081934
0.2194049540508465
0.19973317811390842
0.3100413426206623
0.35073485704748525
0.5562106858320174
0.2796948693891253
0.31387428376182236
0.3413753361883933
0.43678313380483297
0.37855156933064826
0.4178869476714467
0.1620163347294118
0.2703738588369149
0.14458197662479166
0.30055529520153773
0.26881099849194795
0.42936866466995616
0.4170946081925606
0.5312976360910738
0.29213705664119266
0.3906429473481826
0.4070748272070853
0.16537368190842855
0.4463516908621175
0.3733896802503373
0.3219219115164939
0.5177674716430476
0.17915971354006754
0.5108294687079137
0.3018882761173643
0.3470335494507456
0.30345274370757264
0.3000486497765158
0.46604574455491254
0.22930412063824981
0.17252153703603124
0.45071586761792093
0.3259418624186481
0.39399722752581806
0.339840257342035
0.3038448157606734
0.5300116276089402
0.3129023456810036
0.3838938975126513
0.3331042968990631
0.5551312053229166
0.25535147791911367
0.3638143249023675
0.33854561879717227
0.4786709297893448
0.325419592336856
0.4400794170266645
0.543437608654944
0.24113397180092214
0.5450270867212136
0.41593607955834433
0.4081540232839187
0.3336975427980485
0.5700251002473374
0.015750439269154228
0.263179744081646
0.6152906710757248
0.1846023284755148
0.25243838121625334
0.23264129121530763
0.6158600824695806
0.30818249485349253
0.5345958445430286
0.34297988797853124
0.31161926903056786
0.5270255434264632
0.4231980270968089
0.303067638480189
0.46284931133183366
0.20955185372259144
0.4466133058053593
0.4329960675539949
0.5204302166576854
0.3378132799345907
0.37480334787455155
0.2770696790127348
0.31203007043709075
0.339950672191049
0.1982614547757513
0.5705771180064442
0.2909819686209686
0.37553195935018485
0.464102262248831
0.4670173696167764
0.3153967203815561
0.39074346048425973
0.34794557501673373
