0.785626831095289
0.4941862807104714
0.22474053095652166
0.3915444944686778
0.4612286123795539
0.5548664654005357
0.4855765147246073
0.534569227607978
0.3890487121350243
0.2226260746415822
0.6142214193553636
0.47786970912048665
0.40113416120536693
0.48913285302552045
0.46002220009415806
0.5705091667806685
0.24448231297553621
0.5055780493316576
0.40898607628271233
0.34669181222403667
0.6764134390079393
0.4947069485170283
0.4612853515294606
0.48268429441318866
0.3506115868684134
0.5009451343378056
0.46868220743779265
0.265299118568612
0.2514177015067087
0.34516436301462705
0.4135666998900897
0.22663467907960053
0.43322988659962225
0.2722701019586679
0.43981251269116395
0.05109562791332752
0.6890504298566328
0.1017012418080505
0.7562798048213811
0.43786905238795565
0.49936471413014416
0.4225222268766039
0.37695853212455016
0.5257236189381073
0.5451811114944927
0.31487895604880467
0.436174931604743
0.30178716870028477
0.5503804956295171
0.02684301195872131
0.1555704501296701
0.5198392965924262
0.2699640181392073
0.3365203902893067
0.3158151917479378
0.1554318618544688
0.46102074508483026
0.22567124271970745
0.5685512520105859
0.2762032429682887
0.37439907911632087
0.5497704558700652
0.10190366657946183
0.35322489410179636
0.4542173337933912
0.662443741935943
0.5189436249026131
0.1801341423200124
0.4610207450848302
0.6196403857885783
0.3502587307064181
0.4277083390643059
0.6380941721045142
0.5712665017720241
0.4308373104873362
0.29081676984846094
0.25141770150670883
0.5789224570975235
0.4888989824080287
0.44392528212398086
0.3512286746391472
0.29119134258881985
0.72706181864911
0.327442320243903
0.4096826852460748
0.5035717388939226
0.6150148179177359
0.2247405309565217
0.3797924247652173
0.4170699862126744
0.36663756781752743
0.63821224777971
0.30536751573704346
0.220007810904718
0.2797589448886395
0.44104628763176007
0.21608887244574432
0.6150148179177358
0.4141529837878591
0.41049143993653303
0.34714992080549195
0.2723311913406441
0.4067579715145556
0.3797924247652173
0.2728600842074962
0.5489399452837943
0.32663177545937877
0.13442539828793396
0.3348452086963901
0.1807356234076563
0.4686003603039908
0.5508506209040251
0.5394536455967921
0.28277835146659697
0.5650878026787165
0.714239785339777
0.30477956898123454
0.3813077432636803
0.6007561074702445
0.3047795689812344
0.380126968280063
0.4525991942267807
0.3400716686260994
0.41049143993653303
0.6136482513878395
0.514918670576347
0.5059356829944276
0.233586944561432
0.38836697551543825
0.6277894639707599
0.16139915553765447
0.3464737162811726
0.3558889704040776
0.6488917465439775
0.3262759313560379
0.15291404692601823
0.5508506209040249
0.286645103788746
0.4566733770626712
0.550850620904025
0.2875712461466187
0.4487712165640309
0.5224555735843024
0.4334043327736244
0.39364833822043405
0.2247405309565217
0.6937617869800172
0.4700457668030497
0.1554318618544688
0.40460072777460854
0.6257088507533543
0.39201072409336246
0.19103359751984872
0.2267304946441672
0.0626447740605742
0.48392690711057795
0.37979242476521735
0.3213380899842946
0.24780046072345216
0.20738344865416217
0.5545774425901715
0.2813609934464404
0.4683935069416148
0.3875235739600344
0.3482426653787372
0.5736025685263494
0.6258543257727842
0.3234099179256917
0.5038339398121737
0.2514177015067087
0.44264105967942413
0.019710574421758817
0.6278754548591303
0.27034402913554983
0.40460072777460854
0.49401272477495245
0.4314763893681158
0.19920685311554479
0.37642963925769807
0.47273768540907307
0.17097475414062663
0.44409984329519936
0.3373892139293872
0.198769484643579
0.585400573142177
0.4216867060972895
0.5556179235392444
0.2856505982415997
0.49587253037854834
0.23564972678522272
0.3092323172138655
0.43536866973787347
0.22663467907960025
0.08099906971491475
0.4542173337933912
0.2829680820884265
0.5508506209040251
0.34115536983134753
0.43322988659962236
0.5818264401520233
0.24448231297553613
0.3597857287899016
0.5604121159084097
0.3859057675150141
0.2962591731623952
0.37119086926563527
0.3414512423531056
0.5187685223971698
0.4821961600098686
0.5789224570975237
0.35978572878990167
0.3262759313560379
0.5503804956295171
0.36233007765056563
0.4424352535360311
0.24780046072345216
0.8093802751704016
-0.05116540828192409
0.4012655579971099
0.4752089748013378
0.40712281959331315
0.23002963583547184
0.22820091967948902
0.7305103725424151
0.4103111819045684
0.46839350694161475
0.37979242476521735
0.544518309636433
0.4370469667531134
0.585400573142177
0.30536751573704346
0.424092965853416
0.4293718364597859
0.4027630756998389
0.48593360801521884
0.6515195285161427
0.33914209140582885
0.5038339398121737
0.2579030612537937
0.31088047196135266
0.28186491288604115
0.2514177015067087
0.4947069485170284
0.20333146422361797
0.4601876765943391
0.4062408335805564
0.45423494123920266
0.3177716672417391
0.365822547073496
0.5313223870302872
