0.4195854426187135
0.32918754474975465
0.08637894584584149
0.25625671598951444
0.33284705817406046
0.3370949247540888
0.09964532900464404
0.18532639142093701
0.018651340133513706
0.3900112269845907
0.14108742858055165
0.07537771823012304
0.033973794791757765
0.3148649016662959
0.15584217177510262
0.25245881416555316
0.27536183303786615
0.45756458200668
0.19986659082858713
0.059621125920048784
0.5501269391090908
0.20339934677009205
0.1058220584895465
0.32354818174364447
0.21459314274288396
0.24874621529932298
0.0430377541227696
0.269001991103054
0.19243185848223604
-0.0269562920896071
0.20317619851929297
-0.09561463500740774
0.27152756480914997
0.20585757846601657
0.4292565768518309
0.19069765474652883
0.2628442621562284
0.01467615964941302
0.040048772244924966
0.3131232589721568
0.04510544769859814
0.2968049099301783
0.3181178996482706
0.07613567146373797
-0.026842238529504313
0.30068736832077453
0.3200836820472681
0.052017225143550117
0.2004167404162682
0.5148067226750288
0.23898678438572357
-0.060406669340425614
0.24881438066977035
0.22831846273595074
0.10930720277219551
0.15383742825453364
0.09857294623948239
0.36064123486678484
0.14689688002204293
0.15799494758227317
0.017786884880528948
0.32134030443501893
0.20205964867180126
0.20166490916825847
0.27068200730175795
0.07318730025737503
0.17199648747592988
0.2522651041884616
0.2329877454925362
0.058791578273640066
0.2156536286883105
0.3332757104563155
0.17672263936487576
0.11498786292460572
0.11227298260247472
0.07555666395542084
0.15633177444050142
0.12099406403753891
0.007391296785803831
0.18066610238632194
0.16352930266469431
0.08005765964791187
0.03791209623023914
0.2832908616170272
0.11949391141088646
0.24161796783827608
0.23092609376113526
-0.04250276311118447
0.12460147382065828
0.29962933701139655
0.13102619393200055
0.25161931508553775
0.24492076361853382
0.2845552672435179
0.11808033664420456
0.2740671815279045
0.19035660587147335
0.0691034895534365
0.19228451983385647
0.17318690454489466
0.3031921953123861
0.32770753894239196
0.27662076060922436
0.38665940222164213
0.10603308456982095
0.09663362858290597
0.19167878969806892
-0.033154512197758876
0.1331605886260386
0.12778319337735589
0.1037751515135276
-0.1582215298436696
0.10056299258745202
0.3364135293784591
0.4085199449704474
0.23020080497921033
0.28507656824985517
0.10731476355624618
0.22894850057407132
0.18979437235410362
0.30505408654756705
0.09960862440448548
0.2317464144554652
0.11016166608981691
0.2016437500224568
0.09163751255342882
0.09615347441724224
0.15238815313984877
0.3236067170287559
0.38666252020546343
0.31857218939014503
0.15728027224356717
0.06972999786176688
0.28629727866184534
0.1770298497130048
0.2855054347501597
0.30864483384066527
0.15829739952192987
0.08526296398814674
0.15770862561952737
0.20185970663060926
0.07509309720497441
0.14645132623403453
0.2407441772364553
-0.05272660989761889
0.26731130150349086
0.42226590683555865
0.10742068292010602
0.16706917979941915
0.2799912891532304
0.3059247882026313
0.2914053629102685
0.1487416803353525
-0.017010239333010695
0.018097788579966034
0.2903571475881477
0.01948986918043812
0.1600084993375572
0.1386333167780852
0.2662211770532521
0.2770079929578691
0.1599918299525374
0.32878699072567397
-0.0006945200194588805
0.013117311953312881
0.0378305586796344
0.19853125266217445
0.32052463325236347
0.18749345473179857
-0.024949397484917486
0.26887298910737983
0.11707558458571743
0.2510839364010987
-0.08349480140970614
0.24736831031986153
0.12074551805498594
0.37839106620073865
0.07479747976891864
0.2259144129642353
0.07238222835315071
0.10995165932199794
0.27467965343853423
0.15681517796943012
0.17454385049842017
0.21070485956022872
0.1161820883005123
0.40152568151897533
0.2652308081157952
0.15171073379790648
0.13371268623041305
0.30022657067764597
0.15454452573998878
0.0907634535481192
0.17932262673610444
0.27665290005928594
0.09698364447954638
0.11444581352865361
0.13825220020760784
0.23702330852247916
0.25494902683528625
-0.05190737182074282
0.29025425756187684
0.2929598540588248
0.016674285252293936
0.15730248477715572
0.2016959171849346
0.20598662551429525
0.1831809987131116
0.1312654672283372
0.1592873101876178
0.23532811834687714
0.05356488438423618
0.2565444512218647
0.09897086828047469
0.02449351547351047
0.2971671262347227
0.07568799322706152
-0.16477812672283917
0.1399580843463262
0.18675492178725606
0.0999024710891911
0.18029565589613922
0.16405790540965018
0.32855527476376983
0.31784180957774877
-0.05232408002857476
0.20022658977911034
0.21147610002583167
0.11499862022590025
-0.014802383794934811
0.30897744376305697
0.18731603717231535
0.20299618924833726
0.11117428748293534
0.10768241315072594
0.2294315311449165
0.16886166501520983
0.24619353707621627
0.21031573829356764
0.06084695863933229
0.1790057286822886
0.06901829965464087
0.024894966337246
-0.17843316517617488
0.11702398402954887
0.1900368927774318
0.3489804622083814
0.08480416218560621
0.11878198093221466
0.3706807140069051
