0.367320583823547
0.1987544322016451
0.2014097270568728
0.26175453411486244
0.2806914551843342
0.7891708284751564
0.7602696981328116
0.2585086532951704
0.2014097270568728
0.16796939682065337
0.14706995416356408
0.38598830302784876
0.16796939682065337
0.3580800839170026
0.8552085747370173
0.7558460892097015
0.6136263953734774
0.4734086304890838
0.5332635847114439
0.2014888705182095
0.767586781937673
0.42508970298410853
0.8308646840196737
0.8070797139922593
0.8607485867664493
0.8020300922406133
0.4151785781554047
0.7881133082728228
0.837684981705181
0.18724105288768672
0.5332635847114439
0.41525568841454946
0.18197663861707153
0.3104562744575824
0.18197663861707153
0.8940160477852281
0.4151785781554047
0.05678672978664854
0.8112957834523215
0.7258928763738899
0.38598830302784876
0.3606120147362936
0.1987544322016451
0.23386263714806899
0.2558744783807891
0.8940160477852281
0.35370093077831344
0.7602696981328116
0.16796939682065337
0.8308646840196737
0.4265953219528269
0.31423919691791985
0.20225118191673555
0.23965157247694294
0.7980866518407715
0.8084900429953764
0.16796939682065337
0.2014888705182095
0.8462863926756028
0.5312745291983691
0.2585086532951704
0.2053672087066661
0.2014888705182095
0.21815311485423894
0.7891708284751564
0.8982657786254351
0.8112957834523215
0.7024115095845889
0.3510012476173061
0.0613599233410446
0.2014097270568728
0.8070797139922593
0.7482639471087497
0.7509158119540041
0.30579394242494073
0.4151643779481915
0.9459682475374043
0.7602696981328116
0.8070797139922593
0.8084900429953764
0.20225118191673555
0.39773656763747917
0.8940160477852281
0.7334358915575643
0.7980866518407715
0.24857476332206047
0.4110718306468835
0.45201561717748007
0.5333644630370685
0.5466683208120895
0.12569912438767508
0.841294859923113
0.6167194042518052
0.23386263714806899
0.9459682475374043
0.7482639471087497
0.5332635847114439
0.3805242431262664
0.5011085727492155
0.19738721304336287
0.8308646840196737
0.837684981705181
0.8020300922406133
0.8864011343346648
0.6331495514234545
0.21862293093515403
0.6728164715142184
0.24549915577616732
0.2585086532951704
0.17104311245624654
0.1727865875980704
0.9369239813715594
0.23965157247694294
0.25173485057243955
0.7258928763738899
0.5332635847114439
0.7103868934417437
0.38598830302784876
0.3805242431262664
0.785278618539785
0.25173485057243955
0.38598830302784876
0.37039372904029205
0.3580800839170026
0.24549915577616732
0.04696586152699487
0.13696784066981854
0.7881133082728228
0.7499160680333392
0.23386263714806899
0.7558460892097015
0.7944190143960405
0.5360278673016929
0.39773656763747917
0.2560793497663958
0.6532669236613815
0.4110718306468835
0.26175453411486244
0.5312745291983691
0.04696586152699487
0.5360278673016929
0.033737490374481226
0.5011085727492155
0.4734086304890838
0.5132307921056672
0.6426834351392472
0.31423919691791985
0.841294859923113
0.7291412760223025
0.7881133082728228
0.1727865875980704
0.83261951158365
0.6331495514234545
0.005849914791822175
0.18001382024287854
0.3104562744575824
0.8379676140423835
0.5133869111626264
0.7175837860839445
0.5333644630370685
0.19856095297332343
0.3580800839170026
0.8257264084512022
0.05617749974696027
0.845160618163819
0.5201444088621724
0.24857476332206047
0.7749444413192231
0.9005756196436895
0.31423919691791985
0.2214076437464888
0.8462863926756028
0.5133869111626264
0.9509614088232451
0.8864011343346648
0.14706995416356408
0.8112790921137546
0.7520246583060832
0.7258928763738899
0.26175453411486244
0.17104311245624654
0.6167194042518052
0.785278618539785
0.7845114682672398
0.5869259057038834
0.15925906615383587
0.2806914551843342
0.2558744783807891
0.31598519139994274
0.737837474078252
0.737837474078252
0.8607485867664493
0.2053672087066661
0.15956941107568756
0.7647729461808114
0.31598519139994274
0.03552625515511919
0.57139394397079
0.36974838679000527
0.2806914551843342
0.3314270880746537
0.7499160680333392
0.42508970298410853
0.2014097270568728
0.42508970298410853
0.5478737126238867
0.36016328859665264
0.14706995416356408
0.36496183032027585
0.7509158119540041
0.7919016093986831
0.12569912438767508
0.1987544322016451
0.5922541388495153
0.0613599233410446
0.8112790921137546
0.4169757371810443
0.83261951158365
0.24039870096322905
0.8216720717841551
0.03552625515511919
0.38349721137729603
0.2558744783807891
0.2214076437464888
0.5478737126238867
0.9005756196436895
0.7520246583060832
0.27058680735258006
0.45201561717748007
0.5466683208120895
0.8191268313255939
0.7845114682672398
0.4151785781554047
0.36016328859665264
0.3510012476173061
0.16747119026053411
0.8020300922406133
0.7602696981328116
0.7919016093986831
0.7891708284751564
0.7103868934417437
0.232895447050688
0.4169757371810443
0.9558503355755559
0.4734086304890838
0.2560793497663958
0.27148652680767255
0.7686230855822193
0.8607485867664493
0.21815311485423894
