0.2919244190766137
0.2919244190766137
0.2919244190766137
0.7690186505110188
0.7690186505110188
0.2919244190766137
0.7690186505110188
0.7690186505110188
0.2919244190766137
0.2919244190766137
0.2919244190766137
0.2919244190766137
0.2919244190766137
0.2919244190766137
0.2919244190766137
0.2919244190766137
0.2919244190766137
0.7690186505110188
0.2919244190766137
0.7690186505110188
0.2919244190766137
0.2919244190766137
0.7690186505110188
0.2919244190766137
0.7690186505110188
0.2919244190766137
0.7690186505110188
0.2919244190766137
0.7690186505110188
0.2919244190766137
0.2919244190766137
0.2919244190766137
0.2919244190766137
0.2919244190766137
0.7690186505110188
0.2919244190766137
0.2919244190766137
0.7690186505110188
0.2919244190766137
0.2919244190766137
0.2919244190766137
0.2919244190766137
0.7690186505110188
0.2919244190766137
0.2919244190766137
0.7690186505110188
0.2919244190766137
0.2919244190766137
0.2919244190766137
0.7690186505110188
0.7690186505110188
0.2919244190766137
0.7690186505110188
0.2919244190766137
0.7690186505110188
0.7690186505110188
0.2919244190766137
0.2919244190766137
0.2919244190766137
0.7690186505110188
0.7690186505110188
0.7690186505110188
0.7690186505110188
0.2919244190766137
0.2919244190766137
0.2919244190766137
0.2919244190766137
0.2919244190766137
0.2919244190766137
0.2919244190766137
0.7690186505110188
0.7690186505110188
0.7690186505110188
0.2919244190766137
0.2919244190766137
0.2919244190766137
0.2919244190766137
0.2919244190766137
0.2919244190766137
0.7690186505110188
0.2919244190766137
0.7690186505110188
0.2919244190766137
0.7690186505110188
0.7690186505110188
0.7690186505110188
0.2919244190766137
0.7690186505110188
0.7690186505110188
0.2919244190766137
0.2919244190766137
0.7690186505110188
0.7690186505110188
0.2919244190766137
0.7690186505110188
0.7690186505110188
0.6615876856081033
0.2919244190766137
0.2919244190766137
0.2919244190766137
0.7690186505110188
0.7690186505110188
0.7690186505110188
0.7690186505110188
0.7690186505110188
0.7690186505110188
0.7690186505110188
0.2919244190766137
0.2919244190766137
0.17104311245624654
0.2919244190766137
0.2919244190766137
0.2919244190766137
0.2919244190766137
0.7690186505110188
0.7690186505110188
0.7690186505110188
0.2919244190766137
0.2919244190766137
0.7690186505110188
0.2919244190766137
0.2919244190766137
0.2919244190766137
0.2919244190766137
0.2919244190766137
0.2919244190766137
0.2919244190766137
0.7690186505110188
0.7690186505110188
0.2919244190766137
0.7690186505110188
0.7690186505110188
0.2919244190766137
0.2919244190766137
0.2919244190766137
0.7690186505110188
0.2919244190766137
0.2919244190766137
0.7690186505110188
0.2919244190766137
0.6615876856081033
0.2919244190766137
0.2919244190766137
0.2919244190766137
0.2919244190766137
0.7690186505110188
0.2919244190766137
0.7690186505110188
0.7690186505110188
0.7690186505110188
0.2919244190766137
0.7690186505110188
0.7690186505110188
0.12942274033211354
0.2919244190766137
0.2919244190766137
0.7690186505110188
0.7690186505110188
0.7690186505110188
0.2919244190766137
0.2919244190766137
0.2919244190766137
0.7690186505110188
0.2919244190766137
0.7690186505110188
0.2919244190766137
0.2919244190766137
0.7690186505110188
0.7690186505110188
0.2919244190766137
0.2919244190766137
0.7690186505110188
0.7690186505110188
0.7690186505110188
0.7690186505110188
0.2919244190766137
0.7690186505110188
0.7690186505110188
0.7690186505110188
0.2919244190766137
0.17104311245624654
0.7690186505110188
0.7690186505110188
0.7690186505110188
0.2919244190766137
0.2919244190766137
0.2919244190766137
0.2919244190766137
0.2919244190766137
0.7690186505110188
0.7690186505110188
0.7690186505110188
0.2919244190766137
0.12942274033211354
0.7690186505110188
0.2919244190766137
0.2919244190766137
0.7690186505110188
0.2919244190766137
0.2919244190766137
0.2919244190766137
0.7690186505110188
0.2919244190766137
0.2919244190766137
0.2919244190766137
0.2919244190766137
0.2919244190766137
0.2919244190766137
0.2919244190766137
0.2919244190766137
0.7690186505110188
0.2919244190766137
0.2919244190766137
0.7690186505110188
0.2919244190766137
0.7690186505110188
0.2919244190766137
0.7690186505110188
0.2919244190766137
0.7690186505110188
0.2919244190766137
0.2919244190766137
0.2919244190766137
0.2919244190766137
0.2919244190766137
0.7690186505110188
0.7690186505110188
0.2919244190766137
0.7690186505110188
0.2919244190766137
0.7690186505110188
0.7690186505110188
0.2919244190766137
0.7690186505110188
0.2919244190766137
0.2919244190766137
0.7690186505110188
0.7690186505110188
0.7690186505110188
0.7690186505110188
0.7690186505110188
0.2919244190766137
0.2919244190766137
0.7690186505110188
0.2919244190766137
0.2919244190766137
0.2919244190766137
0.7690186505110188
0.7690186505110188
0.2919244190766137
