0.4824095879388728
0.1059733922435584
0.1876509668238931
0.23504481277618153
0.44555134550583764
0.44615540595922965
0.1487042064354075
0.49413173552934186
0.37194691180209766
0.4500899605017539
0.26324940631142824
0.19247862677894673
0.16586095177663293
0.28308934835188276
0.4014095768516048
0.372713711572684
0.24869300852951443
0.08670092635911252
-0.04767770446514153
0.2272311413218176
0.5134576908808193
0.18854030436520486
0.26617445082227364
0.481663486432456
0.3546878028378686
0.4295102870444906
0.3982041789275194
0.15403435840810392
0.15162191076928633
-0.03966192550049664
0.27818164798219414
0.3792106121954593
0.11306762888370582
0.27672124593490965
0.42222565512852817
0.25522149238940434
0.324987370328912
0.16582504882348156
0.39316367815805675
0.19756324479422305
0.24081984581987345
0.3137428610451113
0.29445059971800686
0.28161355918552233
0.5589832639531995
0.3893118757048037
0.454087732370974
0.232238669273613
0.1814899262258887
-0.15704499935734
0.2570477354433888
0.5881605819762312
0.34630591215871165
0.25497504546587996
0.3176101816087036
0.34764693911633554
0.33848428130203356
0.12722556677483565
0.2031507932700732
0.16738627761420602
0.10916298232715135
0.18805592118205441
0.24758932154076824
0.21954588295571184
0.2691455977457023
0.36770589288362016
0.27837168303373566
0.4379340506117743
0.3042309854877718
0.18193461616554518
0.20118284615479048
0.5386845768580348
0.1721616167201804
0.361266470468729
0.3357180447541059
0.1255876458053195
0.2670109049338652
0.25754800113836007
0.16137103917793263
0.14459016858339577
0.17005008563636428
0.33688897255550454
0.1425412815373049
0.3849401965468532
0.24451696634930414
0.33274605422880965
0.3281928600001012
0.23430182523548618
0.1370076982993229
0.2218233905146545
0.32607277565654935
0.3349221088394136
0.218658986990233
0.18212169658482613
0.17324998124426644
0.33103229667826717
0.2609932579387562
0.3072548372920379
0.34120149055051063
0.15081489898978365
0.19293957893129463
0.23577873723137974
0.359047049038446
0.52517689499833
0.2561652384652126
0.20384289326668822
0.37263062251864937
-0.03370213678881107
0.26811357092883037
0.2570364862489675
0.3359162682735839
0.19460346867461173
0.25822388000634305
0.3180499710460239
0.43258235814771434
0.05902188268640385
0.2659291235450563
0.16498211076860395
0.417865124388512
0.35350958609698957
0.21947981936469194
0.19269047957532437
0.3524504526321971
0.28489187815472555
0.432737552885742
0.05479177409081348
0.29022654038413237
0.06804466508081458
0.5440127218687748
0.5777142075552227
0.1326870941429025
0.2299682433580442
0.186649753501098
0.29594545438382097
0.3208386027101842
0.31518931157888985
0.34655218517538366
-0.00401723865132846
0.290220095219389
0.3057123728205195
0.21920839308439266
0.22763360033661828
0.11431071355183994
0.3888505827699364
0.16282959600338187
0.3058309144252365
0.6169189090028302
0.47512959817473255
0.2937330995252084
0.417091222993228
0.5210659081825783
0.2315563231796888
0.19366524712707267
0.2964625682407028
0.06383078612591885
0.40522960963149585
0.249763416718794
0.18483552603986209
0.1962084424663758
0.36403123302145574
0.3849939016633268
0.11574575339417478
0.4498303120209347
0.012000289763625932
0.24918595796631723
0.23425642177011588
0.29510381704195504
0.26283706107724736
0.3275101577867846
0.24745025795047693
0.3749735472888462
0.021585959208234362
0.07477512661094109
0.2764925975958001
0.4235371636249621
0.008557610612743636
0.3747449253986091
0.26503552997969937
0.36514796433355806
0.325424464502257
0.06216806837542423
0.3608655137083384
0.2100515594173762
0.2933096103857359
0.1934521264030859
0.1381755125093849
0.5303494149851034
0.4574885877064662
0.2986752517020535
0.3254814027132252
0.2495932411037394
0.3282141040764345
0.2368523795418748
0.2154729559941768
0.43487843984716407
0.28315436539876787
0.2201292874622409
0.28535084111787173
0.3680427145633528
0.3118427222933502
0.1380687567130779
0.33978335272341226
0.28808576494684635
0.44027097800195886
0.23061234167780767
0.16445755812248228
0.25479233582826566
0.3731592215917142
0.1301689875399676
0.19251600606282387
0.38607787123913384
0.18790308896579574
0.423932645589943
0.35357301834719834
0.11787109266703215
0.3974670505525965
0.5068757494768209
-0.2558613344363343
0.22800429834627065
0.3476564866457462
-0.05293077905463451
0.22285686627679607
0.1719916118513187
0.4953118994639782
0.058020439248355496
0.4164976580883329
0.32413003222961856
0.36447541233916425
0.5263610030877124
0.14713650272683776
0.3291075565910272
0.36185451011911773
0.26840355115083986
0.356359591614014
0.1633610519626394
0.4545858225137183
0.5681910577879687
0.39212815236207027
0.27543586679551213
0.24935442347280667
0.22977976524358681
0.11113032564695173
0.46539168608773157
-0.05624693905194443
0.4037354219849469
0.5069984132589991
0.38695542325619037
0.3313034939628583
0.38393717626327073
0.22651442160831375
