0.36296571070518224
0.29906958211396634
0.21433362302604791
0.19216315769249565
0.4570493752747679
-0.004182214381524277
0.0972759697967565
0.6047373677132356
0.18234577937653332
0.35461026330489054
0.36454642084825073
0.274459204485813
0.08966328564078116
0.2706595817450916
0.2120732780125448
0.1379278651175256
0.3085861393376132
0.21533102262789816
0.09318104002549532
0.22012935133177394
0.42377564088126446
0.1815804703427819
0.04444269180876911
-0.05077169434554514
0.14638521362472431
0.34409023221369994
0.20450059333140347
0.31174357050486334
0.18556042517577007
0.11614653748497565
0.2571006250484203
0.34935895937212474
0.22209642103519717
0.14309169040108138
0.050436807673121635
0.19455353747653617
0.3353997807879914
0.029850548576233187
0.3085740026105305
0.12951509631576438
0.22317413528839095
0.2514588036785
0.2488614731800155
0.23753335737223596
0.37540695306321314
0.2154515632119213
0.15006674611401624
0.1289448410604975
0.043442878149180846
0.4069337970934783
0.1088636992743399
-0.02792955224095947
0.2238024040124674
0.19434977431055914
0.396733914302167
0.19877651616446304
0.21496006470190973
0.36091124349501585
0.0713806915617866
0.07721922255552528
0.18980964378945617
0.2844675288360044
0.16689782744715667
0.3287978823205742
0.2962519922081862
0.24522295056261864
0.15603616290517075
0.30740386529324076
0.3159539388618934
0.24596629527315053
0.09952665125320614
0.39404355705873406
0.009193726757343978
0.23843832140328142
0.19492374236310395
0.11216188445010182
0.2201796804895574
0.2024127407800991
0.11538726412110054
0.015767291397966128
0.09925485602137024
0.4178043576056874
-0.016283245706052028
0.2001448567048474
0.19394113429195886
0.3026206497251
0.1934939427705052
0.07372622097655188
0.13119140994461434
0.24373874477273297
0.27559745663877955
0.23344945046466448
0.2320175630232788
0.23873451164363702
0.017012859698141522
0.29348208682330207
0.2473312470992611
0.09747849661002128
0.1225229661486462
0.24117788975711707
0.2358790970044311
0.2502704841433516
0.2237657510761075
0.3595192194995716
0.2727707916306411
0.07936463970383938
0.3172596874733153
0.054303402198098476
0.16503162956333983
0.1997728013399928
0.2171942074796542
-0.04499842907208849
0.20600929610461957
0.4437348106080761
0.3997277895031235
0.17773542457003982
0.2428854439136661
0.24099675031621828
0.29503815649584647
0.24879784207527134
0.36279349400824773
0.33518235238494615
0.33596696709372637
0.2712740849657944
0.35475548682128066
0.19772286586425863
0.05977735828641273
0.11896600350683535
0.36815553185855404
0.43404750827762995
0.17032589706565257
0.2352978784031709
0.11457396686777309
0.36135283853136974
0.2813530074353354
0.2927095303784993
0.35676217938581334
0.10317918584006847
0.11233364330523696
0.16030563416684654
0.16487544597523587
0.2851685242439132
0.1088376814032497
0.17773646742676374
-0.08232520460681865
0.13579448880448464
0.5460655068973815
0.2466641106785773
0.2605453823306377
0.1950591940863724
0.4421209535796522
0.2638950146405408
0.17742774237366524
0.1821392656795865
0.1196606973202743
0.3548576237006038
0.12282861581099865
0.23531295023399884
0.1872550128719901
0.307162491480162
0.3196195859853103
0.09193467295661359
0.21932746948815013
0.0008113867179470551
0.11343167866530103
-0.06601570561724678
0.3253744029334676
0.2804949771678402
0.21719308974767193
0.26860993453689064
0.3307164258259131
0.09776897844599633
0.0885345163676031
-0.13095502583995314
0.30935838266485616
0.1917087711880819
0.34279690790658157
0.12126480787431544
0.326303053191354
0.14929805975540492
0.060979053575914176
0.28120037291677885
0.20849471390737498
0.2037762647706286
0.22746191491815243
0.22672703180142084
0.4550324732142498
0.32641614118143814
0.1295009093193165
0.19537072832390517
0.27356505951925786
0.14173759464323926
0.09915302971986027
0.12442779156106641
0.36713955391278547
0.15913973215912602
0.3062178551536887
0.09899110834614257
0.23059418003686688
0.30906830450143963
0.15524350346846513
0.29955896591256664
0.3165037227310521
0.21078669313854545
0.1989923670547951
0.2974547766261721
0.2657709217592072
0.2744674442842574
0.15177561358879957
0.17029243071358155
0.295511922082498
0.1814719679410335
0.2286541661975724
0.05267215116821995
0.11102889435386076
0.22558151753643488
0.2665341987379072
-0.23817294892105323
0.14787431875792467
0.2517424532220691
-0.03922964850487557
0.22962878960292543
0.11669807565163967
0.33970987231060956
0.23481889124981953
0.1747932074310267
0.13057933383023265
0.38705025843418955
0.044042679309336336
0.20928341626951724
0.19071356528587455
0.1607447287738674
0.1742511286180951
0.16310503801965465
0.14208154180068916
0.45033016250533703
0.5035519285039008
0.26041554178307325
0.24991198881162807
0.04542252974429387
0.05646414095200188
-0.09000456854358624
0.3477220496401757
-0.1528525013691658
0.14620749248851844
0.4762392990357461
0.46435959027857965
0.3390060165938327
0.16763279233236356
0.34208213132706466
