0.32354294075346374
0.5144588875231619
0.512798761883683
0.17962996244691987
0.253583966238405
0.7873125257732542
0.7654409768731817
0.253583966238405
0.7946432027397335
0.7758401538056782
0.750332099592208
0.8871896598478419
0.7748494896155078
0.17962996244691987
0.7995750096516091
0.2759936586569625
0.763734096409925
0.35144001765685856
0.06551526294041635
0.24092222859117482
0.736937919028071
0.8122961998799618
0.2759936586569625
0.7963500010166666
0.7773992289935737
0.2523949766457108
0.7636335464115048
0.30649643915316555
0.8070082985673759
0.06551526294041635
0.7758401538056782
0.779372024195441
0.5144588875231619
0.25932522586953216
0.7849116467581667
0.2532894248902791
0.2958926648614529
0.7873125257732542
0.26603113025928654
0.2790348355140498
0.7363893058441094
0.7838833963008498
0.7946432027397335
0.768323307436777
0.7906083734511752
0.7701288994490393
0.7305424894505568
0.796022275747935
0.21883241975259393
0.17962996244691987
0.269707746174521
0.7305424894505568
0.28613151160884687
0.28613151160884687
0.7592065152036587
0.7701288994490393
0.2523949766457108
0.7578064488216395
0.2790348355140498
0.5375393278912278
0.2776276139951293
0.2759936586569625
0.2632315320897838
0.2755518644121991
0.8261587968891432
0.2577322714679897
0.2532894248902791
0.736937919028071
0.25932522586953216
0.7636335464115048
0.2401011552896566
0.805925199757032
0.7852596810310423
0.2382169897814368
0.300126511136963
0.28748631082021286
0.8871896598478419
0.7654409768731817
0.8134376227272762
0.750332099592208
0.2729627713839053
0.3211479041638959
0.8122961998799618
0.7764806715664148
0.7829444474671164
0.34332262110089395
0.3412381218666078
0.3370264926862393
0.7115638086075826
0.4758223686095297
0.2597411866904411
0.7897061830620746
0.736937919028071
0.2523949766457108
0.8871896598478419
0.7852596810310423
0.5532571663539173
0.28146283318451687
0.39487156526948713
0.253583966238405
0.796022275747935
0.7815575943772805
0.8044737184545451
0.8070082985673759
0.7995750096516091
0.2683205007301778
0.7164267520440408
0.40945323539315615
0.2605684053829549
0.17104311245624654
0.26122792620253255
0.7928531209299168
0.26681830684319907
0.2406421826522498
0.815125912752876
0.5532571663539173
0.6365728776111116
0.3370264926862393
0.2926140386924567
0.7745789048228112
0.2597411866904411
0.3251357369996755
0.2683205007301778
0.300126511136963
0.2958926648614529
0.06551526294041635
0.24691857220577537
0.7815575943772805
0.7625775903186294
0.2523949766457108
0.7922959436837544
0.7928531209299168
0.5985441460642974
0.28146283318451687
0.2776276139951293
0.7578064488216395
0.3983286989595667
0.23105708447404072
0.6456758018487552
0.17962996244691987
0.5985441460642974
0.26603113025928654
0.5157039817527711
0.30649643915316555
0.4223289400901605
0.7169234470038575
0.34332262110089395
0.796022275747935
0.7764806715664148
0.7702798500232845
0.269707746174521
0.8715280835952418
0.7559577373364397
0.12942274033211354
0.24536854859427346
0.25932522586953216
0.768323307436777
0.512798761883683
0.7857228106924601
0.5144588875231619
0.253583966238405
0.2829010006449338
0.768323307436777
0.06551526294041635
0.8044737184545451
0.3983286989595667
0.2382169897814368
0.7748494896155078
0.8334328330009821
0.3211479041638959
0.2635636802536388
0.849473738352973
0.512798761883683
0.8261587968891432
0.7825018561053954
0.17473928882431505
0.7946432027397335
0.7520246583060832
0.7748494896155078
0.23105708447404072
0.17104311245624654
0.750332099592208
0.805925199757032
0.779372024195441
0.4758223686095297
0.17473928882431505
0.25599592110243585
0.28366001034356597
0.2790348355140498
0.7592065152036587
0.7625775903186294
0.7995750096516091
0.2759936586569625
0.12942274033211354
0.7906083734511752
0.28539330327067786
0.23533369163738263
0.7697074579476966
0.2829010006449338
0.2926140386924567
0.4223289400901605
0.763734096409925
0.27800398417471567
0.2401011552896566
0.3412381218666078
0.5064339300208641
0.28748631082021286
0.2575880986367813
0.2790348355140498
0.7758401538056782
0.7922959436837544
0.2018259567176609
0.28366001034356597
0.6365728776111116
0.2018259567176609
0.7758401538056782
0.32586653610440125
0.8715280835952418
0.24336184095034796
0.7851249360181931
0.08038183875646769
0.2605684053829549
0.2409222285911748
0.28778492028592884
0.5064339300208641
0.7697074579476966
0.7520794325326114
0.3226843270756572
0.7587277461677444
0.32354294075346374
0.7851249360181931
0.7868385118344522
0.35144001765685856
0.7305424894505568
0.25828012936734174
0.2577322714679897
0.7654409768731817
0.7701288994490393
0.7169234470038575
0.7873125257732542
0.7702798500232845
0.24092222859117482
0.32586653610440125
0.813814459411333
0.35144001765685856
0.2958926648614529
0.2635636802536388
0.779372024195441
0.784940748488819
0.28778492028592884
