0.785626831095289
0.5784017892909669
0.5789224570975237
0.4993647141301441
0.5404902675141379
0.5548664654005357
0.5564948377397612
0.2171358548506903
0.377162687317095
0.2226260746415822
0.23139357860747334
0.23925078219159832
0.35682177383059577
0.6116281382335136
0.5678843870915117
0.6930044519886617
0.2778866971681328
0.5055780493316576
0.35798864571863664
0.3985865937117257
0.29698358054543084
0.3281084601623188
0.4185124153063721
0.23592891773488406
0.40051707343463283
0.3568217738305956
0.46868220743779265
0.41465819170945345
0.401134161205367
0.29922306114538394
0.48088983357015586
0.2827783514665974
0.2527205887211135
0.4167754319467631
0.47840717266273874
0.6136482513878395
0.5335756447849492
0.16586543882176125
0.5878487876603907
0.38172538000095885
0.2632256857994125
0.4706453746368869
0.3441289711301813
0.24701427622145408
0.421139596447536
0.4519950983954832
0.436174931604743
0.4180760890568064
0.30418296756297786
0.4487043775690821
0.0866584973258054
0.2610768279388801
0.49453870768719466
0.3365203902893067
0.5543565668382388
0.5317051152733937
0.4418131822886956
0.09276961945511118
0.23839887892421677
0.21713585485069037
0.37439907911632087
0.44197460488703144
0.4093938801584566
0.354984121755826
0.5038339398121738
0.5501563971619494
0.5654073537746104
0.31487895604880484
0.4161058071752329
0.5634967134015815
0.4093261188240164
0.2742254469320822
0.08539714184966066
0.21064490424664026
0.3274693812815392
0.219898446833307
0.17655947165737962
0.7052457199682665
0.5818264401520236
0.30203416264018135
0.2514177015067088
0.40932611882401654
0.5987334246216888
0.3687894919262218
0.4096826852460748
0.15129489704713953
0.29119134258881985
0.4385632761300315
0.2843758747290969
0.49192821606200354
0.42788521042152394
0.63821224777971
0.30536751573704346
0.1270803531607231
0.23974555293800837
0.5030670451552384
0.21608887244574432
0.550850620904025
0.5313223870302872
0.4104914399365331
0.41243492872494275
0.2723311913406441
0.5685512520105859
0.46839350694161486
0.31563302043058455
0.43617493160474297
0.29119134258881985
0.017255995045506022
0.33484520869639023
0.1423780843759223
0.46860036030399105
0.5508506209040251
0.4496237697775972
0.17049100669260375
0.44104628763176007
0.4484365388105844
0.30477956898123454
0.4262226811732777
0.5009451343378056
0.17646076031196917
0.380126968280063
0.4947069485170283
0.3400716686260994
0.45259919422678074
0.6722329530090535
0.40712281959331315
0.46102074508483004
0.233586944561432
0.2805047885180847
0.6277894639707599
0.06951655179916816
0.3464737162811726
0.27422544693208234
0.36817338460899346
0.3262759313560379
0.21198143504361655
0.401134161205367
0.20738344865416222
0.4966867690133024
0.550850620904025
0.22888206590825158
0.38752357396003434
0.3540245564233119
0.48330981933984385
0.3262759313560379
0.06968863714782603
0.7550094295840138
0.4183618022001512
0.1554318618544688
0.6030671518497389
0.7005670806026835
0.39201072409336246
0.19103359751984872
0.17455370895976433
0.12122947568178861
0.5338323936767974
0.2764244955594202
0.4167546400204148
0.30418296756297786
0.2866451037887461
0.5027525142329436
0.4610207450848304
0.3354918836770186
0.3262759313560379
0.3910156016018257
0.5736025685263494
0.4333617347316522
0.3797924247652174
0.19373015219478257
0.45103964777158617
0.44264105967942413
0.08862252722562355
0.5658546973356522
0.12441283496265979
0.30536751573704346
0.49401272477495256
0.3281084601623188
0.19920685311554479
0.3336567030346095
0.414152983787859
0.1709747541406266
0.3665738963908516
0.3373892139293872
0.302137413849376
0.5335756447849491
0.4920191120002613
0.5556179235392444
0.3395485237331167
0.4419746048870313
0.1470486446088252
0.2615240421958054
0.3578427228335257
0.3389220238535941
0.2699150178825804
0.5038339398121738
0.5356146078299122
0.5508506209040251
0.2952140679621043
0.31073460139162923
0.4424352535360312
0.43697490401666833
0.23974555293800837
0.5604121159084097
0.6032361122388729
0.2962591731623952
0.4610207450848304
0.27407883548870926
0.4706453746368867
0.4282982345183517
0.663137965678019
0.3997991207405327
0.3262759313560379
0.5503804956295171
0.43985602455491346
0.44243525353603114
0.13503544704440076
0.6336261703067593
-0.12007736108578881
0.4447316269418816
0.47520897480133767
0.24542904311876249
0.16586543882176116
0.16403672266577832
0.8652551862712077
0.36218803414428546
0.3797924247652173
0.2247405309565217
0.48593360801521884
0.3911056648838702
0.48175071642772127
0.2557509097182608
0.3354918836770185
0.38590576751501415
0.4027630756998389
0.3687642047727907
0.524251365453622
0.3930731849045056
0.4418131822886956
0.18493746416734883
0.35682177383059543
0.28186491288604115
0.17655947165737962
0.4947069485170284
0.01956625674664538
0.46018767659433923
0.534569227607978
0.5986043845200519
0.2557509097182608
0.48986406212045247
0.29698358054543084
