0.35289416473652624
0.807198967926567
0.807198967926567
0.807198967926567
0.807198967926567
0.35289416473652624
0.807198967926567
0.35289416473652624
0.807198967926567
0.807198967926567
0.10212820742663005
0.807198967926567
0.807198967926567
0.35289416473652624
0.807198967926567
0.807198967926567
0.35289416473652624
0.35289416473652624
0.807198967926567
0.35289416473652624
0.35289416473652624
0.35289416473652624
0.807198967926567
0.35289416473652624
0.35289416473652624
0.35289416473652624
0.35289416473652624
0.35289416473652624
0.807198967926567
0.807198967926567
0.807198967926567
0.35289416473652624
0.807198967926567
0.35289416473652624
0.807198967926567
0.807198967926567
0.807198967926567
0.35289416473652624
0.35289416473652624
0.35289416473652624
0.10212820742663005
0.35289416473652624
0.35289416473652624
0.807198967926567
0.807198967926567
0.35289416473652624
0.807198967926567
0.35289416473652624
0.807198967926567
0.35289416473652624
0.807198967926567
0.35289416473652624
0.35289416473652624
0.807198967926567
0.807198967926567
0.807198967926567
0.807198967926567
0.35289416473652624
0.35289416473652624
0.35289416473652624
0.807198967926567
0.35289416473652624
0.35289416473652624
0.807198967926567
0.35289416473652624
0.807198967926567
0.807198967926567
0.807198967926567
0.807198967926567
0.807198967926567
0.807198967926567
0.35289416473652624
0.807198967926567
0.807198967926567
0.35289416473652624
0.807198967926567
0.35289416473652624
0.35289416473652624
0.35289416473652624
0.35289416473652624
0.35289416473652624
0.35289416473652624
0.35289416473652624
0.807198967926567
0.10212820742663005
0.35289416473652624
0.35289416473652624
0.35289416473652624
0.35289416473652624
0.807198967926567
0.35289416473652624
0.807198967926567
0.807198967926567
0.807198967926567
0.35289416473652624
0.7048662903707643
0.807198967926567
0.807198967926567
0.35289416473652624
0.807198967926567
0.35289416473652624
0.35289416473652624
0.807198967926567
0.35289416473652624
0.35289416473652624
0.807198967926567
0.35289416473652624
0.35289416473652624
0.35289416473652624
0.807198967926567
0.35289416473652624
0.35289416473652624
0.7602832886055978
0.35289416473652624
0.8575262373630411
0.807198967926567
0.35289416473652624
0.35289416473652624
0.807198967926567
0.35289416473652624
0.807198967926567
0.35289416473652624
0.807198967926567
0.35289416473652624
0.35289416473652624
0.35289416473652624
0.807198967926567
0.35289416473652624
0.35289416473652624
0.807198967926567
0.35289416473652624
0.35289416473652624
0.807198967926567
0.35289416473652624
0.35289416473652624
0.10212820742663005
0.35289416473652624
0.10212820742663005
0.10212820742663005
0.35289416473652624
0.10212820742663005
0.807198967926567
0.35289416473652624
0.35289416473652624
0.35289416473652624
0.35289416473652624
0.35289416473652624
0.35289416473652624
0.35289416473652624
0.35289416473652624
0.10212820742663005
0.35289416473652624
0.8575262373630411
0.35289416473652624
0.35289416473652624
0.807198967926567
0.35289416473652624
0.807198967926567
0.35289416473652624
0.35289416473652624
0.35289416473652624
0.35289416473652624
0.35289416473652624
0.807198967926567
0.807198967926567
0.807198967926567
0.807198967926567
0.807198967926567
0.35289416473652624
0.35289416473652624
0.35289416473652624
0.35289416473652624
0.35289416473652624
0.7602832886055978
0.807198967926567
0.35289416473652624
0.807198967926567
0.35289416473652624
0.35289416473652624
0.35289416473652624
0.35289416473652624
0.807198967926567
0.807198967926567
0.807198967926567
0.35289416473652624
0.7048662903707643
0.35289416473652624
0.35289416473652624
0.35289416473652624
0.807198967926567
0.807198967926567
0.35289416473652624
0.35289416473652624
0.35289416473652624
0.35289416473652624
0.35289416473652624
0.35289416473652624
0.807198967926567
0.35289416473652624
0.807198967926567
0.35289416473652624
0.35289416473652624
0.35289416473652624
0.807198967926567
0.35289416473652624
0.35289416473652624
0.807198967926567
0.807198967926567
0.35289416473652624
0.35289416473652624
0.35289416473652624
0.807198967926567
0.807198967926567
0.35289416473652624
0.35289416473652624
0.35289416473652624
0.35289416473652624
0.807198967926567
0.807198967926567
0.807198967926567
0.35289416473652624
0.35289416473652624
0.35289416473652624
0.807198967926567
0.807198967926567
0.35289416473652624
0.807198967926567
0.807198967926567
0.35289416473652624
0.10212820742663005
0.35289416473652624
0.807198967926567
0.807198967926567
0.807198967926567
0.35289416473652624
0.35289416473652624
0.807198967926567
0.35289416473652624
0.35289416473652624
0.807198967926567
0.807198967926567
0.35289416473652624
0.807198967926567
0.35289416473652624
0.35289416473652624
0.807198967926567
0.35289416473652624
0.35289416473652624
0.807198967926567
0.807198967926567
