0.2920674579672551
0.2920674579672551
0.7690186505110188
0.7690186505110188
0.2920674579672551
0.7690186505110188
0.2920674579672551
0.2920674579672551
0.7690186505110188
0.2920674579672551
0.2920674579672551
0.2920674579672551
0.2920674579672551
0.2920674579672551
0.7690186505110188
0.29206745796725514
0.2920674579672551
0.7690186505110188
0.7690186505110188
0.2920674579672551
0.7690186505110188
0.2920674579672551
0.7690186505110188
0.7690186505110188
0.2920674579672551
0.2920674579672551
0.2920674579672551
0.7690186505110188
0.2920674579672551
0.7690186505110188
0.7690186505110188
0.2920674579672551
0.2920674579672551
0.7690186505110188
0.7690186505110188
0.7690186505110188
0.2920674579672551
0.2920674579672551
0.2920674579672551
0.2920674579672551
0.2920674579672551
0.2920674579672551
0.7690186505110188
0.7690186505110188
0.7690186505110188
0.2920674579672551
0.7690186505110188
0.7690186505110188
0.2920674579672551
0.2920674579672551
0.7690186505110188
0.7690186505110188
0.2920674579672551
0.2920674579672551
0.7690186505110188
0.7690186505110188
0.2920674579672551
0.7690186505110188
0.7690186505110188
0.7690186505110188
0.2920674579672551
0.2920674579672551
0.7690186505110188
0.2920674579672551
0.7690186505110188
0.2920674579672551
0.2920674579672551
0.2920674579672551
0.2920674579672551
0.2920674579672551
0.7690186505110188
0.7690186505110188
0.292067457967255
0.2920674579672551
0.7690186505110188
0.2920674579672551
0.2920674579672551
0.29206745796725503
0.2920674579672551
0.2920674579672551
0.2920674579672551
0.7690186505110188
0.2920674579672551
0.7690186505110188
0.7690186505110188
0.2920674579672551
0.2920674579672551
0.7690186505110188
0.7690186505110188
0.2920674579672551
0.2920674579672551
0.7690186505110188
0.7690186505110188
0.2920674579672551
0.7690186505110188
0.7690186505110188
0.6615876856081033
0.2920674579672551
0.2920674579672551
0.29206745796725514
0.7690186505110188
0.7690186505110188
0.7690186505110188
0.7690186505110188
0.7690186505110188
0.7690186505110188
0.7690186505110188
0.2920674579672549
0.29206745796725514
0.17104311245624654
0.29206745796725503
0.2920674579672551
0.2920674579672551
0.29206745796725503
0.7690186505110188
0.7690186505110188
0.7690186505110188
0.2920674579672551
0.2920674579672551
0.7690186505110188
0.2920674579672551
0.2920674579672551
0.2920674579672551
0.2920674579672551
0.2920674579672551
0.2920674579672552
0.2920674579672551
0.7690186505110188
0.7690186505110188
0.2920674579672551
0.7690186505110188
0.7690186505110188
0.2920674579672552
0.2920674579672551
0.2920674579672551
0.7690186505110188
0.292067457967255
0.2920674579672551
0.7690186505110188
0.2920674579672551
0.6615876856081033
0.2920674579672551
0.2920674579672551
0.2920674579672551
0.2920674579672551
0.7690186505110188
0.2920674579672551
0.7690186505110188
0.7690186505110188
0.7690186505110188
0.2920674579672551
0.7690186505110188
0.7690186505110188
0.12942274033211354
0.29206745796725503
0.2920674579672551
0.7690186505110188
0.7690186505110188
0.7690186505110188
0.2920674579672551
0.2920674579672551
0.2920674579672551
0.7690186505110188
0.2920674579672551
0.7690186505110188
0.2920674579672551
0.2920674579672551
0.7690186505110188
0.7690186505110188
0.2920674579672551
0.2920674579672551
0.7690186505110188
0.7690186505110188
0.7690186505110188
0.7690186505110188
0.2920674579672551
0.7690186505110188
0.7690186505110188
0.7690186505110188
0.2920674579672551
0.17104311245624654
0.7690186505110188
0.7690186505110188
0.7690186505110188
0.29206745796725503
0.28616989502564827
0.2920674579672551
0.2920674579672551
0.2920674579672551
0.7690186505110188
0.7690186505110188
0.7690186505110188
0.29206745796725503
0.12942274033211354
0.7690186505110188
0.2920674579672551
0.2920674579672551
0.7690186505110188
0.2920674579672551
0.2920674579672551
0.2920674579672552
0.7690186505110188
0.2920674579672551
0.2920674579672551
0.2920674579672551
0.2920674579672551
0.2920674579672551
0.2920674579672551
0.2920674579672551
0.29206745796725514
0.7690186505110188
0.2920674579672551
0.2920674579672551
0.7690186505110188
0.2920674579672551
0.7690186505110188
0.2920674579672551
0.7690186505110188
0.2920674579672551
0.7690186505110188
0.2920674579672551
0.29206745796725514
0.2920674579672551
0.2920674579672551
0.2920674579672551
0.7690186505110188
0.7690186505110188
0.2920674579672551
0.7690186505110188
0.2920674579672551
0.7690186505110188
0.7690186505110188
0.2920674579672551
0.7690186505110188
0.2920674579672551
0.28616989502564827
0.7690186505110188
0.7690186505110188
0.7690186505110188
0.7690186505110188
0.7690186505110188
0.2920674579672551
0.2920674579672551
0.7690186505110188
0.29206745796725514
0.2920674579672549
0.2920674579672551
0.7690186505110188
0.7690186505110188
0.2920674579672551
