0.7836905642165883
0.17705721357758705
0.5925893107682614
0.45309810921851584
0.10640379623039285
0.04060628822670139
0.4766906017341134
0.6223870278061767
0.26176508229929396
0.5217338385380628
0.22207384010967196
0.44429107101346726
0.49507544880721127
0.7598930843741386
0.10536390725275373
0.6901599344937405
0.35626922485127654
0.2630353892968375
0.346670477419776
0.4224688919399493
0.43599292303501047
0.5395665220313887
0.39986102819243413
0.25661682213502424
0.3093497120773317
0.28922672882801237
0.3773027677542019
0.23507201624271296
0.17121965449400792
0.4538387460309885
0.4514257535685999
0.3678566882218097
0.5505004758577118
0.30095311404755815
0.4282951049400457
0.1571376419023343
0.58038861602011
0.17642379887151957
0.5273979844716598
0.37291049140173177
0.5034331605618431
0.5598730132166077
0.42862384483785
0.3715180847700925
0.4603460207307776
0.2159349195566323
0.3525734602765444
0.41617211552048544
0.10623363692760726
0.4474797696617823
0.6298335372951738
0.2105047128136518
0.3669974121235109
0.3419518598907481
0.32343344399770996
0.1536012786785747
0.3454484454349224
0.5672792327988763
0.34783544138626327
0.39299330355383993
0.3563558544635731
0.6120184790923084
0.17097820172691597
0.3535513305048098
0.3248092037808669
0.6028340096519396
0.600274890296141
0.2715017909359034
0.5855263260008179
0.5742521364728693
0.4080140389232663
0.39317338996842516
0.0038502154400727115
0.18819165490880696
0.2521788415243442
0.3855870648864547
0.1668744905325303
0.6088837273429513
0.6239182653176658
0.4372094251483623
0.2911097381104162
0.23041825060165344
0.09700032301668336
0.23679533225158916
0.26038013589137154
0.7291605462108015
0.37442438409693835
0.31835185589037074
0.23497198876292652
0.2596818138108734
0.4830183854778902
0.47954338043004735
0.30382450977399367
0.33632026136547205
0.19230183917680765
0.492550029645302
0.22192433096930989
0.41573016219148734
0.4840864842492473
0.488653714489103
0.3425811121231493
0.26433382565443797
0.4937421304044602
0.4469087717088288
0.2984094955679025
0.43492249169949543
0.30260382575639233
0.13245350543519266
0.38146062463449
0.21127021327350093
0.40784370307969087
0.0875139144129708
0.5794805964145875
-0.059709253945704394
0.4303915037321747
0.23778878020015437
0.32537845814908334
0.4289716544471386
0.6469635641367788
0.04433353479982148
0.4874435213925761
0.5312567234952598
0.27908387124243267
0.6173259124192324
0.5415280799025938
0.5070577748017144
0.3318707281028449
0.19224083082179577
0.384919244923022
0.613651827990686
0.09569410180142086
0.38363701114703874
0.22053003629852974
0.47705821573467805
0.31835185588998666
0.12690570127047035
0.5453720329428025
0.2782549062362872
0.409634586800985
0.4903768801808841
0.17433288027408
0.4422878820900989
0.5577952670573963
0.5211460406371318
0.37673213166095376
0.11737335596860698
0.688805696104722
0.3134728258271176
0.10180250708394238
0.23236486713381077
0.7217959131752577
0.36191860680104043
0.29733840272173484
0.16719678796783327
0.1701674767361181
0.32442813634004053
0.27481719768137286
0.23831686059641607
0.16274138775796618
0.27987969853692807
0.3920817607680292
0.441870478372616
0.33401579378884066
0.43983838045732104
0.27182643247091137
0.398225919504194
0.5343877837357222
0.32190699003926254
0.355644924051622
0.36437046246657684
0.37944609030496984
0.0063506959155988545
0.19846356571366613
0.2687232245530992
0.40131252538214857
0.41725446056231136
0.3240131066726745
0.17000064892929148
0.3048187963993848
0.46638294470960245
0.21601003942347458
0.3297077795750771
0.2874215487345964
0.2534052038168802
0.412910230544346
0.3756691064871335
0.3673809852233004
0.4111096773700448
0.347045825252734
0.056241737799097434
0.25301520890618545
0.34943417829874046
0.2863737116653386
0.19409527785888459
0.4506348244828008
0.3686450482307012
0.6970452692816591
0.3397322861025817
0.42781997097947
0.48314846210601725
0.37918371164912484
0.2233665747330239
0.605743977277635
0.5551797778275241
0.3738939850597838
0.4546814847094018
0.3385346424756951
0.5549345825328149
0.4345863039642688
0.5253617417022293
0.4230654446033546
0.43588658758953047
0.6690826828574159
0.2648165168189073
0.5297762565539624
0.1640445934096827
0.747865188413957
-0.053499623148064876
0.35114234441006215
0.32832150220337764
0.2936851015333881
0.3173590924556022
0.23270591318661424
0.6159811448319898
0.2595033489495927
0.44569212664415486
0.21607756151146343
0.3709027358553693
0.29673404289072874
0.5280897463836761
0.20336336330214175
0.21568406028935558
0.3854694533809797
0.3093497120770196
0.4924414883827095
0.5853919957710365
0.28362381825489424
0.37469832728929814
0.183159046432184
0.21982674827316628
0.3412554476335868
0.19822893004161962
0.6558078631986983
0.10757642487891607
0.5119246660263121
0.46417686574584055
0.5157765605348398
0.25283830777937083
0.2663203707505335
0.34798873172012534
