0.6455557356420399
0.16851047515997755
0.6455557247942141
0.6455557086415339
0.6455557320467749
0.6455557448928014
0.6455557108240317
0.16851046900578076
0.6455557307320691
0.645555718618736
0.645555734739916
0.16851046321028726
0.6455557149974913
0.6455557320467749
0.6455557160518828
0.16851047415568893
0.168510469042737
0.6455557375705261
0.6455557309701419
0.6455557387334829
0.6455557056822842
0.16851046354686547
0.645555729793394
0.16851046625699642
0.6455557177216292
0.6455557218215011
0.1685104710660678
0.645555734215033
0.6455557856400893
0.16851046950417303
0.6455557256186368
0.6455557195644823
0.6455557069332637
0.6455557213075475
0.645555729992226
0.1685104738207309
0.16851047634852917
0.1685104738207309
0.6455557144027455
0.16851047297189647
0.6455557370251359
0.6455557183153326
0.6455557487976955
0.645555721564144
0.6455557296210782
0.6455557013060902
0.6455557160518828
0.6455557200573394
0.1685104713837144
0.1685104605591881
0.6455557208572229
0.6455557355345942
0.6455556990391889
0.6455557491761322
0.6455557318996663
0.6455557265902084
0.6455556780956908
0.16851047056477741
0.6455557069332637
0.6455557231879172
0.6455557370251359
0.645555701818159
0.6455557203548895
0.6455557287749452
0.6455557289425154
0.6455557312403428
0.6455557473477262
0.16851048321072531
0.16851046354686547
0.645555738077101
0.6455557303330104
0.16851047297189647
0.16851046958303922
0.6455557111200723
0.16851047016733733
0.16851047811819614
0.16851047361709667
0.6455557111200723
0.6455557376368507
0.6455557456487387
0.6455557268388
0.6455557007832038
0.6455557322920575
0.16851047361709667
0.645555738077101
0.16851047223243432
0.16851047445104655
0.645555747558232
0.6455557526629504
0.1685104661396562
0.6455557091315625
0.1685104710660678
0.6455557048114428
0.6455557371271382
0.6455557227469957
0.16851047932763022
0.16851046940227124
0.6455557208915761
0.64555573378695
0.6455557481602399
0.6455557468184111
0.645555718618736
0.6455557309701419
0.6455557355345942
0.6455557264116799
0.645555732254198
0.6455557091315625
0.6455556900920294
0.16851047634852917
0.645555721564144
0.6455557312282936
0.6455557133281871
0.6455557213075475
0.6455556899713839
0.6455557349908705
0.6455557246481844
0.6455557456487387
0.6455557301878805
0.1685104665446664
0.6455557283129941
0.6455557369612089
0.6455556745314015
0.6455557179581088
0.6455557112955466
0.6455557194743835
0.6455557435168978
0.6455557526629504
0.6455557397736902
0.16851046938641712
0.6455557296210782
0.16851046939434416
0.6455557268388
0.6455556970526939
0.6455557256933228
0.6455557380084983
0.6455557342032165
0.645555691484212
0.16851047298007288
0.6455557134853058
0.6455557177216292
0.1685104704783585
0.6455557435168978
0.6455557286830725
0.6455557203548895
0.1685104925378028
0.16851046502421052
0.6455557303244718
0.6455557312403428
0.645555727235019
0.6455557879680502
0.6455557396865871
0.6455557396865871
0.1685104661396562
0.6455557312282936
0.16851048524703954
0.6455557000690217
0.6455557263148056
0.6455557318996663
0.645555733392273
0.16851046958303922
0.16851046502421052
0.6455557198000778
0.6455557453378906
0.6455557133281871
0.6455557192487565
0.16851047354979967
0.64555573378695
0.16851047025788662
0.6455557211155025
0.6455557417813391
0.6455557135103277
0.6455557626624511
0.16851047264290267
0.6455557287749452
0.16851047724367185
0.6455557219149477
0.6455557138923815
0.1685104659097844
0.16851046508118828
0.1685104691112999
0.6455557369612089
0.6455557144027455
0.6455557264116799
0.6455556598543873
0.6455557430384664
0.6455557468184111
0.16851046555901839
0.6455557057439819
0.6455557208572229
0.1685104784889575
0.6455557203242149
0.6455557219149477
0.16851047298007288
0.645555726146227
0.6455557247942141
0.6455557393884829
0.16851047415568893
0.16851047094953606
0.6455557326193417
0.6455557220797079
0.6455557249037686
0.6455557055179107
0.16851047016733733
0.6455557277407695
0.16851047445104655
0.16851046776735618
0.6455557303330104
0.1685104768364034
0.6455557118337082
0.6455557048933644
0.16851047801414115
0.6455557400462469
0.6455557149974913
0.6455557448504471
0.6455557271347373
0.1685104713837144
0.16851048524703954
0.6455557349908705
0.1685104703146592
0.6455557470180147
0.6455557298012359
0.16851046459315602
0.168510469042737
0.1685104718284776
0.6455557287956739
0.6455557231879172
0.6455556972612335
0.6455557289425154
0.1685104665446664
0.16851047811819614
0.6455557236703462
0.16851047223243432
0.645555726146227
0.16851046939434416
0.1685104703146592
0.6455557211155025
0.6455557322920575
0.6455557304576001
0.6455557291855546
0.6455557292642133
0.16851046435083605
0.6455557287956739
0.16851047299861616
0.6455557066393025
0.1685104704783585
0.6455557138923815
0.16851046508118828
0.6455557036288337
0.6455557270768495
0.16851047408436276
