0.6460611702689225
0.1685446810568624
0.6447019547845976
0.6465808074177597
0.6458995406824277
0.6456396914024186
0.6458665368606819
0.1684371438989348
0.6460949503870568
0.644134417060193
0.6467840164504127
0.16847480962250266
0.6434077365260784
0.6455534824851729
0.645056461028199
0.16853809131498795
0.16858168316974353
0.6432846386217104
0.6459570607208969
0.6463500027858451
0.6451595648875482
0.16840269793284013
0.645890735988112
0.1684460532044152
0.6458565701386942
0.6450921565903152
0.16850885459430484
0.6463774195732381
0.6464711497747475
0.16855754717472907
0.6462626594816925
0.6459044606810194
0.6463774195732381
0.6455467531245365
0.6449259612588314
0.1683485957452289
0.1682526632660708
0.16809013898903932
0.646970261730907
0.1687719401312791
0.6463118689644294
0.644146778270617
0.6448959772013083
0.6463328545835844
0.6467840164504127
0.64559772384822
0.6415623113653679
0.6458871494557235
0.1682526632660708
0.16851761537728926
0.6452564610909851
0.6463867755878906
0.646342658185628
0.6463754825429014
0.6444086879686186
0.6453074603558258
0.6473510988046197
0.16832825853252764
0.646342658185628
0.6453285097125843
0.6444694047285981
0.6450938234548471
0.6432005321842156
0.6457580112599723
0.6459667367722426
0.6451595648875482
0.645974536089864
0.16852272425564963
0.16840269793284013
0.6458995406824277
0.6463754825429014
0.168509361330326
0.16867790062000979
0.6460263743414938
0.16849314199655316
0.16868692876529018
0.16849984003004753
0.647312012460439
0.6458950580881901
0.6452564610909851
0.6452283606038631
0.6449094514734848
0.6465715012606802
0.16851934410708283
0.6444086879686186
0.1682902001116402
0.1684913168141421
0.64566868639239
0.6465359165421556
0.16852350159974291
0.645890735988112
0.1684913168141421
0.6460853404549491
0.6456530964974517
0.6455164264970452
0.1686311816405972
0.16855447148479852
0.6455531114157622
0.6463301373718797
0.6451537680796364
0.6473510988046197
0.6459226040825131
0.6442605316350813
0.6444694047285981
0.6427444479657813
0.6472371480582977
0.6452283606038631
0.645056461028199
0.16850098640359762
0.6472243391902173
0.6427444479657813
0.6425899064303662
0.6451666483618108
0.6465615939305696
0.6441918551695365
0.6457508123234618
0.6467284479539667
0.6456802756824168
0.16857937101250925
0.6452655617696537
0.6467284479539667
0.6451537680796364
0.6455862912844584
0.6444993558950902
0.6438319577123401
0.6460263743414938
0.6465359165421556
0.6460021660376285
0.16852932688383965
0.6465808074177597
0.168571096450004
0.6472243391902173
0.6457712159070045
0.6457339088615492
0.6474425906147854
0.6438319577123401
0.6457712159070045
0.168583775713549
0.6455132061162593
0.6447569984065309
0.16820699887201587
0.6462704232137078
0.644993333035732
0.6448959772013083
0.16856662896185218
0.16858304063342275
0.645084062718768
0.6464825431209833
0.6452024013114549
0.6452557191929968
0.6479064372158619
0.6462197886324546
0.16843225939515538
0.6462197886324546
0.1685384544954949
0.6459044606810194
0.6458871494557235
0.6465715012606802
0.6438365698000594
0.16858386110874046
0.16855000325496694
0.6479883583489692
0.6394336963559133
0.6450658849605833
0.6463249889276561
0.1685910608087932
0.6445045123180465
0.1684371404643048
0.644146778270617
0.6444993558950902
0.647141137095673
0.6461514593873634
0.1685827958359874
0.64566868639239
0.16850885459430484
0.6463118689644294
0.6438365698000594
0.16856741123986718
0.1685772039836412
0.1684460532044152
0.6460072649990283
0.64529567076832
0.6437763379444692
0.6455531114157622
0.6455964194958381
0.6461504247739616
0.1684803359530122
0.6460388657577276
0.645614565705921
0.16874141048357022
0.645844305966814
0.6474237290225767
0.16867790062000979
0.6459570607208969
0.6460072649990283
0.6432134944524766
0.16857025647107765
0.16848231895613536
0.6457508123234618
0.6432134944524766
0.6465209653583697
0.6474237290225767
0.16855754717472907
0.6452196433017316
0.16850602896186417
0.16865751991829492
0.6465553693494979
0.16877467014720807
0.6458138041587628
0.64529567076832
0.1685446810568624
0.645488533939438
0.64559772384822
0.6467844416754013
0.6460853404549491
0.1685917741741297
0.1685094906876089
0.645614565705921
0.16857454720480536
0.6425899064303662
0.6455169192709574
0.16843225939515538
0.16853809131498795
0.16853805982473052
0.6454907830813426
0.6470771193705434
0.6454837942866658
0.644494199472134
0.168583775713549
0.16857025647107765
0.6465739501127283
0.16845637325066737
0.645488533939438
0.1685384544954949
0.16832825853252764
0.6453944041911961
0.646051011524176
0.6450658849605833
0.6455164264970452
0.6432582085585373
0.16857454720480536
0.6459226040825131
0.16854131825248442
0.64475588316912
0.1685125847396487
0.6479064372158619
0.16849984003004753
0.6469341704796842
0.6452024013114549
0.16821937660075048
