0.6455557272568064
0.16851047181950626
0.6455557255658473
0.6455557254887724
0.6455557254985783
0.6455557259612736
0.6455557254275195
0.16851047115069684
0.6455557254976332
0.6455557255295872
0.6455557260402289
0.16851047129328806
0.645555725455357
0.6455557254169488
0.6455557253746126
0.16851047192098095
0.16851047138037106
0.6455557255628792
0.6455557256906599
0.6455557256824473
0.645555725389447
0.16851047129328806
0.6455557255579121
0.1685104715970153
0.6455557257074991
0.6455557254451629
0.16851047145510367
0.6455557253656858
0.6455557264625655
0.16851047157364718
0.6455557258031566
0.6455557255111946
0.6455557254033913
0.6455557251952888
0.6455557254548931
0.16851047164516358
0.16851047168194166
0.16851047148818915
0.6455557254156512
0.16851047175338482
0.6455557254058186
0.6455557256319242
0.6455557255349103
0.6455557254874731
0.6455557257104554
0.6455557254976332
0.6455557255741848
0.6455557257126554
0.16851047157555626
0.16851047148328013
0.6455557256519168
0.6455557255628792
0.6455557258029112
0.6455557252356894
0.6455557254847328
0.6455557255187223
0.6455557254863986
0.16851047140479664
0.645555725758207
0.6455557254434345
0.6455557257071867
0.645555725622012
0.6455557255033101
0.6455557255690882
0.6455557255798248
0.6455557251410781
0.6455557255054648
0.16851047181950626
0.16851047155351467
0.6455557256824473
0.6455557256370208
0.16851047155162255
0.1685104713670697
0.6455557254478371
0.1685104714804791
0.16851047171337855
0.16851047136901795
0.6455557258337692
0.6455557255936692
0.645555725684259
0.645555725733678
0.6455557252778097
0.6455557256269819
0.16851047142767098
0.6455557247023855
0.16851047168194166
0.16851047157460675
0.6455557253163687
0.645555725591659
0.16851047148328013
0.6455557255030371
0.16851047161395885
0.6455557255212541
0.6455557253548112
0.6455557255689373
0.16851047157555626
0.16851047159032256
0.6455557255609079
0.6455557255028292
0.6455557253295414
0.6455557257024095
0.6455557253539308
0.6455557256906599
0.6455557256696315
0.6455557255951623
0.6455557253656858
0.6455557256330782
0.645555725733678
0.16851047142972198
0.6455557252778097
0.6455557259612736
0.645555725656717
0.6455557256416561
0.6455557252101598
0.645555725604042
0.645555725435017
0.6455557260709306
0.6455557254241528
0.16851047157460675
0.6455557254478371
0.6455557255673299
0.6455557253295414
0.645555725622012
0.6455557256678479
0.6455557255658473
0.6455557254706625
0.6455557255741848
0.6455557261141428
0.16851047152246845
0.6455557257417965
0.16851047166368993
0.6455557258499878
0.6455557253599344
0.6455557256549134
0.6455557254847328
0.6455557261141428
0.6455557255879691
0.1685104719784256
0.6455557253957639
0.645555725599093
0.16851047131647
0.6455557258261313
0.6455557256292688
0.6455557254666371
0.16851047164051836
0.16851047192098095
0.6455557260721471
0.645555725435017
0.6455557255241879
0.6455557256519168
0.6455557253369887
0.6455557257074991
0.16851047159032256
0.6455557273082575
0.1685104717216045
0.6455557255028292
0.6455557255717261
0.6455557253716315
0.6455557255840595
0.1685104714299792
0.16851047164089344
0.6455557256292688
0.645555725389447
0.6455557257071867
0.6455557254447544
0.168510471253812
0.6455557256505272
0.1685104715385617
0.6455557255133164
0.6455557255067332
0.6455557255021802
0.6455557256611382
0.16851047161395885
0.6455557255898408
0.1685104717301692
0.6455557254283464
0.6455557254885331
0.16851047143752923
0.16851047147766063
0.16851047131647
0.6455557255673299
0.6455557253278821
0.6455557255055377
0.6455557253883285
0.6455557255133164
0.645555725577458
0.168510471301408
0.6455557253993791
0.6455557257201426
0.16851047185204304
0.6455557258029112
0.6455557254434174
0.1685104713670697
0.6455557257201426
0.6455557255241879
0.645555725462588
0.16851047175102973
0.16851047148818915
0.6455557254241528
0.6455557253985864
0.6455557255227227
0.645555725455357
0.16851047126639424
0.6455557255789586
0.16851047140972267
0.1685104714299792
0.6455557255055377
0.16851047129159755
0.6455557256214545
0.6455557255704019
0.1685104715970153
0.6455557254861992
0.6455557255370518
0.6455557255622129
0.6455557256154023
0.1685104714479648
0.16851047171337855
0.6455557254131035
0.16851047161222218
0.6455557255415076
0.6455557258031566
0.1685104715667231
0.16851047168922695
0.16851047134330402
0.6455557255609079
0.645555725695343
0.6455557255295872
0.6455557256678479
0.16851047195403215
0.16851047157364718
0.6455557255021802
0.16851047157224297
0.6455557254283464
0.16851047147519696
0.16851047140479664
0.6455557255734682
0.6455557255951623
0.6455557253243674
0.6455557255919925
0.645555725462588
0.16851047161222218
0.6455557254314858
0.16851047155351467
0.6455557254534039
0.16851047145510367
0.6455557256416561
0.16851047147766063
0.6455557256154023
0.6455557256870144
0.16851047140972267
