0.5590644656928094
0.944343018413309
0.3583463036202814
0.1515676009449639
0.6372490687405554
0.39704060066074753
0.743626185205281
0.10041802786032139
0.9448505745127862
0.7453438459393359
0.4886884943042171
0.879292625769095
0.2912026288436872
0.08735151260584761
0.9695806553779723
0.5342832930768302
0.13614682601834116
0.7148766016043587
0.9578218709371371
0.4558515151267297
0.9140618772949977
0.2067555727176651
0.4241824895492301
0.034038664719915124
0.6041784188177723
0.23601427374317552
0.6060652399292664
0.8242032224015793
0.8169311264320959
0.4366958922246291
0.32095064113095617
0.3338226839572044
0.9035195804787369
0.2609151976379884
0.4476485019936567
0.6290700451806382
0.9264212561012827
0.5865903797930004
0.07730445956359044
0.4483061447281791
0.5165751761365351
0.20431276964039058
0.7673102305256885
0.8918106152412516
0.8981526091097454
0.882200372542443
0.26728854600345664
0.21362070105736575
0.22087172949739808
0.05498188039742369
0.48000341587422046
0.24817812960544128
0.8111186481977519
0.21262697459446955
0.4532372372253499
0.2638915785727052
0.06016149433298634
0.07949730512136555
0.5985272385042938
0.1718791013915114
0.9876080798803457
0.3878089036162842
0.7285159653395303
0.5915143825553107
0.8266395133187873
0.21755034133570506
0.8703810776327368
0.1286377536315083
0.9847092170261089
0.06901650790077662
0.7041949307447707
0.5233807553904503
0.4413426614113287
0.3218758736056636
0.4822647540269438
0.6674224508301566
0.38785496464746916
0.10387903810179755
0.3308559408234595
0.7100594511504176
0.777471549413519
0.8392785654173389
0.18047684319719703
0.04275825327546534
0.028436727477286428
0.9642305587050115
0.22626646754996216
0.9195722299059177
0.5837535622793149
0.4661479163567184
0.8027355696554949
0.3789055089663269
0.4182492450589116
0.8298743651898607
0.5194034252346854
0.3575201508765474
0.9957404552046286
0.7288764137751745
0.5637897114668098
0.06625538574828893
0.6698690686717609
0.31869230148700545
0.12227637830554261
0.2998602543877844
0.6901550421328655
0.23360733567469194
0.5485848696771367
0.45331367073158535
0.47566130721357136
0.4954629317556929
0.9925143671901742
0.6480953191254866
0.045565238977181566
0.20835344026984715
0.5622729247195024
0.7958450691425528
0.3712280027274397
0.32138105392905225
0.4305982595081984
0.7089198803024059
0.9641632232421652
0.07541877180473855
0.02011099490088375
0.5112072223800407
0.30105210681921013
0.2637168207015552
0.772216174843651
0.16392978391003543
0.32430562622168113
0.7577566122384108
0.3077932407156625
0.644909558184751
0.670902789294661
0.7734346913420279
0.7837791716702458
0.23590586861096619
0.25014714141089756
0.060833287679272874
0.5467022014142783
0.8552848067202362
0.12623625420608453
0.048461150760613636
0.22573482513196297
0.8178457416009753
0.4725709782402766
0.7698322965877532
0.04492825398790923
0.22878438895151654
0.03810907136506991
0.39759902755888643
0.6117865731076298
0.6800261275733473
0.27678853452101704
0.6925485068266213
0.3278962369439882
0.2780232437792072
0.4188065317780221
0.8566389547554083
0.32064420640125846
0.11748447887485525
0.6435021618275915
0.2386764917411358
0.4789429877178235
0.3599495138537815
0.0045601284667514674
0.6062425383389732
0.7593510058932413
0.46677449646658875
0.9837287055706869
0.4027039758361214
0.3792203134145167
0.021903446349680444
0.257687169216151
0.5722401698272349
0.917324190933036
0.3401352265867348
0.30861619613143776
0.12937340246135687
0.723397122261902
0.7466672063892739
0.790207160818875
0.019415912780498257
0.49871880876602226
0.7889811896376492
0.849840406848467
0.4359996077423719
0.7566488494607321
0.7369717556388026
0.479914889717898
0.9141511849053995
0.6583568584399799
0.06051444426620067
0.29724343302571776
0.48267073609646927
0.31941157649381746
0.735035520042385
0.8512249525642398
0.1624150066953841
0.28184902530324163
0.7381237173577416
0.8892682595596211
0.7941442819991837
0.1950892381549556
0.6309845210677366
0.3610299102218608
0.23321803831168209
0.027893458954020067
0.0815209013647421
0.24072052867936478
0.45380796100735243
0.5442782805716326
0.22291397196522833
0.5819097916607194
0.663559914061673
0.5258175227792778
0.9209977040458845
0.8366572972633791
0.046682982547568086
0.42047873155365234
0.02671570160105108
0.587782091740031
0.3194424520668828
0.6781398034441157
0.2626039859935658
0.4162877488331347
0.4395580332320065
0.8944498474395591
0.5406509593360923
0.41961439693028757
0.5194025670215614
0.19762812797707696
0.6642762273450186
0.11905247570529964
0.657881861112067
0.23491474884573826
0.5580337849516631
0.17000083061184135
0.9066741151085188
0.6811654263292269
0.2707850096278709
0.5533415374276758
0.9271143821162772
0.07524077205055868
0.682521472119627
0.2805522837872837
0.9189951704672192
0.27467697993523643
0.6633253851107532
0.8892289369736855
0.8007006044445315
