0.6456626286391697
0.1684903883012184
0.6454033768883174
0.6450605738185968
0.6456111552076179
0.6460241868910728
0.6456326050773684
0.16854764869772726
0.6460432476763425
0.6457762095873095
0.6452957614046309
0.1684956430007574
0.6438775251410191
0.6457365421275355
0.645516149165388
0.16850965879283622
0.16851859931253177
0.6457273690728853
0.6453465592057716
0.6461512667272962
0.6452089436823834
0.16850245831639876
0.6458261027812773
0.16847265850926596
0.6457278293588156
0.6455382687982176
0.16851732607938574
0.6463093370593733
0.645841008714314
0.16855604182788825
0.6457981665152586
0.6457956653629228
0.6448404933282024
0.6456556777498706
0.6455382687982176
0.16845352622911963
0.1684374989570669
0.16850490090955136
0.645293620181886
0.16855806155481698
0.6457177504907013
0.6455990224840943
0.6449839363541738
0.6453567617188429
0.6455437628009667
0.6448564936915535
0.645132226444967
0.6457278293588156
0.16850565445217697
0.16851859931253177
0.6455868580606858
0.6456241253142208
0.6457335076886763
0.6457114950707857
0.6457029316182905
0.6454250208682314
0.6462723082754556
0.16850245831639876
0.6458897876298317
0.6452756181851543
0.6455394205394578
0.6454382838672386
0.6449816214610096
0.6451709162823822
0.6455868580606858
0.6455437628009667
0.6458781621844643
0.16854770149031215
0.16842817029662788
0.6454411357724572
0.6459075065276566
0.16850237556783831
0.16856774335289143
0.645783577737572
0.16848847680675724
0.16855806155481698
0.16850237556783831
0.6457229702773186
0.6452234962751165
0.6457874100408338
0.6460233851628616
0.645384064358777
0.6456977717463703
0.16846312267181557
0.6456754534145146
0.16851121115656792
0.16851262726586805
0.6455664113661816
0.6455434609286026
0.16850033077963245
0.6454525727720406
0.16852554028532163
0.6455852639845587
0.6458261027812773
0.6460432476763425
0.16850565445217697
0.16854697340032485
0.645592631999869
0.6459167377044805
0.6454250208682314
0.6457874100408338
0.6457392040267689
0.6452837424094531
0.6457373134125852
0.6450310560546051
0.6459154780280392
0.6457335076886763
0.646047104044832
0.16855258608895798
0.6459070757538786
0.6451550120179852
0.6450035654471304
0.6449434006204103
0.6454623010360169
0.6451072168233039
0.6451072168233039
0.6456035632476353
0.6452793586703894
0.1685605889400953
0.6456524039693772
0.6458141420236627
0.6454123800504574
0.6454123800504574
0.645023194540087
0.6453473546625215
0.6457114950707857
0.6456155652899829
0.6457229702773186
0.16853171263013358
0.6457029316182905
0.16851691303176242
0.6457700883399645
0.6454785466334535
0.6456438955885634
0.6457429689745227
0.6453567617188429
0.6455939791244526
0.16855701173369722
0.6456297341549191
0.6454749793658783
0.16844802723598462
0.6458919305424758
0.6458897876298317
0.6452963883343137
0.16840272194275469
0.16851210317931264
0.6455407929992416
0.6454785466334535
0.6455307358554296
0.6458284425810401
0.6457535518745707
0.645841008714314
0.16855772641917258
0.6456556777498706
0.16851487544652405
0.6454551207901137
0.646184586968191
0.6462377252360403
0.6449043274555704
0.1685741673555155
0.16851732607938574
0.6456995348650179
0.6438775251410191
0.6452919667102828
0.6459984597651007
0.1685654949473226
0.645625217098362
0.16851381415770453
0.6452837424094531
0.6455434609286026
0.6460233851628616
0.6454561254739783
0.16855604182788825
0.645738215969751
0.1685163361270799
0.6454382838672386
0.6451550120179852
0.16852100013368176
0.1685163361270799
0.16844852291015217
0.6458141420236627
0.6456144944954018
0.6452982152548008
0.6455766324954014
0.6456123442897999
0.6459059359385235
0.16842817029662788
0.6438775251410191
0.6456438955885634
0.1684886524614962
0.6457956653629228
0.64588504636347
0.1685654949473226
0.6459168925702585
0.6457373134125852
0.6450310560546051
0.16852554028532163
0.1684083133572711
0.6458121251951194
0.6452756181851543
0.645783577737572
0.6458349516989857
0.16849679410837975
0.6448404933282024
0.16847265850926596
0.16854980241389445
0.6454736063262583
0.16850490090955136
0.6451010803535869
0.6457040469406325
0.16850851789394378
0.6455970110045264
0.6456035632476353
0.6459984597651007
0.6454551207901137
0.16855686289007518
0.16851935894768916
0.6453465592057716
0.1685440836073499
0.6450035654471304
0.6456694797572501
0.16841187524231824
0.16851691303176242
0.16851694089650227
0.6458521564380895
0.6458284425810401
0.6459194861615369
0.6452982152548008
0.16852283209759672
0.16852725037331717
0.6452082851731289
0.16855772641917258
0.6458121251951194
0.16853171263013358
0.16847123861782823
0.6454525727720406
0.6457973331051643
0.6457537142110041
0.6462723082754556
0.6450721279999694
0.16846209224016606
0.6456607049325933
0.1684903883012184
0.645516149165388
0.1685374454961832
0.6458521564380895
0.1685637676065021
0.6457700883399645
0.645293620181886
0.16847123861782823
