0.4938510774460459
0.15819616248017276
0.5174423928998919
0.7474024121884177
0.7470159180237829
0.47599898374016286
0.4694132432878347
0.17048832836193714
0.4760967955002757
0.6525790929153675
0.6525790929153675
0.14884537047599505
0.7474176414933478
0.5174423928998919
0.5090422313932776
0.17699376827300187
0.15659770579259213
0.49605439361922127
0.4941743046180488
0.7355108879731578
0.7532832049382989
0.16818688740256976
0.7474105695304549
0.16866364717517554
0.7507303958692384
0.7315309649489823
0.1644734413192605
0.7258395733205277
0.7147886377724985
0.17378090918476635
0.7412122120081522
0.751301265164845
0.544679180935037
0.7511140300418915
0.48383543748721636
0.15197293112876875
0.1595914659372136
0.15615512377465784
0.7601890045837771
0.15812719669890696
0.7391790468339501
0.5815647712516442
0.5062253959060095
0.7495286128276772
0.7495447670440277
0.7040527419751559
0.4704617614974679
0.7531918473529526
0.16264455866799088
0.16866364717517554
0.45543553766288963
0.49605439361922127
0.5474692904672128
0.4597824650196002
0.7420166228700928
0.7117072809188809
0.4744576827756141
0.18653169101980693
0.7204259168052094
0.7417008749660421
0.7280037827279169
0.6957036047515698
0.45543553766288963
0.5439746742579463
0.6844053608037006
0.7530092433494733
0.7048732211255022
0.15169967258730804
0.16487138267463636
0.7546584025740841
0.748359138218817
0.1769058578476525
0.15785764752799725
0.7561783495301545
0.16170700044703784
0.17013023165696675
0.15721046997831162
0.6005513006255638
0.7562443230622036
0.6985557631430156
0.471723732826895
0.7470159180237829
0.47254749006300784
0.15549772704496034
0.48155689841710253
0.14884537047599505
0.1542550735055396
0.7581240003853285
0.5019339139329806
0.2223840348810321
0.7406430490002878
0.1644734413192605
0.5929910578097761
0.7204259168052094
0.4744576827756141
0.18007036339149474
0.19135407333497947
0.5815647712516442
0.7315309649489823
0.7355108879731578
0.7407496825991868
0.7406430490002878
0.7495447670440277
0.7574636513624673
0.4560137484021242
0.4527767894967918
0.744312954807137
0.7665871373140702
0.14615873586744713
0.7495286128276772
0.4596349273240983
0.5006090972644568
0.6621976550219858
0.7249487468722842
0.7532832049382989
0.7358720617239645
0.47094917778082956
0.7468313736686871
0.14951861276793305
0.7347812190326379
0.47094917778082956
0.760290723865921
0.760290723865921
0.5062253959060095
0.48874177951531106
0.7561783495301545
0.47599898374016286
0.7407718269006389
0.1595744856648117
0.7599356516874095
0.15549772704496034
0.7517130949019134
0.7048732211255022
0.7530092433494733
0.7338755442235729
0.4596349273240983
0.7449071731364342
0.26005727773494075
0.7665871373140702
0.5056647853750897
0.1852010791986507
0.7391790468339501
0.7486086684083919
0.7420166228700928
0.15891746911002425
0.19510598901928747
0.5550075940005258
0.7341991083786519
0.45982597615286314
0.7470711438184469
0.7474176414933478
0.7486086684083919
0.14641456179747278
0.7370385652857473
0.16446946139165033
0.7131260847388033
0.7449071731364342
0.5550075940005258
0.7511140300418915
0.16245469084727432
0.17150239213050314
0.5201230521121897
0.6237566455508298
0.5264850811435762
0.749003594957691
0.16803061679813272
0.7216720011724826
0.16069070303184188
0.5189128758519961
0.5019339139329806
0.471723732826895
0.7611192785260202
0.17550702708734592
0.7645086012023979
0.15751581624500113
0.7117072809188809
0.4760315876602005
0.14696099393912904
0.2223840348810321
0.15735466883819482
0.48383543748721636
0.7216720011724826
0.48155689841710253
0.4822016995510543
0.5189128758519961
0.6731239433310887
0.15735466883819482
0.7249487468722842
0.5197259180945935
0.22006382056321774
0.4811410579753356
0.5322159839226104
0.22006382056321774
0.7683595669314334
0.4704617614974679
0.7224122844378974
0.17699376827300187
0.19510598901928747
0.7060834750208641
0.5929910578097761
0.7470711438184469
0.7347812190326379
0.16170700044703784
0.4822016995510543
0.15575215686429228
0.1542550735055396
0.7546584025740841
0.16442966211554877
0.7683595669314334
0.5201230521121897
0.16069070303184188
0.7338755442235729
0.7468313736686871
0.749003594957691
0.7412633655169791
0.16803061679813272
0.15812719669890696
0.7548930476978417
0.14615873586744713
0.5006090972644568
0.7428526910777052
0.1595914659372136
0.15659770579259213
0.15819616248017276
0.6985557631430156
0.7474105695304549
0.7474024121884177
0.4924674824712505
0.19135407333497947
0.17013023165696675
0.6844053608037006
0.15169967258730804
0.7412633655169791
0.1595744856648117
0.18653169101980693
0.7471772273238794
0.4907948607281427
0.6005513006255638
0.5067860064369292
0.7224122844378974
0.1436733606130702
0.49964130476719204
0.14917881217135948
0.7442593203170653
0.15785764752799725
0.7412122120081522
0.22892316255834988
0.6237566455508298
0.4907948607281427
0.15575215686429228
