0.6976023808595682
0.1550335362587938
0.5043177421529776
0.7497390041458356
0.6001361119801045
0.48995133507147093
0.47223232950302496
0.16784069173656094
0.4840589280132529
0.6152591372937715
0.5783968576159606
0.15225264703309788
0.7302331768957341
0.5043177421529776
0.5354769645554871
0.17768013841904667
0.15155825625457567
0.5186295885463221
0.5036080499399451
0.742647277808663
0.6820270191843689
0.16785784092691344
0.7037943934903492
0.16866364717517554
0.7550894157396045
0.7140303505550167
0.16771415389899175
0.7443247997498081
0.7037943934903492
0.1651226132025674
0.7156549002043098
0.7446508804961249
0.5987405691113978
0.7066558425319387
0.48689338627934364
0.16324862696723869
0.153465737694842
0.15657338433334017
0.7132645918355516
0.1590553311488797
0.6866606900971524
0.6759190828683954
0.5263546366603304
0.7270595484244157
0.7550894157396045
0.724345928138036
0.4758483635866104
0.7408591872244852
0.16978395973074173
0.16866364717517554
0.4789741859702446
0.4862759707110641
0.7156549002043098
0.4783570811640251
0.681753487428421
0.7252341970777889
0.471075236733435
0.16454822201360164
0.7074840087273729
0.7149758073160819
0.681753487428421
0.7193126449870764
0.471075236733435
0.5612942184747076
0.6347841871969726
0.7287339718577733
0.7144852919450021
0.15657338433334017
0.16784069173656094
0.7413330620901931
0.7413330620901931
0.16598220852420592
0.1634641404882594
0.7436317303168998
0.16978395973074173
0.1590553311488797
0.15825075968457417
0.7132645918355516
0.7426571584214671
0.7359099003487855
0.475183852439294
0.6964411448166157
0.4747656727354569
0.15298097930632015
0.48155689841710253
0.1737088109019915
0.15874674560851015
0.7209743858210447
0.5765853949044062
0.2223840348810321
0.6810309136734535
0.1634641404882594
0.5696118563713383
0.7272132716391663
0.48016987684314355
0.18061856070569327
0.178547950639513
0.6152591372937715
0.6950413100320558
0.585982073597759
0.7413043625396247
0.7446508804961249
0.7578523066780513
0.6826027415242015
0.47911919303622197
0.45620585841044503
0.7420029859735157
0.6439626824231832
0.15695701250243457
0.6964411448166157
0.48452748175628824
0.4783570811640251
0.7269391507297496
0.7238516920963929
0.7433942565293803
0.7233153167053338
0.48862213605141713
0.7496766063423268
0.15132944570606485
0.7263361991744675
0.47223232950302496
0.7462983267164708
0.7554564297050299
0.585982073597759
0.475183852439294
0.7496766063423268
0.4862759707110641
0.7468732486146998
0.15991245885831962
0.7408591872244852
0.1577202597205456
0.693971455771478
0.5480959552786655
0.7468732486146998
0.7439488762425555
0.5093952864893754
0.67204249411133
0.20228197380508378
0.6759190828683954
0.5686127198592902
0.16587809740467618
0.7272132716391663
0.7443247997498081
0.7447038574078546
0.1644501097110364
0.2013159867301707
0.5765853949044062
0.7233153167053338
0.48194029343439715
0.7497783912099806
0.7453383342930189
0.6993716121366848
0.1591502282105749
0.7453383342930189
0.1632328200657511
0.7238516920963929
0.7209522999895515
0.6439626824231832
0.7269792832946382
0.16014569232846487
0.16785784092691344
0.505510413658897
0.722788031696726
0.5416328795959859
0.7231622676078063
0.17851137415773058
0.7272755058720423
0.1653146535620889
0.5416328795959859
0.48862213605141713
0.5612942184747076
0.7420029859735157
0.20228197380508378
0.7392033525544552
0.16454822201360164
0.7346145047368308
0.48452748175628824
0.15132944570606485
0.17768013841904667
0.1577202597205456
0.6810309136734535
0.6417078588054794
0.48155689841710253
0.48016987684314355
0.4967035778355177
0.7144852919450021
0.15735466883819482
0.7451304956818037
0.5050982368157292
0.19254786055747114
0.4750635080737649
0.7209522999895515
0.2300621848561485
0.7635490442090831
0.648189675403819
0.6976023808595682
0.17727251539750538
0.18265155326372812
0.7122247743638768
0.5303655499033688
0.6866606900971524
0.7364745730096146
0.15951988161680303
0.4750635080737649
0.1653146535620889
0.15935231762956958
0.7411160282675977
0.15935231762956958
0.722788031696726
0.5036080499399451
0.1591502282105749
0.648189675403819
0.7364745730096146
0.7149758073160819
0.7436440016987741
0.17244033859576785
0.15907741628464342
0.7433942565293803
0.15695701250243457
0.5093952864893754
0.7471490178670555
0.1647403726911532
0.1560990265088416
0.1614079132793023
0.7359099003487855
0.7269391507297496
0.7451013790462879
0.5783968576159606
0.18061856070569327
0.17727251539750538
0.7043756444708683
0.15616268048920767
0.7346145047368308
0.17893837028905596
0.15775134451566147
0.7427339104388897
0.505510413658897
0.6041465661557498
0.5303655499033688
0.7223884883347643
0.15155825625457567
0.5480959552786655
0.19254786055747114
0.7462983267164708
0.15808585060289634
0.7190850260447428
0.2013159867301707
0.693971455771478
0.48194029343439715
0.18265155326372812
