0.6455557255779587
0.1685104715432547
0.6455557255784049
0.6455557255782591
0.6455557255785223
0.6455557255781659
0.6455557255782396
0.16851047154292165
0.6455557255782002
0.6455557255795158
0.6455557255782203
0.16851047154301613
0.6455557255779989
0.645555725577875
0.6455557255778039
0.16851047154309945
0.16851047154293225
0.6455557255788373
0.6455557255779888
0.6455557255784781
0.6455557255781833
0.1685104715432398
0.6455557255778002
0.1685104715428759
0.6455557255777358
0.6455557255784755
0.16851047154267282
0.6455557255784083
0.6455557255785062
0.16851047154306714
0.6455557255781912
0.6455557255785451
0.6455557255772697
0.645555725578205
0.6455557255778872
0.16851047154321597
0.16851047154282017
0.16851047154307305
0.6455557255779745
0.16851047154313936
0.645555725578306
0.64555572557777
0.6455557255776668
0.6455557255772438
0.6455557255780111
0.6455557255777833
0.6455557255775249
0.6455557255782316
0.16851047154286314
0.16851047154299326
0.6455557255782888
0.6455557255779941
0.6455557255781921
0.6455557255795915
0.6455557255784571
0.6455557255784083
0.6455557255779888
0.16851047154307464
0.6455557255779817
0.6455557255780939
0.6455557255777358
0.6455557255777024
0.6455557255785038
0.6455557255779931
0.6455557255782888
0.6455557255779367
0.6455557255778039
0.16851047154331267
0.16851047154303922
0.6455557255785709
0.6455557255779476
0.1685104715436493
0.16851047154319226
0.6455557255782203
0.16851047154328166
0.16851047154363347
0.16851047154290794
0.6455557255786009
0.6455557255777327
0.6455557255779647
0.6455557255783599
0.6455557255776859
0.6455557255778905
0.16851047154290794
0.6455557255785458
0.16851047154299342
0.1685104715430663
0.6455557255778832
0.6455557255780674
0.16851047154297552
0.6455557255778074
0.16851047154321597
0.645555725578308
0.6455557255779817
0.6455557255783578
0.16851047154293458
0.16851047154274787
0.6455557255785451
0.6455557255783264
0.6455557255778263
0.6455557255782444
0.6455557255782444
0.6455557255783042
0.6455557255781833
0.645555725577965
0.6455557255779989
0.6455557255781692
0.6455557255786357
0.16851047154293755
0.6455557255781861
0.645555725577965
0.6455557255781691
0.645555725578635
0.6455557255784031
0.6455557255783861
0.6455557255778074
0.6455557255785147
0.6455557255777948
0.1685104715430677
0.6455557255785924
0.6455557255782396
0.6455557255779741
0.6455557255781861
0.6455557255776265
0.6455557255782591
0.6455557255779198
0.6455557255781225
0.6455557255785531
0.16851047154321303
0.6455557255777327
0.16851047154274787
0.6455557255785276
0.6455557255781685
0.6455557255780345
0.6455557255790778
0.6455557255783207
0.6455557255789073
0.1685104715432642
0.6455557255782691
0.6455557255785642
0.16851047154283316
0.6455557255779587
0.6455557255789373
0.6455557255776283
0.16851047154364196
0.16851047154320606
0.6455557255783573
0.6455557255779497
0.6455557255784177
0.64555572557854
0.6455557255776283
0.645555725578205
0.168510471543102
0.6455557255783801
0.16851047154334492
0.6455557255782691
0.6455557255782216
0.6455557255781685
0.6455557255783599
0.16851047154298093
0.16851047154315724
0.6455557255781945
0.6455557255778134
0.6455557255783264
0.6455557255782918
0.16851047154311866
0.6455557255779647
0.16851047154267282
0.6455557255781839
0.6455557255790483
0.6455557255774678
0.6455557255780939
0.16851047154298093
0.6455557255779941
0.16851047154318743
0.6455557255785451
0.6455557255784501
0.16851047154327686
0.16851047154293458
0.16851047154277066
0.6455557255785256
0.6455557255779745
0.6455557255781668
0.6455557255777107
0.6455557255788121
0.6455557255777344
0.16851047154315724
0.6455557255779741
0.6455557255774413
0.16851047154328166
0.6455557255785709
0.6455557255781945
0.16851047154332083
0.6455557255778905
0.6455557255783861
0.6455557255781912
0.16851047154333432
0.16851047154307305
0.645555725577885
0.6455557255778002
0.6455557255787984
0.6455557255783226
0.16851047154303733
0.6455557255772697
0.16851047154303733
0.16851047154313223
0.6455557255781921
0.16851047154313223
0.6455557255777602
0.6455557255784847
0.16851047154306747
0.6455557255795158
0.6455557255779859
0.6455557255781333
0.6455557255780272
0.16851047154290277
0.16851047154347515
0.6455557255785938
0.16851047154295654
0.6455557255774531
0.6455557255779087
0.168510471543102
0.16851047154334492
0.16851047154327686
0.6455557255789373
0.6455557255781333
0.6455557255775835
0.645555725578739
0.16851047154291998
0.16851047154311866
0.6455557255774678
0.16851047154303422
0.6455557255784049
0.16851047154303284
0.16851047154290566
0.6455557255784481
0.6455557255785062
0.6455557255783729
0.6455557255773561
0.6455557255785223
0.16851047154295654
0.6455557255782527
0.1685104715432802
0.645555725578306
0.1685104715428759
0.6455557255779412
0.16851047154314058
0.6455557255775999
0.6455557255784755
0.1685104715429353
