0.46293340934216276
0.21007122641628803
0.6066193931192494
0.8391285041683778
0.8046107198507155
0.412089738363401
0.3841689964943272
0.08634406265797828
0.375495738822087
0.6027688088022122
0.5480273066136601
0.08877384105253447
0.5588774145901604
0.3693516212574224
0.5777352498665156
0.35313891865167746
0.15337567537716967
0.30073009249636673
0.3775060950544892
0.6489652179959172
0.7924910388129198
0.2976109934945584
0.8935609617181592
0.34065224219243395
0.6769970732025341
0.46293340934216276
0.07003610033601097
0.7279399973632328
0.8323985639525229
0.43192408067370863
0.8108683289591534
0.8108683289591534
0.5841412016490237
0.7532681215665589
0.6744941916546586
0.1695324276833852
0.023962799563276557
0.10951506567375516
0.6136602374218847
0.1563269895900289
0.7465287754002848
0.4489130655339474
0.5193264486798469
0.5141997103805471
0.8124771102627311
0.5240999991539794
0.35313891865167746
0.6677965412064437
0.10072150031176708
0.18494829094141296
0.3703138913218915
0.6120850264167925
0.5284892187686464
0.4057430327715775
0.8377226202932633
0.8571130430204448
0.4131681101332539
0.07843917599695999
0.7254320086334934
0.759687623785012
0.7967927208855363
0.8267895835711924
0.5260925548074435
0.5480273066136601
0.6904645013152375
0.5240999991539794
0.4489130655339474
0.07581085651224287
0.09642438053417367
0.6489652179959172
0.9180748522155973
0.1057452062875593
0.16899471325670523
0.8725285219486318
0.10072150031176708
0.3775060950544892
0.20691221202798438
0.4781622266937162
0.7897328735787672
0.8804717456775368
0.5588774145901604
0.8391285041683778
0.21084430575117952
0.10951506567375516
0.3304152133485402
0.056384070791138566
0.07581085651224287
0.9095231305407474
0.5480273066136601
0.18494829094141296
0.8494044834489385
0.2307165764004403
0.6632001595185926
0.8148744439676613
0.5847947009457263
0.08830632050541341
0.09050878746622458
0.6677965412064437
0.8836645791340345
0.4744534490431941
0.6985499512410861
0.5311125088384819
0.44016146330074446
0.3744977953898039
0.3841689964943272
0.5311125088384819
0.823098852900708
0.823098852900708
0.18351072317014336
0.6985499512410861
0.5221074435005152
0.7336281269492085
0.5687883559705833
0.826528887803432
0.7361879262171633
0.8148744439676613
0.4326215309747793
0.7532681215665589
0.08877384105253447
0.9070462911172877
0.4326215309747793
0.9070289863951222
0.7606430074328014
0.47911387534942906
0.4781622266937162
0.9516023685655906
0.6644353981101544
0.8381002007520824
0.1469202195840713
0.8391697521280755
0.10834827896633009
0.6110652337414335
0.8323985639525229
0.8725285219486318
0.7279399973632328
0.3999558782767778
0.8352666948196122
0.44968168133699815
0.9897395899407886
0.39864778855189903
0.09642438053417367
0.7950584047094842
0.6702895574882901
0.8027144008546272
0.1035093617730249
0.08908188076128401
0.6155904186657537
0.8532587632346916
0.6110652337414335
0.8381002007520824
0.8531030244814559
0.6769970732025341
0.09050878746622458
0.5284892187686464
0.25431674846145647
0.47911387534942906
0.8358877480779647
0.6128726319193386
0.8532587632346916
0.1905802097437153
0.08629215237887825
0.3790353369672298
0.5841412016490237
0.7967927208855363
0.9070289863951222
0.07910241203764326
0.8804717456775368
0.07300856088802657
0.42513604118614357
0.5480273066136601
0.21084430575117952
0.8008120432696567
0.20691221202798438
0.7254320086334934
0.07607401531500498
0.5724485870246188
0.375495738822087
0.10710144910138361
0.1563269895900289
0.11374634903070407
0.44016146330074446
0.7303806856174078
0.41430491179797535
0.5169022356172243
0.412089738363401
0.7897328735787672
0.13918711977969284
0.966072735401414
0.7636092003084131
0.08830632050541341
0.5193264486798469
0.3790353369672298
0.1469202195840713
0.8124771102627311
0.4057430327715775
0.790427956301416
0.1035093617730249
0.18351072317014336
0.8772789122210392
0.6240124036774028
0.8358877480779647
0.826528887803432
0.16747757346836575
0.6632001595185926
0.2319933201158541
0.24936182521601183
0.6744941916546586
0.25431674846145647
0.8531030244814559
0.5169022356172243
0.3688135085236705
0.6875148423668536
0.7303806856174078
0.759687623785012
0.5026100220471794
0.024347670999563642
0.1860181123561021
0.9095231305407474
0.13637927333143043
0.24380694907738765
0.857598078396242
0.2976109934945584
0.08629215237887825
0.16899471325670523
0.6240124036774028
0.82715541725325
0.6919135844794241
0.34065224219243395
0.3999558782767778
0.07910209054119127
0.857598078396242
0.056384070791138566
0.6066193931192494
0.1905802097437153
0.13637927333143043
0.8008120432696567
0.39864778855189903
0.8046107198507155
0.5847947009457263
0.790427956301416
0.15337567537716967
0.4280085268387883
0.21007122641628803
0.6128726319193386
0.07607401531500498
0.6919135844794241
0.31253906741253656
0.6027688088022122
0.5092725284536365
0.2319933201158541
