0.645553953357545
0.16850965550834257
0.6455726183962079
0.6455596741961596
0.6455514589807616
0.6455905914496758
0.6455400137059071
0.16851026041288045
0.6455337843970262
0.6455417771955567
0.6455616262165836
0.16850931777351663
0.6455587008488001
0.6455527494231457
0.6455480611416609
0.16851036192951202
0.16851026271122893
0.6455632039692153
0.6455652252623965
0.6455598003143082
0.6455671092905794
0.16850930494828859
0.6455582381176214
0.16850908540324255
0.6455381981471321
0.6455661881274897
0.16850835422943522
0.6455644383904195
0.6455709110159811
0.16850976676258173
0.6455514006030736
0.6455766691863111
0.6455383940860739
0.645534335821536
0.6455474521204321
0.16851001461883203
0.16851033939066176
0.1685091940165398
0.6455310589382833
0.1685103168945652
0.6455265479216208
0.6455387473622753
0.6455616262165836
0.6455383691487766
0.6455483476869299
0.6455590896052656
0.6455483815520511
0.6455640641122418
0.16851043873949803
0.16851026271122893
0.6455649310548187
0.6455726183962079
0.6455587008488001
0.6455672010910899
0.6455745023547346
0.6455235955225109
0.6455601253806501
0.1685097431009467
0.6455699170655593
0.6455277390301493
0.6455617747777606
0.6455425015729225
0.6455460812896465
0.6455525481363394
0.6455649310548187
0.6455358231529027
0.6456051026058163
0.1685109510914396
0.16851026041288045
0.6455598003143082
0.645534841186213
0.1685087991978753
0.16851239494975312
0.6455492958785449
0.16851117608515348
0.16851239916066652
0.1685103168945652
0.6455510732706724
0.6455652252623965
0.6455592499201032
0.6455565371860428
0.6455284013584364
0.6455415076201403
0.16851128424834816
0.645553953357545
0.16851033939066176
0.16851069035746505
0.6455415650865635
0.6456010378091592
0.16850864881958538
0.645579786939587
0.168509263084319
0.6455723522422521
0.6455619719353141
0.645549954092772
0.16851049179884275
0.16851122101726265
0.6455480611416609
0.6455383940860739
0.6455376127047885
0.6455709731145064
0.6455624999597877
0.6455508979171967
0.6455872454364482
0.6455606549722828
0.6455708884234892
0.6455625957968409
0.6455400137059071
0.16851079530926574
0.6455708884234892
0.6455691796622407
0.6455265479216208
0.6455381474307
0.6455547903243455
0.6455277390301493
0.6455510511399081
0.6455458942554433
0.6455703698388413
0.1685110609607272
0.6455578628190402
0.6455679780755929
0.6455400337298909
0.645585222232972
0.6455752460057509
0.6455468256798785
0.6455971523260964
0.6455496312787237
0.6455481674597087
0.16851138921170516
0.6455596741961596
0.1685109664829299
0.6455709110159811
0.6455185739687972
0.6455358231529027
0.6455506621453797
0.6455651528456512
0.645549525837048
0.16851186488179193
0.6455508979171967
0.6455492958785449
0.1685076230556279
0.6455612570251441
0.645567992318275
0.645569234306837
0.1685104212773469
0.1685092068500344
0.6455573233611915
0.6455346838498102
0.6455543852902721
0.6455785435677717
0.6455318616334405
0.6455695875986582
0.1685092068500344
0.6455679780755929
0.16851079530926574
0.6455527494231457
0.6455588530976712
0.6455813666290964
0.6455548686951875
0.16851239494975312
0.16851074216107764
0.6455652987234171
0.6455400337298909
0.6455573225755709
0.6455588530976712
0.16851222424952955
0.6455592499201032
0.16850964923597134
0.6455235955225109
0.6455590896052656
0.6455456359080267
0.6455762564145221
0.16851396450632955
0.6455744665569629
0.16851001461883203
0.6455556935897254
0.6455376120228438
0.16851110248923817
0.1685108670265487
0.1685079110907393
0.6455716412141124
0.645534335821536
0.6455552565113767
0.6455408593321101
0.6455761573991715
0.6455634839666452
0.16850998184098256
0.6455626316621393
0.6455552285556778
0.1685109510914396
0.645549525837048
0.6455671092905794
0.16851222424952955
0.6455348512558514
0.6455672010910899
0.6455644383904195
0.16850955515192623
0.16850910007497757
0.6455684466041783
0.6455798463948843
0.6455506621453797
0.6455415282135211
0.1685112158774723
0.6455417771955567
0.16850964923597134
0.16851349072393168
0.645534841186213
0.16851064285960315
0.645556085935637
0.645579062935502
0.168509263084319
0.6455364101187298
0.6455421895537639
0.6455643149370733
0.6455612804978532
0.16851127741913846
0.16851125932327604
0.6455415650865635
0.16851033645122138
0.6455496312787237
0.6455514006030736
0.1685105701895836
0.16851122101726265
0.1685104212773469
0.6455415282135211
0.6455720419663069
0.6455545898109984
0.6455752460057509
0.1685110609607272
0.16851435103638163
0.6455690010094313
0.16851258508785522
0.6455684466041783
0.1685105701895836
0.16850931777351663
0.6455743402110581
0.6455652987234171
0.6455404698166899
0.6455317536333008
0.6455573225755709
0.1685088865585398
0.6455415076201403
0.16850886679563046
0.6455292879635894
0.1685097062572881
0.6455743402110581
0.16851264495203527
0.6455454483599141
0.6455552629512117
0.16850910007497757
