0.4526073577762587
0.24460539260571867
0.49876484983968383
0.8194381189419906
0.7543195823230899
0.48378829790454303
0.4119849112205912
0.13275104113904537
0.26288881122008734
0.7043750876099273
0.6043847745754853
0.10169256005584545
0.8283272730787048
0.46700201956536863
0.5493053089749305
0.4317937074560364
0.12505318718979114
0.4729519914228848
0.35636220635278354
0.6058978637942594
0.7077222612404159
0.3067323653998964
0.8333443222384831
0.34538494257524255
0.8011305342296425
0.5766825401421143
0.12725166119127843
0.69017482508163
0.8333443222384831
0.26814542735660574
0.7122518459181401
0.6829546054768922
0.5232037856464073
0.7533454811045894
0.5371346421762415
0.13397748483010807
0.08043306084245623
0.10336722007692042
0.796953491301681
0.16185544871609125
0.7916566014264054
0.6066920177417963
0.5839699963153776
0.5766825401421143
0.8011305342296425
0.48982188254706915
0.42905583686000776
0.8264785728292514
0.10128286423194424
0.20032693765844842
0.4306621206150367
0.5432739201372634
0.5458260336271856
0.3953126092317701
0.7578932880230508
0.6704227624159669
0.35636220635278354
0.10339564869612616
0.7677513060150172
0.8148354340644093
0.7916566014264054
0.8088943597047804
0.4534007013122601
0.46859114563482196
0.6403932188682265
0.7482074473446434
0.5452401578231696
0.10336722007692042
0.12510059007791358
0.7462913863980789
0.7462913863980789
0.15374207484500596
0.1581061670978443
0.85229300267796
0.10760584495306794
0.2518481555855897
0.16185544871609125
0.44285730727554073
0.7948313627714565
0.7798298496158642
0.4526073577762587
0.8194381189419906
0.16034071527191263
0.11529177606066499
0.44285730727554073
0.10339564869612616
0.2275427125287729
0.7948313627714565
0.5487338825996138
0.20032693765844842
0.8302101710802536
0.15572671099762483
0.6043847745754853
0.7516138364197408
0.5277126842102026
0.10782708776046132
0.1364143895308364
0.606314286097689
0.8876860446602017
0.6058978637942594
0.7819691658260064
0.6829546054768922
0.7118329691323018
0.4534007013122601
0.3067323653998964
0.4317937074560364
0.7862260288522112
0.8088943597047804
0.16694605846036972
0.7316851000915937
0.5232037856464073
0.5493053089749305
0.5968375713424523
0.7116124247540351
0.8148354340644093
0.8302101710802536
0.46237835750540757
0.765763224788826
0.16034071527191263
0.7910347484465016
0.46915455656517335
0.8630704873155342
0.7819732873374077
0.4911329172416451
0.5371450424880364
0.861542024494814
0.6403932188682265
0.7819691658260064
0.1754356967599937
0.8334491556658291
0.11529177606066499
0.7043750876099273
0.7313459007415841
0.7043750876099273
0.7213475086410763
0.45016670174950557
0.7313459007415841
0.34145317884134607
0.9081598640080112
0.4911329172416451
0.18483454453878756
0.85229300267796
0.7043750876099273
0.796953491301681
0.15671902907393426
0.15166080778827015
0.5371346421762415
0.8169232910875708
0.5452401578231696
0.7235633555209866
0.7482074473446434
0.7570963337843103
0.0860074807208033
0.5875962863341704
0.1764800279812132
0.6334894622060824
0.8370549505692162
0.5458260336271856
0.7578932880230508
0.16502562905220475
0.15188154153344724
0.4320336099466166
0.7077222612404159
0.8179284144608263
0.8630704873155342
0.10738460214567454
0.8876860446602017
0.13393915394726025
0.5444167728878968
0.33098173184945795
0.34538494257524255
0.7118329691323018
0.26814542735660574
0.7028656262769739
0.15671902907393426
0.7133970236908606
0.4306621206150367
0.11891202657560784
0.26288881122008734
0.14187418797579288
0.45123438706989316
0.6664523899477848
0.5105515084135488
0.5081160851359481
0.45123438706989316
0.7798298496158642
0.12510059007791358
0.8283272730787048
0.5277126842102026
0.10760584495306794
0.42905583686000776
0.4320336099466166
0.1521022752786243
0.8200006794317529
0.44097521498833503
0.7383205960913334
0.16154053092528547
0.14187418797579288
0.8379311690549981
0.5487338825996138
0.7677513060150172
0.7910347484465016
0.13275104113904537
0.4119849112205912
0.16415421321765467
0.2275427125287729
0.7133970236908606
0.1364143895308364
0.8200006794317529
0.5103465159267775
0.13393915394726025
0.7383205960913334
0.765763224788826
0.7316851000915937
0.6704227624159669
0.10128286423194424
0.24460539260571867
0.7819732873374077
0.15188154153344724
0.3356873548410928
0.8430439808611061
0.1822750477538645
0.14178108465125483
0.11891202657560784
0.46118248778460125
0.7543195823230899
0.8118024537663375
0.505894383927586
0.34145317884134607
0.12983099790609395
0.7595803237874938
0.11904546167953163
0.6634840411636851
0.16502562905220475
0.1754356967599937
0.8432377654900396
0.46859114563482196
0.8169232910875708
0.5839699963153776
0.8116554630883859
0.16076625007077977
0.49876484983968383
0.12983099790609395
0.7119321353360876
0.1581061670978443
0.5968375713424523
0.37919854462063574
0.6536626833950167
0.4196550199230623
0.1822750477538645
