0.6455557255803805
0.16851047154327595
0.6455557255827078
0.645555725577285
0.6455557255782516
0.6455557255764692
0.64555572557348
0.16851047154189358
0.6455557255666241
0.6455557255828308
0.6455557255790406
0.16851047154331514
0.6455557255722957
0.6455557255796311
0.6455557255771267
0.16851047154603224
0.16851047153725368
0.6455557255768609
0.6455557255787086
0.6455557255766414
0.6455557255757318
0.16851047154239623
0.6455557255761689
0.16851047154024415
0.6455557255782564
0.6455557255769092
0.16851047154215898
0.6455557255784584
0.6455557255796265
0.16851047154319407
0.6455557255777842
0.6455557255770874
0.6455557255756335
0.6455557255789612
0.6455557255765699
0.16851047154131835
0.16851047154448207
0.16851047154199222
0.6455557255790259
0.16851047154517945
0.6455557255864981
0.6455557255737994
0.645555725583089
0.6455557255725536
0.645555725580177
0.645555725577285
0.6455557255804363
0.6455557255803837
0.16851047154068796
0.16851047154215898
0.6455557255836041
0.6455557255745192
0.6455557255769092
0.6455557255789017
0.6455557255825285
0.6455557255794364
0.6455557255820574
0.1685104715422052
0.6455557255867796
0.6455557255819626
0.6455557255765048
0.6455557255755204
0.6455557255775936
0.6455557255886992
0.6455557255773328
0.6455557255795012
0.6455557255753118
0.16851047154401094
0.16851047154298102
0.6455557255733801
0.6455557255770925
0.16851047154470178
0.1685104715442176
0.6455557255772845
0.16851047154171944
0.16851047154681992
0.1685104715463437
0.6455557255751802
0.6455557255725243
0.6455557255769355
0.6455557255852908
0.6455557255720188
0.6455557255758176
0.16851047154159748
0.6455557255780277
0.16851047154829182
0.16851047154289356
0.6455557255754252
0.6455557255778439
0.16851047153926227
0.6455557255742983
0.16851047154289356
0.6455557255825422
0.6455557255736389
0.6455557255804159
0.1685104715432039
0.16851047154393434
0.6455557255773072
0.645555725575394
0.6455557255782711
0.6455557255765445
0.6455557255770874
0.6455557255742382
0.6455557255766646
0.64555572557348
0.6455557255770165
0.6455557255767329
0.6455557255801451
0.16851047154331514
0.6455557255770165
0.6455557255746927
0.6455557255755651
0.6455557255864894
0.6455557255771981
0.6455557255764692
0.6455557255704701
0.6455557255765212
0.6455557255745192
0.16851047154166432
0.6455557255795012
0.6455557255828308
0.6455557255771618
0.6455557255752231
0.6455557255807982
0.6455557255775819
0.6455557255768629
0.6455557255766646
0.6455557255765111
0.1685104715415663
0.6455557255776797
0.16851047154228926
0.6455557255783415
0.6455557255808891
0.6455557255728541
0.6455557255784584
0.6455557255755471
0.6455557255836041
0.16851047154442056
0.6455557255824748
0.6455557255794364
0.16851047154241408
0.6455557255765699
0.6455557255821465
0.6455557255807082
0.16851047154487875
0.16851047154210988
0.6455557255864981
0.6455557255796349
0.6455557255831992
0.6455557255759146
0.6455557255751802
0.6455557255782564
0.16851047154393434
0.6455557255825422
0.16851047154228926
0.6455557255746927
0.645555725575299
0.6455557255813396
0.6455557255789612
0.1685104715431316
0.1685104715402133
0.645555725575139
0.6455557255741788
0.6455557255756347
0.6455557255777986
0.16851047154578574
0.6455557255727653
0.1685104715434691
0.6455557255770925
0.6455557255831992
0.6455557255928001
0.6455557255762204
0.1685104715431316
0.6455557255701689
0.16851047154370302
0.6455557255736389
0.6455557255779186
0.1685104715439415
0.16851047153926227
0.1685104715388742
0.645555725576749
0.6455557255790259
0.6455557255750789
0.6455557255754504
0.645555725576749
0.6455557255762204
0.1685104715422052
0.6455557255820574
0.6455557255769355
0.16851047154401094
0.6455557255808149
0.6455557255765907
0.1685104715432769
0.6455557255796349
0.6455557255808149
0.6455557255777986
0.16851047154487875
0.16851047154246307
0.6455557255773328
0.6455557255776873
0.645555725579662
0.645555725579662
0.16851047154241477
0.6455557255785558
0.1685104715425973
0.16851047154278814
0.6455557255733932
0.16851047154521986
0.6455557255755675
0.6455557255768856
0.1685104715441017
0.645555725578181
0.6455557255828734
0.6455557255805562
0.645555725575139
0.16851047153940035
0.16851047154409604
0.6455557255780151
0.16851047154172993
0.6455557255785558
0.6455557255742382
0.16851047154097498
0.16851047154410673
0.16851047154442056
0.6455557255792403
0.645555725578466
0.6455557255757318
0.6455557255796311
0.16851047154489962
0.16851047154578574
0.6455557255808891
0.16851047154880477
0.6455557255768927
0.1685104715451511
0.1685104715432769
0.6455557255765212
0.6455557256218805
0.6455557255767401
0.6455557255768856
0.6455557255807982
0.16851047154229432
0.6455557255755204
0.16851047154521986
0.6455557255741788
0.16851047154210988
0.6455557255766414
0.16851047154278814
0.645555725580587
0.6455557255803805
0.16851047154131835
