0.6410002818848399
0.16816487902854915
0.6480483255493136
0.6484312106701754
0.6403276049197484
0.6519533093289065
0.6491555731283032
0.17003143958607123
0.6426115819254543
0.6498596420607284
0.6309974397083138
0.16628375209789303
0.6601647046142722
0.6402023285702053
0.6362844786653516
0.16971502615817313
0.16848789252583019
0.63963250250278
0.6471611741438026
0.6519916918379611
0.639004877588016
0.1682171243027858
0.642314459525795
0.16832309401227113
0.6486738691437669
0.6548061804548064
0.16833663599067542
0.6384327548031667
0.6641422722753445
0.16890518230519708
0.6396708131153876
0.6436116422554655
0.6439181041174293
0.6507021614975
0.6397428277177333
0.1676571134593277
0.1663284978878738
0.16896945953248943
0.6506127818782298
0.17004207428740953
0.67773148642743
0.6456612160520121
0.6362844786653516
0.6520349045430462
0.6411238379413471
0.6485602025310053
0.6452289158897013
0.642930787009071
0.16849593910557437
0.1693560434535776
0.6368925405854178
0.6486738691437669
0.6309519297217034
0.6381204491471123
0.6446370857807164
0.6521460668220045
0.6491638122131191
0.1682171243027858
0.6490352666051917
0.6480137721928723
0.652569090724265
0.646196334801096
0.6368925405854178
0.6421508554195099
0.6473677121934821
0.6466504057000613
0.6386441982418805
0.1664174460676973
0.17003143958607123
0.6507213261704645
0.6456536544227482
0.16843267293172937
0.16881339876966667
0.6442883176091467
0.16890518230519708
0.17004207428740953
0.16833194476198393
0.6484325337312176
0.6434390814542745
0.6490352666051917
0.6476524517833655
0.6480137721928723
0.6457748308208393
0.16833194476198393
0.6428075033606224
0.16921580912221096
0.1664174460676973
0.6358119040302257
0.6484312106701754
0.16906820011165913
0.6384327548031667
0.16825340072832898
0.635801870301473
0.6656197701024904
0.6040513639533218
0.16958411049312688
0.16971502615817313
0.641941065479946
0.6492676742677665
0.6403097105298253
0.6396708131153876
0.6562713547892276
0.6476524517833655
0.6461517941893752
0.6152193887624167
0.6464216141052535
0.6383722537737349
0.6472458133531453
0.1667605480836391
0.6464216141052535
0.6492728137960813
0.629067389276117
0.6493915568558065
0.6548061804548064
0.6456536544227482
0.6448505550173937
0.6421508554195099
0.6541237416151939
0.16836683919302922
0.6600375748817355
0.6519916918379611
0.6442772964864927
0.6442772964864927
0.6522681417437164
0.6408582677640242
0.6452740191962578
0.631512686636662
0.643242798294678
0.16881339876966667
0.6411238379413471
0.16841048879563886
0.6464723536415078
0.6521709655029861
0.6435266536780117
0.6491638122131191
0.6614036528031365
0.6494718676420361
0.16928531835418206
0.6465788499824078
0.6417982351994745
0.16713859364802572
0.6656197701024904
0.6597414148150413
0.6450863853911022
0.16875306649171712
0.1693560434535776
0.6408582677640242
0.629067389276117
0.632975143979958
0.6522681417437164
0.6492728137960813
0.6488236665213807
0.1681582954987121
0.6460982027246973
0.16833663599067542
0.6589020377494426
0.6483022188093455
0.6532764266991316
0.6500185838799429
0.16898248300347252
0.16949346998778833
0.6597414148150413
0.6467314535501798
0.6399348562126763
0.6521460668220045
0.16959701342995148
0.63963250250278
0.16877089575643375
0.6420854975942527
0.6457748308208393
0.6614036528031365
0.6481695643434531
0.16898248300347252
0.6539806536492786
0.1676571134593277
0.6471167935015173
0.6458188630618917
0.16845425964910493
0.16927788430573962
0.16868143973758454
0.6397428277177333
0.6535366062698267
0.6152193887624167
0.645755324291644
0.6445163178770409
0.6445163178770409
0.1694018522983145
0.6534010793085241
0.6434390814542745
0.16958411049312688
0.6436116422554655
0.6532764266991316
0.16959701342995148
0.6412120975808417
0.642930787009071
0.634896349811461
0.16842646776869366
0.1664810214590997
0.6386441982418805
0.635801870301473
0.6468031514631676
0.652569090724265
0.16874725661846462
0.6462361436990876
0.16875306649171712
0.16792438218546069
0.6458188630618917
0.16896945953248943
0.650113093860945
0.6535366062698267
0.16823553304051772
0.6471917387914916
0.6464971163620896
0.6498088710765781
0.6519533093289065
0.16779667176520763
0.16824398652041014
0.6443077960077686
0.1667605480836391
0.631512686636662
0.6357759329367261
0.16713859364802572
0.16835674306414594
0.16928531835418206
0.6452740191962578
0.6442771847984181
0.6401222833712508
0.6384396349731112
0.16836683919302922
0.16823553304051772
0.6521709655029861
0.16639858782354153
0.6471167935015173
0.1690214857356659
0.1667510957906268
0.6469490614871253
0.6432043671027918
0.6428075033606224
0.6460982027246973
0.6401222833712508
0.17258211187051337
0.6500185838799429
0.16794912920344235
0.6403276049197484
0.16831254286613248
0.67773148642743
0.16828582778717743
0.646196334801096
0.6211280762802202
0.16831254286613248
