0.9605978883524947
0.32170667200541314
0.6743749476523938
0.9373773734280888
0.7608849395585133
0.2854421672870959
0.9473739774159675
0.11117794310014095
0.3074868524941805
0.6393101602945204
0.5763248721794599
0.3412215081662521
0.017510497499380828
0.796821782974188
0.3245613456255343
0.22619482051876405
0.5374631392071171
0.19554901756327647
0.3766757672932496
0.5525001941294468
0.5249369036926294
0.19400578501909316
0.887146855733975
0.04565117807619001
0.3161251436380279
0.9162216271813083
0.5753168561243223
0.6017926497026225
0.4182304653109564
0.4258398868856792
0.4128200430201774
0.37844767128091905
0.22168391750726224
0.6675447906610307
0.5777952183063222
0.5185504337926934
0.43798741577532696
0.1779982794276419
0.145199094384865
0.9054740437870156
0.47337545361738365
0.25825513261339383
0.3772949329980577
0.3185696480493917
0.06039958777575616
0.4029767373670081
0.8198807838001475
0.8384455233324808
0.7426304942440289
0.4026620100674866
0.2585772571467563
0.7607726951268581
0.9244637614273638
0.11197108336105077
0.48417734033480475
0.05381805641960902
0.431488735598875
0.3396509002112862
0.4325882828542269
0.6674203764172333
0.8987571760589892
0.24201630819990028
0.08614742436111444
0.4857230633748727
0.8723034341761895
0.06449989763875508
0.06917950005078
0.6919080401296142
0.1713230966342857
0.553301254618978
0.33535377578697756
0.06946525716457819
0.6249810694630163
0.52005670306091
0.9208552058471053
0.7205400852132846
0.9097396448715039
0.933448931952361
0.05239684152585056
0.24046151425463091
0.9388931073447548
0.9305942041175621
0.9843110600725793
0.4272397702901193
0.3551043843601529
0.9354239906007142
0.2684315521220576
0.18824208415773402
0.33077112831278155
0.5869395984683606
0.3671860243642786
0.4917074494293501
0.14027826574783941
0.529167783143498
0.15844017341556027
0.36972296628386503
0.47206268485481606
0.8136279899720037
0.38167479376688873
0.5208656444927561
0.4134031359356506
0.8969269591517769
0.28248139585272014
0.5674678020506727
0.26412230317104857
0.5478601819055872
0.30159096592784984
0.7282047064886441
0.30843961379093876
0.7878823694488856
0.2957461414997754
0.9896631418267327
0.3825913643340274
0.8067827818432664
0.8529114666718107
0.035061795655433436
0.7824509510783698
0.5961169915133402
0.43613588105382584
0.5505424161061413
0.9293045221195303
0.014418552774707716
0.28768644947437616
0.3297186758043782
0.7358495349845258
0.14675267096472777
0.791810800005904
0.661913965410543
0.4749918545046331
0.5048646538795802
0.8568564278791719
0.3375105527162924
0.8458322002030071
0.8313719509545366
0.49908577460771597
0.4125114694351316
0.9393027271411458
0.943905557273245
0.4151975755275882
0.49868310287237927
0.7590260839531063
0.0837286963597792
0.24604890270271973
0.42771737190638015
0.7108902505206072
0.5832872823261179
0.5298567278542747
0.37499253237128893
0.5375635525909195
0.6084875379205152
0.08663421116260284
0.5649196490850985
0.6611416607197794
0.38609692444960686
0.30171210857345787
0.39670707611115474
0.6303399057556419
0.6217919900335382
0.008692307603914373
0.6862710873050172
0.7642091611032699
0.4663419559589411
0.023016298780257904
0.2559764220326315
0.5010296538637312
0.012190724527294083
0.45343496027421715
0.27734824025659377
0.7086987890968136
0.18643886467225435
0.9485696481658443
0.5628169575429076
0.35516942935518536
0.7987958523283941
0.6485192001121516
0.44787006009189867
0.8689156992160353
0.591064933878701
0.9082432108012852
0.7877840142699205
0.5995357650399733
0.6263881682469217
0.7743413312125635
0.7195022530624186
0.15287871455287394
0.8175438181548103
0.5828671357733272
0.39899727540734287
0.06598336136140759
0.03758171177827774
0.7273129734448047
0.024227315733536536
0.4622313044019353
0.11935102586627078
0.3443846107249129
0.6167757020563568
0.17677754147430713
0.00476807166597526
0.21553106072094141
0.2564006693789236
0.9119762920570158
0.03446136796171462
0.12668080372004886
0.2899671769471016
0.4342525848445691
0.816902277391345
0.23699829032183162
0.3759727756549778
0.24037306393814284
0.3871089794047743
0.0322440874915676
0.02588742999832716
0.4127371212227232
0.5066075758198628
0.748685622755344
0.4382685734686621
0.2798692775251509
0.6094289110505625
0.06740189445703149
0.9072798838527043
0.7955946412731628
0.36839035056617353
0.2005616042989432
0.6946318514309573
0.7999871850039573
0.48329690079405996
0.5825646741378274
0.0410833343510868
0.21100157849363133
0.7166999962225341
0.9333987183028537
0.32005909811544375
0.2730841391301626
0.5297166605786104
0.7834001684915038
0.08743308679472805
0.553125002766336
0.8589182836342597
0.56800843355049
0.4633449218049118
0.12179846745980305
0.45816571948719254
0.9701003420194815
0.39671856939506234
0.6661063193631767
0.6640966840598898
0.7185728597519423
0.047204992655844547
0.08029870210961099
0.617298406478418
