0.31344369825419766
0.31344369825419766
0.25378612120547006
0.31344369607646494
0.3134436942269169
0.3134436941034094
0.31344369270069855
0.3134436944077191
0.31344369456432203
0.3134436958395268
0.31344369506023867
0.3134436927996774
0.31344369192403565
0.313443693262667
0.3134436960133239
0.3134436937406837
0.785991996516288
0.31344369437831315
0.31344369846906234
0.31344369270069855
0.7859896901797679
0.31344369494983926
0.3134436928295065
0.31344370078961986
0.3134436956079781
0.313443695334751
0.3134436928295065
0.785991996516288
0.31344369631732016
0.3134437446628363
0.3134436921756882
0.3134436944077191
0.3134437012477335
0.31344369616344075
0.31344369539835454
0.31344369448129755
0.31344369607646494
0.31344369336735256
0.31344370175507313
0.3134436894513225
0.31344369483815454
0.31344369270125894
0.313443694191504
0.31344369336735256
0.3134436960133239
0.31344369445781456
0.3134436911081713
0.31344369379731585
0.3134436932274917
0.31344369825419766
0.31344369309366155
0.785995702090445
0.3134436958395268
0.3134436943162004
0.31344370175507313
0.31344370175507313
0.7859943692341557
0.3134436972017628
0.31004707014277805
0.31344369524449606
0.313443694191504
0.3134436929059541
0.31344369396979743
0.31344369270069855
0.313443693025466
0.31344375722792533
0.3134436958827067
0.3134436989022971
0.31344369481881285
0.3134436947704313
0.31344370078961986
0.31344369259288096
0.3134436951623998
0.7858513231129307
0.31344369247918885
0.31344369336735256
0.31344369240156783
0.313443693025466
0.31344369559267005
0.31344369437831315
0.7859909521425555
0.3134436948539545
0.7859890618400875
0.31344369555075
0.31344369403272526
0.3134436958395268
0.3134436951458625
0.31344369439567094
0.313443692839494
0.313443691707182
0.7915561313453819
0.7859953257638199
0.31344369077005946
0.3134436943226527
0.3134436883988668
0.3134439488140194
0.31344370365080776
0.5754502766232168
0.313443693262667
0.31344369506023867
0.7859967674699267
0.31344369175855435
0.3134436950921148
0.31344369223617635
0.3134436915043366
0.313443694038962
0.31344369247757936
0.3134436934143392
0.0561983926914226
0.7859792773373623
0.31344370365080776
0.31344369349838114
0.313443706786947
0.3134436944246761
0.31344369716609694
0.3134436901009734
0.8420846844526773
0.3134436921756882
0.3134436918905954
0.3134436934665037
0.7859878107501922
0.7860009982286474
0.3134436956079781
0.3134437038770918
0.31344369396979743
0.313443693025466
0.3134436912098319
0.31344369398584077
0.7859878107501922
0.31344375722792533
0.31344368876834966
0.07791339274161005
0.3134436967004726
0.3134436947704313
0.3134437073914582
0.3134436920752053
0.31344369232457864
0.3134436925326989
0.3134436989255874
0.31344370365080776
0.3134436921756882
0.31344369516306686
0.31344369575574266
0.3134436966932099
0.3134436939849712
0.3134437301769014
0.3134436948854621
0.31344369681708595
0.31344369249000875
0.3134436966932099
0.3134436962292396
0.31344369351871926
0.3134436918905954
0.785995702090445
0.3134436942368164
0.3134436969335229
0.3134436935597633
0.7859959451836416
0.31344369539835454
0.3134436953833021
0.8271840151897204
0.31344369418279183
0.3134436947704313
0.7859953257638199
0.313443718611186
0.3134436923529492
0.3134436939712808
0.31344369616344075
0.3134436936005073
0.31344369448129755
0.31344369720069326
0.31344369483815454
0.3134436941034094
0.31344369215324025
0.3134436927996774
0.7859764391634865
0.31344369387529997
0.3134436941034094
0.3134436916301781
0.3134436923429109
0.313443693262667
0.3134436933781951
0.7859873882640567
0.3134437446628363
0.8422663283310968
0.31004707014277805
0.3134436894513225
0.3134436951623998
0.3134436911081713
0.8271840151897204
0.31344369443881404
0.3134436982629326
0.3134437155941138
0.7859954589972484
0.3134437000132177
0.3134437957669658
0.3134439488140194
0.3134436883988668
0.7858513231129307
0.31344369282731305
0.3134437939120552
0.7859985708451779
0.3134436925892039
0.3134437009074836
0.3134436953008381
0.31344369631732016
0.31344378839045106
0.7915561313453819
0.31344369206066364
0.31344369072519734
0.8422663283310968
0.3134436948085842
0.3134437000077404
0.31344369351871926
0.0561983926914226
0.3134436985501012
0.313443694038962
0.3134436915043366
0.31344369240156783
0.5754502766232168
0.3134436945716161
0.3134436949465742
0.31344369481881285
0.25378612120547006
0.31344378839045106
0.10798111311930964
0.3134436929059541
0.31344369524449606
0.7859965487603412
0.3134437107778348
0.8420846844526773
0.31344369645743053
0.3134436944077191
0.7859830297862792
0.31344369513941434
0.31344369259195404
0.31344369445781456
0.31344369247757936
0.31344370009003086
0.07791339274161005
0.31344370554670997
0.31344369259288096
0.31344369443881404
0.3134437012477335
0.3134436953833021
0.7859764391634865
0.7859890618400875
0.7859970088439397
0.3134436925070772
0.10798111311930964
