0.3128733996829449
0.3128733996829449
0.3128733996829449
0.3128733996829449
0.3128733996829449
0.7905356182425624
0.3128733996829449
0.7905356182425622
0.7905356182425622
0.3128733996829449
0.3128733996829449
0.3128733996829449
0.3128733996829449
0.3128733996829449
0.3128733996829449
0.7905356182425622
0.3128733996829449
0.3128733996829449
0.3128733996829449
0.3128733996829449
0.3128733996829449
0.3128733996829449
0.3128733996829449
0.3128733996829449
0.3128733996829449
0.3128733996829449
0.3128733996829449
0.7905356182425622
0.3128733996829449
0.3128733996829449
0.3128733996829449
0.3128733996829449
0.3128733996829449
0.3128733996829449
0.3128733996829449
0.3128733996829449
0.3128733996829449
0.3128733996829449
0.3128733996829449
0.3128733996829449
0.3128733996829449
0.3128733996829449
0.3128733996829449
0.3128733996829449
0.3128733996829449
0.3128733996829449
0.3128733996829449
0.3128733996829449
0.3128733996829449
0.7905356182425624
0.3128733996829449
0.3128733996829449
0.3128733996829449
0.3128733996829449
0.3128733996829449
0.3128733996829449
0.7905356182425624
0.3128733996829449
0.3128733996829449
0.3128733996829449
0.3128733996829449
0.3128733996829449
0.7905356182425624
0.3128733996829449
0.3128733996829449
0.3128733996829449
0.3128733996829449
0.3128733996829449
0.3128733996829449
0.3128733996829449
0.3128733996829449
0.3128733996829449
0.3128733996829449
0.7905356182425043
0.3128733996829449
0.3128733996829449
0.3128733996829449
0.3128733996829449
0.3128733996829449
0.3128733996829449
0.7905356182425624
0.3128733996829449
0.7905356182425626
0.3128733996829449
0.3128733996829449
0.3128733996829449
0.3128733996829449
0.3128733996829449
0.3128733996829449
0.3128733996829449
0.7905356182425622
0.7905356182425622
0.3128733996829449
0.3128733996829449
0.3128733996829449
0.3128733996829449
0.3128733996829449
0.5754502766232168
0.3128733996829449
0.3128733996829449
0.3128733996829449
0.3128733996829449
0.3128733996829449
0.3128733996829449
0.3128733996829449
0.3128733996829449
0.3128733996829449
0.3128733996829449
0.3128733996829449
0.3128733996829449
0.3128733996829449
0.3128733996829449
0.3128733996829449
0.3128733996829449
0.3128733996829449
0.3128733996829449
0.7905356182425627
0.3128733996829449
0.3128733996829449
0.3128733996829449
0.3128733996829449
0.7905356182425622
0.3128733996829449
0.3128733996829449
0.3128733996829449
0.3128733996829449
0.3128733996829449
0.3128733996829449
0.7905356182425622
0.3128733996829449
0.3128733996829449
0.3128733996829449
0.3128733996829449
0.3128733996829449
0.3128733996829449
0.3128733996829449
0.3128733996829449
0.3128733996829449
0.3128733996829449
0.3128733996829449
0.3128733996829449
0.3128733996829449
0.3128733996829449
0.3128733996829449
0.3128733996829449
0.3128733996829449
0.3128733996829449
0.3128733996829449
0.3128733996829449
0.3128733996829449
0.3128733996829449
0.3128733996829449
0.3128733996829449
0.3128733996829449
0.3128733996829449
0.3128733996829449
0.3128733996829449
0.3128733996829449
0.3128733996829449
0.3128733996829449
0.7905356182425624
0.3128733996829449
0.3128733996829449
0.7905356182425622
0.7905356182425622
0.3128733996829449
0.3128733996829449
0.3128733996829449
0.3128733996829449
0.3128733996829449
0.3128733996829449
0.3128733996829449
0.3128733996829449
0.3128733996829449
0.3128733996829449
0.7905356182425626
0.3128733996829449
0.3128733996829449
0.3128733996829449
0.3128733996829449
0.3128733996829449
0.3128733996829449
0.3128733996829449
0.3128733996829449
0.7905356182425627
0.3128733996829449
0.3128733996829449
0.3128733996829449
0.3128733996829449
0.7905356182425626
0.3128733996829449
0.3128733996829449
0.3128733996829449
0.7905356182425622
0.3128733996829449
0.3128733996829449
0.3128733996829449
0.3128733996829449
0.7905356182425043
0.3128733996829449
0.3128733996829449
0.7905356182425622
0.3128733996829449
0.3128733996829449
0.3128733996829449
0.3128733996829449
0.3128733996829449
0.7905356182425626
0.3128733996829449
0.3128733996829449
0.7905356182425627
0.3128733996829449
0.3128733996829449
0.3128733996829449
0.3128733996829449
0.3128733996829449
0.3128733996829449
0.3128733996829449
0.3128733996829449
0.5754502766232168
0.3128733996829449
0.3128733996829449
0.3128733996829449
0.3128733996829449
0.3128733996829449
0.10798111311930964
0.3128733996829449
0.3128733996829449
0.3128733996829449
0.3128733996829449
0.7905356182425627
0.3128733996829449
0.3128733996829449
0.7905356182425626
0.3128733996829449
0.3128733996829449
0.3128733996829449
0.3128733996829449
0.3128733996829449
0.3128733996829449
0.3128733996829449
0.3128733996829449
0.3128733996829449
0.3128733996829449
0.3128733996829449
0.3128733996829449
0.7905356182425626
0.3128733996829449
0.3128733996829449
0.10798111311930964
