0.3128733996829449
0.3128733996829449
0.3128733996829449
0.7905356182529895
0.3128733996829449
0.3128733996829449
0.7905356182530691
0.3128733996829449
0.3128733996829449
0.3128733996829449
0.3128733996829449
0.3128733996829449
0.7905356182529895
0.3128733996829449
0.3128733996829449
0.3128733996829449
0.3128733996829449
0.3128733996829449
0.3128733996829449
0.3128733996829449
0.3128733996829449
0.3128733996829449
0.3128733996829449
0.3128733996829449
0.3128733996829449
0.3128733996829449
0.3128733996829449
0.3128733996829449
0.3128733996829449
0.3128733996829449
0.3128733996829449
0.3128733996829449
0.3128733996829449
0.3128733996829449
0.3128733996829449
0.3128733996829449
0.3128733996829449
0.3128733996829449
0.3128733996829449
0.3128733996829449
0.3128733996829449
0.3128733996829449
0.3128733996829449
0.3128733996829449
0.3128733996829449
0.3128733996829449
0.3128733996829449
0.3128733996829449
0.3128733996829449
0.7905356182527017
0.3128733996829449
0.3128733996829449
0.3128733996829449
0.3128733996829449
0.3128733996829449
0.3128733996829449
0.7905356182530691
0.3128733996829449
0.3128733996829449
0.3128733996829449
0.3128733996829449
0.3128733996829449
0.3128733996829449
0.3128733996829449
0.3128733996829449
0.3128733996829449
0.3128733996829449
0.3128733996829449
0.3128733996829449
0.3128733996829449
0.3128733996829449
0.3128733996829449
0.3128733996829449
0.790535617550033
0.3128733996829449
0.3128733996829449
0.3128733996829449
0.3128733996829449
0.3128733996829449
0.3128733996829449
0.7905356182515813
0.3128733996829449
0.3128733996829449
0.3128733996829449
0.3128733996829449
0.3128733996829449
0.3128733996829449
0.3128733996829449
0.3128733996829449
0.3128733996829449
0.7905356182523685
0.7905356182530691
0.3128733996829449
0.3128733996829449
0.3128733996829449
0.3128733996829449
0.3128733996829449
0.5754502766232168
0.3128733996829449
0.3128733996829449
0.3128733996829449
0.3128733996829449
0.3128733996829449
0.3128733996829449
0.3128733996829449
0.3128733996829449
0.3128733996829449
0.3128733996829449
0.3128733996829449
0.3128733996829449
0.3128733996829449
0.3128733996829449
0.3128733996829449
0.3128733996829449
0.3128733996829449
0.3128733996829449
0.7905356182424446
0.3128733996829449
0.3128733996829449
0.3128733996829449
0.3128733996829449
0.7905356182535571
0.3128733996829449
0.3128733996829449
0.3128733996829449
0.3128733996829449
0.3128733996829449
0.3128733996829449
0.7905356182531053
0.3128733996829449
0.3128733996829449
0.3128733996829449
0.3128733996829449
0.3128733996829449
0.3128733996829449
0.3128733996829449
0.3128733996829449
0.3128733996829449
0.3128733996829449
0.3128733996829449
0.3128733996829449
0.3128733996829449
0.3128733996829449
0.3128733996829449
0.3128733996829449
0.3128733996829449
0.3128733996829449
0.3128733996829449
0.3128733996829449
0.3128733996829449
0.3128733996829449
0.3128733996829449
0.3128733996829449
0.3128733996829449
0.3128733996829449
0.3128733996829449
0.3128733996829449
0.3128733996829449
0.3128733996829449
0.3128733996829449
0.7905356182497849
0.3128733996829449
0.3128733996829449
0.7905356182531053
0.7905356182535571
0.3128733996829449
0.3128733996829449
0.3128733996829449
0.3128733996829449
0.3128733996829449
0.3128733996829449
0.3128733996829449
0.3128733996829449
0.3128733996829449
0.3128733996829449
0.7905356182535492
0.3128733996829449
0.3128733996829449
0.3128733996829449
0.3128733996829449
0.3128733996829449
0.3128733996829449
0.3128733996829449
0.3128733996829449
0.7905356182393432
0.3128733996829449
0.3128733996829449
0.3128733996829449
0.3128733996829449
0.7905356182433703
0.3128733996829449
0.3128733996829449
0.3128733996829449
0.7905356182535492
0.3128733996829449
0.3128733996829449
0.3128733996829449
0.3128733996829449
0.790535617550033
0.3128733996829449
0.3128733996829449
0.7905356182535571
0.3128733996829449
0.3128733996829449
0.3128733996829449
0.3128733996829449
0.3128733996829449
0.7905356182521963
0.3128733996829449
0.3128733996829449
0.7905356182393432
0.3128733996829449
0.3128733996829449
0.3128733996829449
0.3128733996829449
0.3128733996829449
0.3128733996829449
0.3128733996829449
0.3128733996829449
0.5754502766232168
0.3128733996829449
0.3128733996829449
0.3128733996829449
0.3128733996829449
0.3128733996829449
0.10798111311930964
0.3128733996829449
0.3128733996829449
0.3128733996829449
0.3128733996829449
0.7905356182433703
0.3128733996829449
0.3128733996829449
0.7905356182530348
0.3128733996829449
0.3128733996829449
0.3128733996829449
0.3128733996829449
0.3128733996829449
0.3128733996829449
0.3128733996829449
0.3128733996829449
0.3128733996829449
0.3128733996829449
0.3128733996829449
0.3128733996829449
0.79053561825218
0.3128733996829449
0.3128733996829449
0.10798111311930964
