0.31608193121021344
0.31612033029284453
0.2198548675535505
0.31603683968153845
0.31607854312323697
0.3160803802891962
0.31599697892858664
0.31609915419904144
0.31573729915131704
0.3161005255521383
0.31610658634496164
0.3160930365231563
0.31608063456786595
0.3160008459307073
0.3160930365231563
0.7848847823355065
0.31599697892858664
0.3161104874706124
0.31570936581410985
0.31609915419904144
0.3160056062413168
0.3160538563988993
0.31608193121021344
0.316045531292777
0.31612033029284453
0.3161102726484754
0.3161488476812282
0.31596887470653473
0.3161197349714816
0.31599697892858664
0.31604906445050407
0.3161069093376931
0.3160930365231563
0.3158548080095585
0.31600501005583354
0.3160582078487891
0.3159304287417501
0.31614595130068324
0.3159086657426189
0.3157775660419564
0.3161002223139287
0.3161387324450109
0.3159010960347074
0.3161104874706124
0.316126719039236
0.3161462777953679
0.3160604101003376
0.3159684228158085
0.3160803802891962
0.7848847824689851
0.3160580653542436
0.7848847824758662
0.31603683968153845
0.784884782497835
0.316088373880116
0.32156812479824703
0.784884782418448
0.3161193765977025
0.18567876530313077
0.3159086657426189
0.3159010960347074
0.31606691074856874
0.7848847825051101
0.31608063456786595
0.31532803031668005
0.31585957517199426
0.3160397298763455
0.316160859416848
0.31616574782906504
0.3159286125176174
0.3160526161848811
0.3160799080623313
0.3161025993734555
0.7739490701307282
0.31600501005583354
0.31588567829988706
0.3160386134790173
0.3151238845583136
0.31615870792038014
0.31573729915131704
0.7848847825258423
0.31613490547616335
0.31614431065436865
0.31527116955811757
0.3160582078487891
0.31613490547616335
0.31612940413737456
0.31532803031668005
0.3158578569515441
0.3161296656864929
0.7848847824921457
0.7848847823355065
0.3159286125176174
0.31615829651693994
0.3160719064361605
0.3149982665997315
0.3161185909347926
0.5754502766232168
0.31614303036361724
0.3161561311184904
0.7848847824105201
0.3161499200822182
0.3160397298763455
0.31608063456786595
0.31588567829988706
0.31615195634881144
0.3161359966953557
0.31532803031668005
0.0561983926914226
0.7848847833528747
0.31357273857460577
0.3160724412554442
0.3160803071117212
0.315333871474391
0.3161467085478664
0.2513054172875466
0.8804433923241453
0.31611652571032967
0.31603683968153845
0.3156005784576914
0.7848847828127575
0.7848847822834053
0.31612033029284453
0.31611316544824314
0.31614096901790767
0.31304240649825904
0.3161003281406651
0.3158533729435975
0.7848847828127575
0.31607088244527626
0.31585957517199426
0.07791339274161005
0.31607854312323697
0.3161482003449429
0.3160604101003376
0.3161531658444256
0.3161561311184904
0.315333871474391
0.31611324549633457
0.3159092516246736
0.3160771095098471
0.31610696508740366
0.31611745903360466
0.3158634005970895
0.3160799367621916
0.31607854312323697
0.3160526161848811
0.27928289739824474
0.3161548651210944
0.3161005255521383
0.3158634005970895
0.3160799080623313
0.28437928234894105
0.7848847824758662
0.8437101457288858
0.31527116955811757
0.3160803071117212
0.7848847825258423
0.3158262270913845
0.3154718938503985
0.7848847825637374
0.31612940413737456
0.3161482003449429
0.7848847823955578
0.7848847823355065
0.31612028612275994
0.31616792531297083
0.31580837463491096
0.31573729915131704
0.3158254336030594
0.3161016086554356
0.3161002223139287
0.31611046013853
0.316088373880116
0.3161227221606693
0.7848847850742537
0.3154718938503985
0.316147342258891
0.3160875504381729
0.3161185909347926
0.31614303036361724
0.3161305136633489
0.7848847830828161
0.3160719064361605
0.8804433923241453
0.18567876530313077
0.31607944021733364
0.316110251964831
0.31610563672115366
0.7848847823001153
0.31616566244177813
0.31614760941592013
0.31610563672115366
0.784884782418448
0.32156812479824703
0.31614318445596884
0.3149982665997315
0.316128877876926
0.7739490701307282
0.3161456526795147
0.31614431065436865
0.7848847822834053
0.2513054172875466
0.31615522085484005
0.3161345749756673
0.3161197349714816
0.316160859416848
0.7848847824689851
0.316130629455684
0.28437928234894105
0.8804433923241453
0.3158533729435975
0.31553216225579556
0.3161399529996982
0.0561983926914226
0.31357273857460577
0.31610897586594255
0.315855595702953
0.3160386134790173
0.5754502766232168
0.3161005255521383
0.31610563672115366
0.3161599689667987
0.2198548675535505
0.3160062010345808
0.10798111311930964
0.3161387324450109
0.3159086657426189
0.8437101457288858
0.31614096901790767
0.8804433923241453
0.27928289739824474
0.3161069093376931
0.7848847846955335
0.3161456526795147
0.3160803802891962
0.3161462777953679
0.3161193765977025
0.31615195634881144
0.07791339274161005
0.3160797042595194
0.3158548080095585
0.31607944021733364
0.7848847825412123
0.31610897586594255
0.7848847850742537
0.7848847846955335
0.7848847823955578
0.31604651322601196
0.10798111311930964
