0.31601806108964303
0.31601806108064096
0.1237270246796554
0.316018061082406
0.7860233066469315
0.7860068642587434
0.31601806108250924
0.31601806108166275
0.31601806108277763
0.3160180610810701
0.31601806108184793
0.3160180610827115
0.31601806109897385
0.31601806107800223
0.3160180610811023
0.31601806108250924
0.31601806108586417
0.31601806108221187
0.3160180610852041
0.31601806107798985
0.31601806107660624
0.31601806109947445
0.31601806108250924
0.31601806107681596
0.3160180610763192
0.31601806108064096
0.3160180610811023
0.31601806108586417
0.31601806108166275
0.31601806134669724
0.31601806110853253
0.3160180610796165
0.3160180610796165
0.3160180610819354
0.3160180610849699
0.7860067680476857
0.3160180610824999
0.31601806108143576
0.31601806107688757
0.31601806109779906
0.3160180610892183
0.31601806108042024
0.3160180610964239
0.316018061081692
0.31601806115849285
0.31601806108166275
0.3160180610818776
0.3160180610848902
0.3160180610827115
0.7860096554732792
0.3160180610813724
0.7860126993185816
0.31601806108082114
0.7860233066469315
0.31601806108797825
0.39216545685047377
0.7860210896307995
0.3160180610779314
0.18567876530313077
0.31601806108089914
0.3160180610791372
0.31601806108791064
0.7860233066469315
0.3160180610794481
0.3160180610794481
0.7860663952496996
0.31601806108315394
0.3160180610753016
0.3160180610885482
0.3160180610856937
0.31601806124680265
0.5754502766232168
0.3160180610829617
0.7678885776550277
0.5754502766232168
0.3160180610849699
0.31601806107790237
0.316018061084391
0.31601806108935315
0.3160180610792948
0.786023675891615
0.31601806107790237
0.7862594083839659
0.3160180610745942
0.31601806108195085
0.316018061093352
0.316018061081692
0.3160180610824681
0.7860663952496996
0.31601806108456665
0.7860031665696544
0.7859963425570855
0.3160180610821186
0.3160180610964239
0.3160180610876156
0.30674370962777575
0.31601806108056474
0.5754502766232168
0.31601806108184793
0.31601806106787556
0.7860313453306094
0.3160180610791825
0.3160180610824999
0.31601806109897385
0.3160180610813072
0.31601806108367075
0.31601806107931346
0.3160180610847773
0.0561983926914226
0.7862973118587424
0.31601806108791064
0.3160180610746822
0.3160180611031591
0.31601806108615066
0.31601806108064096
0.31601806108416974
0.8804433923241453
0.3160180610803243
0.316018061082406
0.31601806107656066
0.7859963425570855
0.7859926388866874
0.31601806108143576
0.31601806108159824
0.3160180610709522
0.3160180610880786
0.3160180610745942
0.3160180610550294
0.7859965101115577
0.31601806109084984
0.31601806107798985
0.07791339274161005
0.3160180610753913
0.3160180610847773
0.3160180610734822
0.31601806108114705
0.31601806106787556
0.31601806108615066
0.31601806108242664
0.31601806108056474
0.31601806109897385
0.316018061082913
0.31601806108042024
0.31601806108190506
0.3160180610824999
0.3160180610776237
0.3160180611007619
0.24758278920203125
0.31601806107917985
0.31601806107910624
0.3160180610831708
0.3160180610810188
0.316018061082406
0.7861019817944972
0.8437101457288858
0.31601806108364766
0.31601806108601227
0.7860166555985354
0.31601806108367075
0.3160180610769778
0.7730234929283066
0.31601806109172415
0.3160180610811884
0.7860068664253637
0.7860065712923298
0.3160180610743634
0.316018061228907
0.3160180610734822
0.31601806107779434
0.3160180610509867
0.31601806109172415
0.3160180611007619
0.3160180610848902
0.3160180610834517
0.31601806107692293
0.786314663541394
0.3160180610799931
0.3160180610869421
0.31601806107833236
0.31601806108584896
0.31601806107800223
0.31601806108190506
0.7862973118587424
0.31601806108360425
0.8804433923241453
0.18567876530313077
0.3160180610774091
0.3160180610803172
0.3160180610812358
0.7730234929283066
0.31601806109478864
0.3160180610776237
0.31601806108672537
0.7860096353054558
0.39216545685047377
0.31601806124680265
0.30674370962777575
0.3160180611030834
0.7678885776550277
0.31601806107692293
0.3160180611833285
0.7860068642587434
0.1237270246796554
0.31370492099654096
0.3160180610806591
0.3160180610859058
0.31370492099654096
0.7860031665696544
0.31601806107660624
0.31601806108724917
0.8804433923241453
0.3160180610509867
0.31601806108082114
0.3160180610721188
0.0561983926914226
0.31601806108877906
0.3160180610792429
0.31601806107907865
0.6749877769213294
0.5754502766232168
0.2779176728746254
0.3160180610819354
0.2779176728746254
0.3160180613928434
0.3160180610810701
0.10798111311930964
0.6749877769213294
0.3160180610790341
0.8437101457288858
0.31601806107800956
0.8804433923241453
0.24758278920203125
0.31601806108244535
0.7862594083839659
0.316018061081666
0.31601806107951264
0.3160180610811884
0.3160180610786097
0.3160180610819354
0.07791339274161005
0.31601806109779906
0.31601806107328284
0.316018061088259
0.7861019817944972
0.3160180610762728
0.786314663541394
0.7862594083839659
0.7860068664253637
0.31601806108364766
0.10798111311930964
