0.3128733996829449
0.3128733996829449
0.3128733996829449
0.3128733996829449
0.3128733996829449
0.3128733996829449
0.3128733996829449
0.3128733996829449
0.3128733996829449
0.3128733996829449
0.3128733996829449
0.3128733996829449
0.7878143496050116
0.3128733996829449
0.3128733996829449
0.7878143496050116
0.3128733996829449
0.3128733996829449
0.3128733996829449
0.3128733996829449
0.3128733996829449
0.3128733996829449
0.3128733996829449
0.3128733996829449
0.3128733996829449
0.3128733996829449
0.3128733996829449
0.3128733996829449
0.3128733996829449
0.3128733996829449
0.3128733996829449
0.3128733996829449
0.3128733996829449
0.3128733996829449
0.3128733996829449
0.3128733996829449
0.3128733996829449
0.3128733996829449
0.3128733996829449
0.3128733996829449
0.3128733996829449
0.3128733996829449
0.3128733996829449
0.3128733996829449
0.3128733996829449
0.3128733996829449
0.3128733996829449
0.3128733996829449
0.3128733996829449
0.7878143496050116
0.3128733996829449
0.7878143496050116
0.3128733996829449
0.7878143496050116
0.3128733996829449
0.3128733996829449
0.7878143496050116
0.3128733996829449
0.3128733996829449
0.3128733996829449
0.3128733996829449
0.3128733996829449
0.7878143496050116
0.3128733996829449
0.7878143496050116
0.3128733996829449
0.3128733996829449
0.3128733996829449
0.3128733996829449
0.3128733996829449
0.3128733996829449
0.3128733996829449
0.3128733996829449
0.7878143496050116
0.3128733996829449
0.3128733996829449
0.3128733996829449
0.3128733996829449
0.3128733996829449
0.3128733996829449
0.7878143496050116
0.3128733996829449
0.7878143496050116
0.3128733996829449
0.3128733996829449
0.3128733996829449
0.3128733996829449
0.3128733996829449
0.3128733996829449
0.3128733996829449
0.7878143496050116
0.7878143496050116
0.3128733996829449
0.3128733996829449
0.3128733996829449
0.3128733996829449
0.3128733996829449
0.5754502766232168
0.3128733996829449
0.3128733996829449
0.7878143496050116
0.3128733996829449
0.3128733996829449
0.3128733996829449
0.3128733996829449
0.3128733996829449
0.3128733996829449
0.3128733996829449
0.3128733996829449
0.7878143496050116
0.3128733996829449
0.3128733996829449
0.3128733996829449
0.3128733996829449
0.3128733996829449
0.3128733996829449
0.8421755063918872
0.3128733996829449
0.3128733996829449
0.3128733996829449
0.7878143496050116
0.7878143496050116
0.3128733996829449
0.3128733996829449
0.3128733996829449
0.3128733996829449
0.3128733996829449
0.3128733996829449
0.7878143496050116
0.3128733996829449
0.3128733996829449
0.07791339274161005
0.3128733996829449
0.3128733996829449
0.3128733996829449
0.3128733996829449
0.3128733996829449
0.3128733996829449
0.3128733996829449
0.3128733996829449
0.3128733996829449
0.3128733996829449
0.3128733996829449
0.3128733996829449
0.3128733996829449
0.3128733996829449
0.3128733996829449
0.3128733996829449
0.3128733996829449
0.3128733996829449
0.3128733996829449
0.3128733996829449
0.3128733996829449
0.7878143496050116
0.3128733996829449
0.3128733996829449
0.3128733996829449
0.7878143496050116
0.3128733996829449
0.3128733996829449
0.7878143496050116
0.3128733996829449
0.3128733996829449
0.7878143496050116
0.7878143496050116
0.3128733996829449
0.3128733996829449
0.3128733996829449
0.3128733996829449
0.3128733996829449
0.3128733996829449
0.3128733996829449
0.3128733996829449
0.3128733996829449
0.3128733996829449
0.7878143496050116
0.3128733996829449
0.3128733996829449
0.3128733996829449
0.3128733996829449
0.3128733996829449
0.3128733996829449
0.7878143496050116
0.3128733996829449
0.8421755063918872
0.3128733996829449
0.3128733996829449
0.3128733996829449
0.3128733996829449
0.7878143496050116
0.3128733996829449
0.3128733996829449
0.3128733996829449
0.7878143496050116
0.3128733996829449
0.3128733996829449
0.3128733996829449
0.3128733996829449
0.7878143496050116
0.3128733996829449
0.3128733996829449
0.7878143496050116
0.3128733996829449
0.3128733996829449
0.3128733996829449
0.3128733996829449
0.3128733996829449
0.7878143496050116
0.3128733996829449
0.3128733996829449
0.8421755063918872
0.3128733996829449
0.3128733996829449
0.3128733996829449
0.3128733996829449
0.3128733996829449
0.3128733996829449
0.3128733996829449
0.3128733996829449
0.5754502766232168
0.3128733996829449
0.3128733996829449
0.3128733996829449
0.3128733996829449
0.3128733996829449
0.10798111311930964
0.3128733996829449
0.3128733996829449
0.7878143496050116
0.3128733996829449
0.8421755063918872
0.3128733996829449
0.3128733996829449
0.7878143496050116
0.3128733996829449
0.3128733996829449
0.3128733996829449
0.3128733996829449
0.3128733996829449
0.07791339274161005
0.3128733996829449
0.3128733996829449
0.3128733996829449
0.3128733996829449
0.3128733996829449
0.7878143496050116
0.7878143496050116
0.3128733996829449
0.3128733996829449
0.10798111311930964
