0.9754657440226392
0.9290503201004214
0.5952922641557418
0.5901444128600997
0.03330809089563502
0.46543382182204185
0.9346958246244471
0.2604847315835981
0.6222149803874104
0.8416450023866896
0.7631603807102799
0.23653424086957997
0.22133843332171643
0.2560100288027539
0.37255291630099285
0.8707957498507554
0.7498693408282735
0.3618454365704792
0.06566903113894018
0.4224753316226898
0.6072364907183009
0.2105376835608732
0.3485021076955812
0.7227516933552118
0.22866925025928253
0.22162605861876983
0.6440544467615189
0.1556376018482627
0.1496051466975089
0.8517753357195331
0.13458580891553584
0.40022076579253774
0.921677632331749
0.16392903338255904
0.6629145568826712
0.24091850433767648
0.03629336654685733
0.2755814101453683
0.1960202557873998
0.3705924215919538
0.8503891726710475
0.24840460988078183
0.6563761653982395
0.010828350833354539
0.5465155561412356
0.19573115447139722
0.23583745979385973
0.5771441209391686
0.6709569204744638
0.6492909448604232
0.8492611379103907
0.32886701644793015
0.5774929282250139
0.08674812170799417
0.755689175780506
0.6179071225554897
0.3951425827342344
0.9345871271255365
0.9121438450824976
0.7049292934465632
0.5289663897568191
0.3942676993603501
0.09805463178995577
0.34061227630375335
0.4630594976995127
0.9813565363709654
0.6523588074455262
0.998893524499449
0.041077012479135866
0.5769955157371441
0.2652834060667303
0.709264915052355
0.5079842696884046
0.9406159829248161
0.5327179539110788
0.9161319747046698
0.5301369698717507
0.5043592168050354
0.5277718595711351
0.7134539912073176
0.5051093763144043
0.9379745358197891
0.7338801491110369
0.04379746027217102
0.18890732312602365
0.8050886791135844
0.10834250742862295
0.5902121094537238
0.18649064636097856
0.7412200079508712
0.6698258837535133
0.18040433974811743
0.9244518316556404
0.6488126700546271
0.8228900500016042
0.5731944065678627
0.6594625828533021
0.10198289351770273
0.9298181019011121
0.6591463272300961
0.7381756029385261
0.7422330528720412
0.6097137524353281
0.660613255665349
0.6795213440525868
0.7630734928277019
0.19396970014722248
0.7503834249237307
0.8808705171718806
0.05880244397298384
0.4044600044812098
0.40270798657190465
0.7656526261574548
0.6133177007776307
0.6514330486941127
0.6044925029729535
0.9528234442995599
0.9154997446243481
0.9471154495157585
0.5925906951023866
0.9524919738765053
0.3177196666994242
0.389164099316723
0.09502504225730779
0.02105287823565183
0.42846563685028516
0.41956325457797483
0.8676188671933539
0.5517825685970076
0.0619599711394474
0.0981184290332644
0.9100044550580657
0.6308463579183794
0.4187513040019354
0.2776662950784725
0.8350208751361734
0.9292538290682352
0.505538113739968
0.20573685321653867
0.563702865252695
0.5571608192778832
0.43584720129210464
0.3391897625888757
0.7971453648779985
0.955497001924946
0.8756971756736328
0.3249640281619738
0.7052774011780967
0.014788789222376475
0.5591476126111667
0.48789158434112945
0.3575394032853134
0.3031559152491644
0.42514379022674786
0.10204689746237494
0.487243215243078
0.2665506952583627
0.915738154755567
0.23601389432688924
0.8145625040522988
0.07484424978921134
0.16430822888379537
0.4551384656308004
0.6742280543624416
0.49324120930244475
0.7574032964354015
0.47010287627408576
0.1780434578484763
0.048675850755254824
0.01657750804113345
0.7901169864180912
0.11465747947419214
0.09064785447320534
0.7514738704082109
0.6542580768240938
0.04162374276182257
0.4767368351593717
0.2107051411581785
0.6891402279845554
0.11507652133552981
0.6004776149090413
0.8743406688356714
0.7290262460016314
0.7699639081613986
0.4865229994958471
0.1806100748360867
0.9883600471508779
0.5177252188575772
0.8454450810745888
0.5203328801021577
0.19555830190142431
0.3371879669887837
0.05687328165189709
0.30246701594562986
0.6465560422849225
0.015594751150750819
0.9512008572994188
0.24957493258321128
0.44068730173741066
0.058661456355471486
0.05632592476327558
0.3876399147476848
0.7045804755696561
0.4809817694511205
0.9009539816858186
0.8095066938061278
0.7462003607566915
0.8571937445012142
0.971553558662013
0.2317092352409178
0.9250656254856373
0.5340400987397202
0.8231984021427097
0.5213468247499755
0.3526926764699698
0.0980753222761972
0.5793459733358348
0.39027351295058255
0.7919891498258916
0.2534765245570685
0.30977686649816527
0.4856164495687475
0.9447654653317576
0.4170315970091071
0.5474762491637158
0.7082783726134115
0.9613211599041375
0.4199966485087592
0.3999448074902958
0.6888642242152484
0.5634383907530619
0.4205259748853981
0.04493547306715506
0.2218006155807839
0.7659585394181434
0.10613066654064396
0.49078368131226013
0.295863108062129
0.04931596853984721
0.39638147484926245
0.9057363918254298
0.11174874797643808
0.3685529262493593
0.09735144985184496
0.15591921947180665
0.09010507298578452
0.9310437148293778
0.6812420771074484
0.4912564260701574
0.9892213908474835
