0.4537696341532421
0.4537517655598822
0.45675133638796916
0.45304697384956105
0.4532293452417493
0.4542043503411735
0.4614188660913122
0.45444104759662235
0.455244583476913
0.4536559816615787
0.4532065996600766
0.4558497796209485
0.46106494768670503
0.4589307692535179
0.4534193810851253
0.46050733921607057
0.46302305600126636
0.4536278346148979
0.45600560539692103
0.4535965977428998
0.45429540123519496
0.4644278370900635
0.4532472820857679
0.45327462304294575
0.45302827242152366
0.4535475596953188
0.4537419037449263
0.45319567905530983
0.9077244232615036
0.48180991828597025
0.45444104759662235
0.5728645419583074
0.45337247861518126
0.4533666698944969
0.45309855176274144
0.4534210473755705
0.4614188660913122
0.45371806894657896
0.6464945524200417
0.4535475596953188
0.454848150653876
0.45566425546290823
0.45315310650448143
0.45314776496325765
0.4534210473755705
0.8928888181254906
0.4535673864190286
0.45324470835147035
0.456523397057466
0.45314776496325765
0.456588503826446
0.9077244232615036
0.4531618743714976
0.45345957359247957
0.4531576213565048
0.4515488898068497
0.4578608546406786
0.4630019440801855
0.45317458514462367
0.4531125803959977
0.5402452588584987
0.45375877404074993
0.45321110196637165
0.4530338567097158
0.4534926311898445
0.4532393468061364
0.4535377680010147
0.45552044528663654
0.4536051880458006
0.45853097925290454
0.4535302030525641
0.45353327593768994
0.46302305600126636
0.4530207947132008
0.4589307692535179
0.4531578345351683
0.4532227367543066
0.4531556664666573
0.4539756444346204
0.4530642392951511
0.45339052176311007
0.4805007402377078
0.46050733921607057
0.45355791138722673
0.45566425546290823
0.4530338567097158
0.4557895119457051
0.4560348857373656
0.45429540123519496
0.4532086757704359
0.4561869256032164
0.4531912781909311
0.48180991828597025
0.45587991345857026
0.4536575357121191
0.4644278370900635
0.4805007402377078
0.4515490961682705
0.4531415732374463
0.4537854621731855
0.4539316353066738
0.46106494768670503
0.4530207947132008
0.45312662701392664
0.4535673864190286
0.4607039894935562
0.4531651258056405
0.45321580156663355
0.4584004367582163
0.4536575357121191
0.45325321246321604
0.5399885877230219
0.45345804910285126
0.45990266188360157
0.4607039894935562
0.4543894047712762
0.5399885877230219
0.4569057755910939
0.45331035250972307
0.8521851036074761
0.4536624789011533
0.4537696341532421
0.4555897572224119
0.45379664228612304
0.4536400171430207
0.4536570176952723
0.45315297074168276
0.45650016110749436
0.4644278370900635
0.4543759866440161
0.5402452588584987
0.456523397057466
0.45990266188360157
0.46160172450457426
0.8632058080964999
0.4536051880458006
0.4534193810851253
0.45325321246321604
0.45391796757318037
0.5399885877230219
0.45412794362019804
0.45313159682718385
0.4555897572224119
0.4531859156502689
0.4537517655598822
0.45323322972792013
0.4533666698944969
0.454848150653876
0.45314449184822164
0.47186923603369646
0.4532086757704359
0.456588503826446
0.4530642392951511
0.4533320356359628
0.5399885877230219
0.4531125803959977
0.4584004367582163
0.45314997134553514
0.4532797135099316
0.4544395830698106
0.4940740399767317
0.4531651258056405
0.45324401806777237
0.4532090467631688
0.4546797383751653
0.47186923603369646
0.453157114571637
0.45345804910285126
0.4533744584729834
0.453214350196123
0.4531786166529471
0.5728645419583074
0.45853097925290454
0.8928888181254906
0.45584910957474567
0.45324470835147035
0.4535302030525641
0.45584910957474567
0.4532227367543066
0.45311856462506683
0.4940740399767317
0.4531418829885562
0.5402452588584987
0.45302827242152366
0.4535387824143767
0.45383022959197006
0.45329329062067303
0.45552044528663654
0.4533320356359628
0.45675133638796916
0.45312662701392664
0.4546797383751653
0.45353327593768994
0.4537419037449263
0.4543759866440161
0.4535555544455432
0.45357510324565187
0.4534409062452186
0.453157114571637
0.4534926311898445
0.45321110196637165
0.45650016110749436
0.45327462304294575
0.45587991345857026
0.45379664228612304
0.4534409062452186
0.4534720599941895
0.4539316353066738
0.45326531001166875
0.4548493178202947
0.45345949895267734
0.45323322972792013
0.4537424049209794
0.4531488126382591
0.4560348857373656
0.4532839360742228
0.4569057755910939
0.8521851036074761
0.8521851036074761
0.45596814796927043
0.47557946738387963
0.45698413021149553
0.45431469785715595
0.4533744584729834
0.4531576213565048
0.8632058080964999
0.47557946738387963
0.45391796757318037
0.45600560539692103
0.4531618743714976
0.6464945524200417
0.4539756444346204
0.4531415732374463
0.4532678150292119
0.46160172450457426
0.4532752669657064
0.45319567905530983
0.4535965977428998
0.9077244232615036
0.4561869256032164
0.45309855176274144
0.45350008177686596
0.4543894047712762
0.4535555544455432
0.4536352728459493
0.4531425024907759
0.4515489929875601
0.45339052176311007
0.45325420051928084
0.4515489929875601
