0.46061823818337655
0.46061823818337805
0.460618238183378
0.46061823818337577
0.4606182381833779
0.4606182381833779
0.460618238183378
0.46061823818337744
0.46061823818337777
0.4606182381833781
0.4606182381833778
0.46061823818337794
0.4606182381833777
0.46061823818337844
0.460618238183378
0.46061823818337777
0.46061823818337777
0.46061823818337744
0.460618238183378
0.46061823818337766
0.4606182381833785
0.46061823818337755
0.4606182381833782
0.4606182381833783
0.46061823818337716
0.4606182381833779
0.4606182381833769
0.4606182381833771
0.9077244232615036
0.46061823818337744
0.46061823818337766
0.46061823818337755
0.46061823818337777
0.46061823818337766
0.46061823818337844
0.4606182381833774
0.46061823818337844
0.4606182381833773
0.46061823818337827
0.4606182381833779
0.4606182381833777
0.46061823818337977
0.4606182381833764
0.46061823818337877
0.4606182381833774
0.8928888181254906
0.4606182381833773
0.4606182381833779
0.46061823818337855
0.46061823818337866
0.4606182381833779
0.9077244232615036
0.46061823818337827
0.4606182381833776
0.46061823818337627
0.4606182381833771
0.4606182381833782
0.46061823818337744
0.460618238183378
0.4606182381833763
0.4606182381833781
0.46061823818337844
0.46061823818337744
0.46061823818337855
0.46061823818337777
0.4606182381833778
0.4606182381833777
0.460618238183378
0.4606182381833781
0.4606182381833779
0.4606182381833779
0.4606182381833779
0.4606182381833777
0.4606182381833774
0.4606182381833781
0.4606182381833749
0.4606182381833783
0.4606182381833772
0.4606182381833776
0.46061823818337827
0.460618238183378
0.46061823818337716
0.4606182381833779
0.46061823818337827
0.46061823818337777
0.46061823818337805
0.46061823818337777
0.46061823818337827
0.4606182381833779
0.46061823818337755
0.4606182381833783
0.4606182381833776
0.46061823818337766
0.46061823818337827
0.46061823818337755
0.46061823818337777
0.460618238183376
0.46061823818337844
0.46061823818337755
0.46061823818337777
0.46061823818337777
0.46061823818337766
0.4606182381833778
0.4606182381833781
0.46061823818337844
0.4606182381833781
0.4606182381833773
0.46061823818337844
0.4606182381833715
0.460618238183378
0.4606182381833779
0.4606182381833771
0.46061823818337766
0.4606182381833784
0.460618238183378
0.4606182381833785
0.46061823818337766
0.4606182381833784
0.4606182381833749
0.8521851036074761
0.460618238183378
0.46061823818337744
0.46061823818337766
0.4606182381833777
0.4606182381833779
0.46061823818337816
0.46061823818337755
0.4606182381833778
0.46061823818337777
0.4606182381833781
0.460618238183378
0.4606182381833782
0.4606182381833781
0.46061823818337855
0.8632058080964999
0.46061823818337805
0.4606182381833783
0.4606182381833778
0.4606182381833784
0.4606182381833771
0.4606182381833776
0.46061823818337744
0.46061823818337616
0.46061823818337666
0.4606182381833779
0.460618238183378
0.4606182381833781
0.460618238183378
0.460618238183375
0.46061823818337827
0.4606182381833767
0.4606182381833771
0.46061823818337766
0.46061823818337777
0.4606182381833776
0.4606182381833777
0.4606182381833778
0.46061823818337844
0.46061823818337716
0.4606182381833776
0.46061823818337805
0.4606182381833779
0.4606182381833773
0.46061823818337766
0.4606182381833784
0.46061823818338
0.46061823818337766
0.46061823818337744
0.4606182381833775
0.4606182381833779
0.460618238183375
0.4606182381833781
0.4606182381833779
0.8928888181254906
0.46061823818337777
0.46061823818337766
0.460618238183378
0.4606182381833779
0.4606182381833783
0.4606182381833779
0.4606182381833782
0.4606182381833773
0.4606182381833782
0.46061823818337777
0.47812056820967874
0.4606182381833775
0.4606182381833777
0.4606182381833781
0.4606182381833773
0.4606182381833782
0.4606182381833779
0.46061823818337844
0.4606182381833782
0.46061823818337755
0.4606182381833781
0.4606182381833769
0.4606182381833777
0.46061823818337644
0.4606182381833773
0.4606182381833772
0.4606182381833776
0.46061823818337805
0.46061823818337755
0.460618238183378
0.46061823818337755
0.46061823818337644
0.4606182381833777
0.4606182381833777
0.4606182381833767
0.4606182381833781
0.46061823818336545
0.46061823818337777
0.46061823818337955
0.460618238183377
0.4606182381833781
0.4606182381833777
0.46061823818337616
0.8521851036074761
0.8521851036074761
0.4606182381833782
0.4606182381833715
0.46061823818337805
0.46061823818337855
0.46061823818337777
0.4606182381833772
0.8632058080964999
0.46061823818337866
0.46061823818337755
0.4606182381833778
0.46061823818337777
0.47812056820967874
0.46061823818337766
0.46061823818337805
0.46061823818337777
0.46061823818337744
0.46061823818337777
0.46061823818337744
0.46061823818337877
0.9077244232615036
0.46061823818337777
0.460618238183378
0.46061823818337755
0.4606182381833788
0.46061823818337855
0.4606182381833763
0.4606182381833781
0.460618238183379
0.4606182381833781
0.4606182381833769
0.47812056820967874
