0.4407862801005836
0.4411662680436213
0.44026219262683364
0.6177568112725408
0.44116390359562896
0.4581916043953599
0.42092870957565237
0.44098901504673466
0.4730201551843971
0.44121685341851424
0.4411701616851951
0.4412089258641918
0.4412169724035059
0.6283836190270583
0.44122500566128836
0.44109393748652
0.4412096355801852
0.4594238078012593
0.44124766453958053
0.42894281407715645
0.44123075628213715
0.46355125779250445
0.44106318272196304
0.4410823743308233
0.4412247042677972
0.4411971947111485
0.4411626693707424
0.4409020967101944
0.9077244232615036
0.44123622862339074
0.4411099845299732
0.4412131567206232
0.44109393748652
0.44114406024998654
0.44406350118785476
0.44120645250624035
0.42092870957565237
0.44115991879111827
0.7119304034484322
0.4683571552574658
0.4411825165520039
0.44121779225287294
0.4356868496033304
0.44122233572189445
0.4412240638027849
0.8928888181254906
0.4412100498713367
0.44116041557362523
0.6195911839794981
0.4411099845299732
0.4411400274427194
0.9077244232615036
0.4411814654093156
0.41056622800742726
0.44018535405311376
0.37177952834238703
0.4411137855015481
0.4412218886962378
0.4412548632129892
0.44121779225287294
0.5422806093873407
0.4411983160463616
0.44124129000876466
0.4411665297543407
0.4356868496033304
0.4594238078012593
0.44122091271698227
0.44124048598700744
0.4411271645468075
0.44114406024998654
0.4412065570116626
0.44119288638000453
0.4411541573912499
0.44120984272576097
0.4581916043953599
0.44121495153775364
0.4412092376967439
0.44120276437159134
0.44120645250624035
0.44119288638000453
0.5161076815957137
0.6990298067763985
0.44119853662675296
0.5471135789884052
0.44121355913992133
0.4411215448910091
0.44106137835099
0.44119653188385255
0.44262627638544294
0.44121786131471263
0.4412240647434053
0.4410446096840184
0.44115991879111827
0.5471135789884052
0.44126297696271866
0.4409123744098978
0.4411641855904225
0.37201429855157564
0.44262627638544294
0.4411662680436213
0.4654399669218493
0.4804730484802683
0.44120984272576097
0.5422806093873407
0.4412682441726881
0.43851749234270954
0.4411973932912091
0.44114404317648337
0.4403551437684437
0.4411925387703636
0.4411719116657309
0.6325879445252309
0.4382419936598863
0.44117205065618126
0.4411137855015481
0.44127110674051434
0.4411815291800233
0.46034443650860074
0.44119772627917264
0.8521851036074761
0.44110448952991443
0.4382419936598818
0.4411701616851951
0.4411626693707424
0.4388004108238117
0.44121181814079075
0.441198572165068
0.4360516327696279
0.432434239309066
0.44120233146570975
0.5422806093873407
0.4412240647434053
0.44117205065618126
0.4361087103989112
0.8632058080964999
0.4411673813167519
0.4411787873672751
0.4412036209552767
0.45942030576253184
0.6325879445252309
0.44116427160601646
0.4382419936598818
0.44106137835099
0.4411704138195659
0.4411715185497015
0.5098650145602613
0.6195911839794981
0.4412028002749052
0.44115064409093874
0.5473920515396512
0.478041358177614
0.4410446096840184
0.4411285625291027
0.44125247356120156
0.6325879445252309
0.441011382222551
0.43872595994091784
0.44406350118785476
0.4412085868373954
0.6325879445252309
0.8379186938679607
0.4412548632129892
0.6225740632163281
0.478041358177614
0.4411704138195659
0.5473920515396512
0.44126107413314364
0.6177568112725408
0.44125247356120156
0.4412047089713144
0.4409020967101944
0.6990298067763985
0.4412169724035059
0.8928888181254906
0.44122765274737397
0.4411797855286027
0.44116390359562896
0.4412139341981596
0.4411541573912499
0.4412119634031915
0.8379186938679607
0.3135719976170427
0.6283836190270583
0.4411880907863497
0.42894281407715645
0.4412240638027849
0.4412164763261524
0.4804730484802683
0.44120233146570975
0.4410823743308233
0.4360516327696279
0.432434239309066
0.4411891083561193
0.44116627924264173
0.511262738952365
0.4683571552574658
0.3775737894251151
0.4411883372842995
0.44128226122497094
0.46355125779250445
0.441210312843152
0.44109297429674343
0.44104288817076437
0.4412208778516167
0.3135719976170427
0.4411883372842995
0.3775737894251151
0.4654399669218493
0.4411971947111485
0.46034443650860074
0.41056622800742726
0.5098650145602613
0.3135719976170427
0.4412164763261524
0.44122765274737397
0.4411752226878999
0.4412269029564285
0.8521851036074761
0.8521851036074761
0.44106318272196304
0.44121462070307815
0.44121355913992133
0.511262738952365
0.4412466786530117
0.44018535405311376
0.8632058080964999
0.4411719116657309
0.45942030576253184
0.43851749234270954
0.5161076815957137
0.7119304034484322
0.4412065570116626
0.4412682441726881
0.44121944165932575
0.43872595994091784
0.4388004108238117
0.4403551437684437
0.4412036209552767
0.9077244232615036
0.6225740632163281
0.44125642576449176
0.4412269029564285
0.44125642576449176
0.4412028002749052
0.4412139341981596
0.44121462070307815
0.37201429855157564
0.4411651256234529
0.4407862801005836
0.37177952834238703
