0.6475442014063574
0.7325344179364753
0.743483849537339
0.21152615241523054
0.7075140251243923
0.6868357439677184
0.7190968507773094
0.7136886142239021
0.7210385306451119
0.7643957052714687
0.7735631741020604
0.669504966670932
0.272122051352988
0.6805777735732598
0.7826736375839566
0.6613067791384615
0.738542097490883
0.2900174111604409
0.7161856582405994
0.8226146803484645
0.697676953001232
0.2076862016974533
0.7403181575652936
0.7015147108392149
0.7352947588624978
0.740834806509284
0.7087997016371615
0.6805777735732598
0.7417862049472215
0.7028365324907792
0.3159693919457335
0.7003565065651342
0.3159693919457335
0.7166331463654054
0.7043488664288349
0.7529977838223635
0.6835016487062029
0.6805777735732598
0.7965533705516759
0.7444786250092937
0.5964192818479279
0.7340877136661396
0.7663806529073205
0.7455592334976022
0.6885242052984698
0.785050868199201
0.7190968507773094
0.7716171165440843
0.7883833164904477
0.35774647444912294
0.6490792980383949
0.7501627529806595
0.2621932688901689
0.6518025073823118
0.2900174111604409
0.2873505083813457
0.21152615241523054
0.6885242052984698
0.6820466539313361
0.7192930487522942
0.7084239070627996
0.6660589150165364
0.738542097490883
0.7826736375839566
0.7403181575652936
0.7687483507177788
0.7501627529806595
0.6670307073069982
0.7315323109149221
0.7687483507177788
0.736327269013314
0.7043488664288349
0.7367515121691146
0.7986142451885268
0.6670307073069982
0.2900174111604409
0.222454983596856
0.764429989575921
0.7044579554444322
0.7422209544411685
0.7790171896278248
0.272122051352988
0.7643957052714687
0.21152615241523054
0.710635554734748
0.7716171165440843
0.3551325706309494
0.7352947588624978
0.7257366957276015
0.37295775738749337
0.7075140251243923
0.7240573126554374
0.6721728160364457
0.2213472872054501
0.6874112311995003
0.2632379615435851
0.5514949158044241
0.7826736375839566
0.31000151752892824
0.4364062314889599
0.7240573126554374
0.7417862049472215
0.810829574155338
0.6671463538667485
0.22795190394060103
0.7166331463654054
0.3714928856326499
0.7210385306451119
0.7084239070627996
0.7452356490141065
0.740834806509284
0.7479923899899318
0.5104598728578899
0.5442012870791326
0.7444786250092937
0.666146428512752
0.8226146803484645
0.2543470444749351
0.7534756821295368
0.29792172252116544
0.16301752606420186
0.669504966670932
0.7619569778609199
0.222454983596856
0.19010314153504054
0.7246001533827728
0.7162406098591185
0.2621932688901689
0.7417862049472215
0.303956517663047
0.2629991530893435
0.7192930487522942
0.8226146803484645
0.7742059454355075
0.6098244228288716
0.6670307073069982
0.7197616022905844
0.27460531730493976
0.7192930487522942
0.28461444676620606
0.7729414840090071
0.726066171678637
0.31409723046075416
0.7003565065651342
0.2629991530893435
0.3387722556292489
0.2485110296551089
0.7340877136661396
0.7085588197666486
0.47276429407652976
0.7003565065651342
0.6352363593852702
0.8045720795374992
0.7085588197666486
0.2543470444749351
0.6788179749230067
0.7455592334976022
0.7338316249486079
0.6941092561882359
0.7646064213438949
0.5641743368241028
0.750703037368006
0.31976553210176273
0.7735631741020604
0.7317625245602543
0.7060995798203353
0.7668435742090848
0.2980025874464134
0.6992686980403024
0.7696310739474348
0.6835016487062029
0.7448703638887992
0.5067198949640975
0.23332853464230693
0.6352363593852702
0.7493095835288708
0.7299736317088563
0.6868357439677184
0.6997772780433341
0.31000151752892824
0.7136886142239021
0.7015147108392149
0.7043488664288349
0.366930437890381
0.3645265227981976
0.7137550383009733
0.7079843269846295
0.2980025874464134
0.7245272604426665
0.31784155343071285
0.47074246928173347
0.38214476876086034
0.6613067791384615
0.7060995798203353
0.2916651987120714
0.31835931582216725
0.17213055168651945
0.7534756821295368
0.4731938571528716
0.7302457339633153
0.3153996920068793
0.697676953001232
0.7501627529806595
0.7687483507177788
0.7846360414691826
0.6697016089874914
0.613475375135859
0.3159693919457335
0.21657005341838237
0.7170171138144529
0.2565062429587608
0.7746414148741029
0.7352947588624978
0.7315323109149221
0.7353833179795175
0.5738972663800458
0.2485110296551089
0.7075140251243923
0.726066171678637
0.7325344179364753
0.6287272402165874
0.7283236088271294
0.7028365324907792
0.7997477285626364
0.4731938571528716
0.7190968507773094
0.29203143637283585
0.29623060803404566
0.7259349702678405
0.788067964136796
0.7656857970920963
0.29203143637283585
0.6846803829284676
0.272122051352988
0.6955344137418945
0.6868357439677184
0.6941092561882359
0.6593793367484269
0.6985396915325909
0.7259349702678405
0.7735631741020604
0.17471975966036646
0.27983330230433856
0.19010314153504054
0.740834806509284
0.743483849537339
0.669504966670932
0.7340877136661396
0.7203604041409588
0.7947231799221537
