0.46527549603904766
0.4652754960393462
0.46527549603896784
0.4652754960387704
0.4652754960386931
0.4652754960388372
0.46527549603853785
0.46527549603872553
0.46527549603868223
0.46527549603840795
0.46527549603882207
0.4652754960389071
0.465275496038778
0.46527549603710394
0.4652754960388423
0.46527549603900736
0.46527549603894003
0.4652754960387517
0.46527549603882107
0.46527549603871166
0.46527549603798696
0.46527549603853785
0.4652754960385396
0.4652754960389071
0.465275496037952
0.46527549603888263
0.4652754960383556
0.46527549603840795
0.4652754960392136
0.46527549603931323
0.4652754960388619
0.46527549603858775
0.46527549603865803
0.46527549603847956
0.465275496038966
0.4652754960390973
0.4652754960387553
0.4652754960386833
0.4652754960391292
0.46527549603915686
0.46527549603853785
0.4652754960392296
0.4652754960391202
0.4652754960391118
0.4652754960389267
0.4652754960389511
0.46527549603884205
0.4652754960387624
0.4652754960387715
0.4652754960384265
0.46527549603931323
0.46527549603918006
0.4652754960376543
0.46527549603887336
0.4652754960393416
0.46527549603784973
0.4652754960387903
0.4652754960388619
0.4652754960386122
0.4652754960385479
0.4652754960391066
0.4652754960393717
0.4652754960384307
0.4652754960386542
0.46527549603888657
0.4652754960362738
0.46527549603882473
0.46527549603918006
0.4652754960387751
0.4652754960390564
0.4652754960389855
0.4652754960388686
0.4652754960393522
0.8548027540659495
0.465275496038966
0.4652754960386931
0.46527549603858775
0.4652754960194374
0.46527549603913065
0.4652754960391692
0.46527549603830914
0.46527549603872553
0.9099058951554642
0.4652754960390973
0.4652754960394578
0.46527549603902624
0.4652754960391202
0.46527549603888657
0.4652754960390502
0.4652754960388189
0.4652754960392951
0.4652754960393535
0.4652754960393164
0.4652754960389801
0.46527549603708723
0.46527549601032897
0.4652754960388124
0.4652754960389228
0.4652754960381649
0.4652754960393462
0.46527549603888657
0.4652754960378984
0.46527549603896784
0.46527549603883656
0.46527549603921997
0.4652754960391692
0.46527549603892776
0.46527549603789836
0.46527549603888263
0.4652754960371228
0.46527549603868223
0.46527549603789836
0.46527549603887336
0.4652754960388124
0.46527549603903573
0.46527549603872553
0.4652754960393671
0.4652754960391188
0.4652754960393204
0.4652754960389821
0.4652754960392475
0.4652754960389855
0.4652754960393633
0.46527549603912466
0.9099058951554642
0.46527549603597684
0.46527549603871243
0.46527549603892776
0.4652754960390502
0.4652754960390306
0.46527549603948604
0.4652754960386542
0.46527549603882207
0.46527549603906193
0.46527549603832924
0.4652754960375263
0.4652754960396422
0.4652754960385907
0.46527549603907614
0.46527549603852975
0.46527549603883656
0.4652754960393258
0.4652754960390597
0.4652754960387844
0.46527549603931234
0.4652754960394989
0.46527549603884183
0.7761631784377008
0.4652754960381649
0.46527549603847956
0.4652754960387844
0.46527549603877255
0.4652754960393204
0.4652754960388932
0.46527549603906193
0.46527549603904766
0.4652754960389832
0.46527549603830914
0.46527549603857365
0.46527549603244506
0.4652754960384124
0.4652754960392187
0.46527549603915624
0.46527549603534973
0.4652754960387903
0.4652754960390827
0.46527549603918505
0.4652754960372911
0.46527549603928015
0.4652754960394712
0.46527549603933216
0.46527549603884183
0.4652754960388372
0.4652754960386931
0.46527549603884405
0.4652754960386978
0.4652754960194374
0.4652754960388372
0.46527549603801927
0.46527549603891827
0.46527549603782603
0.46527549603876084
0.46527549603942153
0.46527549603891827
0.4652754960379163
0.1666320134069434
0.46527549603915686
0.4652754960388594
0.46527549603871166
0.4652754960394144
0.4652754960393671
0.4652754960394271
0.46527549603938834
0.46527549603911456
0.1666320134069434
0.46527549603917784
0.46527549601032897
0.4652754960392785
0.8548027540659495
0.7761631784377008
0.46527549603900736
0.4652754960389267
0.4652754960389822
0.4652754960371228
0.46527549603708723
0.4652754960393667
0.9099058951554642
0.4652754960384265
0.4652754960394989
0.4652754960389071
0.4652754960393671
0.4652754960394712
0.4652754960385556
0.4652754960388703
0.4652754960390827
0.4652754960391118
0.4652754960390597
0.46527549603882606
0.4652754960387517
0.4652754960383605
0.46527549603847956
0.46527549603938834
0.46527549603929075
0.46527549603917784
0.465275496038642
0.46527549603964546
0.4652754960392296
0.46527549603861457
0.46527549603884566
0.46527549603865803
0.4652754960395429
0.4652754960390973
0.46527549603876767
0.9099058951554642
0.46527549603820245
0.4652754960391066
0.46527549603915624
0.46527549603905044
0.4652754960391692
0.46527549603884405
0.465275496039683
0.46527549603875773
0.46527549603892776
0.4652754960387546
0.46527549603940255
0.4652754960386978
0.9099058951554642
0.46527549603853374
0.4652754960395342
0.4652754960388813
