0.4652754960383987
0.4652754960383987
0.4652754960383987
0.4652754960383987
0.4652754960383987
0.4652754960383987
0.4652754960383987
0.4652754960383987
0.4652754960383987
0.4652754960383987
0.4652754960383987
0.4652754960383987
0.4652754960383987
0.4652754960383987
0.4652754960383987
0.4652754960383987
0.4652754960383987
0.4652754960383987
0.4652754960383987
0.4652754960383987
0.4652754960383987
0.4652754960383987
0.4652754960383987
0.4652754960383987
0.4652754960383987
0.4652754960383987
0.4652754960383987
0.4652754960383987
0.4652754960383987
0.4652754960383987
0.4652754960383987
0.4652754960383987
0.4652754960383987
0.4652754960383987
0.4652754960383987
0.4652754960383987
0.4652754960383987
0.4652754960383987
0.4652754960383987
0.4652754960383987
0.4652754960383987
0.4652754960383987
0.4652754960383987
0.4652754960383987
0.4652754960383987
0.4652754960383987
0.4652754960383987
0.4652754960383987
0.4652754960383987
0.4652754960383987
0.4652754960383987
0.4652754960383987
0.4652754960383987
0.4652754960383987
0.4652754960383987
0.4652754960383987
0.4652754960383987
0.4652754960383987
0.4652754960383987
0.4652754960383987
0.4652754960383987
0.4652754960383987
0.4652754960383987
0.4652754960383987
0.4652754960383987
0.4652754960383987
0.4652754960383987
0.4652754960383987
0.4652754960383987
0.4652754960383987
0.4652754960383987
0.4652754960383987
0.4652754960383987
0.8790697973070283
0.4652754960383987
0.4652754960383987
0.4652754960383987
0.4652754960383987
0.4652754960383987
0.4652754960383987
0.4652754960383987
0.4652754960383987
0.8796594353204954
0.4652754960383987
0.4652754960383987
0.4652754960383987
0.4652754960383987
0.4652754960383987
0.4652754960383987
0.4652754960383987
0.4652754960383987
0.4652754960383987
0.4652754960383987
0.4652754960383987
0.4652754960383987
0.4652754960383987
0.4652754960383987
0.4652754960383987
0.4652754960383987
0.4652754960383987
0.4652754960383987
0.4652754960383987
0.4652754960383987
0.4652754960383987
0.4652754960383987
0.4652754960383987
0.4652754960383987
0.4652754960383987
0.4652754960383987
0.4652754960383987
0.4652754960383987
0.4652754960383987
0.4652754960383987
0.4652754960383987
0.4652754960383987
0.4652754960383987
0.4652754960383987
0.4652754960383987
0.4652754960383987
0.4652754960383987
0.4652754960383987
0.4652754960383987
0.4652754960383987
0.4652754960383987
0.8797099749898036
0.4652754960383987
0.4652754960383987
0.4652754960383987
0.4652754960383987
0.4652754960383987
0.4652754960383987
0.4652754960383987
0.4652754960383987
0.4652754960383987
0.4652754960383987
0.4652754960383987
0.4652754960383987
0.4652754960383987
0.4652754960383987
0.4652754960383987
0.4652754960383987
0.4652754960383987
0.4652754960383987
0.4652754960383987
0.4652754960383987
0.4652754960383987
0.4652754960383987
0.8789841747627637
0.4652754960383987
0.4652754960383987
0.4652754960383987
0.4652754960383987
0.4652754960383987
0.4652754960383987
0.4652754960383987
0.4652754960383987
0.4652754960383987
0.4652754960383987
0.4652754960383987
0.4652754960383987
0.4652754960383987
0.4652754960383987
0.4652754960383987
0.4652754960383987
0.4652754960383987
0.4652754960383987
0.4652754960383987
0.4652754960383987
0.4652754960383987
0.4652754960383987
0.4652754960383987
0.4652754960383987
0.4652754960383987
0.4652754960383987
0.4652754960383987
0.8796594353204954
0.4652754960383987
0.4652754960383987
0.4652754960383987
0.4652754960383987
0.4652754960383987
0.4652754960383987
0.4652754960383987
0.4652754960383987
0.4652754960383987
0.1666320134069434
0.4652754960383987
0.4652754960383987
0.4652754960383987
0.4652754960383987
0.4652754960383987
0.4652754960383987
0.4652754960383987
0.4652754960383987
0.1666320134069434
0.4652754960383987
0.4652754960383987
0.4652754960383987
0.8790697973070283
0.8789841747627637
0.4652754960383987
0.4652754960383987
0.4652754960383987
0.4652754960383987
0.4652754960383987
0.4652754960383987
0.8797099749898036
0.4652754960383987
0.4652754960383987
0.4652754960383987
0.4652754960383987
0.4652754960383987
0.4652754960383987
0.4652754960383987
0.4652754960383987
0.4652754960383987
0.4652754960383987
0.4652754960383987
0.4652754960383987
0.4652754960383987
0.4652754960383987
0.4652754960383987
0.4652754960383987
0.4652754960383987
0.4652754960383987
0.4652754960383987
0.4652754960383987
0.4652754960383987
0.4652754960383987
0.4652754960383987
0.4652754960383987
0.4652754960383987
0.4652754960383987
0.8796594353204954
0.4652754960383987
0.4652754960383987
0.4652754960383987
0.4652754960383987
0.4652754960383987
0.4652754960383987
0.4652754960383987
0.4652754960383987
0.4652754960383987
0.4652754960383987
0.4652754960383987
0.4652754960383987
0.8796594353204954
0.4652754960383987
0.4652754960383987
0.4652754960383987
