0.4652754960383987
0.4652754960383987
0.4652754960383987
0.4652754960383987
0.4652754960383987
0.4652754960383987
0.4652754960383987
0.4652754960383987
0.4652754960383987
0.4652754960383987
0.4652754960383987
0.4652754960383987
0.4652754960383987
0.4652754960383987
0.4652754960383987
0.4652754960383987
0.4652754960383987
0.4652754960383987
0.4652754960383987
0.4652754960383987
0.4652754960383987
0.4652754960383987
0.4652754960383987
0.4652754960383987
0.4652754960383987
0.4652754960383987
0.4652754960383987
0.4652754960383987
0.4652754960383987
0.4652754960383987
0.4652754960383987
0.4652754960383987
0.4652754960383987
0.4652754960383987
0.4652754960383987
0.4652754960383987
0.4652754960383987
0.4652754960383987
0.4652754960383987
0.4652754960383987
0.4652754960383987
0.4652754960383987
0.4652754960383987
0.4652754960383987
0.4652754960383987
0.4652754960383987
0.4652754960383987
0.4652754960383987
0.4652754960383987
0.4652754960383987
0.4652754960383987
0.4652754960383987
0.4652754960383987
0.4652754960383987
0.4652754960383987
0.4652754960383987
0.4652754960383987
0.4652754960383987
0.4652754960383987
0.4652754960383987
0.4652754960383987
0.4652754960383987
0.4652754960383987
0.4652754960383987
0.8797547733530069
0.4652754960383987
0.4652754960383987
0.4652754960383987
0.4652754960383987
0.4652754960383987
0.4652754960383987
0.4652754960383987
0.4652754960383987
0.8789842673634195
0.4652754960383987
0.4652754960383987
0.4652754960383987
0.4652754960383987
0.4652754960383987
0.4652754960383987
0.4652754960383987
0.4652754960383987
0.8797547667354872
0.4652754960383987
0.4652754960383987
0.4652754960383987
0.4652754960383987
0.4652754960383987
0.4652754960383987
0.4652754960383987
0.4652754960383987
0.4652754960383987
0.4652754960383987
0.4652754960383987
0.4652754960383987
0.4652754960383987
0.4652754960383987
0.4652754960383987
0.4652754960383987
0.4652754960383987
0.4652754960383987
0.4652754960383987
0.4652754960383987
0.4652754960383987
0.4652754960383987
0.4652754960383987
0.4652754960383987
0.4652754960383987
0.4652754960383987
0.4652754960383987
0.4652754960383987
0.4652754960383987
0.4652754960383987
0.4652754960383987
0.4652754960383987
0.4652754960383987
0.4652754960383987
0.4652754960383987
0.4652754960383987
0.4652754960383987
0.4652754960383987
0.4652754960383987
0.4652754960383987
0.4652754960383987
0.8797547799705266
0.4652754960383987
0.4652754960383987
0.4652754960383987
0.4652754960383987
0.4652754960383987
0.4652754960383987
0.4652754960383987
0.4652754960383987
0.4652754960383987
0.4652754960383987
0.4652754960383987
0.4652754960383987
0.4652754960383987
0.4652754960383987
0.4652754960383987
0.4652754960383987
0.4652754960383987
0.4652754960383987
0.4652754960383987
0.4652754960383987
0.4652754960383987
0.4652754960383987
0.8789841313360746
0.4652754960383987
0.4652754960383987
0.4652754960383987
0.4652754960383987
0.4652754960383987
0.4652754960383987
0.4652754960383987
0.4652754960383987
0.4652754960383987
0.4652754960383987
0.4652754960383987
0.4652754960383987
0.4652754960383987
0.4652754960383987
0.4652754960383987
0.4652754960383987
0.4652754960383987
0.4652754960383987
0.4652754960383987
0.4652754960383987
0.4652754960383987
0.4652754960383987
0.4652754960383987
0.4652754960383987
0.4652754960383987
0.4652754960383987
0.4652754960383987
0.8797547667354872
0.4652754960383987
0.4652754960383987
0.4652754960383987
0.4652754960383987
0.4652754960383987
0.4652754960383987
0.4652754960383987
0.4652754960383987
0.4652754960383987
0.1666320134069434
0.4652754960383987
0.4652754960383987
0.4652754960383987
0.4652754960383987
0.4652754960383987
0.4652754960383987
0.4652754960383987
0.4652754960383987
0.1666320134069434
0.4652754960383987
0.4652754960383987
0.4652754960383987
0.8789842673634195
0.8789841313360746
0.4652754960383987
0.4652754960383987
0.4652754960383987
0.4652754960383987
0.4652754960383987
0.4652754960383987
0.8797547733530069
0.4652754960383987
0.4652754960383987
0.4652754960383987
0.4652754960383987
0.4652754960383987
0.4652754960383987
0.4652754960383987
0.4652754960383987
0.4652754960383987
0.4652754960383987
0.4652754960383987
0.4652754960383987
0.4652754960383987
0.4652754960383987
0.4652754960383987
0.4652754960383987
0.4652754960383987
0.4652754960383987
0.4652754960383987
0.4652754960383987
0.4652754960383987
0.4652754960383987
0.4652754960383987
0.4652754960383987
0.4652754960383987
0.4652754960383987
0.8797547667354872
0.4652754960383987
0.4652754960383987
0.4652754960383987
0.4652754960383987
0.4652754960383987
0.4652754960383987
0.4652754960383987
0.4652754960383987
0.4652754960383987
0.4652754960383987
0.4652754960383987
0.4652754960383987
0.8797547667354872
0.4652754960383987
0.4652754960383987
0.4652754960383987
