0.4683547935285646
0.4683547935285646
0.4683547935285646
0.4683547935285646
0.4683547935285646
0.4683547935285646
0.4683547935285646
0.4683547935285646
0.4683547935285646
0.4683547935285646
0.4683547935285646
0.4683547935285646
0.4683547935285646
0.4683547935285646
0.4683547935285646
0.4683547935285646
0.4683547935285646
0.4683547935285646
0.4683547935285646
0.4683547935285646
0.4683547935285646
0.4683547935285646
0.4683547935285646
0.4683547935285646
0.4683547935285646
0.4683547935285646
0.4683547935285646
0.4683547935285646
0.4683547935285646
0.4683547935285646
0.4683547935285646
0.4683547935285646
0.4683547935285646
0.4683547935285646
0.4683547935285646
0.4683547935285646
0.4683547935285646
0.4683547935285646
0.4683547935285646
0.4683547935285646
0.4683547935285646
0.4683547935285646
0.4683547935285646
0.4683547935285646
0.4683547935285646
0.4683547935285646
0.4683547935285646
0.4683547935285646
0.4683547935285646
0.4683547935285646
0.4683547935285646
0.4683547935285646
0.4683547935285646
0.4683547935285646
0.4683547935285646
0.4683547935285646
0.4683547935285646
0.4683547935285646
0.4683547935285646
0.4683547935285646
0.4683547935285646
0.4683547935285646
0.4683547935285646
0.4683547935285646
0.4683547935285646
0.4683547935285646
0.4683547935285646
0.4683547935285646
0.19683308739560518
0.4683547935285646
0.4683547935285646
0.4683547935285646
0.09776310087312044
0.8548027540659495
0.4683547935285646
0.4683547935285646
0.4683547935285646
0.4683547935285646
0.4683547935285646
0.4683547935285646
0.4683547935285646
0.4683547935285646
0.9099201901147532
0.4683547935285646
0.4683547935285646
0.4683547935285646
0.4683547935285646
0.4683547935285646
0.4683547935285646
0.4683547935285646
0.4683547935285646
0.4683547935285646
0.4683547935285646
0.4683547935285646
0.4683547935285646
0.4683547935285646
0.4683547935285646
0.4683547935285646
0.4683547935285646
0.4683547935285646
0.4683547935285646
0.4683547935285646
0.4683547935285646
0.4683547935285646
0.4683547935285646
0.4683547935285646
0.4683547935285646
0.4683547935285646
0.4683547935285646
0.4683547935285646
0.4683547935285646
0.4683547935285646
0.4683547935285646
0.4683547935285646
0.4683547935285646
0.4683547935285646
0.4683547935285646
0.4683547935285646
0.4683547935285646
0.4683547935285646
0.4683547935285646
0.4683547935285646
0.4683547935285646
0.4683547935285646
0.8790135083656487
0.09062597330917346
0.4683547935285646
0.4683547935285646
0.4683547935285646
0.4683547935285646
0.4683547935285646
0.4683547935285646
0.4683547935285646
0.4683547935285646
0.4683547935285646
0.4683547935285646
0.4683547935285646
0.4683547935285646
0.4683547935285646
0.4683547935285646
0.4683547935285646
0.4683547935285646
0.4683547935285646
0.4683547935285646
0.4683547935285646
0.4683547935285646
0.4683547935285646
0.7761631784377008
0.4683547935285646
0.4683547935285646
0.4683547935285646
0.4683547935285646
0.4683547935285646
0.4683547935285646
0.4683547935285646
0.4683547935285646
0.4683547935285646
0.4683547935285646
0.4683547935285646
0.4683547935285646
0.4683547935285646
0.2426380535047133
0.4683547935285646
0.4683547935285646
0.4683547935285646
0.4683547935285646
0.4683547935285646
0.4683547935285646
0.4683547935285646
0.4683547935285646
0.4683547935285646
0.4683547935285646
0.4683547935285646
0.4683547935285646
0.4683547935285646
0.4683547935285646
0.4683547935285646
0.4683547935285646
0.4683547935285646
0.4683547935285646
0.4683547935285646
0.4683547935285646
0.4683547935285646
0.4683547935285646
0.4683547935285646
0.2426380535047133
0.4683547935285646
0.09776310087312044
0.4683547935285646
0.4683547935285646
0.4683547935285646
0.4683547935285646
0.4683547935285646
0.5096139526990094
0.09062597330917346
0.4071632282346983
0.4683547935285646
0.4683547935285646
0.8548027540659495
0.7761631784377008
0.4683547935285646
0.4683547935285646
0.4683547935285646
0.4683547935285646
0.4683547935285646
0.4683547935285646
0.8790135083656487
0.4683547935285646
0.4683547935285646
0.4683547935285646
0.8367144643243737
0.4683547935285646
0.8367144643243737
0.4683547935285646
0.4683547935285646
0.4683547935285646
0.4683547935285646
0.4683547935285646
0.4683547935285646
0.5096139526990094
0.4683547935285646
0.4683547935285646
0.19683308739560518
0.4071632282346983
0.4683547935285646
0.4683547935285646
0.4683547935285646
0.4683547935285646
0.4683547935285646
0.4683547935285646
0.4683547935285646
0.4683547935285646
0.4683547935285646
0.9099201901147532
0.4683547935285646
0.4683547935285646
0.4683547935285646
0.4683547935285646
0.4683547935285646
0.4683547935285646
0.4683547935285646
0.4683547935285646
0.4683547935285646
0.4683547935285646
0.4683547935285646
0.4683547935285646
0.9099201901147532
0.4683547935285646
0.4683547935285646
0.4683547935285646
