0.4652754960383987
0.4652754960383987
0.4652754960383987
0.4652754960383987
0.4652754960383987
0.4652754960383987
0.4652754960383987
0.4652754960383987
0.4652754960383987
0.4652754960383987
0.4652754960383987
0.4652754960383987
0.4652754960383987
0.4652754960383987
0.4652754960383987
0.4652754960383987
0.4652754960383987
0.4652754960383987
0.4652754960383987
0.4652754960383987
0.4652754960383987
0.4652754960383987
0.4652754960383987
0.4652754960383987
0.4652754960383987
0.4652754960383987
0.4652754960383987
0.4652754960383987
0.4652754960383987
0.4652754960383987
0.4652754960383987
0.4652754960383987
0.4652754960383987
0.4652754960383987
0.4652754960383987
0.4652754960383987
0.4652754960383987
0.4652754960383987
0.4652754960383987
0.4652754960383987
0.4652754960383987
0.4652754960383987
0.4652754960383987
0.4652754960383987
0.4652754960383987
0.4652754960383987
0.4652754960383987
0.4652754960383987
0.4652754960383987
0.4652754960383987
0.4652754960383987
0.4652754960383987
0.4652754960383987
0.4652754960383987
0.4652754960383987
0.4652754960383987
0.4652754960383987
0.4652754960383987
0.4652754960383987
0.4652754960383987
0.4652754960383987
0.4652754960383987
0.4652754960383987
0.4652754960383987
0.4652754960383987
0.4652754960383987
0.4652754960383987
0.4652754960383987
0.4652754960383987
0.4652754960383987
0.4652754960383987
0.4652754960383987
0.4652754960383987
0.879142867413932
0.4652754960383987
0.4652754960383987
0.4652754960383987
0.4652754960383987
0.4652754960383987
0.4652754960383987
0.4652754960383987
0.4652754960383987
0.8791428743779623
0.4652754960383987
0.4652754960383987
0.4652754960383987
0.4652754960383987
0.4652754960383987
0.4652754960383987
0.4652754960383987
0.4652754960383987
0.4652754960383987
0.4652754960383987
0.4652754960383987
0.4652754960383987
0.4652754960383987
0.4652754960383987
0.4652754960383987
0.4652754960383987
0.4652754960383987
0.4652754960383987
0.4652754960383987
0.4652754960383987
0.4652754960383987
0.4652754960383987
0.4652754960383987
0.4652754960383987
0.4652754960383987
0.4652754960383987
0.4652754960383987
0.4652754960383987
0.4652754960383987
0.4652754960383987
0.4652754960383987
0.4652754960383987
0.4652754960383987
0.4652754960383987
0.4652754960383987
0.4652754960383987
0.4652754960383987
0.4652754960383987
0.4652754960383987
0.4652754960383987
0.4652754960383987
0.879142874914397
0.4652754960383987
0.4652754960383987
0.4652754960383987
0.4652754960383987
0.4652754960383987
0.4652754960383987
0.4652754960383987
0.4652754960383987
0.4652754960383987
0.4652754960383987
0.4652754960383987
0.4652754960383987
0.4652754960383987
0.4652754960383987
0.4652754960383987
0.4652754960383987
0.4652754960383987
0.4652754960383987
0.4652754960383987
0.4652754960383987
0.4652754960383987
0.4652754960383987
0.8791428677728247
0.4652754960383987
0.4652754960383987
0.4652754960383987
0.4652754960383987
0.4652754960383987
0.4652754960383987
0.4652754960383987
0.4652754960383987
0.4652754960383987
0.4652754960383987
0.4652754960383987
0.4652754960383987
0.4652754960383987
0.4652754960383987
0.4652754960383987
0.4652754960383987
0.4652754960383987
0.4652754960383987
0.4652754960383987
0.4652754960383987
0.4652754960383987
0.4652754960383987
0.4652754960383987
0.4652754960383987
0.4652754960383987
0.4652754960383987
0.4652754960383987
0.8791428743779623
0.4652754960383987
0.4652754960383987
0.4652754960383987
0.4652754960383987
0.4652754960383987
0.4652754960383987
0.4652754960383987
0.4652754960383987
0.4652754960383987
0.1666320134069434
0.4652754960383987
0.4652754960383987
0.4652754960383987
0.4652754960383987
0.4652754960383987
0.4652754960383987
0.4652754960383987
0.4652754960383987
0.1666320134069434
0.4652754960383987
0.4652754960383987
0.4652754960383987
0.879142867413932
0.8791428677728247
0.4652754960383987
0.4652754960383987
0.4652754960383987
0.4652754960383987
0.4652754960383987
0.4652754960383987
0.879142874914397
0.4652754960383987
0.4652754960383987
0.4652754960383987
0.4652754960383987
0.4652754960383987
0.4652754960383987
0.4652754960383987
0.4652754960383987
0.4652754960383987
0.4652754960383987
0.4652754960383987
0.4652754960383987
0.4652754960383987
0.4652754960383987
0.4652754960383987
0.4652754960383987
0.4652754960383987
0.4652754960383987
0.4652754960383987
0.4652754960383987
0.4652754960383987
0.4652754960383987
0.4652754960383987
0.4652754960383987
0.4652754960383987
0.4652754960383987
0.8791428743779623
0.4652754960383987
0.4652754960383987
0.4652754960383987
0.4652754960383987
0.4652754960383987
0.4652754960383987
0.4652754960383987
0.4652754960383987
0.4652754960383987
0.4652754960383987
0.4652754960383987
0.4652754960383987
0.8791428743779623
0.4652754960383987
0.4652754960383987
0.4652754960383987
