0.46818223988940866
0.46818223988940866
0.4984196871127222
0.46818223988940866
0.46818223988940866
0.46818223988940866
0.46818223988940866
0.46818223988940866
0.46818223988940866
0.46818223988940866
0.46818223988940866
0.46818223988940866
0.46818223988940866
0.46818223988940866
0.46818223988940866
0.46818223988940866
0.46818223988940866
0.46818223988940866
0.46818223988940866
0.46818223988940866
0.46818223988940866
0.46818223988940866
0.46818223988940866
0.46818223988940866
0.46818223988940866
0.46818223988940866
0.46818223988940866
0.46818223988940866
0.46818223988940866
0.46818223988940866
0.46818223988940866
0.46818223988940866
0.46818223988940866
0.46818223988940866
0.46818223988940866
0.46818223988940866
0.46818223988940866
0.46818223988940866
0.46818223988940866
0.46818223988940866
0.46818223988940866
0.46818223988940866
0.46818223988940866
0.46818223988940866
0.46818223988940866
0.46818223988940866
0.46818223988940866
0.46818223988940866
0.46818223988940866
0.46818223988940866
0.46818223988940866
0.46818223988940866
0.46818223988940866
0.46818223988940866
0.46818223988940866
0.46818223988940866
0.46818223988940866
0.46818223988940866
0.46818223988940866
0.46818223988940866
0.46818223988940866
0.46818223988940866
0.46818223988940866
0.46818223988940866
0.46818223988940866
0.46818223988940866
0.46818223988940866
0.46818223988940866
0.19683308739560518
0.46818223988940866
0.46818223988940866
0.46818223988940866
0.09776310087312044
0.8548027540659495
0.46818223988940866
0.46818223988940866
0.46818223988940866
0.46818223988940866
0.46818223988940866
0.46818223988940866
0.46818223988940866
0.46818223988940866
0.9099201901147532
0.46818223988940866
0.5923955756551209
0.46818223988940866
0.46818223988940866
0.46818223988940866
0.46818223988940866
0.46818223988940866
0.46818223988940866
0.46818223988940866
0.46818223988940866
0.46818223988940866
0.46818223988940866
0.4681822398894083
0.46818223988940866
0.46818223988940866
0.46818223988940866
0.46818223988940866
0.46818223988940866
0.46818223988940866
0.46818223988940866
0.46818223988940866
0.46818223988940866
0.46818223988940866
0.46818223988940866
0.46818223988940866
0.46818223988940866
0.46818223988940866
0.41733551046917927
0.46818223988940866
0.46818223988940866
0.46818223988940866
0.46818223988940866
0.46818223988940866
0.46818223988940866
0.46818223988940866
0.46818223988940866
0.46818223988940866
0.46818223988940866
0.46818223988940866
0.46818223988940866
0.46818223988940866
0.8790135083656487
0.09062597330917346
0.46818223988940866
0.46818223988940866
0.46818223988940866
0.46818223988940866
0.46818223988940866
0.46818223988940866
0.46818223988940866
0.46818223988940866
0.46818223988940866
0.46818223988940866
0.46818223988940866
0.46818223988940866
0.46818223988940866
0.46818223988940866
0.46818223988940866
0.46818223988940866
0.46818223988940866
0.46818223988940866
0.46818223988940866
0.46818223988940866
0.46818223988940866
0.7761631784377008
0.46818223988940866
0.46818223988940866
0.46818223988940866
0.46818223988940866
0.46818223988940866
0.46818223988940866
0.46818223988940866
0.46818223988940866
0.46818223988940866
0.46818223988940866
0.46818223988940866
0.4681822398894086
0.46818223988940866
0.2426380535047133
0.46818223988940866
0.46818223988940866
0.46818223988940866
0.46818223988940866
0.4984196871127222
0.46818223988940866
0.46818223988940866
0.46818223988940866
0.46818223988940866
0.46818223988940866
0.46818223988940866
0.46818223988940866
0.46818223988940866
0.46818223988940866
0.4681822398894086
0.46818223988940866
0.46818223988940866
0.46818223988940866
0.46818223988940866
0.46818223988940866
0.46818223988940866
0.46818223988940866
0.46818223988940866
0.2426380535047133
0.46818223988940866
0.09776310087312044
0.46818223988940866
0.46818223988940866
0.46818223988940866
0.46818223988940866
0.46818223988940866
0.46818223988940866
0.09062597330917346
0.3766015803576809
0.4681822398894083
0.46818223988940866
0.8548027540659495
0.7761631784377008
0.46818223988940866
0.46818223988940866
0.46818223988940866
0.46818223988940866
0.46818223988940866
0.46818223988940866
0.8790135083656487
0.46818223988940866
0.46818223988940866
0.46818223988940866
0.8367144643243737
0.46818223988940866
0.8367144643243737
0.46818223988940866
0.46818223988940866
0.46818223988940866
0.46818223988940866
0.46818223988940866
0.46818223988940866
0.5923955756551209
0.46818223988940866
0.46818223988940866
0.19683308739560518
0.3766015803576809
0.46818223988940866
0.46818223988940866
0.46818223988940866
0.46818223988940866
0.46818223988940866
0.46818223988940866
0.46818223988940866
0.41733551046917927
0.46818223988940866
0.9099201901147532
0.46818223988940866
0.46818223988940866
0.46818223988940866
0.46818223988940866
0.46818223988940866
0.46818223988940866
0.46818223988940866
0.46818223988940866
0.46818223988940866
0.46818223988940866
0.46818223988940866
0.46818223988940866
0.9099201901147532
0.46818223988940866
0.46818223988940866
0.46818223988940866
