0.09937167625072701
0.2292196028017629
0.3537139520100109
0.5295349077743101
0.8413580639632317
0.2959032883632299
0.5735182665297098
0.49763673971757927
0.5057492612572212
0.8697750882041644
0.1119869050685153
0.5887305098121488
0.8699441964917753
0.49763673971754413
0.7866747913072232
0.57490261458101
0.600307064196735
0.0973176205941092
0.7899497474041168
0.31091242771330546
0.8882591879009569
0.8367622349615493
0.4997546793631049
0.0973176205941092
0.2484939570297977
0.5282759036533619
0.09930914304929572
0.3554947941464652
0.4891432662656311
0.7437997102631067
0.46485583461014385
0.3642214155422162
0.1050651894719723
0.6597756423026264
0.7377836269658073
0.492240185912968
0.4891432662656311
0.9076037279156148
0.18030216500241247
0.8751797345076278
0.11559923097723204
0.23367170197936282
0.8882591879009569
0.11423353461421829
0.5429361026904338
0.1050651894719723
0.40824212370687685
0.9177132842694578
0.11559923097723204
0.4458678104891366
0.7281735126833022
0.4458678104891366
0.08998827133300025
0.9117786880139229
0.8494156888138231
0.5022987589810823
0.7893060528710415
0.09937167625072701
0.9177132842694578
0.5057492612572212
0.100933022311787
0.18374311952589073
0.09592159923660562
0.5031752292621361
0.7807347173994104
0.6020888522172632
0.10755605446732983
0.6863512953692406
0.10093652503293095
0.8751797345076278
0.49418682143114845
0.14280570612921373
0.8413580639632317
0.9117786880139229
0.12714697233074368
0.48585514786830447
0.5302061293090903
0.799632852831814
0.11559923097723204
0.09592159923660562
0.8712121525313523
0.5888790737832175
0.7281735126833022
0.10023519043430343
0.4419311902632261
0.23367170197936282
0.530206129339073
0.8989306176485088
0.5057963403638568
0.8229288394513166
0.11423353461421829
0.5740604128552507
0.8367622349615493
0.12714697233074368
0.10093652503293095
0.3204851232575886
0.5057963403638568
0.8697750882041644
0.3685195523454614
0.11559923097723204
0.884618793352994
0.7298472416080026
0.04718039486729312
0.059365619708510335
0.7893060528710415
0.42310011809849235
0.5031752292621361
0.6266951690475134
0.059365619708510335
0.7899497474041168
0.670211825482101
0.45539146246944595
0.5509820001148137
0.6161351598004357
0.42310011809849235
0.600307064196735
0.3685195523454614
0.3774507506986755
0.5429361026904338
0.3554947941464652
0.0013995230377438217
0.10023519043430343
0.492240185912968
0.29718875042269133
0.5735182665297098
0.6266951690475134
0.7377836269658073
0.5756516848625322
0.4891432662656311
0.13392112576093573
0.7437997102631067
0.5823489362453012
0.9177132842694578
0.8712121525313523
0.9076037279156148
0.44275235356876574
0.3642214155422162
0.30762691734870184
0.8882591879009569
0.2292196028017629
0.46485583461014385
0.5830174690021841
0.18030216500241247
0.3691661459904776
0.3774507506986755
0.5173345577216677
0.9076037279156148
0.7807347173994104
0.8413580639632317
0.3686515901290657
0.18374311952589073
0.23282757416044353
0.8229288394513166
0.799632852831814
0.40824212370687685
0.49418682143114845
0.4458678104891366
0.16216931131499088
0.8689302723781693
0.7866747913072232
0.5830174690021841
0.8563528226685482
0.16216931131499088
0.5022987589810823
0.21669570677840105
0.6161351598004357
0.22439716669280035
0.1050651894719723
0.878479293265645
0.8989306176485088
0.3204851232575886
0.31091242771330546
0.7377836269658073
0.6597756423026264
0.1673422664507921
0.04718039486729312
0.05685930956994134
0.5295349077745293
0.3537139520100109
0.5509820001148137
0.4458678104891366
0.5295349077743101
0.2484939570297977
0.6597756423026264
0.8689302723781693
0.5089902232523209
0.5173345577234315
0.4697840857916294
0.22439716669280035
0.42310011809849235
0.8699120365703708
0.2959032883632299
0.08998827133300025
0.8007167513433522
0.3691661459904776
0.2484939570297977
0.8689302723781693
0.57490261458101
0.670211825482101
0.29718875042269133
0.0959215117559117
0.07645377079961935
0.5302061293090903
0.19450658936474235
0.19450658936474235
0.6210230663331129
0.5282759036533619
0.7807347173994104
0.14280570612921373
0.8712121525313523
0.11423353461421829
0.4419311902632261
0.5173345577216677
0.505726148623526
0.4458678104891366
0.6863512953692406
0.1673422664507921
0.6210230663331129
0.44275235356876574
0.11559923097723204
0.45539146246944595
0.48585514786830447
0.49763673971757927
0.8494156888138231
0.8697750882041644
0.10755605446732983
0.6165729873105055
0.9000714769557426
0.5823489362453012
0.8007167513433522
0.4697840857916294
0.5887305098121488
0.8699441964917753
0.14280570612921373
0.07645377079961935
0.1119869050685153
0.11198690506851527
0.5089902232523209
0.13392112576093573
0.10755605446732983
0.4997546793631049
0.11198690506851527
0.7298472416080026
0.23282757416044353
0.8563528226685482
0.100933022311787
0.21669570677840105
0.6020888522172632
0.5733704730254678
0.9117786880139229
