0.11015513855986486
0.30984081841356115
0.3519029327887354
0.5931950274350177
0.8695093545827195
0.24994989723952593
0.531690686315767
0.38924081263676236
0.4858642709561108
0.7457737804379171
0.10680973249941667
0.7332159910402828
0.8693046809649885
0.6638725705949922
0.8136604138373771
0.5959743699194754
0.5039707377557924
0.10423572498436312
0.7258851308510879
0.26203030765775376
0.9586005466011851
0.7945926787722345
0.8160700452519973
0.023639179640437658
0.09179790681977826
0.6294943327904311
0.09261868877101097
0.3417267802373245
0.3591137785275766
0.7568612714622289
0.6294943327904311
0.3431113416904755
0.023639179640437658
0.6747462320284842
0.769424424089419
0.5621419516459006
0.579860170377446
0.9154105884354127
0.10298904490926386
0.8223246875864914
0.12548416974350265
0.32315593671421255
0.9586005466011851
0.06511719720580682
0.6155149539572622
0.11015513855986486
0.35036281296368976
0.9666914342545092
0.14526966750166642
0.4111070454461867
0.5905380567076405
0.3417267802373245
0.1029687484060739
0.9690015904607643
0.9034251476152267
0.3592872150206231
0.8949145123420819
0.04857589749834368
0.9667842925783607
0.531690686315767
0.09261868877101097
0.18374311952589073
0.15384776928573435
0.47389556471319383
0.7858454841324807
0.6094510730771987
0.11085654023100697
0.6227727234956215
0.017291855260142985
0.8223246875864914
0.47864997334685316
0.1601690387924904
0.8695093545827195
0.9690015904607643
0.061888525557756355
0.40648277651671477
0.7047118481636657
0.799632852831814
0.16673129560697314
0.10423572498436312
0.913404476014447
0.46366905502356315
0.7864767619699617
0.061888525557756355
0.3355360025708578
0.32315593671421255
0.45600945775146406
0.8482784490616757
0.45600945775146406
0.8124692814360215
0.05000702674129723
0.5959743699194754
0.7945926787722345
0.09365970836790519
0.15309083846401855
0.5039707377557924
0.5437011330013172
0.8600568622761984
0.3355776242776605
0.12548416974350265
0.884618793352994
0.7298472416080026
0.024405010480599787
0.06437769345837524
0.8949145123420819
0.5419530018352168
0.46070190207789424
0.5631549556953954
0.05000702674129723
0.7258851308510879
0.670211825482101
0.5919438393072516
0.5547532666974876
0.6472141234331157
0.32203635695297583
0.5950258482456581
0.3355776242776605
0.3774507506986755
0.6155149539572622
0.3591137785275766
0.0013995230377438217
0.06511719720580682
0.5621419516459006
0.29912551048800584
0.30984081841356115
0.5631549556953954
0.769424424089419
0.4735580541843294
0.4607626601434801
0.09246609630584646
0.7568612714622289
0.652007809040037
0.9666914342545092
0.913404476014447
0.9809282323336241
0.5002037958360357
0.3431113416904755
0.30762691734870184
0.7917825361085302
0.29912551048800584
0.35327773383355887
0.6724949610913601
0.10298904490926386
0.3691661459904776
0.3774507506986755
0.48243075807351654
0.9154105884354127
0.8665029130741875
0.8764670881584342
0.3686515901290657
0.18374311952589073
0.17266563632492476
0.9267206002623629
0.799632852831814
0.5002037958360357
0.47864997334685316
0.41547331262776677
0.18852720517245863
0.867012706343963
0.8136604138373771
0.3855909294938325
0.8512777779194731
0.18852720517245863
0.4858642709561108
0.21669570677840105
0.6472141234331157
0.31652156135460907
0.15364139539114013
0.878479293265645
0.9809282323336241
0.22132383631642893
0.3406069165808644
0.5428079471303862
0.6724949610913601
0.09246609630584646
0.024405010480599787
0.05685930956994134
0.5945116602628162
0.3519029327887354
0.5547532666974876
0.41547331262776677
0.5931950274350177
0.35036281296368976
0.6747462320284842
0.8645000989467245
0.4989979209455081
0.5437011330013172
0.579860170377446
0.13227277203099164
0.3355360025708578
0.8699120365703708
0.24994989723952593
0.1029687484060739
0.8693046809649885
0.3691661459904776
0.18600100205897252
0.867012706343963
0.5980742452990794
0.670211825482101
0.29331523029206175
0.15384776928573435
0.07645377079961935
0.7047118481636657
0.21336070604549623
0.21336070604549623
0.6200345978846782
0.4492572557851883
0.8160700452519973
0.10680973249941667
0.9115160186830521
0.25347923044048193
0.5038947042025113
0.48243075807351654
0.47389556471319383
0.4111070454461867
0.7332159910402828
0.17266563632492476
0.6200345978846782
0.4989974037066454
0.14526966750166642
0.31983072334402274
0.40648277651671477
0.46070190207789424
0.7457737804379171
0.8600568622761984
0.10095508293997561
0.6165729873105055
0.9000714769557426
0.652007809040037
0.6433302966029115
0.26901285861822033
0.7209318429763724
0.873540131577159
0.1601690387924904
0.07645377079961935
0.11061765740914772
0.09227949582948439
0.4989979209455081
0.11589779335127715
0.11085654023100697
0.48104518819779274
0.15309083846401855
0.7298472416080026
0.3592872150206231
0.8512777779194731
0.09294527312763157
0.21669570677840105
0.6094510730771987
0.458764016230656
0.870038565767592
