0.0855388971480226
0.3199713170510933
0.3537139520100109
0.6511619716788228
0.8703935148692631
0.24994989723952593
0.4889218549118511
0.4537425264678708
0.5301597660924535
0.7457737804379171
0.1080790407837462
0.6889644301210843
0.8706193397321527
0.5736820539149179
0.8136604138373771
0.5730174818407627
0.5205205937938018
0.06835283860803534
0.7258851308510879
0.31091242771330546
0.9586005466011851
0.8240401793772708
0.8160700452519973
0.05617359179519514
0.09245186414279119
0.539632740406335
0.09245161179726262
0.3417267802373245
0.3591137785275766
0.7450386312512558
0.45286282995434546
0.3431113416904755
0.05617359179519514
0.6747462320284842
0.769424424089419
0.5525350825251663
0.5370198668091586
0.9154105884354127
0.12290849825229802
0.8223246875864914
0.12595357602405485
0.32315593671421255
0.9586005466011851
0.06835283860803534
0.6155149539572622
0.12271505069972544
0.37781824436851585
0.9667223870290109
0.14526966750166642
0.4111070454461867
0.6310074833639496
0.3417267802373245
0.09946786395532684
0.9690015904607643
0.8245994640265719
0.3571228003023288
0.8949145123420819
0.08554780958085167
0.9667223870293569
0.5314050073320018
0.09245161179726262
0.18374311952589073
0.12256298568506949
0.47389556471319383
0.7861611230512212
0.6035242677514364
0.10755605761491835
0.5941222453030499
0.06883567163928489
0.8223246875864914
0.47864997334685316
0.1601690387924904
0.8703935148692631
0.9690015904607643
0.07418583095573619
0.40648277651671477
0.7307865598129473
0.799632852831814
0.12595357619192765
0.0855388971480226
0.9127749998425061
0.539632740406335
0.7861611230512212
0.07334371535928634
0.439299782795912
0.32315593671421255
0.45497903444073984
0.823944640106042
0.45497903444073984
0.7278997890194665
0.15379407902319717
0.5919828784950792
0.8235462354900649
0.07418583095573619
0.15309083846401855
0.4655725449599454
0.5437011330013172
0.8822787864101973
0.4073665682633764
0.12595357619192765
0.884618793352994
0.7298472416080026
0.024405010480599787
0.05451911769237393
0.8949145123420819
0.39091522447852495
0.504859905148841
0.5947014481568206
0.05451911769237393
0.7258851308510879
0.670211825482101
0.4889218549118511
0.5547532666974876
0.6472141234331157
0.39091522447852495
0.5205205937938018
0.32967253642754635
0.3774507506986755
0.6155149539572622
0.3591137785275766
0.0013995230377438217
0.07868778689359883
0.5525350825251663
0.2971887504217894
0.3199713170510933
0.5947014481568206
0.769424424089419
0.5730174818407627
0.5370198668091586
0.1041819448285618
0.7307865598129473
0.652007809040037
0.9667223870290109
0.9127749998425061
0.947765786515637
0.4996005997713405
0.3431113416904755
0.30762691734870184
0.8240401793772708
0.297188750424495
0.45286282995434546
0.6724949610913601
0.12290849825229802
0.3691661459904776
0.3774507506986755
0.48243075807351654
0.9154105884354127
0.8563529778491283
0.8703927100531378
0.3686515901290657
0.18374311952589073
0.17266563632492476
0.8822787864101973
0.799632852831814
0.37781824436851585
0.47864997334685316
0.41547331262776677
0.18852720517245863
0.8675898574779219
0.8136604138373771
0.4883272535855362
0.8563527455320026
0.18852720517245863
0.5310648784038212
0.21669570677840105
0.6472141234331157
0.22439716669280035
0.12256298568506949
0.878479293265645
0.947765786515637
0.22132383631642893
0.31091242771330546
0.5428079471303862
0.6724949610913601
0.09946786395532684
0.024405010480599787
0.05685930956994134
0.5900015142056214
0.3537139520100109
0.5547532666974876
0.41547331262776677
0.5557310710726233
0.26818190751133114
0.6747462320284842
0.8675898576843273
0.4989979209455081
0.5437011330013172
0.5301597660924535
0.22439716669280035
0.439299782795912
0.8699120365703708
0.24994989723952593
0.09946786520734054
0.8706180669330602
0.3691661459904776
0.26818190751133114
0.8675898576843273
0.5903250248316767
0.670211825482101
0.2971887504217894
0.12318741587771395
0.07645377079961935
0.6511619716788228
0.21336070604549623
0.21336070604549623
0.6200345978846782
0.504859905148841
0.8160700452519973
0.1080790407837462
0.912774971026934
0.15379407902319717
0.4482354361746109
0.48243075807351654
0.47389556471319383
0.4111070454461867
0.7450386312512558
0.17266563632492476
0.6200345978846782
0.4996005997713405
0.14526966750166642
0.32967253642754635
0.40648277651671477
0.4537425264678708
0.8245994640265719
0.8822767519943653
0.10755605289353559
0.6165729873105055
0.9000714769557426
0.652007809040037
0.7278997890194665
0.26901285861822033
0.6889644301210843
0.8706193397321527
0.1601690387924904
0.07645377079961935
0.1080790408404887
0.07868778689359883
0.4989979209455081
0.1041819448285618
0.10755605289353559
0.48104518819779274
0.15309083846401855
0.7298472416080026
0.3571228003023288
0.8563527455320026
0.09245195118918983
0.21669570677840105
0.6035242677514364
0.4670606901368193
0.8703933091976455
