0.04857589749834368
0.18345369873464312
0.44023373562779666
0.6560588506617626
0.9062645728528318
0.20809229314671196
0.3765717027054338
0.4831874873199694
0.5596575490400724
0.6910492766717199
0.15444164891136125
0.7209318429763724
0.8695367678312215
0.6716862905282216
0.8136604138373771
0.5806664452912709
0.5104335897846879
0.10423572498436312
0.7258851308510879
0.34465163350049643
0.9586005466011851
0.8086433920907558
0.846294606371514
0.023639179640437658
0.08819683677758926
0.6790218880063166
0.08215934723978949
0.30350667278052346
0.2952941379535553
0.6525608347187113
0.581032849545542
0.3431113416904755
0.023639179640437658
0.6747462320284842
0.769424424089419
0.5840927253619783
0.5793271343919479
0.8466909690546386
0.06903439926041577
0.7691870335655018
0.08423704388003217
0.2993800050405839
0.9586005466011851
0.03795489858212925
0.5176784045141484
0.17173437962138605
0.18345369873464312
0.9647414094536266
0.14526966750166642
0.4111070454461867
0.5771346777118521
0.40542695933199296
0.1029687484060739
0.9690015904607643
0.9034251476152267
0.3592872150206231
0.883564451831332
0.04857589749834368
0.9706843421801259
0.5840927253619783
0.09981218673602649
0.18374311952589073
0.17173437962138605
0.4103564118401805
0.7864767619699617
0.6052523771654336
0.12075799752203832
0.6224021034642897
0.017291855260142985
0.901125465686035
0.47864997334685316
0.1601690387924904
0.9469944619922452
0.9690015904607643
0.06437769345837524
0.4964304166426964
0.7297289378324064
0.7297289378324064
0.16673129560697314
0.10423572498436312
0.9229251993978018
0.46366905502356315
0.7864767619699617
0.030117342747607523
0.3749387066747629
0.2993800050405839
0.45600945775146406
0.8482784490616757
0.45600945775146406
0.8124692814360215
0.05000702674129723
0.6000508753132
0.8086433920907558
0.12294172327743513
0.15309083846401855
0.5104335897846879
0.5437011330013172
0.8681986589121673
0.3513245252112983
0.16673129560697314
0.884618793352994
0.7298472416080026
0.024405010480599787
0.06437769345837524
0.9062645728528318
0.6238845835896171
0.5638358778443268
0.613649768988964
0.05000702674129723
0.7258851308510879
0.6910492766717199
0.5919438393072516
0.5547532666974876
0.6525608347187113
0.32203635695297583
0.5806664452912709
0.31983072334402274
0.496050530321294
0.7289395893263053
0.30350667278052346
0.0013995230377438217
0.030117342747607523
0.540191177929823
0.2816946699001735
0.33366832728428136
0.48950217158212006
0.769424424089419
0.3867636799671027
0.3765717027054338
0.11726363860458833
0.8003710395240816
0.652007809040037
0.9647414094536266
0.9229251993978018
0.9842086445425673
0.4964304166426964
0.3431113416904755
0.30762691734870184
0.7636811094714877
0.3432997903202345
0.36789031290398555
0.6724949610913601
0.13694369055811195
0.32847276582196816
0.2615923602500193
0.48243075807351654
0.9842086445425673
0.8969531833836161
0.8151550770448543
0.3686515901290657
0.18374311952589073
0.17266563632492476
0.9852425416125585
0.8695367678312215
0.5255380305532309
0.47864997334685316
0.4831874873199694
0.12075799752203832
0.9007031065608437
0.8136604138373771
0.39461015628223123
0.8360526427647588
0.25629641282287896
0.537360571903619
0.22529912041009012
0.6224021034642897
0.3506669048479519
0.15157765644519794
0.878479293265645
0.977647820124681
0.22132383631642893
0.34465163350049643
0.5428079471303862
0.6724949610913601
0.06903439926041577
0.024405010480599787
0.05685930956994134
0.6016980486858494
0.24982411950143907
0.5547532666974876
0.4353027237662202
0.5596575490400724
0.4386953182696258
0.6747462320284842
0.6912740456157056
0.5487385861058279
0.5437011330013172
0.5793271343919479
0.13227277203099164
0.29613329846695263
0.8699120365703708
0.2918075013323399
0.1029687484060739
0.848127427904136
0.4017700923197228
0.18600100205897252
0.9007031065608437
0.6191119447205101
0.649374374292482
0.2816946699001735
0.13802489789602493
0.13391683016479372
0.6560588506617626
0.3454084189610299
0.11180025759134359
0.6790218880063166
0.3497759254645487
0.7852142062949996
0.0877701079507614
0.8923961351899619
0.25347923044048193
0.4909690001447202
0.48243075807351654
0.4103564118401805
0.4111070454461867
0.8097974105118273
0.17266563632492476
0.573585555054234
0.4774365481827894
0.14526966750166642
0.31983072334402274
0.31653513639073316
0.4343076593135349
0.8004982842041143
0.7933931242900338
0.10095508293997561
0.6165729873105055
0.9000714769557426
0.652007809040037
0.6433302966029115
0.26901285861822033
0.7209318429763724
0.8944852977717788
0.1601690387924904
0.018990711434444973
0.0820253655458584
0.15444164891136125
0.5487385861058279
0.11726363860458833
0.10095508293997561
0.48104518819779274
0.15309083846401855
0.7298472416080026
0.3592872150206231
0.8360526427647588
0.09981218673602649
0.20809229314671196
0.613649768988964
0.5319371029674795
0.917021427886785
