0.07936551802910427
0.3199713170510933
0.35241848318054425
0.586572593205449
0.8703348244223346
0.24994989723952593
0.5618172628115092
0.444722304236399
0.5112458549902199
0.7457737804379171
0.10811870668713672
0.7332159910402828
0.8703635436180311
0.5794436569511328
0.8136604138373771
0.5955647396237496
0.4813483686049039
0.06076379012225305
0.7258851308510879
0.31571021390396725
0.9586005466011851
0.8542467419019791
0.8160700452519973
0.023639179640437658
0.09218989109899778
0.520568290487713
0.09262613640420718
0.3417267802373245
0.3591137785275766
0.7568612714622289
0.615559257615916
0.3431113416904755
0.023639179640437658
0.6747462320284842
0.769424424089419
0.5794436569511328
0.5203114152604631
0.9154105884354127
0.12290849825229802
0.8223246875864914
0.12548416974350265
0.32315593671421255
0.9586005466011851
0.06511719720580682
0.6155149539572622
0.11015513855986486
0.31571021390396725
0.9667146488354721
0.14526966750166642
0.4111070454461867
0.5918665420713292
0.3417267802373245
0.1029687484060739
0.9690015904607643
0.9034251476152267
0.3592872150206231
0.8949145123420819
0.07936551802910427
0.966737863416435
0.5057009244429935
0.09243107521874694
0.18374311952589073
0.15374458233843724
0.47389556471319383
0.7861611230512212
0.6094510730771987
0.11085654023100697
0.5929638395955085
0.06076379012225305
0.8223246875864914
0.47864997334685316
0.1601690387924904
0.8703348244223346
0.9690015904607643
0.061888525557756355
0.40648277651671477
0.7047118481636657
0.799632852831814
0.12618827933220375
0.10423572498436312
0.9129323616815983
0.520568290487713
0.7861611230512212
0.061888525557756355
0.3776351821729313
0.32315593671421255
0.45600945775146406
0.8542467419019791
0.45600945775146406
0.8124692814360215
0.05000702674129723
0.5957753554959362
0.7938901431063083
0.09365970836790519
0.15309083846401855
0.5039707377557924
0.5437011330013172
0.8600568622761984
0.3355776242776605
0.12618827933220375
0.884618793352994
0.7298472416080026
0.024405010480599787
0.06437769345837524
0.8949145123420819
0.5419530018352168
0.46070190207789424
0.5799501589758802
0.05000702674129723
0.7258851308510879
0.670211825482101
0.5618172628115092
0.5547532666974876
0.6472141234331157
0.32203635695297583
0.5958938357162424
0.3277041738108416
0.3774507506986755
0.6155149539572622
0.3591137785275766
0.0013995230377438217
0.06511719720580682
0.5621419516459006
0.2971282266706501
0.3199713170510933
0.5929638395955085
0.769424424089419
0.5112458549902199
0.5203114152604631
0.09246609630584646
0.7568612714622289
0.652007809040037
0.9667146488354721
0.9129323616815983
0.947765786515637
0.4996005997713405
0.3431113416904755
0.30762691734870184
0.7931876074403823
0.2973097979267733
0.35241848318054425
0.6724949610913601
0.12290849825229802
0.3691661459904776
0.3774507506986755
0.48243075807351654
0.9154105884354127
0.8588903454968303
0.8712192900717486
0.3686515901290657
0.18374311952589073
0.17266563632492476
0.9267206002623629
0.799632852831814
0.444722304236399
0.47864997334685316
0.41547331262776677
0.18852720517245863
0.8674455697976349
0.8136604138373771
0.3855909294938325
0.8550840617081517
0.18852720517245863
0.4858642709561108
0.21669570677840105
0.6472141234331157
0.31652156135460907
0.15374458233843724
0.878479293265645
0.947765786515637
0.22132383631642893
0.3013186121193091
0.5428079471303862
0.6724949610913601
0.09246609630584646
0.024405010480599787
0.05685930956994134
0.5955647396237496
0.3522466330499413
0.5547532666974876
0.41547331262776677
0.586572593205449
0.26818190751133114
0.6747462320284842
0.8676620015244709
0.4989979209455081
0.5437011330013172
0.5427805474102197
0.13227277203099164
0.3776351821729313
0.8699120365703708
0.24994989723952593
0.1029687484060739
0.8703635436180311
0.3691661459904776
0.26818190751133114
0.8676620015244709
0.5967618231868269
0.670211825482101
0.2971282266706501
0.15384776928573435
0.07645377079961935
0.7047118481636657
0.21336070604549623
0.21336070604549623
0.6200345978846782
0.5774675259518629
0.8160700452519973
0.10799970903370762
0.9124602473487495
0.25347923044048193
0.4197343617750048
0.48243075807351654
0.47389556471319383
0.4111070454461867
0.7332159910402828
0.17266563632492476
0.6200345978846782
0.4996005997713405
0.14526966750166642
0.3277041738108416
0.40648277651671477
0.46070190207789424
0.7457737804379171
0.8600568622761984
0.10590581158549128
0.6165729873105055
0.9000714769557426
0.652007809040037
0.6433302966029115
0.26901285861822033
0.7209318429763724
0.8714224062710738
0.1601690387924904
0.07645377079961935
0.10811870668713672
0.0925818753782173
0.4989979209455081
0.11589779335127715
0.10590581158549128
0.48104518819779274
0.15309083846401855
0.7298472416080026
0.3592872150206231
0.8550840617081517
0.09243107521874694
0.21669570677840105
0.6094510730771987
0.4813483686049039
0.8693913629631214
