0.1378558768050414
0.14138452926928274
0.519483464957168
0.5531110127278064
0.8456837447783174
0.4844274549664743
0.5262405597406581
0.5267971545449001
0.5483329627277734
0.8534474490097964
0.13863875374092105
0.8571900948792355
0.8625128019926747
0.5268008841534239
0.8127726594455127
0.5246265790936379
0.4964051234857958
0.13975704748650997
0.8346780185271463
0.3845963450970804
0.846236426582069
0.8595855504050938
0.4703658875581051
0.14138452926928274
0.14076441276826007
0.5225481845591978
0.1426536796613223
0.49869800089300753
0.5267706206901748
0.7441494679469389
0.526770854087811
0.4123073957862517
0.14159797847835856
0.5274471108719126
0.756562731492001
0.5170653987907194
0.5531110127278064
0.8512200537997643
0.14145232456016726
0.8454398015319713
0.1378558768050414
0.14376369119264132
0.846236426582069
0.13940283359577035
0.5288980235448001
0.13768448401716932
0.4819247103756272
0.859585550291613
0.13948010933722899
0.5248168562692062
0.5269888196470061
0.4972403358097453
0.15650324016356643
0.8522115645147514
0.8554418312692973
0.4986997540206833
0.5170653987907194
0.137888437510856
0.859585550291613
0.5170653987907194
0.14749260741961262
0.4826489052394627
0.1374591478916119
0.5253918457709756
0.5643467902373736
0.42067155842076587
0.1358703282278133
0.4957767363227296
0.13709962420072214
0.8454398015319713
0.5510809163540205
0.13101475799887907
0.7441494679469389
0.8522115645020791
0.1513265061250344
0.5273345601526367
0.5269377203373513
0.799632852831814
0.13941147214358163
0.13975704748650997
0.8395343090688614
0.4826489052394627
0.5643467902373736
0.1484796164768423
0.49869800089300753
0.14076441276826007
0.5400817978716403
0.8221991675068321
0.5400817978715247
0.8118227953973345
0.14143840518160516
0.5262405597406581
0.8595855504050938
0.1513265061250344
0.13709962420072214
0.26839423004409807
0.5386813474833907
0.8571900948792355
0.5248863865829313
0.13948010933722899
0.884618793352994
0.7714588111149474
0.10422702409624968
0.14145232456016726
0.8456842442389052
0.49917879641200147
0.5236346186802184
0.4784127521018246
0.14376369119264132
0.8346780185271463
0.5839403199827499
0.17368755738074493
0.5405581786977993
0.5253918457709756
0.5274471108719126
0.5246222791569748
0.5231820061664594
0.4790866491581537
0.5288980235448001
0.5267706206901748
0.0013995230377438217
0.13914281405375348
0.5170653987907194
0.17368755738074493
0.526241675808694
0.4784127521018246
0.756562731492001
0.5246024634292822
0.4826489052394627
0.14749260741961262
0.5269377203356423
0.5225484926299533
0.8534474490097964
0.8395343090688614
0.8625128019926747
0.46634987769636493
0.4123073957862517
0.1484796164768423
0.8595855505543952
0.17368934020149282
0.5269888196470061
0.5272876863572747
0.1414522072520777
0.3845963450970804
0.4790866491581537
0.524410476280899
0.8512200537997643
0.5400817978715247
0.8456837447783174
0.5290028140702173
0.1358703282278133
0.18192583508459986
0.8118227953973345
0.799632852831814
0.4819247103756272
0.5510809163540205
0.5267971545449001
0.1358703282278133
0.8663105582957493
0.8127726594455127
0.5272876863572747
0.7908099678976586
0.1358703282278133
0.4986997540206833
0.2742298545819962
0.5259980147917784
0.2645038136854993
0.14159797847835856
0.878479293265645
0.8221991675068321
0.26839423004409807
0.3845963450970804
0.7908099678976586
0.5272907003219496
0.16298844104710003
0.10422702409624968
0.05685930956994134
0.5246265790936379
0.519483464957168
0.5405581786977993
0.524410476280899
0.5267870027551524
0.3923845228352697
0.5274471104372278
0.8663105582957493
0.5218843259785695
0.5386813474833907
0.5270971920848171
0.2645038136854993
0.49917879641200147
0.8699120365703708
0.4844274549664743
0.15650324016356643
0.8118227953973345
0.42067155842076587
0.3923845228352697
0.8663105582957493
0.5248863865829313
0.5839403199827499
0.5510809163540205
0.1374591478916119
0.07645377079961935
0.5269377203373513
0.1571784345920989
0.1571784345920989
0.5225425932067207
0.5236346186802184
0.5245931974928153
0.13101475799887907
0.839534309065835
0.14143840518160516
0.4826489052394627
0.524410476280899
0.5245931974928153
0.5248168562692062
0.4957774396834942
0.16298844104710003
0.5483329627277734
0.46634987769636493
0.13914281405375348
0.5231820061664594
0.5273345601526367
0.5225481845591978
0.8554418312692973
0.8571900948792355
0.1358703282278133
0.6165729873105055
0.9000714769557426
0.5225876926575697
0.8118227953973345
0.5270971920848171
0.5290028140702173
0.8625128019926747
0.13101475799887907
0.07645377079961935
0.13868054833437754
0.13863875374092105
0.5218843259785695
0.17368577455999704
0.1358703282278133
0.4703658875581051
0.13847853803605115
0.7714588111149474
0.18192583508459986
0.7908099678976586
0.14749260741961262
0.2742298545819962
0.4957774396834942
0.4964051234857958
0.8522115645020791
