0.13981829618660147
0.8383651106090674
0.8543799428507137
0.19646471773047727
0.13976873391532513
0.13989795626639767
0.8665510864004267
0.12528671078238832
0.8423847592346458
0.8163264378408668
0.77468839902478
0.14656911324753344
0.1408765333422619
0.1408765333422619
0.13981829618660147
0.867829946980828
0.8163264378408668
0.8163264378408668
0.1507977729159707
0.7900036707785144
0.8665510864004267
0.49638554331931284
0.8105217413213304
0.8423847592346458
0.12528671078238832
0.8138628413641675
0.13637024640016449
0.5122572848324632
0.14179016855439383
0.8209150832101214
0.8420677289038554
0.8423847592346458
0.14708602041889965
0.807394891878233
0.15166074793199366
0.5059214573629132
0.8283614364202104
0.6687361760653687
0.8193173321183963
0.22148252868996499
0.10701027891086647
0.8543799428507137
0.8665510864004267
0.14656911324753344
0.8433085277333828
0.8448414407980163
0.551470587183833
0.8352951005931097
0.9096878867525919
0.14708602041889965
0.34452830964183395
0.9634404223496823
0.8045446715228652
0.8250787664848128
0.42762857694794004
0.7975501533779109
0.8448414407980163
0.8543799428507137
0.8416240387778067
0.19646471773047727
0.7835564385299194
0.8230451364415567
0.5890625356256327
0.1507977729159707
0.16212443328181908
0.24537908933858532
0.5473794407449534
0.8420677289038554
0.21013984256039495
0.11256662792801488
0.20434025317775087
0.7778262868761048
0.867829946980828
0.12528671078238832
0.4655282982015692
0.8450082826711948
0.4541035352520202
0.8741439195380982
0.8071491471023576
0.8741439195380982
0.1413615411081235
0.8383651106090674
0.19521473423998592
0.11256662792801488
0.47593580139871267
0.116192664613988
0.12528671078238832
0.867829946980828
0.5887394657932546
0.14642909581150187
0.8416240387778067
0.10916219541984834
0.4324859940776299
0.13981829618660147
0.8274069635255275
0.8460540944142759
0.8273956165278664
0.4541035352520202
0.8283649571498586
0.12185184547046979
0.501405094447518
0.8273956165278664
0.09899587070261455
0.8460540944142759
0.9046952927285541
0.11011840522454892
0.8389902721000118
0.8294289083632251
0.9634404223496823
0.7975501533779109
0.10916219541984834
0.8733532707093685
0.12184746886982888
0.5887394657932546
0.6834232498521899
0.19521473423998592
0.49228369809411543
0.14179016855439383
0.8003566898009755
0.491127861563306
0.8181828909397065
0.6874216314362183
0.544817513140904
0.18385117668327353
0.6874216314362183
0.6957677771607735
0.501405094447518
0.8288923288913528
0.6687361760653687
0.5103615744608214
0.16212443328181908
0.6150142490058734
0.8569832382970008
0.8294289083632251
0.8322534911076622
0.19646471773047727
0.24350820048806793
0.5034646796221023
0.809269790370341
0.18385117668327353
0.5034646796221023
0.24537908933858532
0.8181828909397065
0.7138934133598396
0.8733532707093685
0.5103615744608214
0.9388702805273523
0.8322534911076622
0.8250787664848128
0.7745316694256122
0.204264916789771
0.827477130201321
0.34254423804863277
0.46742928605652706
0.12185184547046979
0.4834583965045402
0.84385595725025
0.47254302479933563
0.04741115895055181
0.20434025317775087
0.11095910537244492
0.4289652695571604
0.4541035352520202
0.16496372988331154
0.8104400098889931
0.10344476311187978
0.6482187217255184
0.5161996206638491
0.18583798913922644
0.5855345873963079
0.491127861563306
0.11437064248351342
0.77468839902478
0.47269956252210754
0.49460555064538536
0.4633543093321796
0.3763219301829842
0.8433085277333828
0.8314118216138876
0.11011840522454892
0.8104400098889931
0.47522799311960273
0.5059363957246337
0.7859362076932694
0.32667677955389124
0.11129506304976677
0.4633543093321796
0.8352233330344777
0.9096878867525919
0.47269956252210754
0.47254302479933563
0.10701027891086647
0.65851224591007
0.47271845834406123
0.9388702805273523
0.47503272597123347
0.8193173321183963
0.5473794407449534
0.21013984256039495
0.8383651106090674
0.32667677955389124
0.8342806685884703
0.7138934133598396
0.4834583965045402
0.04741115895055181
0.7778262868761048
0.8352951005931097
0.9046952927285541
0.5855345873963079
0.23149814804934066
0.8105217413213304
0.6482187217255184
0.5890625356256327
0.5597056798679864
0.6834232498521899
0.7900036707785144
0.8389902721000118
0.47503272597123347
0.1449030546057312
0.8569832382970008
0.8045446715228652
0.7859362076932694
0.10344476311187978
0.23149814804934066
0.8454782011170534
0.5161996206638491
0.8747866647192846
0.5059214573629132
0.8362458821515331
0.65851224591007
0.18583798913922644
0.15166074793199366
0.5597056798679864
0.3763219301829842
0.8045586242857985
0.8283614364202104
0.24350820048806793
0.7745316694256122
0.010414460098792766
0.556955350180148
0.9085565100403087
0.49460555064538536
0.7973805774189624
0.8747866647192846
0.6150142490058734
0.05759106847780249
0.7835564385299194
0.809269790370341
0.4373015274306488
0.8391155350235681
