0.14816930189855648
0.8169820154485374
0.1481693018985564
0.14816930189855648
0.816982015461262
0.14816930189855662
0.14816930189855645
0.8169820154555361
0.8169820154506198
0.8169820154575831
0.8169820154598035
0.1481693018985564
0.8169820154588104
0.14816930189855626
0.14816930189855648
0.8169820154610745
0.8169820154465756
0.8169820154571027
0.8169820154673887
0.14816930189855637
0.14816930189855626
0.8169820154602709
0.8169820154627012
0.14816930189855632
0.14816930189855665
0.816982015461262
0.14816930189855648
0.14816930189855623
0.8169820154553111
0.8169820154565737
0.8169820154435917
0.8169820154642338
0.14816930189855637
0.8169820154563429
0.14816930189855632
0.8169820154608033
0.8169820154595953
0.816982015454806
0.8169820154571027
0.1481693018985564
0.14816930189855632
0.8169820154510187
0.8169820154600985
0.8169820154578732
0.81698201546781
0.8169820154613467
0.14816930189855637
0.816982015459813
0.6013110970448619
0.8169820154767482
0.14816930189855632
0.81698201545975
0.8169820154496481
0.8169820154575766
0.48692431459974106
0.14816930189855643
0.8169820154613467
0.8169820154477982
0.8169820154628054
0.14816930189855626
0.8169820154550447
0.8169820154617985
0.5897133647807227
0.8169820154673887
0.14816930189855634
0.8169820154506198
0.816982015464097
0.8169820154506198
0.1585528279804912
0.1481693018985566
0.15409678848106023
0.8169820154550447
0.8169820154578732
0.8169820154645501
0.8169820154565737
0.8169820154627012
0.6013110970448619
0.8169820154645501
0.8169820154568962
0.8169820154635911
0.14816930189855648
0.8169820154637855
0.1481693018985565
0.1481693018985566
0.5181075278773402
0.14816930189855676
0.1481693018985564
0.8169820154578732
0.5925455580634742
0.14816930189855632
0.8169820154555361
0.1481693018985566
0.48692431459974106
0.14816930189855645
0.8169820154455575
0.8169820154568962
0.8169820154579603
0.46898167198929874
0.8169820154579603
0.14816930189855637
0.5925029620964746
0.8169820154641178
0.14816930189855637
0.8169820154584654
0.9046952927285541
0.14816930189855634
0.8169820154576146
0.8169820154575893
0.8169820154550992
0.8169820154677141
0.1481693018985564
0.8733532707093685
0.14816930189855637
0.5925455580634742
0.6226029265158552
0.1481693018985565
0.49228369809411543
0.1481693018985567
0.8169820154569529
0.5090363333261636
0.8169820154583164
0.6286765626163326
0.6286765626163326
0.15697829699492644
0.5181075278773402
0.816982015454806
0.5925029620964746
0.8169820154595258
0.5452806425620749
0.48692431459974106
0.14816930189855623
0.6025424459109904
0.8169820154597529
0.8169820154652082
0.8169820154583164
0.14816930189855604
0.24350820048806793
0.4908192191485914
0.8169820154592692
0.15697829699492644
0.4908192191485914
0.8169820154575831
0.8169820154583164
0.8169820154094097
0.8733532707093685
0.48692431459974106
0.9388702805273523
0.8169820154528553
0.8169820154599994
0.8169820154663242
0.15409678848106023
0.8169820154650784
0.14816930189855576
0.770828947147906
0.1481693018985564
0.4834583965045402
0.8169820154629099
0.4607958590097734
0.08847637832948865
0.15409678848106023
0.14816930189855626
0.5884559793973287
0.46898167198929874
0.8169820154570983
0.8169820154465756
0.12443492488265691
0.5884559793973287
0.5289054646324403
0.17771500334054163
0.5543904373173385
0.5090363333261636
0.1585528279804912
0.8169820154598035
0.4716884321391349
0.5543904373173385
0.4716884321391349
0.40872256111130434
0.8169820154701608
0.8169820154663242
0.1481693018985565
0.8169820154594678
0.49619125126155117
0.8169820154608033
0.8169820154385395
0.32667677955389124
0.14816930189855648
0.4716884321391349
0.8169820154562376
0.8980342411858309
0.4716884321391349
0.4607958590097734
0.14816930189855648
0.6013110970448619
0.4716884321391349
0.9388702805273523
0.49619125126155117
0.8169820154601489
0.8169820154575349
0.14816930189855632
0.8169820154635183
0.32667677955389124
0.816982015454804
0.6286765626163326
0.4834583965045402
0.08847637832948865
0.770828947147906
0.816982015459813
0.9046952927285541
0.5925455580634742
0.23149814804934066
0.8169820154623169
0.5884559793973287
0.5897133647807227
0.5452806425620749
0.6226029265158552
0.14816930189855637
0.8169820154694284
0.49619125126155117
0.14816930189855615
0.8169820154597529
0.8169820154496481
0.8169820154401295
0.12443492488265691
0.23149814804934066
0.81698201546781
0.5289054646324403
0.8169820154028361
0.14816930189855634
0.8169820154568468
0.6013110970448619
0.17771500334054163
0.14816930189855632
0.5452806425620749
0.40872256111130434
0.8169820154424339
0.8169820154589632
0.24350820048806793
0.8169820154852425
0.1481693018985564
0.5444553516229703
0.8980342411858309
0.4716884321391349
0.8169820154589245
0.81698201542219
0.6025424459109904
0.14816930189855662
0.8169820154603091
0.816982015460659
0.4607958590097734
0.8169820154550992
