0.13546927976806253
0.4600268334721015
0.9080490419736625
0.10085122009740795
0.8583611487430929
0.5444346390939856
0.8067966443935823
0.16249940294840592
0.17855440761603872
0.8461296239534317
0.8569676559168253
0.19145773083319076
0.46089911382590276
0.4600268334721015
0.11882439604178045
0.9080490419736625
0.16249940294840592
0.8287668460729308
0.1999685297519446
0.7319783819588971
0.9080490419736625
0.4600268334721015
0.8407753674070514
0.4822887206548482
0.13489140954007575
0.41737857531500977
0.5600977704900628
0.5205214682401879
0.07011510480444241
0.5190390979866616
0.5010150236155502
0.9336926200546944
0.17855440761603872
0.8067966443935823
0.15035248734885745
0.5085057939405583
0.07758820619006973
0.16249940294840592
0.5528685044152253
0.3994930435232258
0.13546927976806253
0.5444346390939856
0.8293043467226613
0.16249940294840592
0.8413766983581481
0.11915461821479678
0.611610726555032
0.925412482315712
0.9084282075957604
0.17855440761603875
0.34452830964183395
0.9634404223496823
0.8042516635012666
0.8287668460729308
0.4154211620862428
0.769440305800462
0.9232529006660384
0.779326009504058
0.9059908247315122
0.1913489685617639
0.7594897284962382
0.5984133512835623
0.508423408342377
0.5733363980206017
0.12090094577488919
0.27757152822227765
0.6306530965176116
0.8274069635255275
0.11437064248351342
0.10085122009740795
0.19145773083319076
0.925412482315712
0.9232529006660384
0.5733363980206017
0.41201749841647684
0.8213828464598747
0.4412149652641435
0.8579464039313742
0.07758820619006973
0.8579464039313742
0.13546927976806253
0.9059908247315122
0.19521473423998592
0.11248051514038773
0.46868480533470014
0.4108560841318521
0.11317791451244191
0.9232529006660384
0.5887394657932546
0.16728417920123437
0.8824744615466426
0.10085122009740795
0.41737857531500977
0.17372587590142025
0.8274069635255275
0.8975884036145547
0.8484377782878549
0.4798806752277736
0.8484377782878549
0.11915461821479678
0.4822887206548482
0.8121217519428001
0.09205035909433236
0.8975884036145547
0.9610580716399898
0.10898448964516462
0.8442620447210385
0.8294289083632251
0.9634404223496823
0.769440305800462
0.10085122009740795
0.784736354170348
0.09205035909433236
0.5887394657932546
0.6834232498521899
0.19521473423998592
0.5190390979866616
0.11908802541964736
0.8003566898009755
0.40254925530051333
0.7960755193815902
0.6874216314362183
0.43958640003832783
0.08521075099070369
0.6874216314362183
0.5984133512835623
0.5205214682401879
0.8569676559168253
0.641704574969964
0.5084658640891795
0.14496011441086726
0.6150142490058734
0.8922819786574294
0.8294289083632251
0.7995785651534244
0.28001133217743956
0.24350820048806793
0.41201749841647684
0.08521075099070369
0.26001042381491357
0.5949118608277277
0.28001133217743956
0.7960755193815902
0.7138934133598396
0.9238344747732692
0.5084658640891795
0.9388702805273523
0.8407753674070514
0.8287668460729308
0.8067966443935823
0.19145773083319076
0.7802669311832794
0.34254423804863277
0.48075503686103394
0.12459283873255203
0.4834583965045402
0.7901235108859451
0.48765709017803827
0.04741115895055181
0.7100579237542958
0.11176567697932312
0.4420658377872452
0.4412149652641435
0.12090094577488919
0.8003656071869202
0.10344476311187978
0.6482187217255184
0.5161996206638491
0.18583798913922644
0.5855345873963079
0.5670881623862729
0.11437064248351342
0.6758254817074141
0.4727562499879686
0.49460555064538536
0.5542887554579635
0.3763219301829842
0.8413766983581481
0.8497223606500465
0.10898448964516462
0.8003656071869202
0.508423408342377
0.5085057939405583
0.7859362076932694
0.32667677955389124
0.11915461821479678
0.11882439604178045
0.817719024889516
0.9085992775218248
0.38665582621576594
0.48765709017803827
0.07011510480444241
0.6921275877902818
0.4727562499879686
0.9388702805273523
0.4939139943237148
0.5834328939704998
0.6306530965176116
0.3994930435232258
0.36190846633248164
0.32667677955389124
0.7995785651534244
0.7138934133598396
0.4834583965045402
0.04741115895055181
0.7119765019035572
0.8417709028500717
0.9610580716399898
0.5855345873963079
0.23149814804934066
0.715726396868019
0.6482187217255184
0.6697016629088883
0.641704574969964
0.6834232498521899
0.7319783819588971
0.8442620447210385
0.42295604239597784
0.1913489685617639
0.8922819786574294
0.8042516635012666
0.7859362076932694
0.10344476311187978
0.23149814804934066
0.8213828464598747
0.5161996206638491
0.8747866647192846
0.5020524216773056
0.8641859389321631
0.641704574969964
0.18583798913922644
0.15035248734885745
0.46089911382590276
0.3763219301829842
0.8051446403289956
0.03150234527250367
0.24350820048806793
0.7312154861573003
0.010414460098792766
0.5528685044152253
0.9085992775218248
0.49460555064538536
0.8219293298584928
0.8747866647192846
0.6150142490058734
0.05759106847780249
0.7594897284962382
0.8003566898009755
0.38694596468325937
0.8293043467226613
