0.15318879397857937
0.14547177807139475
0.14607749487196542
0.14049415596498158
0.8255102247209646
0.8377081321128209
0.828986423970404
0.14547177807139475
0.8284698618852281
0.14577822774009352
0.1606427174848241
0.8211740748146279
0.8284698618852281
0.1419166071111203
0.1397331921819294
0.8445225862806279
0.14607749487196542
0.8275577552889976
0.8301996877361687
0.828986423970404
0.8277475996825583
0.828986423970404
0.8291761816435878
0.8270607235959595
0.13760502759389237
0.7818367502307524
0.14776437347280186
0.46946900329729113
0.14809816538940873
0.17048219033423362
0.8296421989512521
0.8270607235959595
0.5483163394307131
0.8260855819413125
0.14444970011998362
0.4476133636458224
0.8275577552889976
0.14049415596498158
0.8243682532059413
0.1561039629850384
0.15235811298718593
0.8377081321128209
0.14703779896204347
0.14607749487196542
0.8301996877361687
0.8273547903050634
0.5483163394307131
0.8301262456725449
0.8279988276232095
0.8277475996825583
0.15235811298718593
0.8980340442217607
0.8132374369285744
0.8260338653554888
0.46946900329729113
0.7982120431182985
0.7818367502318669
0.8553186893793321
0.8275895646103186
0.14049415596498158
0.7383306567892389
0.7874337877278103
0.5890625356256327
0.14547177807139475
0.14644249155014846
0.1602805113790815
0.5483163394307131
0.8289458433195191
0.18080432785753464
0.13122033936303756
0.17048219033423362
0.8260508513460862
0.8445225862806279
0.14547177807139475
0.4908192191485914
0.8295649046410457
0.4526575152878595
0.871557107809877
0.8282010595524394
0.871557107809877
0.15235815054765317
0.8293320936801128
0.14613233397330963
0.13122033936303756
0.48606384150840465
0.13206467163687757
0.14147198187658216
0.8445225862806279
0.5887394657932546
0.15290309907918664
0.8275895646103186
0.13760502759389237
0.4847189993950281
0.1397331921819294
0.8289458433195191
0.8260438460703727
0.8251211166316801
0.4526575152878595
0.8254403492559945
0.13543246374714668
0.501405094447518
0.8255102247209646
0.14703779896204347
0.8453213820208079
0.9046952927285541
0.1398907960927954
0.8283091273425722
0.8294289083632251
0.8535201050828894
0.7982120431182985
0.1561039629850384
0.8733532707093685
0.14703779896204347
0.5887394657932546
0.6834232498521899
0.14776437347280186
0.49228369809411543
0.14809816538940873
0.8270089566278841
0.48606384150840465
0.8282904933522431
0.6874216314362183
0.6299959451513841
0.18385117668327353
0.6874216314362183
0.7874337877277997
0.501405094447518
0.8260338653554888
0.7383306567892389
0.48471899939503715
0.14738913692245548
0.6150142490058734
0.8553186893793321
0.8294289083632251
0.8278002321671427
0.1877493479749271
0.24350820048806793
0.4908192191485914
0.828998043615533
0.18385117668327353
0.4908192191485914
0.1877493479749271
0.8282904933522431
0.7818367502307524
0.8733532707093685
0.4847189993950281
0.9388702805273523
0.7874337877278103
0.8268107550373234
0.8251747232356037
0.17048219033423362
0.8251211166316801
0.34254423804863277
0.4530748849023073
0.1333461918872681
0.4834583965045402
0.8453213820208079
0.4607958590097734
0.04741115895055181
0.1606427174848241
0.13202387494199722
0.4289652695571604
0.4526575152878595
0.14577822774009352
0.8294089347425461
0.12443492488265691
0.6482187217255184
0.5161996206638491
0.17771500334054163
0.5855345873963079
0.4860638415085152
0.1808043278575346
0.8251747232356037
0.4696054745083553
0.49460555064538536
0.4633543093321796
0.40872256111130434
0.7950669674662869
0.8211740748146279
0.1398907960927954
0.8294089347425461
0.47509781502069004
0.4476133636458224
0.7859362076932694
0.32667677955389124
0.13589210435682647
0.4633543093321796
0.8269213766097191
0.8980340442217607
0.4696054745083553
0.4607958590097734
0.15318879397857937
0.65851224591007
0.4696054745083553
0.9388702805273523
0.47509781502069004
0.8243682532059413
0.5483163394305346
0.18080432785753464
0.8293320936801128
0.32667677955389124
0.8278002321671427
0.6299959451513841
0.4834583965045402
0.04741115895055181
0.8260438460703727
0.8301262456725449
0.9046952927285541
0.5855345873963079
0.23149814804934066
0.8291761816435878
0.6482187217255184
0.5890625356256327
0.5597056798679864
0.6834232498521899
0.8283221017395324
0.8283091273425722
0.47509781502069004
0.1419166071111203
0.8553186894165377
0.8132374369285744
0.7859362076932694
0.12443492488265691
0.23149814804934066
0.8301997312852598
0.5161996206638491
0.8747866647192846
0.13543246374714668
0.8265592210383802
0.65851224591007
0.17771500334054163
0.15290309907918664
0.5597056798679864
0.40872256111130434
0.8132374875878157
0.8275577552889976
0.24350820048806793
0.7950669674662869
0.1602805113790815
0.556955350180148
0.8980345694592811
0.49460555064538536
0.8270089566278841
0.8747866647192846
0.6150142490058734
0.13192632683818584
0.827297524819204
0.828998043615533
0.4607958590097734
0.8535201050828894
