0.14898905198105694
0.8161300615145737
0.8161300615145737
0.14898905198105694
0.8161300615145737
0.8161300615145737
0.8161300615145737
0.8161300615145737
0.8161300615145737
0.8161300615145737
0.8161300615145737
0.8161300615145737
0.8161300615145737
0.8161300615145737
0.8161300615145737
0.8161300615145737
0.8161300615145737
0.8161300615145737
0.8161300615145737
0.8161300615145737
0.8161300615145737
0.8161300615145737
0.8161300615145737
0.8161300615145737
0.14898905198105694
0.8161300615145737
0.8161300615145737
0.14898905198105694
0.8161300615145737
0.8161300615145737
0.8161300615145737
0.8161300615145737
0.14898905198105694
0.8161300615145737
0.8161300615145737
0.8161300615145737
0.8161300615145737
0.14898905198105694
0.8161300615145737
0.14898905198105694
0.14898905198105694
0.8161300615145737
0.8161300615145737
0.8161300615145737
0.8161300615145737
0.8161300615145737
0.14898905198105694
0.8161300615145737
0.6013110970448619
0.8161300615145737
0.14898905198105694
0.8161300615145737
0.8161300615145737
0.8161300615145737
0.48692431459974106
0.14898905198105694
0.8161300615145737
0.8161300615145737
0.8161300615145737
0.14898905198105694
0.8161300615145737
0.8161300615145737
0.5897133647807227
0.8161300615145737
0.14898905198105694
0.8161300615145737
0.8161300615145737
0.8161300615145737
0.14898905198105694
0.14898905198105694
0.14898905198105694
0.8161300615145737
0.8161300615145737
0.8161300615145737
0.8161300615145737
0.8161300615145737
0.6013110970448619
0.8161300615145737
0.8161300615145737
0.8161300615145737
0.14898905198105694
0.8161300615145737
0.14898905198105694
0.14898905198105694
0.5135719306017519
0.14898905198105694
0.14898905198105694
0.8161300615145737
0.5887930745906473
0.14898905198105694
0.8161300615145737
0.14898905198105694
0.48692431459974106
0.14898905198105694
0.8161300615145737
0.8161300615145737
0.8161300615145737
0.46898167198929874
0.8161300615145737
0.14898905198105694
0.5925029620964746
0.8161300615145737
0.14898905198105694
0.8161300615145737
0.9046952927285541
0.14898905198105694
0.8161300615145737
0.8161300615145737
0.8161300615145737
0.8161300615145737
0.14898905198105694
0.8733532707093685
0.14898905198105694
0.5887930745906473
0.6863835650747236
0.14898905198105694
0.49228369809411543
0.14898905198105694
0.8161300615145737
0.5135719306017519
0.8161300615145737
0.6286765626163326
0.6286765626163326
0.14898905198105694
0.5135719306017519
0.8161300615145737
0.5925029620964746
0.8161300615145737
0.5452806425620749
0.48692431459974106
0.14898905198105694
0.6025424459109904
0.8161300615145737
0.8161300615145737
0.8161300615145737
0.14898905198105694
0.24350820048806793
0.4908192191485914
0.8161300615145737
0.14898905198105694
0.4908192191485914
0.8544282256305258
0.8161300615145737
0.8161300615145737
0.8733532707093685
0.48692431459974106
0.8544282256305258
0.8161300615145737
0.8161300615145737
0.8161300615145737
0.14898905198105694
0.8161300615145737
0.1489890519810569
0.7993135135857095
0.14898905198105694
0.4834583965045402
0.8161300615145737
0.4714722615035367
0.08847637832948865
0.14898905198105694
0.14898905198105694
0.5884559793973287
0.46898167198929874
0.8161300615145737
0.8161300615145737
0.12443492488265691
0.5884559793973287
0.5289054646324403
0.17771500334054163
0.5737831406993399
0.5135719306017519
0.14898905198105694
0.8161300615145737
0.4716884321391349
0.5737831406993399
0.4716884321391349
0.47393632606869696
0.8161300615145737
0.8161300615145737
0.14898905198105694
0.8161300615145737
0.49619125126155117
0.8161300615145737
0.8161300615145737
0.32667677955389124
0.14898905198105694
0.8161300615145737
0.8161300615145737
0.8980342411858309
0.4716884321391349
0.4714722615035367
0.14898905198105694
0.5063187501740631
0.4716884321391349
0.8544282256305258
0.49619125126155117
0.8161300615145737
0.8161300615145737
0.14898905198105694
0.8161300615145737
0.32667677955389124
0.8161300615145737
0.6286765626163326
0.4834583965045402
0.08847637832948865
0.7993135135857095
0.8161300615145737
0.9046952927285541
0.5887930745906473
0.23149814804934066
0.8161300615145737
0.5884559793973287
0.5897133647807227
0.5452806425620749
0.6863835650747236
0.14898905198105694
0.8161300615145737
0.49619125126155117
0.14898905198105694
0.8161300615145737
0.8161300615145737
0.8161300615145737
0.12443492488265691
0.23149814804934066
0.8161300615145737
0.5289054646324403
0.8161300615145737
0.14898905198105694
0.8161300615145737
0.5063187501740631
0.17771500334054163
0.14898905198105694
0.5452806425620749
0.47393632606869696
0.8161300615145737
0.8161300615145737
0.24350820048806793
0.8161300615145737
0.14898905198105694
0.5444553516229703
0.8980342411858309
0.4716884321391349
0.8161300615145737
0.8161300615145737
0.6025424459109904
0.14898905198105694
0.8161300615145737
0.8161300615145737
0.4714722615035367
0.8161300615145737
