0.14479728375726764
0.8071491471023576
0.9026616809223053
0.1300090078590982
0.13963951156425258
0.13992805407491754
0.8071491471023576
0.12528671078238832
0.5144936661646837
0.1413615411081235
0.13992805407491754
0.14656911324753344
0.1368500120787926
0.1449030546057312
0.42762857694794004
0.9026616809223053
0.8071491471023576
0.8209150832101214
0.1507977729159707
0.788783423422576
0.8760907905542856
0.49638554331931284
0.8459582624030988
0.8235606395894551
0.12528671078238832
0.8138628413641675
0.14745378201794068
0.5144936661646837
0.1300090078590982
0.49228369809411543
0.8420677289038554
0.8637856083061236
0.15244390742826722
0.807394891878233
0.15166074793199366
0.5059363957246337
0.8290259739175422
0.6687361760653687
0.8138628413641675
0.3059090426372765
0.10701027891086647
0.49638554331931284
0.839178379572332
0.14656911324753344
0.8404339766809241
0.7656015457323372
0.5581236612267622
0.8374590663616331
0.9096878867525919
0.15244390742826722
0.34452830964183395
0.9634404223496823
0.8045446715228652
0.8229093946304292
0.42762857694794004
0.7973805774189624
0.8972387161056418
0.8499234902249151
0.8416240387778067
0.19896997834552496
0.7809429460835912
0.8230451364415567
0.5890625356256327
0.1507977729159707
0.16496372988331154
0.24537908933858532
0.544817513140904
0.8420677289038554
0.11437064248351342
0.11095910537244492
0.20351155290997214
0.7778262868761048
0.8637856083061236
0.5733363980206017
0.4655282982015692
0.8447733234482654
0.4541035352520202
0.8741439195380982
0.0979026049656817
0.8741439195380982
0.1413615411081235
0.8447733234482654
0.19521473423998592
0.11417415048358483
0.4455516810695259
0.116192664613988
0.12528671078238832
0.8637856083061236
0.5887394657932546
0.1300090078590982
0.8416240387778067
0.11095910537244492
0.4324859940776299
0.14479728375726764
0.8274069635255275
0.8482522315783019
0.82764015754823
0.4541035352520202
0.8304666657407518
0.12185622207111071
0.501405094447518
0.824886339569701
0.09899587070261455
0.84385595725025
0.9026616809223053
0.11011840522454892
0.8389902721000118
0.8294289083632251
0.9634404223496823
0.7977197293368594
0.10736528546725177
0.8724407640943961
0.12183871566854704
0.5887394657932546
0.6834232498521899
0.19521473423998592
0.49228369809411543
0.1344045263281739
0.8003566898009755
0.5063199217278994
0.823699762858381
0.6874216314362183
0.544817513140904
0.18385117668327353
0.6874216314362183
0.6957677771607735
0.501405094447518
0.8288923288913528
0.6687361760653687
0.5144936661646837
0.15928513668032662
0.6150142490058734
0.8499234902249151
0.8294289083632251
0.8284418716811559
0.19896997834552496
0.24350820048806793
0.5034646796221023
0.10769192955163347
0.18385117668327353
0.5034646796221023
0.24537908933858532
0.823699762858381
0.7138934133598396
0.8724407640943961
0.5084658640891795
0.9388702805273523
0.8459582624030988
0.8209150832101214
0.7745316694256122
0.20351155290997214
0.82764015754823
0.34254423804863277
0.46742928605652706
0.12185622207111071
0.4834583965045402
0.84385595725025
0.501075378171361
0.04741115895055181
0.2059223173253284
0.11095910537244492
0.4289652695571604
0.4541035352520202
0.16496372988331154
0.8143804809437397
0.10344476311187978
0.6482187217255184
0.5161996206638491
0.18583798913922644
0.5855345873963079
0.5063199217278994
0.11437064248351342
0.7837752523172227
0.4727562499879686
0.49460555064538536
0.4633543093321796
0.3763219301829842
0.8404339766809241
0.8374590663616331
0.11011840522454892
0.8097904016208819
0.47718066460329533
0.5059363957246337
0.7859362076932694
0.32667677955389124
0.11129506304976677
0.4633543093321796
0.8352233330344777
0.9096878867525919
0.472605083412339
0.4373015274306488
0.10701027891086647
0.65851224591007
0.4727562499879686
0.9388702805273523
0.47405639022938717
0.8138628413641675
0.5432882943060737
0.3059090426372765
0.8447733234482654
0.32667677955389124
0.8284418716811559
0.7138934133598396
0.4834583965045402
0.04741115895055181
0.7778262868761048
0.839178379572332
0.9080846457389687
0.5855345873963079
0.23149814804934066
0.7656015457323372
0.6482187217255184
0.5890625356256327
0.5597056798679864
0.6834232498521899
0.788783423422576
0.8389902721000118
0.47405639022938717
0.1449030546057312
0.8640429863690866
0.8045446715228652
0.7859362076932694
0.10344476311187978
0.23149814804934066
0.8519321808907588
0.5161996206638491
0.8747866647192846
0.5059065190011927
0.8393205157792756
0.65851224591007
0.18583798913922644
0.15166074793199366
0.5597056798679864
0.3763219301829842
0.8045586242857985
0.8270323614255469
0.24350820048806793
0.7745316694256122
0.010414460098792766
0.556955350180148
0.9085565100403087
0.49460555064538536
0.7973805774189624
0.8747866647192846
0.6150142490058734
0.05759106847780249
0.7809429460835912
0.8003566898009755
0.4373015274306488
0.8390526904748041
