0.8530294480725035
0.8613555260243481
0.2720305986277721
0.7071706958598541
0.25546951721659183
0.012382931829865385
0.009169267322524544
0.5347906204315661
0.4751636136916082
0.37734591436466136
0.2741438995234161
0.09099168827259618
0.4727035261138409
0.8511697736957003
0.32992061995130195
0.8855656085750064
0.09437826832719942
0.2227552614600835
0.3223202905454171
0.4075040262218679
0.8611565107186031
0.8633135310569955
0.10678681079436925
0.617919150186336
0.09819194963245592
0.12315672391178689
0.6427797853634997
0.5070153030309696
0.6706418193654274
0.7858006617639102
0.7795690527683548
0.8886428369630728
0.4843176236090062
0.9117147254148553
0.19771975091891825
0.3521784855009582
0.1643515750806266
0.1309997418070119
0.8819478153120809
0.5239576358661739
0.25218178281554515
0.9075654931531179
0.023784977947463704
0.2811383681247682
0.6770915200228723
0.24480756027828332
0.9671854574148998
0.8933607123082119
0.4742423446180676
0.08230511552919095
0.8527102835051823
0.748007816924478
0.8891992566649031
0.5192073221114886
0.30905122532028395
0.94647278979481
0.3287292761492919
0.8057689976239127
0.422837726245725
0.4348850633548078
0.4328989670432539
0.3647621766788084
0.6612210185202676
0.7155750699753168
0.1859932064942884
0.6312667887178397
0.80511304314653
0.07807762587590383
0.2566825615776759
0.2931312610336281
0.025665449359562942
0.6654897441813107
0.2685719039419001
0.9984133262640215
0.9303696181643989
0.485849743468154
0.6662099555627993
0.046309393002729404
0.14334908298813964
0.1093701768807458
0.8449903261270891
0.6216774606534341
0.8575070347157113
0.90293747977612
0.7307930535124998
0.24093141563214993
0.8603447185895269
0.009230822361089297
0.6720340945021672
0.7300154580754498
0.11100169759491141
0.773854816770707
0.6183397634874398
0.3921680282891863
0.4148208469307664
0.2481290216313944
0.7268450408061815
0.48043349691829107
0.335379688750155
0.1553032836667778
0.9468951077199481
0.9398398251814407
0.4919127042713547
0.420356948400083
0.863050631929518
0.578508842220698
0.7714778639334475
0.4095220442538027
0.17032868114739563
0.7450454129904773
0.9334644071039764
0.25185566666830916
0.6970939080211123
0.9673256906058397
0.9031950271418712
0.8648009304920747
0.6695376291267987
0.5623919885991957
0.35154148706539956
0.12261234915361041
0.04091346992860079
0.640409746929871
0.9889969347861143
0.7345331483859301
0.3275477017593956
0.9789682494362195
0.15411302164431118
0.8669747886069129
0.349436336035187
0.24749644486008193
0.2866375014410031
0.28159967000806585
0.3084386878718681
0.20974386847855842
0.31623884117139034
0.4003129840155213
0.1700643848818426
0.5686567270090616
0.705032995887374
0.07187378526690713
0.8432081135793255
0.707770426053651
0.3202423731393397
0.8146011948936528
0.5930121581431498
0.2837857978367402
0.5218885619401471
0.02506390145901094
0.5825546250179304
0.9637065096696417
0.3816187377360759
0.35260899141703284
0.5988061804211079
0.2204461277689047
0.6335164020336105
0.15738000308409095
0.29367758208991934
0.6931876074916796
0.03772494218861655
0.371181856267384
0.20588144370032724
0.87482363402219
0.3965399896671623
0.07925916491555696
0.14849195089596334
0.7789082568527647
0.6157943290765404
0.1652527181926029
0.04850766456169886
0.7523700912249273
0.5904442341297962
0.07881896713389092
0.45709363000546155
0.7022065873063669
0.2840289972596721
0.32104859408333586
0.12814327687651927
0.1714993116439848
0.413346512650283
0.4699906101882694
0.25209869350227876
0.8116653534553137
0.45571386714798157
0.8377542023710496
0.16208573368872536
0.5625186962038998
0.7140591678700772
0.8534541115634614
0.19917127139030444
0.13442489196597907
0.17526036656093646
0.8222989105961788
0.13866248566240735
0.6511985980715621
0.46987752811053307
0.9793586681982723
0.3495210561299107
0.5969626571460404
0.9130526127869241
0.1281130499471872
0.6354391047241074
0.6539192301225388
0.9682121191360112
0.08820969983657645
0.09490498695296401
0.9004960980488638
0.8814653447236135
0.6653395964322828
0.05359379308240553
0.24053193121470773
0.6325832602142418
0.18136069597453242
0.5147666379652625
0.3655944520714576
0.42778108612515897
0.43005044993456376
0.834061139011002
0.4498268812534547
0.8960342286223713
0.27533462166744715
0.26226914688290404
0.1345850204602833
0.1988880277458117
0.724859787947311
0.38584301628818396
0.5248760035760068
0.3211090426442186
0.025170249334505734
0.4786938606368707
0.7381069219445612
0.512412150860208
0.4809585003848449
0.7060694498758092
0.9504448190409144
0.9066984270037286
0.9815220644037211
0.5343065575479443
0.34696046125413216
0.02914859271650172
0.6153459793386907
0.7186679913812521
0.5107446497585788
0.3833501072521476
0.7703798511584694
0.18345243126500588
0.9836856242114361
0.26312927345799264
0.4339953822478153
0.12070214268620771
0.5155527699356596
