0.49354363616978264
0.49360957711490006
0.4936115500746849
0.4935629223932785
0.4936115500746849
0.4936041696110738
0.49366645398883097
0.4936100176280895
0.493590293249149
0.49357002952435564
0.4937814583361706
0.49356392876794203
0.4937254361384171
0.49359615064086215
0.49360287945056375
0.49355163265622903
0.49358007529549736
0.49357002952435564
0.493540401269775
0.4935378186956733
0.4936434830772513
0.4935661754671157
0.49355563529748586
0.49358007529549736
0.4932037411680293
0.49360287945056375
0.4935366004359662
0.49357159565492276
0.4936495080588379
0.4937077898672418
0.49357159565492276
0.49358007529549736
0.4936474352654381
0.49356654385008647
0.4935566773180173
0.49360536910924663
0.4930862346199836
0.4935386849197914
0.49356857878662536
0.4934580434775704
0.4935378186956733
0.49355163265622903
0.493616899113533
0.4935730353913006
0.4936858184404433
0.4931629009906458
0.4938304820064075
0.4933899701418995
0.4936239770701453
0.49365295904482903
0.49336331488324814
0.4936115500746849
0.49349857779498474
0.4937099102134414
0.49360895638047736
0.49312367016892833
0.4936387965068026
0.4935290622795552
0.4935209654023222
0.4937328819051956
0.4936287243866342
0.49359615064086215
0.4935386849197914
0.4935386849197914
0.4936672820662646
0.49369220590963875
0.4937411683317905
0.49361600204361933
0.493592268012289
0.493566395133812
0.4933174346870746
0.49373946039672495
0.49358766806123255
0.49357002952435564
0.4936783886214404
0.4936100176280895
0.4932462440073716
0.4936015445499373
0.49355710447387
0.4937814583361706
0.49355163265622903
0.4935378186956733
0.4936074722328106
0.49335141274082833
0.49366805727905666
0.4933932616222559
0.49360957711490006
0.49359119813461155
0.49361076338221355
0.4937077898672418
0.4937832173828132
0.4937254361384171
0.49377157637055596
0.4936051165622086
0.49359119813461155
0.4935661754671157
0.49402087371922837
0.4937229216252652
0.4935730353913006
0.4935955274696606
0.4935314089480755
0.4935566773180173
0.4935787803673857
0.49354566982233816
0.4935633593509108
0.49348637207632007
0.49330809001401993
0.4934482625851624
0.4936041696110738
0.49335141274082833
0.4935115835589785
0.4935762045299282
0.4935804658851066
0.49368970593052647
0.4934580434775704
0.49373608186841467
0.49363743495899964
0.49350359486627143
0.4930559668417744
0.4936100176280895
0.4937164778029138
0.49364117586110173
0.49356392876794203
0.49358701019545825
0.49359624654692685
0.49312649321967084
0.4935269660201394
0.4933786011022167
0.49351809661932133
0.49377349606310594
0.4934643689878307
0.4932462440073716
0.49343231730649456
0.4932843038613646
0.49362181017868184
0.4931629009906458
0.49360078278210245
0.4935274290451474
0.4936783886214404
0.49367178174902104
0.4935629223932785
0.49427761275431326
0.49380742419993073
0.4933899701418995
0.4933607977397825
0.49365051195884785
0.49364074604702374
0.49343192506455136
0.49389192677459626
0.4935290622795552
0.4936095160455216
0.49364117586110173
0.493747293482878
0.4935975321181709
0.49365051195884785
0.49353037662352395
0.4935730353913006
0.49377349606310594
0.49343192506455136
0.4936648418974756
0.493540401269775
0.49358701019545825
0.49356300950860327
0.4934598186376463
0.4934149862402055
0.49346831467244434
0.49358766806123255
0.4936495080588379
0.493590293249149
0.49361495325782734
0.49356636076926796
0.49354367224002044
0.49350131078478965
0.4936287243866342
0.4941337405726782
0.49318076167354497
0.49371325117602965
0.4935955123987427
0.4936434830772513
0.4936322264125356
0.49355761625771133
0.4935262590003536
0.4932959892097817
0.4938370097006208
0.4935566773180173
0.4934880421547866
0.4932843038613646
0.4935314089480755
0.4935931060580376
0.49359615064086215
0.493405643656648
0.4937331862670331
0.4935281641887985
0.4935975321181709
0.49347754728911086
0.493514999899801
0.4936015445499373
0.4930699104312192
0.49350507814756195
0.49359457807393703
0.4936648418974756
0.4935787803673857
0.4933786011022167
0.49334188752648456
0.4937615236901505
0.4935163687430699
0.49356727435526854
0.4935115835589785
0.4933519624925977
0.4935281641887985
0.49356300950860327
0.49361103659968136
0.493616899113533
0.4936715180051614
0.4936041696110738
0.49357159565492276
0.49356392876794203
0.49380742419993073
0.49349726223054136
0.4937328819051956
0.4935661754671157
0.49360536910924663
0.49415616460762807
0.493583642560983
0.4933957651611495
0.49241630129841213
0.49350984129354497
0.4935629223932785
0.49351669146695015
0.4933519624925977
0.4932862688395154
0.4932037411680293
0.49360536910924663
0.49312649321967084
0.49413266219460605
0.4936051165622086
0.4937164778029138
0.4931629009906458
0.4935115835589785
0.493677960564313
0.493502216562015
0.4935955123987427
0.4905315765503082
0.4936900526610188
0.493700736262209
0.4936858184404433
0.4935366004359662
0.49427761275431326
0.4938179819323734
0.493677960564313
