0.4915017551812131
0.492761959483625
0.4937584851127455
0.49363264594861617
0.49363711129818494
0.49327535325840427
0.493955634451911
0.49357562502134883
0.4937302896675193
0.4935987639562524
0.49325582315136296
0.49394723667618656
0.4937584851127455
0.49344282270387096
0.4935838239804107
0.4933659242463558
0.49378677019160877
0.4938128390205679
0.4930699104312192
0.4936455983494588
0.4940867455194005
0.4937336431777608
0.4935838239804107
0.4935447790471856
0.4929993230082063
0.49349223044528795
0.4934548594163672
0.4935802897457035
0.49356727435526854
0.49368093500940224
0.4934803324289287
0.4936600982936496
0.49344109701820954
0.4935234472204166
0.49376807434912734
0.4937042584572611
0.4938128390205679
0.49241630129841213
0.49431536754280464
0.49394723667618656
0.49338594627422805
0.4924403308408903
0.4940622629545935
0.49391990386354817
0.49326223928001545
0.49285884314929024
0.49338594627422805
0.4930983331637182
0.4937584851127455
0.493987235319126
0.4868902086415728
0.49362111451860385
0.4935802897457035
0.49437400383159447
0.49378677019160877
0.49440440875733227
0.4941690539056945
0.4938535972497659
0.4934806854150116
0.4940171777189842
0.49327535325840427
0.4938582859893229
0.49373702386562557
0.49437040367475754
0.49470900810664953
0.4928487752857659
0.4937042584572611
0.4935408649645027
0.4935515921335842
0.49327033258367364
0.49160753159195775
0.4934548594163672
0.493010500923939
0.49395595504064493
0.4935009432713855
0.49378677019160877
0.4923426523198504
0.492761959483625
0.4938428801386656
0.4981174689465364
0.49396578544079994
0.4930379482528818
0.49363188816573156
0.4913890471705953
0.49363711129818494
0.4929900715692113
0.4935357528700266
0.49387640523839765
0.49391528256969863
0.4936292101612206
0.49393536933156024
0.49368093500940224
0.4943907094974407
0.49442304604467924
0.4929993230082063
0.493010500923939
0.4940867455194005
0.4937381672441047
0.4954154508933604
0.493149585803784
0.49376296819006876
0.4937042584572611
0.49342033260945484
0.4936455983494588
0.4930699104312192
0.4935987639562524
0.49363711129818494
0.4940622629545935
0.49410802396516246
0.4931666488387284
0.49431536754280464
0.49443557443712827
0.4932179160466481
0.49416979228405206
0.4942937277442947
0.4940867455194005
0.4937906658092399
0.49338594627422805
0.49288775240668725
0.4928638811819306
0.49344282270387096
0.49398475309786566
0.4929372271524512
0.4934985539800134
0.49378929126629867
0.4936604317005387
0.49350140713478746
0.4928487752857659
0.4938428801386656
0.49506102157570336
0.49405171145194776
0.4935987639562524
0.49451538952162877
0.49325582315136296
0.49370780619600363
0.4935408649645027
0.49298768155878053
0.49331170477838354
0.4935515921335842
0.4935750797994118
0.4940622629545935
0.49349971831478
0.4952864666944176
0.49337710659412265
0.49278692224787407
0.49394723667618656
0.4935750797994118
0.49391528256969863
0.4942186878372455
0.4935447790471856
0.49399728158103035
0.49356727435526854
0.49357562502134883
0.4944732601398836
0.4930379482528818
0.4939134410795492
0.49375939417098264
0.49305175239865967
0.4929900715692113
0.49299711245354166
0.49363188816573156
0.4936403637988341
0.4937302896675193
0.4934901939684082
0.49393536933156024
0.49523312161321614
0.49327033258367364
0.49436345462478887
0.49331170477838354
0.49397661617342936
0.49294059930188266
0.49481490486008456
0.4929884064252163
0.49316786482749797
0.4941337405726782
0.49314960120179413
0.49371325117602965
0.4934525516404395
0.49362111451860385
0.49389656549874156
0.4931666488387284
0.4928638811819306
0.49363264594861617
0.49464139793929146
0.4937215312925094
0.4933323114239846
0.49305175239865967
0.49351427298514666
0.4928289860781283
0.49301286387975063
0.4930345358841148
0.4935838239804107
0.49328028272603847
0.4939134410795492
0.4941122824597217
0.4934548594163672
0.49327535325840427
0.4930699104312192
0.49395529195378457
0.4931140674458059
0.49403818477882755
0.49337085414843324
0.49380010591859724
0.49363264594861617
0.493987235319126
0.4947444086613801
0.49356727435526854
0.4931471770380578
0.49345042798853544
0.492761959483625
0.49288775240668725
0.4933659242463558
0.4964314923632952
0.4939079680366496
0.4932179160466481
0.49298768155878053
0.49371020793948067
0.4939888151364744
0.49194033778081336
0.49376807434912734
0.4935207218462407
0.49349223044528795
0.4935207218462407
0.4929104571353238
0.49391990386354817
0.49241630129841213
0.4931063473188856
0.49382657921276557
0.49414712729170773
0.4926654693818734
0.49376807434912734
0.49379357732732504
0.49436345462478887
0.49326223928001545
0.49379357732732504
0.49380010591859724
0.4935119444877169
0.4868902086415728
0.49376296819006876
0.49398475309786566
0.4934322599710621
0.4936455983494588
0.4868902086415728
0.49361261283445934
0.4937906658092399
0.49439155799038104
0.49410191881888627
0.4968204471945989
0.49481894124272213
0.4941161318628778
