0.8106450251077426
0.2910225950428181
0.81065560454121
0.29097686454153354
0.2909803171043386
0.8106776862768234
0.2909666222732028
0.2909620223215436
0.810665822758669
0.8106743468077662
0.8106208900427281
0.291234423067729
0.8106313514842545
0.29090264301428354
0.29093237908420666
0.8106224774364441
0.81065560454121
0.8106750858986833
0.29091430693087883
0.8106245791960919
0.8105729305919254
0.8105836201552896
0.29095261201830797
0.8106160311770594
0.29104024693024927
0.29100732618155367
0.8079798207390612
0.29104389018017174
0.7981375093653041
0.8091005969879573
0.81065560454121
0.2909579796412613
0.8106175697888645
0.8106611911886619
0.29089318428800565
0.8105171775696887
0.8102964100946887
0.2909804851690212
0.8106157707728601
0.8105686020297139
0.8106313514842545
0.29097686454153354
0.8102977337479231
0.8106240023867193
0.8106337284831753
0.29097454135256695
0.8105720728177013
0.8106015623494872
0.29098238500733253
0.8106195391959701
0.8106211147565916
0.29095261201830797
0.2909620223215436
0.291234423067729
0.8073628939885482
0.29097769699863596
0.8104741279638917
0.8106186230756481
0.2909830509792802
0.8106126551293537
0.29108202946796746
0.2909768558888037
0.814825745019021
0.29106055015195914
0.29104024693024927
0.8106664431957489
0.8105818040045856
0.8106095069070047
0.29096950850059444
0.29092133060128766
0.8106195391959701
0.29095095808251753
0.8126343674022816
0.810633910929943
0.29096283472473283
0.29096283472473283
0.29089848393680473
0.8105702316821569
0.29089930148158705
0.8105996156031159
0.2910225950428181
0.29107335049648864
0.8106208900427281
0.8106160311770594
0.8106611911886619
0.2910866225296188
0.29094328444213313
0.29091430693087883
0.8079798207390612
0.7964349200135494
0.8106242869030403
0.29096541425157374
0.8102988990682102
0.2910007113119575
0.8123197678715652
0.8105713085963384
0.28394493551163524
0.29098420932973645
0.810665822758669
0.5535800488701605
0.29098465291623915
0.8106428328994867
0.8102977337479231
0.29086271614978026
0.8106157707728601
0.2910048024500631
0.7981375093653041
0.8106301923824578
0.2908974949404464
0.28394493551163524
0.8106406569511986
0.29107335049648864
0.8104315658517336
0.5535800488701605
0.29097669726377706
0.8106224774364441
0.282209406713255
0.29092041308727623
0.8102988990682102
0.29098420932973645
0.2912394152098119
0.2872701876479757
0.8105729668111227
0.8106776862768234
0.291234423067729
0.29097285271404993
0.29104389018017174
0.2910445498890815
0.29089318428800565
0.8106121105314807
0.29090264301428354
0.2910751031937363
0.282209406713255
0.29104024693024927
0.8106743468077662
0.8106337284831753
0.29169313452743106
0.2908467256839954
0.2908984236787386
0.29092041308727623
0.29080414541002697
0.2909666222732028
0.18393695764699874
0.2909620223215436
0.8106208900427281
0.2909871068098643
0.8105171775696887
0.8106776862768234
0.2910345545499972
0.8106369509419453
0.8095442532758828
0.8104741279638917
0.8106583559301084
0.81062006081519
0.8106313514842545
0.29104194277935175
0.8105334599153432
0.8105836201552896
0.2909830509792802
0.8105729305919254
0.8123197678715652
0.29104389018017174
0.29093237908420666
0.8170971390467728
0.8106246302760309
0.81062006081519
0.8106203756767962
0.290883163850794
0.8073628939885482
0.8105756295016937
0.1784124318575147
0.3414967716145344
0.3414967716145344
0.2872701876479757
0.810650765864136
0.8105818040045856
0.8106408803426042
0.29080414541002697
0.8106810257458805
0.8106362887946545
0.2910751031937363
0.814315032342269
0.2908972374237001
0.28803101730341407
0.8106591086548349
0.8106195391959701
0.29090264301428354
0.29089848393680473
0.8126343674022816
0.7981375093653041
0.8105729305919254
0.8108099313478219
0.8106095069070047
0.8106611911886619
0.8105171775696887
0.8105943941690213
0.8170971390467728
0.8104177429439964
0.291234423067729
0.29089910719335704
0.29100732618155367
0.2909803171043386
0.8104315658517336
0.290930299859303
0.2910225950428181
0.8106305060244053
0.8106924174423271
0.2910007113119575
0.8106254677843303
0.8106079351081852
0.28803101730341407
0.290937553218866
0.29095103870763217
0.8107251575526458
0.8106664431957489
0.7964349200135494
0.29091430693087883
0.18393695764699874
0.8105720728177013
0.29096541425157374
0.8106382539100169
0.29095044505373274
0.8106789902029794
0.8105836201552896
0.29097036520687586
0.2908984236787386
0.2911596162754219
0.290883163850794
0.2908895363584183
0.8106339492877372
0.1784124318575147
0.8105943941690213
0.8106583559301084
0.29097686454153354
0.8106521377704515
0.8105334599153432
0.8106759242686272
0.814315032342269
0.8106224774364441
0.8095442532758828
0.2909579796412613
0.8104475277411126
0.2909103080230878
0.29104082302638534
0.8106591086548349
0.814825745019021
0.8106301923824578
0.29095261201830797
0.8106240023867193
0.2910123295169775
