0.5962670267646493
0.18189629025574225
0.4434177501170859
0.1429951450485402
0.8327737795939961
0.8833722555915724
0.33684821303713686
0.6323125169031131
0.1820293827754324
0.7965408799597377
0.36493233156309757
0.7765246706908248
0.7895508305543245
0.37865636448640777
0.8245586297115602
0.1404219789326088
0.35609158844054356
0.751495425343871
0.8883019310632773
0.30964976798121424
0.7986155120708845
0.8393686695507743
0.847883618418267
0.8245586297115602
0.14642403062760798
0.4502545054613441
0.837126062743304
0.7500650045969474
0.3432864812271992
0.3234016071486399
0.2960876712618743
0.06822870202028994
0.2199770168719608
0.22600568237759658
0.18189629025574225
0.8811316459769728
0.8500344234856937
0.8150642751972125
0.8247217626869713
0.7997140288476539
0.1676978519269123
0.7997140288476539
0.8361563021186088
0.8780754666334843
0.8327737795939961
0.19324888686935426
0.8128600933647546
0.19324888686935426
0.837126062743304
0.37865636448640777
0.16409352485035197
0.847883618418267
0.23745960000316035
0.4434177501170859
0.7718546186226038
0.8162564677568422
0.48155180747221643
0.925808293280954
0.3344892527843844
0.4736509688615877
0.2151027104974842
0.4332163615922547
0.8884783532119019
0.23745960000316035
0.14642403062760798
0.925808293280954
0.7368570208984931
0.7368570208984931
0.14503008561813538
0.8758048214489018
0.8153102017720225
0.33684821303713686
0.5962670267646493
0.14642403062760798
0.7500650045969474
0.8327737795939961
0.28951605950214104
0.7976361780082833
0.8595527665518604
0.8675647301853356
0.3266358828048592
0.2249306764887881
0.8363105338796686
0.19324888686935426
0.2465183819714052
0.35609158844054356
0.8846604183405293
0.1404219789326088
0.7728848639741357
0.1313018649836714
0.1313018649836714
0.36514434912287763
0.7937448601975724
0.4293796141861948
0.7986155120708845
0.7483903429839206
0.06822870202028994
0.25762964420640094
0.7229778326467273
0.6323125169031131
0.30964976798121424
0.8411094273065206
0.6518611474808141
0.7483903429839206
0.8247217626869713
0.12757949754433426
0.751495425343871
0.7269671200939621
0.11889118810892418
0.3682046356825906
0.8393686695507743
0.4312222480698314
0.7965408799597377
0.4736509688615877
0.15504517122008724
0.8715848322618692
0.2591140033548845
0.32060412228305984
0.8247274394286884
0.1817631977360521
0.30964976798121424
0.24708832359679947
0.2465183819714052
0.8121548168288727
0.23745960000316035
0.5648344016966305
0.2249306764887881
0.32060412228305984
0.2591140033548845
0.8369575801838189
0.8100792259612732
0.3526090705093672
0.10734766073790804
0.3599370796495391
0.47843741676406915
0.8780754666334843
0.7976692344190899
0.2151027104974842
0.7269671200939621
0.22748286349570676
0.1429951450485402
0.0889212097202913
0.16363238843660713
0.42159047678665074
0.36493233156309757
0.8595527665518604
0.7765246706908248
0.22600568237759658
0.28966119552078956
0.7666898089414655
0.837126062743304
0.41067684012143313
0.72514516262082
0.8202489442618656
0.39977248179860136
0.7069100154349611
0.7884879303679874
0.9133148437536566
0.3277448150112214
0.2199770168719608
0.8369575801838189
0.3946150073597683
0.1490507025226324
0.7884879303679874
0.7500650045969474
0.8202489442618656
0.7874758626081718
0.2960876712618743
0.7728848639741357
0.7778963759904937
0.14736697565529092
0.4312222480698314
0.2596398126964251
0.3277448150112214
0.8431633275345595
0.7368570208984931
0.8068227960349795
0.12206253610138489
0.7990828359374268
0.8150642751972125
0.3526090705093672
0.8700484811956144
0.2596398126964251
0.8811316459769728
0.7390989446247028
0.19866060569788743
0.3234016071486399
0.2199770168719608
0.8245586297115602
0.7528462266990588
0.12757949754433426
0.7528462266990588
0.8883019310632773
0.08426055565917706
0.7446336770467673
0.8974473822967006
0.7976692344190899
0.1429951450485402
0.6518611474808141
0.06822870202028994
0.3432864812271992
0.4502545054613441
0.48763245618270656
0.12206253610138489
0.1817631977360521
0.7765246706908248
0.8808541392312882
0.3946150073597683
0.8715848322618692
0.3234016071486399
0.4434177501170859
0.10719777909351909
0.22600568237759658
0.8393686695507743
0.8500344234856937
0.7229778326467273
0.7718546186226038
0.18189629025574225
0.8883019310632773
0.3661735923270648
0.7462056144018812
0.8162564677568422
0.6618295747854959
0.8431633275345595
0.3661735923270648
0.6323125169031131
0.5648344016966305
0.14736697565529092
0.1676978519269123
0.17097951423924998
0.19866060569788743
0.8974473822967006
0.751495425343871
0.4016540382009239
0.7937448601975724
0.8121548168288727
0.8777238007760148
0.5086516084182665
0.7986155120708845
0.9083462944112713
0.1404219789326088
0.5086516084182665
0.48763245618270656
0.39977248179860136
0.33470270471743374
0.8884783532119019
0.9083462944112713
0.8777238007760148
0.4293796141861948
0.0889212097202913
