0.8149485133331544
0.29739490755415265
0.2817003154396124
0.29598630169123813
0.817374491808068
0.291117596825223
0.2912323022841124
0.8099930549709725
0.8168197862854777
0.8063237150992529
0.8116320107952267
0.8090301360307408
0.802364254673165
0.2780132404216043
0.2960056919055597
0.2999713035621532
0.2959881421309798
0.8164757037825744
0.28960324487887495
0.8221994271469125
0.802364254673165
0.817374491808068
0.29890385590460444
0.2944794536560104
0.3021376625447713
0.8091862558138194
0.3036108952378261
0.817374491808068
0.2830822907118145
0.8275414030254061
0.2960056919055597
0.29952406767994605
0.8062519842868828
0.2820445981329479
0.2820445981329479
0.8214764239906062
0.8186629882341996
0.2800778943143621
0.8101153208847256
0.2820445981329479
0.3038397956752393
0.2827919909850158
0.28895931471701913
0.282225111332759
0.8101153208847256
0.8168197862854777
0.28960324487887495
0.282225111332759
0.8088150631184831
0.3038397956752393
0.28203258335299936
0.3250115702931989
0.8010089982971825
0.8090301360307408
0.29739490755415265
0.28542386119162316
0.8088150631184831
0.8136185653701379
0.2890933501040947
0.8015080599752541
0.29584975013473797
0.30181233324085116
0.804598286876184
0.8116320107952267
0.3021376625447713
0.8164757037825744
0.8062519842868828
0.7962213768126283
0.3061604630299004
0.33099753005552807
0.29749276192030893
0.2944794536560104
0.8063237150992529
0.30460553835090537
0.33333825579957777
0.802364254673165
0.284892031254154
0.8115901104087738
0.2913196932186858
0.8147217741752177
0.28203258335299936
0.2959881421309798
0.3021376625447713
0.8091862558138194
0.30009929688273884
0.3038397956752393
0.28960324487887495
0.28358040391574085
0.8028355066566808
0.8015080599752541
0.25483133903224425
0.28946460690073866
0.8083941136887377
0.3146471378464794
0.8136185653701379
0.2852218856640656
0.2770496178048647
0.2905746578478867
0.8164757037825744
0.5535800488701605
0.8186629882341996
0.8265923405687614
0.8053601990188101
0.3016032840195837
0.8090301360307408
0.2689854904368555
0.781545721393591
0.8064332220199999
0.2732988529035685
0.24970304311814595
0.8010089982971825
0.2912323022841124
0.30246299184869146
0.5535800488701605
0.2770496178048647
0.8115901104087738
0.2830917226938243
0.2905978958032336
0.8147217741752177
0.3061604630299004
0.2830822907118145
0.2817003154396124
0.2999713035621532
0.8075455852095835
0.2999713035621532
0.31010813860619546
0.30281210697273114
0.30009929688273884
0.2780132404216043
0.8101153208847256
0.8023178769932942
0.29598630169123813
0.27248942263021003
0.29749276192030893
0.29598630169123813
0.8063237150992529
0.2570781152143396
0.2800778943143621
0.8191389409853376
0.291117596825223
0.2780132404216043
0.28830193982143315
0.18393695764699874
0.308397504190945
0.2893436001956981
0.8114422686671612
0.8062509735072817
0.8191634764822439
0.2944794536560104
0.8042585207427151
0.8088150631184831
0.8162117978729215
0.8113502812317478
0.8124414288308373
0.3136604988817109
0.28946460690073866
0.8027626615019718
0.8214764239906062
0.2827919909850158
0.3143146032999121
0.8070846783343816
0.29084816428634913
0.3043367985645715
0.8168197862854777
0.8099930549709725
0.8124414288308373
0.8067959656986439
0.26691446529094
0.8099930549709725
0.8050449734905826
0.1784124318575147
0.3564972296810037
0.3774382320259028
0.28542386119162316
0.8067959656986439
0.7962213768126283
0.8250505575912244
0.2584846922344702
0.8110432328066548
0.811451301633318
0.29481963622562424
0.8257688392235345
0.2732988529035685
0.306609557357463
0.8083941136887377
0.8128738378889965
0.284892031254154
0.29673418725771084
0.8265923405687614
0.781545721393591
0.3250115702931989
0.8071441380923692
0.808228891572345
0.2570781152143396
0.8162117978729215
0.8113502812317478
0.817374491808068
0.8164757037825744
0.8075455852095835
0.2913196932186858
0.2852218856640656
0.2959745035513954
0.2890286280021647
0.2660845276398645
0.26691446529094
0.8062509735072817
0.8008306473825414
0.29890385590460444
0.804598286876184
0.32592667620939797
0.2817003154396124
0.29584975013473797
0.2953395732617372
0.8089500968798429
0.8006455106949735
0.7882036659628858
0.8028355066566808
0.18393695764699874
0.8015080599752541
0.2726646397596249
0.8149485133331544
0.3061604630299004
0.8023178769932942
0.8229768151099964
0.2890286280021647
0.289858192266265
0.29084816428634913
0.2905746578478867
0.291117596825223
0.2950490153900392
0.1784124318575147
0.8156844662026623
0.806936986529231
0.3136604988817109
0.8186629882341996
0.8025064944590775
0.8097403974572491
0.8257688392235345
0.8100349299005606
0.8275414030254061
0.28358040391574085
0.8042585207427151
0.2867687590040809
0.2890933501040947
0.8116320107952267
0.8191389409853376
0.8275414030254061
0.8156844662026623
0.3143146032999121
0.28830193982143315
