0.8103654585515375
0.8103673560331716
0.8103667021323164
0.8103660610098172
0.2894119588418171
0.8103703297438116
0.8103629912459772
0.8103619602198502
0.8103615582740167
0.8103692351615174
0.2887361843250679
0.8103639923961377
0.2888272204256486
0.2894163379012407
0.8103665880225583
0.8103611775237503
0.8103686036061117
0.8103671565491801
0.2887762886232925
0.8103636729364506
0.8103657865731565
0.8103606243418575
0.28941330436908286
0.8103685707021246
0.8103597810951509
0.8103648958253605
0.2886781894412919
0.28902156384409744
0.2894092232741892
0.8103708330298977
0.8103656184445207
0.28326326304085164
0.8103660482314613
0.28891710464469983
0.8103663540618031
0.28999391969822197
0.8103692351615174
0.8103652613554027
0.2894121817493882
0.8103695483327612
0.8103671565491801
0.2894163379012407
0.810366806490998
0.2891201932556511
0.8103606243418575
0.8103523574549135
0.28896746888135894
0.28912032292683326
0.288869699963471
0.810363159790845
0.8103645150760506
0.8103665148289312
0.28896962187395375
0.28885429274194685
0.8103657865731565
0.2890424793672655
0.8103599888358763
0.28812539644308877
0.2894163379012407
0.8103612795693422
0.2887329873841369
0.29007983374103613
0.8103697187955339
0.2885279465594049
0.28966933831922
0.2882826364412379
0.8103636142348373
0.8103642140204482
0.2890424793672655
0.8103443053259634
0.2890348350859879
0.28896746888135894
0.8126343674022816
0.28966933831922
0.288869699963471
0.8104066191679586
0.2893844744518291
0.8103636142348373
0.28962652262182037
0.8103703297438116
0.28909840759468847
0.8103632518666505
0.8103883242867532
0.8103704828784213
0.8103648958253605
0.8103703297438116
0.2891339627478346
0.8103289066010096
0.28912032292683326
0.7964349200135494
0.8103629912459772
0.28885429274194685
0.8103654089484097
0.28999391969822197
0.8103702746761072
0.8103636729364506
0.2896235535450028
0.28971089663903676
0.8103716279048783
0.5535800488701605
0.28973459664281953
0.8103771857106596
0.8103660610098172
0.2885470325577526
0.28885429274194685
0.29015393921090815
0.8102828882652588
0.8103556154616667
0.2898105844591214
0.2890926170491044
0.8103654585515375
0.28941330436908286
0.28889891010639174
0.5535800488701605
0.2896902812313207
0.8103688609547097
0.2886781894412919
0.2895039817377874
0.8103585739407839
0.29015393921090815
0.28935909697969997
0.288869699963471
0.8103611775237503
0.8103663540618031
0.2886000383921086
0.2887762886232925
0.288743014693007
0.2889212187886142
0.2889028874874504
0.8103612795693422
0.8103615582740167
0.2887717538823836
0.28829609880853974
0.28326326304085164
0.2887361843250679
0.8103698671246249
0.8103629844949942
0.2890981334516135
0.288743014693007
0.2887436439400579
0.28891710464469983
0.28805527246717755
0.2870594881343095
0.28896962187395375
0.2893975806392253
0.28896814313171754
0.8103692490569501
0.8103629844949942
0.2895721228937665
0.8103671106420276
0.8103660610098172
0.8103692583038852
0.8103636729364506
0.8103649551240831
0.810369243141463
0.2870594881343095
0.28896746888135894
0.28812539644308877
0.28909245828876684
0.8103652136436258
0.8103606328286483
0.8103656184445207
0.28925308557139306
0.8170971390467728
0.8103688505711832
0.8103667021323164
0.8103708386303051
0.2894119588418171
0.8103709473698442
0.8103811128077137
0.28326326304085164
0.28941330436908286
0.2886000383921086
0.28911255165471994
0.8103673560331716
0.8103575513949157
0.8103708330298977
0.2894119588418171
0.8103663540618031
0.2892472711730645
0.8103692351615174
0.814315032342269
0.28999391969822197
0.2896173072968171
0.8103713356399019
0.810363159790845
0.28845705786293013
0.2890348350859879
0.8126343674022816
0.8103587478160629
0.8103804332959639
0.8103665880225583
0.8103611775237503
0.8103641372105198
0.8103619602198502
0.8103620107953862
0.8170971390467728
0.8103697187955339
0.8103685033948456
0.2891201932556511
0.2896902812313207
0.28933178690858463
0.8103665148289312
0.29007983374103613
0.28903198744326447
0.8103571063729016
0.8103663307458137
0.2887329873841369
0.8103656184445207
0.8103690733841385
0.28973459664281953
0.8103730701768249
0.2888892730023384
0.8103620465659342
0.8103639923961377
0.7964349200135494
0.8103737478615045
0.810369497097494
0.8103630896849812
0.2889344201388733
0.810368325872586
0.2890424793672655
0.8103702746761072
0.8103638799802477
0.2894121817493882
0.2873580018545752
0.2887762886232925
0.8103652613554027
0.28933178690858463
0.8103639923961377
0.8103641372105198
0.8103638560034877
0.8103443053259634
0.2889472750001138
0.2888272204256486
0.8103550970656896
0.8103511781934056
0.814315032342269
0.8103605566385186
0.8103686036061117
0.2885322544372444
0.8103443053259634
0.2896173072968171
0.2888595126061274
0.8103665880225583
0.8103755494912006
0.8103679399795546
0.810370136800701
0.29000699839453975
0.28805527246717755
