0.5962670267646493
0.16242434084439106
0.4736509688615877
0.7681394278252348
0.7572548684376309
0.8056360733558784
0.5648344016966305
0.7527030116950859
0.3375047164423053
0.8080095187140807
0.392094165238696
0.8430314047942511
0.7681394278252348
0.941542867358923
0.1942475712585937
0.3375047164423053
0.4736509688615877
0.706777466565231
0.12913160322131287
0.8080095187140807
0.3375047164423053
0.10719777909351909
0.4159509982649852
0.08426055565917706
0.7794851420530596
0.4736509688615877
0.7491250107007789
0.7791519251919465
0.3266358828048592
0.8130869908359405
0.2574726378063148
0.7794851420530596
0.10737763706678584
0.4564445421943028
0.28951605950214104
0.4564445421943028
0.09797709689220716
0.8763346922390083
0.8435563648747525
0.7900919404869704
0.16242434084439106
0.1942475712585937
0.7973276017700561
0.5648344016966305
0.8802762199513783
0.25762964420640094
0.8503606894365158
0.15740930397996214
0.8763346922390083
0.35659284769883265
0.12913160322131287
0.6277427956806516
0.4159509982649852
0.38197619577200503
0.7337783365940821
0.09797709689220716
0.8763346922390083
0.925808293280954
0.3303820000227984
0.4736509688615877
0.28951605950214104
0.2358678483465202
0.8816191240906455
0.938331416531114
0.15740930397996214
0.925808293280954
0.706024869252235
0.3385965055459704
0.11688084211491713
0.874745079868689
0.8130869908359405
0.3134054567185826
0.5962670267646493
0.1354387572752538
0.7681394278252348
0.8056360733558784
0.6699327946608387
0.12913160322131287
0.8607498922523324
0.8675647301853356
0.8435674646092881
0.16242434084439106
0.10665229653295823
0.2001004306520151
0.2574726378063148
0.13681800209312653
0.8877017125904132
0.1444042005816284
0.7728396373245934
0.13805388735669627
0.13020849711236887
0.8358970041621943
0.7390989446247028
0.4298788538652517
0.7794851420530596
0.7527030116950859
0.05966865513917262
0.25762964420640094
0.08426055565917706
0.6501584462681244
0.8358970041621943
0.8411094273065206
0.6518611474808141
0.7527030116950859
0.8503606894365158
0.135509094820334
0.706777466565231
0.7118232459221279
0.09797709689220716
0.35659284769883265
0.8835168003861958
0.4159509982649852
0.819629700662534
0.4736509688615877
0.13805388735669627
0.8715848322618692
0.1747083952283202
0.35736288254718224
0.8130869908359405
0.15391499660249797
0.3266358828048592
0.25762964420640094
0.23556412613649558
0.8051804155295963
0.38197619577200503
0.5648344016966305
0.20567691973548202
0.35736288254718224
0.3696652236430887
0.8308837555733869
0.8224892175034566
0.392094165238696
0.10737763706678584
0.3395169114756048
0.43296433523651273
0.8647600229243755
0.7496930644886378
0.20567691973548202
0.7118232459221279
0.717123150126089
0.11688084211491713
0.10719777909351909
0.1942475712585937
0.3696652236430887
0.33074314702564056
0.874745079868689
0.7572548684376309
0.28951605950214104
0.3134054567185826
0.717123150126089
0.31220315393285886
0.37694936870190493
0.775150019189654
0.8435563648747525
0.39977248179860136
0.7077951616176873
0.7467164774564844
0.925808293280954
0.3957815282035235
0.1747083952283202
0.8430314047942511
0.3957815282035235
0.135509094820334
0.7424126214084694
0.7681394278252348
0.8608487294470071
0.8121180725003837
0.33873611567372097
0.7337783365940821
0.7778963759904937
0.15877554217761314
0.4159509982649852
0.2441813483213402
0.3735482816333482
0.8563225417560326
0.706024869252235
0.8080095187140807
0.11533925674191034
0.8435674646092881
0.7728025523381286
0.392094165238696
0.8685121301293595
0.2441813483213402
0.8870486893830107
0.7390989446247028
0.2358678483465202
0.34462743286181224
0.1434275070738842
0.8802762199513783
0.729405419324839
0.1216323281513199
0.729405419324839
0.8430314047942511
0.08426055565917706
0.7900919404869704
0.8974473822967006
0.7791519251919465
0.12235790166047326
0.6518611474808141
0.07678874890140726
0.3266358828048592
0.2917877724629884
0.6277427956806516
0.11533925674191034
0.15391499660249797
0.7572548684376309
0.8781914780763805
0.3961036694944098
0.8715848322618692
0.3375047164423053
0.39692876974385966
0.10719777909351909
0.24772415402383793
0.8835168003861958
0.8802762199513783
0.7229778326467273
0.7496930644886378
0.28951605950214104
0.9373677716376866
0.3874018446914474
0.7229778326467273
0.8056360733558784
0.6618295747854959
0.8532304709784649
0.3874018446914474
0.6501584462681244
0.5648344016966305
0.15877554217761314
0.47217802953178845
0.13681800209312653
0.23556412613649558
0.8974473822967006
0.706777466565231
0.4016540382009239
0.7404310664984777
0.8051804155295963
0.941542867358923
0.5049936864738552
0.7728025523381286
0.9373677716376866
0.1444042005816284
0.4564445421943028
0.5239104982916256
0.39977248179860136
0.33873611567372097
0.8922962880832745
0.9275478095285794
0.941542867358923
0.5239104982916256
0.07064464034706353
