0.317013071462817
0.317013071462817
0.7452619344410158
0.317013071462817
0.317013071462817
0.7452619344410158
0.317013071462817
0.7452619344410158
0.7452619344410158
0.7452619344410158
0.7452619344410158
0.7452619344410158
0.317013071462817
0.7452619344410158
0.7452619344410158
0.317013071462817
0.317013071462817
0.317013071462817
0.7452619344410158
0.317013071462817
0.317013071462817
0.317013071462817
0.7452619344410158
0.7452619344410158
0.317013071462817
0.7452619344410158
0.7452619344410158
0.7452619344410158
0.7452619344410158
0.7452619344410158
0.317013071462817
0.7452619344410158
0.317013071462817
0.317013071462817
0.7452619344410158
0.317013071462817
0.317013071462817
0.317013071462817
0.317013071462817
0.317013071462817
0.7452619344410158
0.7452619344410158
0.7452619344410158
0.7452619344410158
0.7452619344410158
0.317013071462817
0.7452619344410158
0.317013071462817
0.7452619344410158
0.317013071462817
0.7452619344410158
0.317013071462817
0.317013071462817
0.317013071462817
0.317013071462817
0.317013071462817
0.7452619344410158
0.317013071462817
0.7452619344410158
0.7452619344410158
0.7452619344410158
0.317013071462817
0.317013071462817
0.317013071462817
0.7452619344410158
0.317013071462817
0.7452619344410158
0.7452619344410158
0.317013071462817
0.317013071462817
0.317013071462817
0.7452619344410158
0.317013071462817
0.317013071462817
0.317013071462817
0.317013071462817
0.317013071462817
0.317013071462817
0.317013071462817
0.7452619344410158
0.7452619344410158
0.317013071462817
0.317013071462817
0.10357295088876976
0.317013071462817
0.7452619344410158
0.317013071462817
0.7452619344410158
0.317013071462817
0.7452619344410158
0.317013071462817
0.7452619344410158
0.7452619344410158
0.317013071462817
0.317013071462817
0.317013071462817
0.317013071462817
0.7452619344410158
0.317013071462817
0.317013071462817
0.317013071462817
0.317013071462817
0.7452619344410158
0.7452619344410158
0.317013071462817
0.317013071462817
0.7452619344410158
0.317013071462817
0.317013071462817
0.317013071462817
0.317013071462817
0.7452619344410158
0.7452619344410158
0.7452619344410158
0.7452619344410158
0.317013071462817
0.7452619344410158
0.7452619344410158
0.317013071462817
0.7452619344410158
0.317013071462817
0.317013071462817
0.7452619344410158
0.317013071462817
0.317013071462817
0.7452619344410158
0.7452619344410158
0.7452619344410158
0.317013071462817
0.317013071462817
0.7452619344410158
0.7452619344410158
0.317013071462817
0.317013071462817
0.317013071462817
0.317013071462817
0.7452619344410158
0.7452619344410158
0.7452619344410158
0.7452619344410158
0.7452619344410158
0.317013071462817
0.317013071462817
0.317013071462817
0.317013071462817
0.7452619344410158
0.7452619344410158
0.317013071462817
0.1510053280319112
0.7452619344410158
0.7452619344410158
0.7452619344410158
0.317013071462817
0.7452619344410158
0.317013071462817
0.43265441447393926
0.7452619344410158
0.7452619344410158
0.317013071462817
0.317013071462817
0.7492659684418899
0.317013071462817
0.7452619344410158
0.7452619344410158
0.7452619344410158
0.317013071462817
0.317013071462817
0.317013071462817
0.7452619344410158
0.317013071462817
0.7452619344410158
0.7452619344410158
0.7452619344410158
0.7452619344410158
0.1510053280319112
0.317013071462817
0.317013071462817
0.7452619344410158
0.7452619344410158
0.317013071462817
0.7452619344410158
0.7452619344410158
0.317013071462817
0.317013071462817
0.317013071462817
0.317013071462817
0.317013071462817
0.317013071462817
0.317013071462817
0.317013071462817
0.7452619344410158
0.7452619344410158
0.7452619344410158
0.317013071462817
0.317013071462817
0.7452619344410158
0.7492659684418899
0.7452619344410158
0.317013071462817
0.317013071462817
0.317013071462817
0.317013071462817
0.317013071462817
0.7452619344410158
0.7452619344410158
0.317013071462817
0.317013071462817
0.7452619344410158
0.317013071462817
0.317013071462817
0.317013071462817
0.317013071462817
0.317013071462817
0.317013071462817
0.317013071462817
0.7452619344410158
0.7452619344410158
0.317013071462817
0.317013071462817
0.317013071462817
0.317013071462817
0.317013071462817
0.317013071462817
0.317013071462817
0.7452619344410158
0.7452619344410158
0.7452619344410158
0.317013071462817
0.7452619344410158
0.7452619344410158
0.7452619344410158
0.317013071462817
0.317013071462817
0.317013071462817
0.317013071462817
0.317013071462817
0.317013071462817
0.7452619344410158
0.317013071462817
0.317013071462817
0.7452619344410158
0.10357295088876976
0.7452619344410158
0.43265441447393926
0.317013071462817
0.317013071462817
0.317013071462817
0.7452619344410158
0.317013071462817
0.7452619344410158
