0.3174524759089268
0.3174524759089268
0.3174524759089268
0.745320094109465
0.745320094109465
0.745320094109465
0.3174524759089268
0.3174524759089268
0.3174524759089268
0.745320094109465
0.3174524759089268
0.3174524759089268
0.745320094109465
0.745320094109465
0.745320094109465
0.745320094109465
0.3174524759089268
0.3174524759089268
0.3174524759089268
0.3174524759089268
0.745320094109465
0.3174524759089268
0.745320094109465
0.745320094109465
0.3174524759089268
0.745320094109465
0.3174524759089268
0.745320094109465
0.745320094109465
0.3174524759089268
0.3174524759089268
0.3174524759089268
0.3174524759089268
0.745320094109465
0.745320094109465
0.3174524759089268
0.745320094109465
0.3174524759089268
0.745320094109465
0.3174524759089268
0.3174524759089268
0.3174524759089268
0.3174524759089268
0.3174524759089268
0.745320094109465
0.745320094109465
0.745320094109465
0.745320094109465
0.3174524759089268
0.3174524759089268
0.3174524759089268
0.3174524759089268
0.3174524759089268
0.3174524759089268
0.3174524759089268
0.745320094109465
0.745320094109465
0.745320094109465
0.3174524759089268
0.745320094109465
0.3174524759089268
0.3174524759089268
0.3174524759089268
0.745320094109465
0.745320094109465
0.3174524759089268
0.3174524759089268
0.3174524759089268
0.3174524759089268
0.3174524759089268
0.3174524759089268
0.745320094109465
0.3174524759089268
0.3174524759089268
0.745320094109465
0.3174524759089268
0.3174524759089268
0.745320094109465
0.3174524759089268
0.745320094109465
0.3174524759089268
0.745320094109465
0.3174524759089268
0.10357295088876976
0.3174524759089268
0.745320094109465
0.3174524759089268
0.745320094109465
0.3174524759089268
0.745320094109465
0.3174524759089268
0.745320094109465
0.745320094109465
0.3174524759089268
0.3174524759089268
0.3174524759089268
0.3174524759089268
0.745320094109465
0.3174524759089268
0.3174524759089268
0.3174524759089268
0.3174524759089268
0.745320094109465
0.745320094109465
0.3174524759089268
0.3174524759089268
0.745320094109465
0.3174524759089268
0.3174524759089268
0.3174524759089268
0.3174524759089268
0.745320094109465
0.745320094109465
0.745320094109465
0.745320094109465
0.3174524759089268
0.745320094109465
0.745320094109465
0.3174524759089268
0.745320094109465
0.3174524759089268
0.3174524759089268
0.745320094109465
0.3174524759089268
0.3174524759089268
0.745320094109465
0.745320094109465
0.745320094109465
0.3174524759089268
0.3174524759089268
0.745320094109465
0.745320094109465
0.3174524759089268
0.3174524759089268
0.3174524759089268
0.3174524759089268
0.745320094109465
0.745320094109465
0.745320094109465
0.745320094109465
0.745320094109465
0.3174524759089268
0.3174524759089268
0.3174524759089268
0.3174524759089268
0.745320094109465
0.745320094109465
0.3174524759089268
0.1510053280319112
0.745320094109465
0.745320094109465
0.745320094109465
0.3174524759089268
0.745320094109465
0.3174524759089268
0.35556018579985776
0.745320094109465
0.745320094109465
0.3174524759089268
0.3174524759089268
0.745320094109465
0.3174524759089268
0.745320094109465
0.745320094109465
0.745320094109465
0.3174524759089268
0.3174524759089268
0.3174524759089268
0.745320094109465
0.3174524759089268
0.745320094109465
0.745320094109465
0.745320094109465
0.745320094109465
0.1510053280319112
0.3174524759089268
0.3174524759089268
0.745320094109465
0.745320094109465
0.3174524759089268
0.745320094109465
0.745320094109465
0.3174524759089268
0.3174524759089268
0.3174524759089268
0.3174524759089268
0.3174524759089268
0.3174524759089268
0.3174524759089268
0.3174524759089268
0.745320094109465
0.745320094109465
0.745320094109465
0.3174524759089268
0.3174524759089268
0.3174524759089268
0.745320094109465
0.745320094109465
0.3174524759089268
0.3174524759089268
0.3174524759089268
0.3174524759089268
0.3174524759089268
0.745320094109465
0.745320094109465
0.3174524759089268
0.3174524759089268
0.745320094109465
0.3174524759089268
0.3174524759089268
0.3174524759089268
0.3174524759089268
0.3174524759089268
0.3174524759089268
0.3174524759089268
0.745320094109465
0.745320094109465
0.3174524759089268
0.3174524759089268
0.3174524759089268
0.3174524759089268
0.3174524759089268
0.3174524759089268
0.3174524759089268
0.745320094109465
0.745320094109465
0.745320094109465
0.3174524759089268
0.745320094109465
0.745320094109465
0.745320094109465
0.3174524759089268
0.3174524759089268
0.3174524759089268
0.3174524759089268
0.3174524759089268
0.3174524759089268
0.745320094109465
0.3174524759089268
0.3174524759089268
0.745320094109465
0.10357295088876976
0.745320094109465
0.35556018579985776
0.3174524759089268
0.3174524759089268
0.3174524759089268
0.745320094109465
0.3174524759089268
0.745320094109465
