0.7090376327927255
0.30499138071834453
0.7193091363173822
0.7090376327927269
0.30499138071834453
0.7090376327927264
0.7090376327927268
0.30499138071834453
0.30499138071834453
0.30499138071834453
0.7090376327927266
0.30499138071834453
0.30499138071834453
0.7090376327927242
0.30499138071834453
0.7090376327927234
0.30499138071834453
0.30499138071834453
0.30499138071834453
0.30499138071834453
0.7090376327927264
0.30499138071834453
0.30499138071834453
0.7090376327927257
0.7090376327927248
0.30499138071834453
0.7090376327927262
0.30499138071834453
0.30499138071834453
0.7090376327927255
0.7090376327927234
0.7090376327927255
0.7090376327927255
0.7090376327927268
0.30499138071834453
0.7090376327927257
0.7090376327927267
0.7090376327927259
0.7090376327927258
0.709037632792726
0.7090376327927214
0.30499138071834453
0.7090376327927266
0.30499138071834453
0.7090376327927246
0.30499138071834453
0.30499138071834453
0.30499138071834453
0.7090376327927264
0.30499138071834453
0.30499138071834453
0.7090376327927267
0.7090376327927262
0.7090376327927256
0.30499138071834453
0.7090376327927257
0.7090376327927258
0.7090376327927255
0.30499138071834453
0.30499138071834453
0.30499138071834453
0.30499138071834453
0.7090376327927256
0.7090376327927255
0.30499138071834453
0.30499138071834453
0.30499138071834453
0.3249734377111856
0.15113612677671828
0.30499138071834453
0.7090376327927248
0.7090376327927249
0.30499138071834453
0.3249734377111856
0.30499138071834453
0.30499138071834453
0.30499138071834453
0.30499138071834453
0.3249734377111856
0.30499138071834453
0.30499138071834453
0.30499138071834453
0.30499138071834453
0.30499138071834453
0.7090376327927248
0.30499138071834453
0.30499138071834453
0.7090376327927266
0.30499138071834453
0.7090376327927254
0.2668176077027252
0.30499138071834453
0.30499138071834453
0.3249734377111856
0.30499138071834453
0.4899962576006631
0.709037632792727
0.7090376327927249
0.30499138071834453
0.7090376327927267
0.7090376327927259
0.042018745024539124
0.7090376327927258
0.7090376327927248
0.30499138071834453
0.7090376327927246
0.7090376327927242
0.30499138071834453
0.70903763279272
0.17018431744124535
0.30499138071834453
0.7090376327927266
0.7090376327927254
0.7090376327927279
0.30499138071834453
0.7090376327927239
0.7090376327927171
0.7090376327927254
0.7090376327927269
0.30499138071834453
0.7090376327927292
0.7090376327927246
0.7090376327927248
0.30499138071834453
0.30499138071834453
0.30499138071834453
0.7090376327927254
0.7090376327927266
0.7090376327927261
0.30499138071834453
0.30499138071834453
0.30499138071834453
0.7090376327927247
0.7090376327927164
0.30499138071834453
0.2668176077027252
0.7090376327927267
0.30499138071834453
0.30499138071834453
0.30499138071834453
0.7090376327927234
0.709037632792725
0.30499138071834453
0.30499138071834453
0.7090376327927267
0.7090376327927235
0.7090376327927214
0.1617450470444694
0.042018745024539124
0.30499138071834453
0.30499138071834453
0.30499138071834453
0.7090376327927269
0.7090376327927271
0.30499138071834453
0.30499138071834453
0.30499138071834453
0.7090376327927281
0.30499138071834453
0.30499138071834453
0.30499138071834453
0.30499138071834453
0.7090376327927164
0.30499138071834453
0.30499138071834453
0.30499138071834453
0.22149537120673282
0.30499138071834453
0.30499138071834453
0.285688884564058
0.30499138071834453
0.7090376327927214
0.30499138071834453
0.30499138071834453
0.30499138071834453
0.30499138071834453
0.30499138071834453
0.7090376327927257
0.30499138071834453
0.1452012970881647
0.30499138071834453
0.30499138071834453
0.17018431744124535
0.30499138071834453
0.923960880314675
0.30499138071834453
0.30499138071834453
0.30499138071834453
0.30499138071834453
0.30499138071834453
0.7090376327927221
0.30499138071834453
0.30499138071834453
0.30499138071834453
0.1617450470444694
0.22149537120673282
0.4899962576006631
0.30499138071834453
0.3249734377111856
0.7090376327927257
0.08581903551695563
0.30499138071834453
0.30499138071834453
0.1452012970881647
0.30499138071834453
0.709037632792724
0.4899962576006631
0.1452012970881647
0.2668176077027252
0.30499138071834453
0.923960880314675
0.285688884564058
0.7090376327927268
0.30499138071834453
0.30499138071834453
0.30499138071834453
0.5353374825183232
0.30499138071834453
0.7090376327927258
0.30499138071834453
0.30499138071834453
0.30499138071834453
0.15113612677671828
0.7193091363173822
0.30499138071834453
0.43375084804410746
0.7162992154248244
0.7090376327927258
0.7090376327927271
0.08581903551695563
0.7090376327927205
0.1617450470444694
0.7090376327927255
0.30499138071834453
0.30499138071834453
0.7090376327927257
0.7090376327927164
0.7090376327927241
0.1452012970881647
0.30499138071834453
0.30499138071834453
0.7162992154248244
0.43375084804410746
0.7090376327927262
0.5353374825183232
0.30499138071834453
0.30499138071834453
0.30499138071834453
0.30499138071834453
0.43375084804410746
