0.7065549479110862
0.7065549479110862
0.7232719942805779
0.7065549479110862
0.7065549479110862
0.7065549479110862
0.7065549479110862
0.3064613019187563
0.3064613019187563
0.3064613019187563
0.3064613019187563
0.3064613019187563
0.7065549479110862
0.7065549479110862
0.3064613019187563
0.7065549479110862
0.7065549479110862
0.3064613019187563
0.7065549479110862
0.7065549479110862
0.3064613019187563
0.7065549479110862
0.7065549479110862
0.3064613019187563
0.7065549479110862
0.7065549479110862
0.3064613019187563
0.7065549479110862
0.3064613019187563
0.7065549479110862
0.7065549479110862
0.3064613019187563
0.3064613019187563
0.7065549479110862
0.3064613019187563
0.3064613019187563
0.7065549479110862
0.3064613019187563
0.3064613019187563
0.7065549479110862
0.7065549479110862
0.3064613019187563
0.3064613019187563
0.3064613019187563
0.7065549479110862
0.3064613019187563
0.3064613019187563
0.3064613019187563
0.7065549479110862
0.3064613019187563
0.3064613019187563
0.7065549479110862
0.7065549479110862
0.7065549479110862
0.3064613019187563
0.7065549479110862
0.7065549479110862
0.7065549479110862
0.3064613019187563
0.3064613019187563
0.7065549479110862
0.3064613019187563
0.7065549479110862
0.7065549479110862
0.3064613019187563
0.3064613019187563
0.3064613019187563
0.3455927315759081
0.15113612677671828
0.7065549479110862
0.7065549479110862
0.3064613019187563
0.3064613019187563
0.34523447486182446
0.3064613019187563
0.3064613019187563
0.7065549479110862
0.3064613019187563
0.3455927315759081
0.3064613019187563
0.3064613019187563
0.3064613019187563
0.3064613019187563
0.3064613019187563
0.7065549479110862
0.3064613019187563
0.3064613019187563
0.7065549479110862
0.3064613019187563
0.7065549479110862
0.2323320298771873
0.3064613019187563
0.3064613019187563
0.3455927315759081
0.3064613019187563
0.4899962576006631
0.7065549479110862
0.7065549479110862
0.3064613019187563
0.7065549479110862
0.7065549479110862
0.042018745024539124
0.7065549479110862
0.7065549479110862
0.3064613019187563
0.7065549479110862
0.7065549479110862
0.3064613019187563
0.7065549479110862
0.12485269215308567
0.3064613019187563
0.8192453609639448
0.7065549479110862
0.8192453609639448
0.17219291658147978
0.7065549479110862
0.7065549479110862
0.7065549479110862
0.7065549479110862
0.3064613019187563
0.7065549479110862
0.7065549479110862
0.7065549479110862
0.3064613019187563
0.3064613019187563
0.3064613019187563
0.7065549479110862
0.7065549479110862
0.7065549479110862
0.3064613019187563
0.3064613019187563
0.3064613019187563
0.7065549479110862
0.7065549479110862
0.3064613019187563
0.2323320298771873
0.7065549479110862
0.3064613019187563
0.3064613019187563
0.3064613019187563
0.7065549479110862
0.7065549479110862
0.3064613019187563
0.275071564530211
0.7065549479110862
0.7065549479110862
0.7065549479110862
0.1617450470444694
0.042018745024539124
0.3064613019187563
0.275071564530211
0.3064613019187563
0.7065549479110862
0.7065549479110862
0.3064613019187563
0.3064613019187563
0.3064613019187563
0.7065549479110862
0.3064613019187563
0.3064613019187563
0.3064613019187563
0.3064613019187563
0.7065549479110862
0.3064613019187563
0.3064613019187563
0.3064613019187563
0.22149537120673282
0.3064613019187563
0.3064613019187563
0.248193685477589
0.3064613019187563
0.7065549479110862
0.3064613019187563
0.3064613019187563
0.3064613019187563
0.3460735308460038
0.3064613019187563
0.7065549479110862
0.3064613019187563
0.1452012970881647
0.3064613019187563
0.2992795332347048
0.12485269215308567
0.3064613019187563
0.923960880314675
0.3064613019187563
0.3064613019187563
0.3064613019187563
0.3064613019187563
0.3064613019187563
0.7065549479110862
0.3064613019187563
0.3064613019187563
0.3460735308460038
0.1617450470444694
0.22149537120673282
0.4899962576006631
0.3064613019187563
0.34523447486182446
0.7065549479110862
0.08581903551695563
0.3064613019187563
0.2992795332347048
0.1452012970881647
0.3064613019187563
0.7065549479110862
0.4899962576006631
0.1452012970881647
0.17219291658147978
0.3064613019187563
0.923960880314675
0.248193685477589
0.7065549479110862
0.3064613019187563
0.3064613019187563
0.3064613019187563
0.5353374825183232
0.3064613019187563
0.7602750145854306
0.3460735308460038
0.3064613019187563
0.3064613019187563
0.15113612677671828
0.7232719942805779
0.3064613019187563
0.43375084804410746
0.7602750145854306
0.7065549479110862
0.7065549479110862
0.08581903551695563
0.7065549479110862
0.1617450470444694
0.7065549479110862
0.3064613019187563
0.3064613019187563
0.7065549479110862
0.7065549479110862
0.7065549479110862
0.1452012970881647
0.3064613019187563
0.3064613019187563
0.7065549479110862
0.43375084804410746
0.7065549479110862
0.5353374825183232
0.3064613019187563
0.3064613019187563
0.3064613019187563
0.3064613019187563
0.43375084804410746
