0.30077257390407275
0.7093347350922347
0.7193091363173822
0.3007727675914207
0.7093347350922347
0.7093347350922347
0.7093347350922347
0.30077312617631813
0.7093347350922347
0.7093347350922347
0.7093347350922347
0.3007727949529941
0.30077352797152396
0.7093347350922347
0.30077367386802273
0.7093347350922347
0.3007725921791875
0.30077312617631813
0.7093347350922347
0.300772672079777
0.30077276144002707
0.7093347350922347
0.7093347350922347
0.3007725032668374
0.7093347350922347
0.3007731848683872
0.30077367386802273
0.3007725537814542
0.3007726857556634
0.7093347350922347
0.7093347350922347
0.30077288257015866
0.30077250199662375
0.3007724138821492
0.300772660855763
0.30077255074304426
0.30077255514176143
0.300772615159237
0.7093347350922347
0.7093347350922347
0.7093347350922347
0.3007724661162302
0.30077352797152396
0.3007725672401824
0.7093347350922347
0.3007724661162302
0.30077240925018495
0.30077250540395345
0.7093347350922347
0.3007728223768281
0.3007725672401824
0.7093347350922347
0.7093347350922347
0.7093347350922347
0.30077268596025797
0.7093347350922347
0.300772511060214
0.7093347350922347
0.3007740316094103
0.3007725264704437
0.7093347350922347
0.3010062659190644
0.7093347350922347
0.7093347350922347
0.7093347350922347
0.3007725020820766
0.3007724776772261
0.7093347350922347
0.20102531682046385
0.30077260353221413
0.7093347350922347
0.7093347350922347
0.3007725146517297
0.32297523201190126
0.30077274187917785
0.300772660855763
0.3007725444660843
0.30077255074304426
0.7093347350922347
0.3007727599495295
0.3007726778093596
0.3007727352646055
0.3007739559173975
0.3007725774580725
0.7093347350922347
0.300772530412389
0.30077352797152396
0.7093347350922347
0.30077282121056476
0.7093347350922347
0.2668266023176282
0.30077284446139146
0.3007727599495295
0.7093347350922347
0.3007727068844732
0.4899962576006631
0.30077284414792915
0.3007729804725605
0.3007727253309042
0.7093347350922347
0.7093347350922347
0.042018745024539124
0.7093347350922347
0.7093347350922347
0.3007725798323481
0.7093347350922347
0.7093347350922347
0.3007729443828163
0.7093347350922347
0.24284356271096427
0.3007726091463657
0.7093347350922347
0.7093347350922347
0.7093347350922347
0.3007726913129709
0.7093347350922347
0.7093347350922347
0.7093347350922347
0.7093347350922347
0.3007724765757517
0.7093347350922347
0.7093347350922347
0.7093347350922347
0.30077250199662375
0.3007729804725605
0.30077247976214855
0.7093347350922347
0.7093347350922347
0.7093347350922347
0.3007725020820766
0.3007725672401824
0.300772498877095
0.3007726731056779
0.7093347350922347
0.3007724935418297
0.2668266023176282
0.7093347350922347
0.3010062659190644
0.3007728223768281
0.30077284414792915
0.7093347350922347
0.7093347350922347
0.3007724138821492
0.3007723839467993
0.7093347350922347
0.3007726680563261
0.7093347350922347
0.1617450470444694
0.042018745024539124
0.3007726913129709
0.3007723839467993
0.3007729568990323
0.7093347350922347
0.7093347350922347
0.3007727949529941
0.30077268320438155
0.30077352738064056
0.7093347350922347
0.30077267652941403
0.3007725246801127
0.3007732109067842
0.3007725032668374
0.7093347350922347
0.30077271539720285
0.3007724808284375
0.30077250540395345
0.24071932410376543
0.30077246618573306
0.3007725264704437
0.29257058021048876
0.3007725032668374
0.7093347350922347
0.3007725053581789
0.3007725230993194
0.3007725174727463
0.3007752302622497
0.3007725246801127
0.7093347350922347
0.30077253417034333
0.23361578874790362
0.30077277040634665
0.3007730246575898
0.24284356271096427
0.23361578874790362
0.923960880314675
0.3007724424248698
0.3007724776772261
0.30077251280520323
0.300772672079777
0.3007732109067842
0.7093347350922347
0.3007724608095542
0.30077268454309014
0.3007725869708065
0.1617450470444694
0.24071932410376543
0.4899962576006631
0.30077262496735363
0.32297523201190126
0.7093347350922347
0.28841304250036887
0.3007724808284375
0.3007730246575898
0.23757703498878935
0.30077250832417673
0.7093347350922347
0.4899962576006631
0.2668266023176282
0.30077297315420715
0.3007725816278464
0.923960880314675
0.29257058021048876
0.7093347350922347
0.3007727352646055
0.3007724776772261
0.3007726517859072
0.5353374825183232
0.300772592302728
0.7093347350922347
0.30077288257015866
0.3007724138821492
0.3007727758683722
0.20102531682046385
0.7193091363173822
0.30077262496735363
0.43375084804410746
0.7093347350922347
0.7093347350922347
0.7093347350922347
0.7093347350922347
0.7093347350922347
0.1617450470444694
0.7093347350922347
0.30077551728023977
0.30077255514176143
0.7093347350922347
0.7093347350922347
0.7093347350922347
0.23757703498878935
0.30077247763597637
0.28841304250036887
0.7093347350922347
0.43375084804410746
0.7093347350922347
0.5353374825183232
0.3007752302622497
0.30077551728023977
0.30077271539720285
0.3007725444660843
0.43375084804410746
