0.2996067541051148
0.29960675409730864
0.714954298989988
0.7094118059545211
0.7094118059545211
0.299606754109321
0.29960675409601895
0.7094118059545211
0.2996067540584773
0.299606754104826
0.7094118059545211
0.299606754073853
0.7094118059545211
0.7094118059545211
0.29960675410584153
0.7094118059545211
0.7094118059545211
0.7094118059545211
0.7094118059545211
0.7094118059545211
0.2996067541041309
0.29960675409730864
0.29960675408295345
0.7094118059545211
0.7094118059545211
0.7094118059545211
0.7094118059545211
0.2996067540714309
0.29960675408965964
0.7094118059545211
0.7094118059545211
0.29960675408866605
0.7094118059545211
0.29960675410955906
0.29960675411061
0.29960675408650117
0.7094118059545211
0.7094118059545211
0.7094118059545211
0.7094118059545211
0.7094118059545211
0.2996067541012939
0.7094118059545211
0.29960675408119747
0.7094118059545211
0.7094118059545211
0.29960675406041554
0.29960675410867466
0.7094118059545211
0.2996067540971659
0.29960675411061
0.7094118059545211
0.7094118059545211
0.7094118059545211
0.2996067541145092
0.7094118059545211
0.2996067540996128
0.7094118059545211
0.2996067541190789
0.29960675407076226
0.2996067541066964
0.29960675409730864
0.7094118059545211
0.7094118059545211
0.29960675410773735
0.299606754104826
0.29960675408866605
0.7094118059545211
0.20102531682046385
0.7094118059545211
0.7094118059545211
0.7094118059545211
0.29960675410721194
0.32297523201190126
0.29960675410955906
0.29960675408277154
0.7094118059545211
0.29960675408607895
0.7094118059545211
0.29960675408119747
0.2996067541104168
0.299606754103478
0.2996067541102516
0.2996067541016769
0.7094118059545211
0.2996067540944756
0.29960675410430276
0.7094118059545211
0.299606754104826
0.7094118059545211
0.27922349138767766
0.29960675408991627
0.29960675406041554
0.7094118059545211
0.29960675408866605
0.4899962576006631
0.7094118059545211
0.29960675411156373
0.299606754109321
0.7094118059545211
0.7094118059545211
0.042018745024539124
0.7094118059545211
0.7094118059545211
0.29960675408650117
0.7094118059545211
0.7094118059545211
0.29960675410867466
0.7094118059545211
0.2572947826542346
0.29960675409082976
0.7094118059545211
0.7094118059545211
0.7094118059545211
0.2996067541343955
0.7094118059545211
0.7094118059545211
0.7094118059545211
0.7094118059545211
0.2996067540944756
0.7094118059545211
0.7094118059545211
0.7094118059545211
0.2996067540990096
0.29960675413323534
0.29960675409049636
0.7094118059545211
0.7094118059545211
0.7094118059545211
0.2996067541089575
0.2996067541084084
0.29960675407013027
0.7094118059545211
0.29960675408403337
0.29960675408705595
0.7094118059545211
0.7094118059545211
0.29960675410057214
0.299606754100585
0.2996067540797251
0.7094118059545211
0.7094118059545211
0.29960675412745075
0.2996067541140927
0.7094118059545211
0.7094118059545211
0.7094118059545211
0.1617450470444694
0.042018745024539124
0.29960675412745075
0.299606754164563
0.29960675410389587
0.7094118059545211
0.7094118059545211
0.29960675408403337
0.29960675409072607
0.299606754100585
0.7094118059545211
0.29960675411061
0.2996067540931658
0.2929793539898674
0.2996067541039838
0.7094118059545211
0.29960675410259296
0.2996067541036864
0.29960675408590026
0.26282465403376276
0.29960675408705595
0.29960675407076226
0.29960675405951787
0.2996067541039838
0.7094118059545211
0.2996067540998418
0.2996067540852864
0.29960675409601895
0.2996067541130554
0.2996067540931658
0.7094118059545211
0.299606754073853
0.26270142462488777
0.299606754109321
0.2996067541140927
0.2572947826542346
0.26270142462488777
0.923960880314675
0.2996067541205451
0.2996067540804068
0.29960675410392607
0.29960675407990056
0.2929793539898674
0.7094118059545211
0.2996067540975238
0.2996067541087194
0.29960675412002413
0.1617450470444694
0.26282465403376276
0.4899962576006631
0.29960675409072607
0.32297523201190126
0.7094118059545211
0.29960675410773735
0.29960675409926846
0.29960675412308424
0.23559641186834646
0.2996067541131299
0.7094118059545211
0.4899962576006631
0.27922349138767766
0.2996067541343955
0.29960675404893944
0.923960880314675
0.29960675405951787
0.7094118059545211
0.29960675410060955
0.2996067540804068
0.29960675408629883
0.5353374825183232
0.2996067541084084
0.7094118059545211
0.2996067541152805
0.2996067541207045
0.2996067540832419
0.20102531682046385
0.714954298989988
0.2996067540844952
0.43375084804410746
0.7094118059545211
0.7094118059545211
0.7094118059545211
0.7094118059545211
0.7094118059545211
0.1617450470444694
0.7094118059545211
0.2996067541152802
0.2996067541075409
0.7094118059545211
0.7094118059545211
0.7094118059545211
0.23559641186834646
0.2996067540797949
0.2996067540971659
0.7094118059545211
0.43375084804410746
0.7094118059545211
0.5353374825183232
0.2996067541130554
0.2996067541102516
0.29960675410517357
0.2996067541005131
0.43375084804410746
