0.7074205624277954
0.7074205624277954
0.7232719942805779
0.7074205624277954
0.7074205624277954
0.3053124309789697
0.30531243097896504
0.3053124309789654
0.7074205624277954
0.30531243097896477
0.3053124309789673
0.30531243097896504
0.7074205624277954
0.7074205624277954
0.30531243097896804
0.3053124309789696
0.7074205624277954
0.3053124309789662
0.7074205624277954
0.7074205624277954
0.7074205624277954
0.30531243097896615
0.30531243097896615
0.7074205624277954
0.7074205624277954
0.30531243097896654
0.3053124309789688
0.7074205624277954
0.3053124309789662
0.7074205624277954
0.7074205624277954
0.7074205624277954
0.3053124309789664
0.3053124309789653
0.3053124309789654
0.3053124309789664
0.7074205624277954
0.30531243097896527
0.7074205624277954
0.7074205624277954
0.7074205624277954
0.7074205624277954
0.3053124309789665
0.30531243097896776
0.7074205624277954
0.7074205624277954
0.30531243097896477
0.305312430978963
0.7074205624277954
0.3053124309789697
0.30531243097896643
0.7074205624277954
0.7074205624277954
0.7074205624277954
0.30531243097896643
0.7074205624277954
0.30531243097897065
0.7074205624277954
0.30531243097899396
0.3053124309789668
0.3053124309789669
0.3053124309789713
0.7074205624277954
0.7074205624277954
0.3053124309789673
0.7074205624277954
0.30531243097896654
0.34544942889027463
0.15113612677671828
0.30531243097896277
0.7074205624277954
0.30531243097896466
0.3053124309789679
0.34544942889027463
0.3053124309789654
0.30531243097896527
0.30531243097896327
0.30531243097896504
0.34544942889027463
0.30531243097896477
0.3053124309789833
0.30531243097896477
0.30531243097897526
0.3053124309789674
0.7074205624277954
0.3053124309789625
0.3053124309789673
0.7074205624277954
0.30531243097896493
0.7074205624277954
0.2323320298771873
0.30531243097897065
0.3053124309789652
0.34544942889027463
0.3053124309789658
0.4899962576006631
0.3053124309789664
0.7074205624277954
0.3053124309789676
0.7074205624277954
0.7074205624277954
0.042018745024539124
0.7074205624277954
0.7074205624277954
0.3053124309789648
0.7074205624277954
0.7074205624277954
0.30531243097897426
0.7074205624277954
0.17018431744124535
0.30531243097896577
0.7444665644922317
0.7074205624277954
0.7444665644922317
0.17219291658147978
0.7074205624277954
0.7074205624277954
0.7074205624277954
0.7074205624277954
0.3053124309789632
0.7074205624277954
0.7074205624277954
0.7074205624277954
0.3053124309789821
0.3053124309789823
0.3053124309789634
0.7074205624277954
0.7074205624277954
0.7074205624277954
0.3053124309789671
0.30531243097896543
0.3053124309789621
0.7074205624277954
0.7074205624277954
0.30531243097896277
0.2323320298771873
0.7074205624277954
0.3053124309789713
0.3053124309789793
0.3053124309789664
0.7074205624277954
0.7074205624277954
0.30531243097896577
0.29355622514455515
0.7074205624277954
0.7074205624277954
0.7074205624277954
0.1617450470444694
0.042018745024539124
0.30531243097895927
0.29355622514455515
0.30531243097896466
0.7074205624277954
0.7074205624277954
0.30531243097896527
0.3053124309789674
0.3053124309789793
0.7074205624277954
0.30531243097896593
0.30531243097896593
0.3053124309789833
0.305312430978963
0.7074205624277954
0.3053124309789664
0.30531243097897637
0.30531243097896366
0.22149537120673282
0.30531243097896077
0.3053124309789629
0.248193685477589
0.3053124309789581
0.7074205624277954
0.30531243097897426
0.3053124309789684
0.30531243097896416
0.3460735308460038
0.3053124309789648
0.7074205624277954
0.30531243097896116
0.1452012970881647
0.3053124309789621
0.3053124309789698
0.17018431744124535
0.30531243097896205
0.923960880314675
0.30531243097898847
0.30531243097896515
0.30531243097895927
0.30531243097896477
0.3053124309790166
0.7074205624277954
0.3053124309789579
0.3053124309789647
0.3460735308460038
0.1617450470444694
0.22149537120673282
0.4899962576006631
0.30531243097896416
0.34544942889027463
0.7074205624277954
0.08581903551695563
0.30531243097897637
0.30531243097896865
0.1452012970881647
0.30531243097896643
0.7074205624277954
0.4899962576006631
0.1452012970881647
0.17219291658147978
0.30531243097896293
0.923960880314675
0.248193685477589
0.7074205624277954
0.3053124309789678
0.30531243097896305
0.3053124309789649
0.5353374825183232
0.30531243097896543
0.7602750145854306
0.3460735308460038
0.3053124309789576
0.30531243097896277
0.15113612677671828
0.7232719942805779
0.30531243097896177
0.43375084804410746
0.7602750145854306
0.7074205624277954
0.7074205624277954
0.08581903551695563
0.7074205624277954
0.1617450470444694
0.7074205624277954
0.30531243097898647
0.30531243097896654
0.7074205624277954
0.7074205624277954
0.7074205624277954
0.1452012970881647
0.3053124309789621
0.30531243097897953
0.7074205624277954
0.43375084804410746
0.7074205624277954
0.5353374825183232
0.30531243097896804
0.30531243097897526
0.3053124309789667
0.30531243097896404
0.43375084804410746
