0.7074205624277954
0.7074205624277954
0.7232719942805779
0.3053776979041787
0.3053740954591641
0.30540494152237646
0.7074205624277954
0.30537197816481443
0.7074205624277954
0.3053677819822329
0.7074205624277954
0.3053970137196874
0.3053838265873136
0.7074205624277954
0.3053713822285868
0.3053744715724995
0.30537268649860094
0.3053776979041787
0.7074205624277954
0.30537197816481443
0.30537406112345894
0.3053722514417257
0.3053740954591641
0.30537508167098404
0.7074205624277954
0.3053722718453671
0.3053744656430112
0.3053719354522872
0.3053701838021732
0.7074205624277954
0.7074205624277954
0.3053716298953784
0.3053713822285868
0.7074205624277954
0.30537268649860094
0.30537133528391497
0.3053766876553961
0.30537403341664066
0.7074205624277954
0.7074205624277954
0.7074205624277954
0.30537938659574165
0.3053838265873136
0.3053745773196184
0.7074205624277954
0.3053722514417257
0.3053736714135087
0.7074205624277954
0.7074205624277954
0.3053723320633882
0.3053740954591641
0.7074205624277954
0.7074205624277954
0.7074205624277954
0.7074205624277954
0.7074205624277954
0.3053729651842047
0.7074205624277954
0.3055381592286994
0.30537447231632686
0.3053710269631262
0.30540727514328037
0.7074205624277954
0.7074205624277954
0.7074205624277954
0.305372997025547
0.3053711292807279
0.34544942889027463
0.15113612677671828
0.3053734826599559
0.7074205624277954
0.30608989035974876
0.3053693129713068
0.34544942889027463
0.30608989035974876
0.30537288132229384
0.30537442016527117
0.30537106248742746
0.34544942889027463
0.3053769340956609
0.3053727606519543
0.3053709021536861
0.30543695797744697
0.30537261470625704
0.7074205624277954
0.30536967105795804
0.3053838265873136
0.7074205624277954
0.30537012470837127
0.7074205624277954
0.2323320298771873
0.3053706356111946
0.305373085833321
0.34544942889027463
0.3053711292807279
0.4899962576006631
0.7074205624277954
0.7074205624277954
0.3053847280170477
0.7074205624277954
0.7074205624277954
0.042018745024539124
0.7074205624277954
0.7074205624277954
0.3053719354522872
0.7074205624277954
0.7074205624277954
0.30540494152237646
0.7074205624277954
0.17018431744124535
0.30537266578506755
0.7444665644922317
0.7074205624277954
0.7444665644922317
0.17219291658147978
0.7074205624277954
0.7074205624277954
0.7074205624277954
0.7074205624277954
0.30537131739264434
0.7074205624277954
0.7074205624277954
0.7074205624277954
0.3055381592286994
0.3053691907573389
0.30537133528391497
0.7074205624277954
0.7074205624277954
0.7074205624277954
0.305372997025547
0.3053709123801099
0.30537131739264434
0.7074205624277954
0.3053744656430112
0.3053736714135087
0.2323320298771873
0.7074205624277954
0.30540727514328037
0.3053723320633882
0.3053722718453671
0.7074205624277954
0.7074205624277954
0.3053677819822329
0.29355622514455515
0.7074205624277954
0.7074205624277954
0.7074205624277954
0.1617450470444694
0.042018745024539124
0.3053677819822329
0.29355622514455515
0.30608989035974876
0.7074205624277954
0.7074205624277954
0.3053744656430112
0.7074205624277954
0.3053720086709746
0.7074205624277954
0.3053720000278545
0.3053769024248829
0.3053787081529612
0.3053700099950609
0.7074205624277954
0.3053692647173541
0.3053706356111946
0.2958519363086289
0.22149537120673282
0.30537226774336557
0.30537447231632686
0.248193685477589
0.3053700099950609
0.7074205624277954
0.30540494152237646
0.3053728705925308
0.3053745773196184
0.3460735308460038
0.30537099428830555
0.7074205624277954
0.30537312416526097
0.1452012970881647
0.3053924596668945
0.3059654279094096
0.17018431744124535
0.30537217899163166
0.923960880314675
0.30547122714993136
0.30537253373842455
0.3053695573992426
0.30537578035326535
0.30537263353794586
0.7074205624277954
0.3054479428491519
0.30537578035326535
0.3460735308460038
0.1617450470444694
0.22149537120673282
0.4899962576006631
0.3053736787052457
0.34544942889027463
0.7074205624277954
0.08581903551695563
0.3053691907573389
0.3059654279094096
0.1452012970881647
0.30537099428830555
0.7074205624277954
0.4899962576006631
0.1452012970881647
0.17219291658147978
0.3053714840442429
0.923960880314675
0.248193685477589
0.7074205624277954
0.30543695797744697
0.2958519363086289
0.30537279002382267
0.5353374825183232
0.30537245210158764
0.7602750145854306
0.3460735308460038
0.3053660065652233
0.30537578035326535
0.15113612677671828
0.7232719942805779
0.3053970137196874
0.43375084804410746
0.7602750145854306
0.7074205624277954
0.7074205624277954
0.08581903551695563
0.7074205624277954
0.1617450470444694
0.7074205624277954
0.3054840859272669
0.305372646660266
0.7074205624277954
0.7074205624277954
0.7074205624277954
0.1452012970881647
0.30537416189297556
0.30536935744611005
0.7074205624277954
0.43375084804410746
0.7074205624277954
0.5353374825183232
0.3053713822285868
0.3054840859272669
0.3053847280170477
0.3053734186473356
0.43375084804410746
