0.7093347350922347
0.7093347350922347
0.7193091363173822
0.7093347350922347
0.7093347350922347
0.7093347350922347
0.30340005418132376
0.7093347350922347
0.30340005418132376
0.7093347350922347
0.7093347350922347
0.7093347350922347
0.7093347350922347
0.7093347350922347
0.3035990812431413
0.3042205225116808
0.7093347350922347
0.7093347350922347
0.7093347350922347
0.7093347350922347
0.7093347350922347
0.7093347350922347
0.7093347350922347
0.7093347350922347
0.7093347350922347
0.7093347350922347
0.7093347350922347
0.303300540650415
0.7093347350922347
0.7093347350922347
0.7093347350922347
0.7093347350922347
0.7093347350922347
0.303300540650415
0.7093347350922347
0.3035327388892021
0.30340005418132376
0.303300540650415
0.7093347350922347
0.7093347350922347
0.7093347350922347
0.7093347350922347
0.7093347350922347
0.303300540650415
0.303300540650415
0.7093347350922347
0.30415351377249
0.303300540650415
0.7093347350922347
0.303300540650415
0.303300540650415
0.7093347350922347
0.7093347350922347
0.7093347350922347
0.7093347350922347
0.7093347350922347
0.303300540650415
0.7093347350922347
0.303300540650415
0.7093347350922347
0.303300540650415
0.3035990812431413
0.7093347350922347
0.7093347350922347
0.7093347350922347
0.303300540650415
0.303300540650415
0.32297523201190126
0.15113612677671828
0.303300540650415
0.30670110458943733
0.7093347350922347
0.303300540650415
0.32297523201190126
0.303300540650415
0.303300540650415
0.7093347350922347
0.303300540650415
0.32297523201190126
0.3041677299911913
0.303300540650415
0.303300540650415
0.303300540650415
0.303300540650415
0.7093347350922347
0.303300540650415
0.303300540650415
0.7093347350922347
0.303300540650415
0.7093347350922347
0.2668176077027252
0.303300540650415
0.303300540650415
0.30670110458943733
0.303300540650415
0.4899962576006631
0.303300540650415
0.7093347350922347
0.303300540650415
0.7093347350922347
0.7093347350922347
0.042018745024539124
0.7093347350922347
0.7093347350922347
0.3035327388892021
0.7093347350922347
0.7093347350922347
0.303300540650415
0.7093347350922347
0.17018431744124535
0.303300540650415
0.7093347350922347
0.7093347350922347
0.7093347350922347
0.303300540650415
0.7093347350922347
0.7093347350922347
0.7093347350922347
0.7093347350922347
0.303300540650415
0.7093347350922347
0.7093347350922347
0.7093347350922347
0.303300540650415
0.303300540650415
0.303300540650415
0.7093347350922347
0.7093347350922347
0.7093347350922347
0.303300540650415
0.303300540650415
0.303300540650415
0.30500082261992617
0.303300540650415
0.303300540650415
0.2668176077027252
0.7093347350922347
0.303300540650415
0.303300540650415
0.303300540650415
0.7093347350922347
0.7093347350922347
0.303300540650415
0.303300540650415
0.7093347350922347
0.303300540650415
0.303300540650415
0.1617450470444694
0.042018745024539124
0.303300540650415
0.303300540650415
0.303300540650415
0.7093347350922347
0.7093347350922347
0.303300540650415
0.303300540650415
0.303300540650415
0.7093347350922347
0.303300540650415
0.303300540650415
0.303300540650415
0.303300540650415
0.7093347350922347
0.303300540650415
0.3042205225116808
0.303300540650415
0.24071932410376543
0.303300540650415
0.303300540650415
0.285688884564058
0.303300540650415
0.303300540650415
0.303300540650415
0.303300540650415
0.303300540650415
0.303300540650415
0.303300540650415
0.7093347350922347
0.303300540650415
0.1452012970881647
0.303300540650415
0.303300540650415
0.17018431744124535
0.303300540650415
0.923960880314675
0.303300540650415
0.303300540650415
0.303300540650415
0.3041677299911913
0.303300540650415
0.7093347350922347
0.303300540650415
0.303300540650415
0.303300540650415
0.1617450470444694
0.24071932410376543
0.4899962576006631
0.303300540650415
0.32297523201190126
0.7093347350922347
0.25466488260776393
0.3069440020136532
0.303300540650415
0.1452012970881647
0.303300540650415
0.7093347350922347
0.4899962576006631
0.1452012970881647
0.303300540650415
0.303300540650415
0.923960880314675
0.285688884564058
0.7093347350922347
0.303300540650415
0.303300540650415
0.303300540650415
0.5353374825183232
0.3035327388892021
0.7093347350922347
0.303300540650415
0.303300540650415
0.303300540650415
0.15113612677671828
0.7193091363173822
0.303300540650415
0.43375084804410746
0.7093347350922347
0.7093347350922347
0.7093347350922347
0.7093347350922347
0.7093347350922347
0.1617450470444694
0.7093347350922347
0.303300540650415
0.303300540650415
0.7093347350922347
0.7093347350922347
0.7093347350922347
0.1452012970881647
0.303300540650415
0.25466488260776393
0.7093347350922347
0.43375084804410746
0.7093347350922347
0.5353374825183232
0.303300540650415
0.303300540650415
0.303300540650415
0.303300540650415
0.43375084804410746
