0.7093347350922347
0.7093347350922347
0.7193091363173822
0.7093347350922347
0.30329475147752283
0.30329475147752283
0.30329475147752283
0.7093347350922347
0.7093347350922347
0.30329475147752283
0.7093347350922347
0.7093347350922347
0.30329475147752283
0.7093347350922347
0.7093347350922347
0.7093347350922347
0.7093347350922347
0.30329475147752283
0.7093347350922347
0.7093347350922347
0.30329475147752283
0.7093347350922347
0.7093347350922347
0.30329475147752283
0.7093347350922347
0.7093347350922347
0.30329475147752283
0.30329475147752283
0.30329475147752283
0.7093347350922347
0.7093347350922347
0.7093347350922347
0.7093347350922347
0.30329475147752283
0.30329475147752283
0.7093347350922347
0.7093347350922347
0.7093347350922347
0.7093347350922347
0.7093347350922347
0.7093347350922347
0.30329475147752283
0.7093347350922347
0.30329475147752283
0.7093347350922347
0.30329475147752283
0.30329475147752283
0.7093347350922347
0.7093347350922347
0.30329475147752283
0.30329475147752283
0.7093347350922347
0.7093347350922347
0.7093347350922347
0.30329475147752283
0.7093347350922347
0.7093347350922347
0.7093347350922347
0.30329475147752283
0.30329475147752283
0.7093347350922347
0.30329475147752283
0.7093347350922347
0.7093347350922347
0.7093347350922347
0.30329475147752283
0.7093347350922347
0.310701161449069
0.15113612677671828
0.7093347350922347
0.7093347350922347
0.30329475147752283
0.30329475147752283
0.32297523201190126
0.30329475147752283
0.30329475147752283
0.30329475147752283
0.30329475147752283
0.30329475147752283
0.30329475147752283
0.30329475147752283
0.30329475147752283
0.30329475147752283
0.30329475147752283
0.7093347350922347
0.30329475147752283
0.30329475147752283
0.7093347350922347
0.30329475147752283
0.7093347350922347
0.2668176077027252
0.30329475147752283
0.30329475147752283
0.310701161449069
0.30329475147752283
0.4899962576006631
0.30329475147752283
0.7093347350922347
0.30329475147752283
0.7093347350922347
0.7093347350922347
0.042018745024539124
0.7093347350922347
0.7093347350922347
0.30329475147752283
0.7093347350922347
0.7093347350922347
0.30329475147752283
0.7093347350922347
0.1639385623529752
0.30329475147752283
0.7093347350922347
0.7093347350922347
0.7093347350922347
0.30329475147752283
0.7093347350922347
0.7093347350922347
0.7093347350922347
0.7093347350922347
0.30329475147752283
0.7093347350922347
0.7093347350922347
0.7093347350922347
0.30329475147752283
0.30329475147752283
0.30329475147752283
0.7093347350922347
0.7093347350922347
0.7093347350922347
0.30329475147752283
0.30329475147752283
0.30329475147752283
0.7093347350922347
0.30329475147752283
0.30329475147752283
0.2668176077027252
0.7093347350922347
0.30329475147752283
0.30329475147752283
0.30329475147752283
0.7093347350922347
0.7093347350922347
0.30329475147752283
0.30329475147752283
0.7093347350922347
0.7093347350922347
0.7093347350922347
0.1617450470444694
0.042018745024539124
0.30329475147752283
0.30329475147752283
0.30329475147752283
0.7093347350922347
0.7093347350922347
0.30329475147752283
0.30329475147752283
0.30329475147752283
0.7093347350922347
0.30329475147752283
0.30329475147752283
0.30329475147752283
0.30329475147752283
0.7093347350922347
0.30329475147752283
0.30329475147752283
0.30329475147752283
0.24071932410376543
0.30329475147752283
0.30329475147752283
0.29257058021048876
0.30329475147752283
0.7093347350922347
0.30329475147752283
0.30329475147752283
0.30329475147752283
0.30329475147752283
0.30329475147752283
0.7093347350922347
0.30329475147752283
0.14832417463229985
0.30329475147752283
0.30329475147752283
0.1639385623529752
0.30329475147752283
0.923960880314675
0.30329475147752283
0.30329475147752283
0.30329475147752283
0.30329475147752283
0.30329475147752283
0.7093347350922347
0.30329475147752283
0.30329475147752283
0.30329475147752283
0.1617450470444694
0.24071932410376543
0.4899962576006631
0.30329475147752283
0.32297523201190126
0.7093347350922347
0.25466488260776393
0.30329475147752283
0.30329475147752283
0.14832417463229985
0.30329475147752283
0.7093347350922347
0.4899962576006631
0.14832417463229985
0.30329475147752283
0.30329475147752283
0.923960880314675
0.29257058021048876
0.7093347350922347
0.30329475147752283
0.30329475147752283
0.30329475147752283
0.5353374825183232
0.30329475147752283
0.7093347350922347
0.30329475147752283
0.30329475147752283
0.30329475147752283
0.15113612677671828
0.7193091363173822
0.30329475147752283
0.43375084804410746
0.7093347350922347
0.7093347350922347
0.7093347350922347
0.7093347350922347
0.7093347350922347
0.1617450470444694
0.7093347350922347
0.30329475147752283
0.30329475147752283
0.7093347350922347
0.7093347350922347
0.7093347350922347
0.14832417463229985
0.30329475147752283
0.25466488260776393
0.7093347350922347
0.43375084804410746
0.7093347350922347
0.5353374825183232
0.30329475147752283
0.30329475147752283
0.30329475147752283
0.30329475147752283
0.43375084804410746
