0.708305984921028
0.708305984921028
0.7193091363173822
0.30491885361713544
0.708305984921028
0.708305984921028
0.708305984921028
0.30491885361713544
0.708305984921028
0.708305984921028
0.30491885361713544
0.30491885361713544
0.708305984921028
0.708305984921028
0.30491885361713544
0.708305984921028
0.30491885361713544
0.30491885361713544
0.708305984921028
0.30491885361713544
0.30491885361713544
0.30491885361713544
0.30491885361713544
0.30491885361713544
0.708305984921028
0.708305984921028
0.30491885361713544
0.30491885361713544
0.708305984921028
0.708305984921028
0.708305984921028
0.30491885361713544
0.30491885361713544
0.30491885361713544
0.30491885361713544
0.30491885361713544
0.30491885361713544
0.708305984921028
0.708305984921028
0.708305984921028
0.708305984921028
0.708305984921028
0.30491885361713544
0.30491885361713544
0.708305984921028
0.708305984921028
0.30491885361713544
0.30491885361713544
0.708305984921028
0.30491885361713544
0.30491885361713544
0.708305984921028
0.708305984921028
0.708305984921028
0.708305984921028
0.708305984921028
0.708305984921028
0.708305984921028
0.30491885361713544
0.30491885361713544
0.708305984921028
0.30491885361713544
0.708305984921028
0.708305984921028
0.708305984921028
0.30491885361713544
0.708305984921028
0.33225153185139655
0.15113612677671828
0.708305984921028
0.708305984921028
0.30491885361713544
0.30491885361713544
0.34544942889027463
0.30491885361713544
0.30491885361713544
0.30491885361713544
0.30491885361713544
0.33225153185139655
0.30491885361713544
0.30491885361713544
0.30491885361713544
0.30491885361713544
0.30491885361713544
0.708305984921028
0.30491885361713544
0.30491885361713544
0.708305984921028
0.30491885361713544
0.708305984921028
0.23642538965312754
0.30491885361713544
0.30491885361713544
0.33225153185139655
0.30491885361713544
0.4899962576006631
0.30491885361713544
0.708305984921028
0.30491885361713544
0.708305984921028
0.708305984921028
0.042018745024539124
0.708305984921028
0.708305984921028
0.30491885361713544
0.708305984921028
0.708305984921028
0.30491885361713544
0.708305984921028
0.17018431744124535
0.30491885361713544
0.708305984921028
0.708305984921028
0.708305984921028
0.30491885361713544
0.708305984921028
0.708305984921028
0.708305984921028
0.708305984921028
0.30491885361713544
0.708305984921028
0.708305984921028
0.708305984921028
0.30491885361713544
0.30491885361713544
0.30491885361713544
0.708305984921028
0.708305984921028
0.708305984921028
0.30491885361713544
0.30491885361713544
0.30491885361713544
0.708305984921028
0.708305984921028
0.30491885361713544
0.23642538965312754
0.708305984921028
0.30491885361713544
0.30491885361713544
0.30491885361713544
0.708305984921028
0.708305984921028
0.30491885361713544
0.2992463280881853
0.708305984921028
0.708305984921028
0.708305984921028
0.1617450470444694
0.042018745024539124
0.30491885361713544
0.2992463280881853
0.30491885361713544
0.708305984921028
0.708305984921028
0.30491885361713544
0.30491885361713544
0.30491885361713544
0.708305984921028
0.30491885361713544
0.30491885361713544
0.30491885361713544
0.30491885361713544
0.708305984921028
0.30491885361713544
0.30491885361713544
0.30491885361713544
0.22149537120673282
0.30491885361713544
0.30491885361713544
0.248193685477589
0.30491885361713544
0.708305984921028
0.30491885361713544
0.30491885361713544
0.30491885361713544
0.3196192885665111
0.30491885361713544
0.708305984921028
0.30491885361713544
0.1452012970881647
0.30491885361713544
0.30491885361713544
0.17018431744124535
0.30491885361713544
0.923960880314675
0.30491885361713544
0.30491885361713544
0.30491885361713544
0.30491885361713544
0.30491885361713544
0.708305984921028
0.30491885361713544
0.30491885361713544
0.30848253589251234
0.1617450470444694
0.22149537120673282
0.4899962576006631
0.30491885361713544
0.34544942889027463
0.708305984921028
0.08581903551695563
0.30491885361713544
0.30491885361713544
0.1452012970881647
0.30491885361713544
0.708305984921028
0.4899962576006631
0.1452012970881647
0.23642538965312754
0.30491885361713544
0.923960880314675
0.248193685477589
0.708305984921028
0.30491885361713544
0.30491885361713544
0.30491885361713544
0.5353374825183232
0.30491885361713544
0.7602750145854306
0.30848253589251234
0.30491885361713544
0.30491885361713544
0.15113612677671828
0.7193091363173822
0.30491885361713544
0.43375084804410746
0.7602750145854306
0.708305984921028
0.708305984921028
0.08581903551695563
0.708305984921028
0.1617450470444694
0.708305984921028
0.30491885361713544
0.30491885361713544
0.708305984921028
0.708305984921028
0.708305984921028
0.1452012970881647
0.30491885361713544
0.30491885361713544
0.708305984921028
0.43375084804410746
0.708305984921028
0.5353374825183232
0.3196192885665111
0.30491885361713544
0.30491885361713544
0.30491885361713544
0.43375084804410746
