0.7055348074800891
0.7045284284332365
0.7383404914472567
0.7055348633202104
0.7055348643627939
0.7055348197943336
0.7055347668562374
0.7055348467154509
0.705534837389836
0.7055347898758351
0.7048639001764366
0.7055347393785449
0.7055346465585183
0.7055348497362599
0.7055347393785449
0.30896240610384273
0.30824082650205115
0.7055348121580833
0.7055347146695568
0.7055347497195171
0.7055349089312543
0.7055348497362599
0.7055349282298158
0.7055348643627939
0.7055347964438706
0.30848961759066545
0.7055349332910159
0.30946406462055176
0.7055348134745355
0.7055347565514494
0.7055348121580833
0.7055348727101192
0.7055347393785449
0.30792068679652235
0.7055348134745355
0.30792068679652235
0.30792068679652235
0.30850651625454023
0.7055348467154509
0.7045284284332365
0.705535031875871
0.7055348541457875
0.7055348504180987
0.30917898756703943
0.7048639001764366
0.7055348159784534
0.3084089937956989
0.30792068679652235
0.7055349089312543
0.30735195832006124
0.3094064134476501
0.705534429095603
0.705534837389836
0.7055347074709329
0.3094465894815192
0.7055348467154509
0.7055344689615282
0.7055347609389795
0.3064992313960956
0.7055348370270575
0.7055348449507741
0.25715743533052143
0.705534874326572
0.7055347668562374
0.7055346980447647
0.3088548102864362
0.31216218336846024
0.3500546367474583
0.15113612677671828
0.3069833615739244
0.30896240610384273
0.30917898756703943
0.2549988907324272
0.37901947609026176
0.3091642648164864
0.30850651625454023
0.31216218336846024
0.30791434279699426
0.3500546367474583
0.3084089937956989
0.30698593630259485
0.31216218336846024
0.7055347666726656
0.3078693309134772
0.3094064134476501
0.31015956812415724
0.705535276121309
0.7055346277472169
0.3088548102864362
0.7055346119896823
0.2323320298771873
0.30915577558184587
0.7055349332910159
0.3500546367474583
0.705534896363897
0.4899962576006631
0.7055347146695568
0.7055346980447647
0.3080253789308049
0.7055348344556657
0.7055340253018612
0.042018745024539124
0.7055347661562936
0.7055347668562374
0.3086316801298697
0.76212316897716
0.7055347678720416
0.30852717747724445
0.7055348679629478
0.12485269215308567
0.3073556336558697
0.8192453609639448
0.7055348710053128
0.8192453609639448
0.17219291658147978
0.7055347195907573
0.7055349127152473
0.7055348449507741
0.7055348425759109
0.31015956812415724
0.7055347594380469
0.76212316897716
0.7055348967337157
0.3064992313960956
0.254998891060607
0.30791434279699426
0.7055347146695568
0.7055348504180987
0.7055347594380469
0.3086296210789947
0.3091152272370972
0.31188557240370657
0.7055348651295428
0.30887429869465527
0.3082475397514273
0.2323320298771873
0.705535124756421
0.25715743533052143
0.3107304079146654
0.3073556336558697
0.7055349120904292
0.7055348710053128
0.30814916861513314
0.275071564530211
0.7055349194409453
0.30869454349128383
0.7055349417428158
0.1617450470444694
0.042018745024539124
0.30814916861513314
0.275071564530211
0.3084904331410805
0.705534837389836
0.7055342025915491
0.30887429869465527
0.3077119655025136
0.3107302082609884
0.705534429095603
0.3093628650236153
0.3082475397514273
0.30613106088550845
0.3111927041507122
0.705534898072809
0.30936882636586704
0.309112068826212
0.30946406462055176
0.22149537120673282
0.3076870764321107
0.3107302082609884
0.248193685477589
0.3111927041507122
0.705535031875871
0.3075651901298487
0.3084005050039771
0.30753064575980554
0.34623463793637665
0.3084525731329698
0.7055348951986726
0.3069928930653984
0.189528422661394
0.3080253789308049
0.2884451621216853
0.12485269215308567
0.189528422661394
0.923960880314675
0.30852717747724445
0.31188557240370657
0.2549988907324272
0.3084089937956989
0.30613106088550845
0.7055350769423986
0.30869454349128383
0.3102979008136638
0.3461244216460623
0.1617450470444694
0.22149537120673282
0.4899962576006631
0.30753064575980554
0.37901947609026176
0.7055348951986726
0.08581903551695563
0.30896240610384273
0.2884451621216853
0.13042558856375497
0.3084525731329698
0.7055346980447647
0.4899962576006631
0.13042558856375497
0.17219291658147978
0.3078693309134772
0.923960880314675
0.248193685477589
0.7055347898758351
0.30806215647151663
0.3106873027390524
0.309030058633644
0.5353374825183232
0.3079467688575979
0.7602750145854306
0.3461244216460623
0.3087903634176823
0.3102979008136638
0.15113612677671828
0.7383404914472567
0.3069833615739244
0.43375084804410746
0.7602750145854306
0.7055348370270575
0.7055342025915491
0.08581903551695563
0.7055349127152473
0.1617450470444694
0.7055346119896823
0.34599551312630866
0.30735195832006124
0.7055348762537186
0.7055348679629478
0.7055347012884177
0.13042558856375497
0.31178124875820923
0.309112068826212
0.7055348192908246
0.43375084804410746
0.7045284284332365
0.5353374825183232
0.31073020172529925
0.34599551312630866
0.30936882636586704
0.3077119655025136
0.43375084804410746
