0.7082946634649586
0.7082946610832807
0.7193091363173822
0.7082946633543151
0.30487067051802597
0.30487067051802597
0.30487067051802597
0.30487067051802597
0.7082946633543151
0.30487067051802597
0.708294663227349
0.7082946625416958
0.30487067051802597
0.7082946634649586
0.30487067051802597
0.30487067051802597
0.7082946618868806
0.30487067051802597
0.7082946633169054
0.30487067051802597
0.7082946668155237
0.30487067051802597
0.30487067051802597
0.7082946666887301
0.30487067051802597
0.30487067051802597
0.708294660778304
0.30487067051802597
0.30487067051802597
0.7082946608875118
0.7082946652448747
0.30487067051802597
0.30487067051802597
0.7082946570540114
0.30487067051802597
0.30487067051802597
0.30487067051802597
0.30487067051802597
0.7082946604470656
0.7082946671139629
0.708294652298576
0.30487067051802597
0.30487067051802597
0.30487067051802597
0.7082946647502267
0.30487067051802597
0.30487067051802597
0.30487067051802597
0.7082946668155237
0.30487067051802597
0.30487067051802597
0.7082946780985627
0.7082946672848436
0.7082946667489642
0.30487067051802597
0.7082946570540114
0.30487067051802597
0.7082946632693069
0.30487067051802597
0.30487067051802597
0.7082946669630292
0.30487067051802597
0.7082946618868806
0.708294660778304
0.7082946633169054
0.30487067051802597
0.30487067051802597
0.33225153185139655
0.15113612677671828
0.30487067051802597
0.30487067051802597
0.30487067051802597
0.30487067051802597
0.34544942889027463
0.30487067051802597
0.30487067051802597
0.30487067051802597
0.30487067051802597
0.33225153185139655
0.30487067051802597
0.30487067051802597
0.30487067051802597
0.30487067051802597
0.30487067051802597
0.7082946637158541
0.30487067051802597
0.30487067051802597
0.7082946636971319
0.30487067051802597
0.7082946647644487
0.23642538965312754
0.30487067051802597
0.30487067051802597
0.33225153185139655
0.30487067051802597
0.4899962576006631
0.30487067051802597
0.7082946625416958
0.30487067051802597
0.7082946635534259
0.7082946585242421
0.042018745024539124
0.7082946682985782
0.7082946563592379
0.30487067051802597
0.7082946622308013
0.708294663227349
0.30487067051802597
0.7082946645733555
0.17018431744124535
0.30487067051802597
0.7087933331658578
0.7082946662131698
0.7087933331658578
0.30487067051802597
0.7082946633169054
0.7082946270671316
0.7082946642829031
0.7082946633543151
0.30487067051802597
0.7082946665478287
0.7082946622242927
0.7082946662789866
0.30487067051802597
0.30487067051802597
0.30487067051802597
0.7082946570540114
0.7082946657178354
0.7082946625522133
0.30487067051802597
0.30487067051802597
0.30487067051802597
0.7082946548347988
0.7082946622308013
0.30487067051802597
0.23642538965312754
0.70829465906806
0.30487067051802597
0.30487067051802597
0.30487067051802597
0.7082946679898631
0.7082946662131698
0.30487067051802597
0.29733911374055366
0.7082946682985782
0.7082946610832807
0.7082946370904052
0.1617450470444694
0.042018745024539124
0.30487067051802597
0.29733911374055366
0.30487067051802597
0.7082946633543151
0.7082946780985627
0.30487067051802597
0.30487067051802597
0.30487067051802597
0.7082946780985627
0.30487067051802597
0.30487067051802597
0.30487067051802597
0.30487067051802597
0.7082946627227752
0.30487067051802597
0.30487067051802597
0.30487067051802597
0.22149537120673282
0.30487067051802597
0.30487067051802597
0.248193685477589
0.30487067051802597
0.70829458688138
0.30487067051802597
0.30487067051802597
0.30487067051802597
0.3196192885665111
0.30487067051802597
0.7082946637158541
0.30487067051802597
0.1452012970881647
0.30487067051802597
0.30487067051802597
0.17018431744124535
0.30487067051802597
0.923960880314675
0.30487067051802597
0.30487067051802597
0.30487067051802597
0.30487067051802597
0.30487067051802597
0.7082946270671316
0.30487067051802597
0.30487067051802597
0.31787338585648917
0.1617450470444694
0.22149537120673282
0.4899962576006631
0.30487067051802597
0.34544942889027463
0.7082946646851309
0.08581903551695563
0.30487067051802597
0.30487067051802597
0.1452012970881647
0.30487067051802597
0.70829466369932
0.4899962576006631
0.1452012970881647
0.23642538965312754
0.30487067051802597
0.923960880314675
0.248193685477589
0.7082946672848436
0.30487067051802597
0.30487067051802597
0.30487067051802597
0.5353374825183232
0.30487067051802597
0.7602750145854306
0.31787338585648917
0.30487067051802597
0.30487067051802597
0.15113612677671828
0.7193091363173822
0.30487067051802597
0.43375084804410746
0.7602750145854306
0.7082946662325271
0.7082946830987558
0.08581903551695563
0.7082946270671316
0.1617450470444694
0.7082946616109365
0.30487067051802597
0.30487067051802597
0.7082946662789866
0.7082946637593065
0.708294663227349
0.1452012970881647
0.30487067051802597
0.30487067051802597
0.708294667727154
0.43375084804410746
0.7082946678598442
0.5353374825183232
0.3196192885665111
0.30487067051802597
0.30487067051802597
0.30487067051802597
0.43375084804410746
