0.7092899771963395
0.7092899771963395
0.7193091363173822
0.7092899771963395
0.7092899771963395
0.3051687222307238
0.7092899771963395
0.3051687222307238
0.7092899771963395
0.3051687222307238
0.3051687222307238
0.3051687222307238
0.7092899771963395
0.7092899771963395
0.3051687222307238
0.3051687222307238
0.7092899771963395
0.7092899771963395
0.7092899771963395
0.7092899771963395
0.3051687222307238
0.7092899771963395
0.7092899771963395
0.7092899771963395
0.7092899771963395
0.7092899771963395
0.7092899771963395
0.7092899771963395
0.7092899771963395
0.7092899771963395
0.7092899771963395
0.7092899771963395
0.7092899771963395
0.3051687222307238
0.7092899771963395
0.3051687222307238
0.3051687222307238
0.7092899771963395
0.7092899771963395
0.3051687222307238
0.7092899771963395
0.7092899771963395
0.7092899771963395
0.3051687222307238
0.7092899771963395
0.7092899771963395
0.3051687222307238
0.3051687222307238
0.7092899771963395
0.3051687222307238
0.3051687222307238
0.7092899771963395
0.7092899771963395
0.7092899771963395
0.3051687222307238
0.7092899771963395
0.3051687222307238
0.7092899771963395
0.3051687222307238
0.3051687222307238
0.7092899771963395
0.3051687222307238
0.7092899771963395
0.7092899771963395
0.7092899771963395
0.3051687222307238
0.7092899771963395
0.3227026180109719
0.15113612677671828
0.7092899771963395
0.7092899771963395
0.3051687222307238
0.3051687222307238
0.3233841530132957
0.3051687222307238
0.3051687222307238
0.7092899771963395
0.3051687222307238
0.3227026180109719
0.3051687222307238
0.3051687222307238
0.3051687222307238
0.3051687222307238
0.3051687222307238
0.7092899771963395
0.3051687222307238
0.3051687222307238
0.7092899771963395
0.3051687222307238
0.7092899771963395
0.2668176077027252
0.3051687222307238
0.3051687222307238
0.3227026180109719
0.3051687222307238
0.4899962576006631
0.3051687222307238
0.7092899771963395
0.3051687222307238
0.7092899771963395
0.7092899771963395
0.042018745024539124
0.7092899771963395
0.7092899771963395
0.3051687222307238
0.7092899771963395
0.7092899771963395
0.3051687222307238
0.7092899771963395
0.17018431744124535
0.3051687222307238
0.7092899771963395
0.7092899771963395
0.7092899771963395
0.3051687222307238
0.7092899771963395
0.7092899771963395
0.7092899771963395
0.7092899771963395
0.3051687222307238
0.7092899771963395
0.7092899771963395
0.7092899771963395
0.3051687222307238
0.3051687222307238
0.3051687222307238
0.7092899771963395
0.7092899771963395
0.7092899771963395
0.3051687222307238
0.3051687222307238
0.3051687222307238
0.7092899771963395
0.7092899771963395
0.3051687222307238
0.2668176077027252
0.7092899771963395
0.3051687222307238
0.3051687222307238
0.3051687222307238
0.7092899771963395
0.7092899771963395
0.3051687222307238
0.3051687222307238
0.7092899771963395
0.7092899771963395
0.7092899771963395
0.1617450470444694
0.042018745024539124
0.3051687222307238
0.3051687222307238
0.3051687222307238
0.7092899771963395
0.7092899771963395
0.3051687222307238
0.3051687222307238
0.3051687222307238
0.7092899771963395
0.3051687222307238
0.3051687222307238
0.3051687222307238
0.3051687222307238
0.7092899771963395
0.3051687222307238
0.3051687222307238
0.3051687222307238
0.22149537120673282
0.3051687222307238
0.3051687222307238
0.285688884564058
0.3051687222307238
0.7092899771963395
0.3051687222307238
0.3051687222307238
0.3051687222307238
0.3051687222307238
0.3051687222307238
0.7092899771963395
0.3051687222307238
0.1452012970881647
0.3051687222307238
0.3051687222307238
0.17018431744124535
0.3051687222307238
0.923960880314675
0.3051687222307238
0.3051687222307238
0.3051687222307238
0.3051687222307238
0.3051687222307238
0.7092899771963395
0.3051687222307238
0.3051687222307238
0.3051687222307238
0.1617450470444694
0.22149537120673282
0.4899962576006631
0.3051687222307238
0.3233841530132957
0.7092899771963395
0.08581903551695563
0.3051687222307238
0.3051687222307238
0.1452012970881647
0.3051687222307238
0.7092899771963395
0.4899962576006631
0.1452012970881647
0.2668176077027252
0.3051687222307238
0.923960880314675
0.285688884564058
0.7092899771963395
0.3051687222307238
0.3051687222307238
0.3051687222307238
0.5353374825183232
0.3051687222307238
0.7115613262059131
0.3051687222307238
0.3051687222307238
0.3051687222307238
0.15113612677671828
0.7193091363173822
0.3051687222307238
0.43375084804410746
0.7115613262059131
0.7092899771963395
0.7092899771963395
0.08581903551695563
0.7092899771963395
0.1617450470444694
0.7092899771963395
0.3051687222307238
0.3051687222307238
0.7092899771963395
0.7092899771963395
0.7092899771963395
0.1452012970881647
0.3051687222307238
0.3051687222307238
0.7092899771963395
0.43375084804410746
0.7092899771963395
0.5353374825183232
0.3051687222307238
0.3051687222307238
0.3051687222307238
0.3051687222307238
0.43375084804410746
