0.6273563097232355
0.1826368507559222
0.15154165332460826
0.565952692664819
0.2078785933056681
0.706370174284598
0.6854832658582827
0.688604089799052
0.688604089799052
0.6151373141580702
0.22229951756650454
0.6476190166173496
0.5045368359980779
0.8500414905990062
0.6525869098771612
0.6601709059151823
0.19772359090451283
0.6151373141580702
0.6945899243299613
0.688604089799052
0.7261963955224129
0.8704026747506113
0.6735497562102614
0.5901438728360437
0.15154165332460826
0.2078785933056681
0.665188427600425
0.6439101295271414
0.6875896717255827
0.6256351467658088
0.7721187371473918
0.727869835999105
0.6877895630491088
0.6936562700883909
0.07256701104382271
0.7828811083632786
0.5856566321173783
0.17864947982333246
0.565952692664819
0.766047185633773
0.6283192264066384
0.1481296353601686
0.7295710814990791
0.6509713732694881
0.2733337734834923
0.6347755075484891
0.7409994226373756
0.1826368507559222
0.8500414905990062
0.6877895630491088
0.6624960160668665
0.6761489980191239
0.21480294391087015
0.200296277921861
0.06906577542847825
0.6129742631012468
0.39523411247910323
0.658192567507156
0.7290739107967287
0.568875180214295
0.19601565202656954
0.6711833743195185
0.617183801137531
0.6875896717255827
0.6726647776032723
0.688604089799052
0.8578320656684487
0.5213298688457048
0.8612211034295592
0.8945015524348282
0.7971130042936045
0.6509713732694881
0.6601709059151823
0.12478472911682435
0.09811006169636029
0.8812874026166495
0.6525869098771612
0.12478472911682435
0.5841021077724432
0.5974814599423102
0.6283192264066384
0.6886659674742835
0.9475973541618632
0.2650208544667477
0.8560364520429415
0.6635696641259914
0.7075653716370284
0.6601709059151823
0.6525869098771612
0.5392650719525607
0.6886659674742835
0.8717890746115387
0.2153951721751154
0.6735497562102614
0.43152240613377724
0.6799159013629459
0.24652822716975553
0.7492003564377976
0.6652776274650812
0.727869835999105
0.8891944045473212
0.6533931782148303
0.8979265936395187
0.7902402890790698
0.6652776274650812
0.07256701104382271
0.617183801137531
0.20521949561421068
0.212588853496544
0.13914976402780202
0.8704026747506113
0.27915282771692773
0.09416358812168434
0.7295710814990791
0.460340741485281
0.501247195653384
0.7261963955224129
0.7545153604193092
0.5045368359980779
0.6481356177880939
0.16980206198497258
0.6588173978817276
0.7545153604193092
0.19089638480868626
0.41658800769397514
0.10826971205396385
0.6826147860023997
0.11728749261757274
0.19601565202656954
0.8102800869985542
0.7138494661232229
0.2153951721751154
0.09416358812168434
0.766047185633773
0.15154165332460826
0.5954402704199179
0.6826147860023997
0.8656078866462968
0.8582091392887077
0.7075653716370284
0.8656078866462968
0.5954402704199179
0.15154165332460826
0.7971130042936045
0.8612211034295592
0.7568310901306958
0.22229588795874772
0.5973993445441445
0.7902402890790698
0.6145434036800062
0.7971130042936045
0.20153225371220848
0.11728749261757274
0.8578320656684487
0.7358362333565023
0.5213298688457048
0.40756284262420284
0.024804920196395686
0.09811006169636029
0.7739809222717416
0.8945015524348282
0.49818404361814167
0.7492003564377976
0.6726647776032723
0.6635696641259914
0.22562548460232193
0.8138451219839459
0.6183524411414515
0.6854832658582827
0.7721187371473918
0.8225965400600738
0.9076369179091655
0.7545153604193092
0.6945899243299613
0.706370174284598
0.41658800769397514
0.2733337734834923
0.8560364520429415
0.2814630969925133
0.13914976402780202
0.5824734956097517
0.7405149668663293
0.6711833743195185
0.11728749261757274
0.22229588795874772
0.727869835999105
0.6336136932267299
0.7203668657814742
0.6761489980191239
0.1487628483509894
0.2695574497146076
0.7982966512679077
0.7023045636657564
0.12814358884735172
0.19601565202656954
0.8228549815762063
0.5128692688742257
0.07256701104382271
0.32478586499431006
0.854172932255208
0.5856566321173783
0.32402431992497593
0.7828811083632786
0.7203668657814742
0.6129742631012468
0.22225985390297773
0.8228549815762063
0.22562548460232193
0.9839543291197448
0.6308299832424253
0.2695574497146076
0.4493593058348958
0.678225148233898
0.7982966512679077
0.1826368507559222
0.13192289246063185
0.19374651235883203
0.6481356177880939
0.5974814599423102
0.8225965400600738
0.1301028425320631
0.13914976402780202
0.22562548460232193
0.6308299832424253
0.8812874026166495
0.13331966875312456
0.6439101295271414
0.13192289246063185
0.6708842819714184
0.7023045636657564
0.6799159013629459
0.4283618350218511
0.1375774532877377
0.5824734956097517
0.9076369179091655
0.6292723808112765
0.565952692664819
0.6145434036800062
0.8891505082550475
0.8494780869200028
0.8102800869985542
0.32402431992497593
0.35440728806884936
0.6735497562102614
0.42655208392628996
0.8036280318426363
0.8549886792699197
0.4283618350218511
0.42655208392628996
0.6306536459495025
