0.6907350982497203
0.6907567440273986
0.6907575427231751
0.6907580282982005
0.690747610980083
0.6907427790898361
0.690749739380972
0.6907623625912664
0.6907535752229381
0.6907716037721005
0.6907411423266753
0.6907337009599803
0.6907600850723247
0.6907532226619572
0.6907448878884038
0.6907570376310438
0.6907142313135832
0.6907580282982005
0.6907660878317293
0.6907528850578369
0.6907532226619572
0.6907414785817804
0.6907476934183742
0.6907573871014553
0.6907729734364394
0.17725745585776145
0.6907624474975577
0.6907448878884038
0.6907505060558666
0.6907511714236024
0.6907600850723247
0.6907489793964716
0.6907535752229381
0.6907672010937982
0.6907608679564279
0.6907493395742099
0.6907573871014553
0.6907654802639963
0.690772834163423
0.6907662839802284
0.6907966368252377
0.6907527166712898
0.6907504064184775
0.6907601114725463
0.6907906993987416
0.6907624474975577
0.6907607816584266
0.6907567440273986
0.690771037009535
0.6907383829652597
0.6906010539658676
0.6907668326930902
0.17725745585776145
0.6907727565163841
0.1543129080528916
0.690743509791053
0.6907330012669813
0.690746505462484
0.6907554051729189
0.6907580282982005
0.6907619476542689
0.6907529887375032
0.6907471452445202
0.6907574760186593
0.6907357969593809
0.690707028364867
0.6907692133945669
0.6907403456954935
0.6907532251165245
0.6907579634677384
0.690746505462484
0.6907565811723387
0.6907561463394424
0.6907533067002021
0.6907511714236024
0.69078296719361
0.6907542870515013
0.6907828559004285
0.6907468111984526
0.6907650176792752
0.6907652628641862
0.6907615685987729
0.6907403456954935
0.6907495289372629
0.6907655235714503
0.6907257178212606
0.6907695426440315
0.6907643530513008
0.6907593197768129
0.6907711555460714
0.6907605588558776
0.6907906993987416
0.1551086010323607
0.6907625202317226
0.6907403456954935
0.6907801228016258
0.6907371118133353
0.690759604382046
0.6907529887375032
0.690763295518778
0.7276054266778378
0.6907308979424434
0.6907330012669813
0.6907576836762522
0.6907570376310438
0.6907571879579402
0.69076890752361
0.14998635052657455
0.6907623625912664
0.15237752229619972
0.6907153503459127
0.6907593219317254
0.6907241187362524
0.690766499487415
0.6907150797172431
0.6907836587980979
0.6907605588558776
0.764354100170821
0.6907573307794029
0.6907578047989441
0.6907692133945669
0.6907544486340212
0.764354100170821
0.6907630182950141
0.41658800769397514
0.14996695289979456
0.6907742237288031
0.15253244098221827
0.6907625027435169
0.6907542644433341
0.6907732104651942
0.690759259155888
0.14998635052657455
0.6907314337777635
0.6907625086611109
0.6907072154924414
0.690766499487415
0.6907580002283793
0.7276054266778378
0.6907129269739276
0.6907605691154538
0.690707028364867
0.6907625086611109
0.690707028364867
0.6907522453524348
0.764354100170821
0.6907414785817804
0.6907370146376973
0.6978750002175403
0.6907966368252377
0.6907310335159821
0.6907563282784538
0.15253244098221827
0.690763064570154
0.6907505699266948
0.690749739380972
0.6907251766894618
0.6907699573234085
0.6907427790898361
0.6907507325666122
0.6907686825397819
0.6907251766894618
0.6907578047989441
0.6907505060558666
0.6907932535094425
0.1911451510122506
0.6907640984358339
0.6907927847568649
0.6907257178212606
0.6907635233224632
0.6907400778877808
0.6907853496642596
0.764354100170821
0.6907576836762522
0.690748010039357
0.41658800769397514
0.6907225295627123
0.6907624911143415
0.690778294340524
0.15237623948234566
0.6907469407525836
0.6907996476034879
0.6907515288409851
0.15281876939774286
0.6907504064184775
0.6907640362399836
0.6907517431363798
0.6907532036935757
0.6907592541440154
0.6907369846768723
0.6907593219317254
0.6907711555460714
0.6907651390889015
0.6907421665326721
0.6907625027435169
0.8228549815762063
0.6907507833967053
0.6907958963889377
0.6907662839802284
0.6907742237288031
0.6907828559004285
0.6907795575423689
0.6907540568676352
0.6907371118133353
0.6907575427231751
0.17725745585776145
0.8228549815762063
0.6907606720618592
0.9839543291197448
0.6907371118133353
0.6907664288772007
0.6907664288772007
0.6907561463394424
0.6907617612364529
0.6907637455906018
0.6907353436520285
0.6907571874028456
0.690770955286189
0.6907613438289656
0.6907142313135832
0.1523730324477105
0.15237623948234566
0.1911451510122506
0.6907472632368974
0.6907673619417674
0.15655091940654314
0.690743509791053
0.690763295518778
0.6907562802156221
0.6907542870515013
0.6907411423266753
0.1543129080528916
0.15237623948234566
0.6907623019190197
0.6907853496642596
0.690772834163423
0.6907168079383119
0.6907966368252377
0.6978750002175403
0.6906623068879432
0.6907027751823878
0.15655091940654314
0.6907569355811843
0.6907370146376973
0.42655208392628996
0.6907650176792752
0.6907624911143415
0.6907930922219876
0.42655208392628996
0.6907355538428664
