0.3652843248090951
0.8113947777002951
0.06109392729986357
0.9484631190473001
0.16731322578693797
0.7820867026196935
0.6421853155471564
0.18029348021841943
0.6428216839875345
0.7259009835088296
0.737616475751566
0.9802231160359195
0.7024546342473711
0.87605953083543
0.6281466095266222
0.31970268517439693
0.630234012674649
0.6428216839875345
0.7785169228800499
0.6544753123365686
0.27947927035649756
0.8445298618290137
0.6738986136602966
0.9209582888575505
0.8899149322964921
0.6108569890529413
0.45944903294731865
0.5010605125497637
0.220040864407686
0.661767614213877
0.31970268517439693
0.47632997576831587
0.7156951876312456
0.559700933509708
0.06109392729986357
0.7024546342473711
0.47632997576831587
0.9484631190473001
0.16118244897653278
0.7156951876312456
0.6738986136602966
0.16118244897653278
0.7170937700432374
0.593866099794202
0.17511286429164333
0.6329841040424307
0.7453271028281603
0.2814630969925133
0.10895472212160151
0.6189288176922215
0.6831706950538181
0.7263453638848443
0.22088409297288114
0.17512435013745978
0.06906577542847825
0.18029348021841943
0.278329017321476
0.5276188878602713
0.9267208805606151
0.4756132649129632
0.2029141100756749
0.5835448492461379
0.5811576113586405
0.5850861673500865
0.7259009835088296
0.5693134828988656
0.06109392729986357
0.42237348321425006
0.8612211034295592
0.6094026367590608
0.8383905763148269
0.4305681228884668
0.6205234353239685
0.08282195902711603
0.10070694486097959
0.854172932255208
0.6281466095266222
0.9084018729780909
0.46808381245849906
0.5974814599423102
0.2658268179371632
0.6863135679943395
0.9149715922878068
0.27289178581521234
0.8113947777002951
0.7185839673727665
0.24514443123865948
0.05696151777810032
0.7170937700432374
0.9982103441823639
0.013370767673138717
0.9183456045763905
0.28878018487493384
0.7133703065457774
0.3545526544068327
0.559700933509708
0.20940481629117325
0.737616475751566
0.5835448492461379
0.7952857148685126
0.9696592317795665
0.6626212727178589
0.9276314887145465
0.8113947777002951
0.9267208805606151
0.06109392729986357
0.630234012674649
0.632000351643742
0.15794319408009194
0.21049291499325876
0.10919855747318952
0.27915282771692773
0.1502531167857329
0.7170937700432374
0.3652843248090951
0.03564041489515113
0.8238648098646772
0.7082007661915779
0.48521118818386877
0.6205234353239685
0.8899149322964921
0.5835448492461379
0.7082007661915779
0.17511286429164333
0.41658800769397514
0.24231149732321267
0.7024546342473711
0.39949759709906973
0.15794319408009194
0.10895472212160151
0.8023349477975537
0.14319461600378747
0.08471985896145207
0.8494780869200028
0.4305681228884668
0.601593381003024
0.6627749377574281
0.7952857148685126
0.8640310280493557
0.7222191134480279
0.7384943954170373
0.5693134828988656
0.08763022301333312
0.8250412080045004
0.8612211034295592
0.9074711855560327
0.22229588795874772
0.4305681228884668
0.7233963533421762
0.559700933509708
0.8383905763148269
0.24514443123865948
0.09032241354065523
0.7855963453786122
0.7263453638848443
0.8752047949363058
0.3659648578289063
0.024804920196395686
0.10070694486097959
0.82147350707026
0.9969641310532703
0.5518664962226494
0.737616475751566
0.02681763358018041
0.7185839673727665
0.2029141100756749
0.7133703065457774
0.593866099794202
0.82147350707026
0.87605953083543
0.7281187421205497
0.9484631190473001
0.7082007661915779
0.854172932255208
0.6738986136602966
0.41658800769397514
0.3763019787281717
0.8674898133576451
0.2814630969925133
0.12929690584900377
0.7185839673727665
0.31970268517439693
0.6421853155471564
0.6418213370799147
0.22229588795874772
0.8387457240768639
0.9187131447616315
0.8482421080745766
0.5765312295734321
0.1261271564818799
0.27915282771692773
0.9047591515550152
0.16118244897653278
0.010739193203070263
0.5223348077517678
0.9138760596932594
0.4552093472021339
0.06109392729986357
0.48663155218835585
0.854172932255208
0.47632997576831587
0.32960378297034876
0.8250412080045004
0.603547509152606
0.4955267504461169
0.22088409297288114
0.6890435676052434
0.5402723880630206
0.9839543291197448
0.5204660906472145
0.278329017321476
0.43793795415962844
0.6205234353239685
0.8408814749891311
0.1260062903109238
0.18029348021841943
0.15948870154924233
0.6060527031042486
0.5974814599423102
0.9170743379995978
0.052977898626674236
0.4358446554433437
0.2829508822350434
0.5770033495922041
0.9084018729780909
0.12929690584900377
0.6626212727178589
0.05113881890377081
0.6428216839875345
0.8238648098646772
0.82147350707026
0.4481684353425175
0.21049291499325876
0.508691944938939
0.903120817729597
0.4838015513117841
0.13962069935562182
0.54918478978629
0.8891505082550475
0.8494780869200028
0.8231806875060788
0.23231552157725788
0.35440728806884936
0.5692067717975225
0.42655208392628996
0.9007398827604759
0.8424875451821944
0.43793795415962844
0.42655208392628996
0.6738986136602966
