0.7994403215813992
0.6913230437389667
0.5471009310296342
0.556142454041164
0.1916814127172757
0.7820867026196935
0.7668898928946387
0.20463876032356387
0.5527056164002603
0.6618041135429433
0.8175491349928783
0.582229432681841
0.32671623748188444
0.8418738419093048
0.20483819062846326
0.6737341101371019
0.6459549347688428
0.5744066106715627
0.6818015451150682
0.7190186416897513
0.5797506993035605
0.8684471620335077
0.6162743085330079
0.5797506993035605
0.5144330417568277
0.22363561483307431
0.501247195653384
0.43152240613377724
0.6933777983360971
0.6942143298444684
0.8714539085509589
0.43220699187873635
0.7668898928946387
0.5825466980377918
0.09551317853174099
0.7828811083632786
0.5744066106715627
0.16238696144554143
0.5956121282481075
0.745403063822665
0.6406475206756229
0.1481296353601686
0.6708651994711353
0.8053604858879286
0.20463876032356387
0.6045895853961353
0.7409994226373756
0.16326765510024832
0.8312600810635938
0.6035412814277799
0.6624960160668665
0.6761489980191239
0.22225985390297773
0.1916814127172757
0.06906577542847825
0.5471009310296342
0.2650208544667477
0.5144330417568277
0.9286384363907053
0.5852761760604435
0.19491199820112345
0.6711833743195185
0.6459549347688428
0.6818015451150682
0.7190186416897513
0.6618041135429433
0.8578320656684487
0.5213298688457048
0.8612211034295592
0.8734964131800674
0.7853239618818805
0.5527056164002603
0.678353596473944
0.08282195902711603
0.09551317853174099
0.854172932255208
0.6933777983360971
0.16674749920653267
0.5705490997587549
0.5974814599423102
0.3274135331470387
0.6913230437389667
0.9475973541618632
0.2650208544667477
0.8570842248159635
0.7185839673727665
0.22363561483307431
0.32671623748188444
0.777980164307567
0.5501549641219526
0.6913230437389667
0.8723581874677149
0.21598740043936066
0.7030407678553714
0.43152240613377724
0.5705490997587549
0.16674749920653267
0.7676201176798481
0.5956121282481075
0.8578320656684487
0.8721417355463147
0.6533931782148303
0.8979265936395187
0.7902402890790698
0.6350818024550509
0.06109392729986357
0.556142454041164
0.20580023090485744
0.3263089551329784
0.17139854022009895
0.8723581874677149
0.27915282771692773
0.09416358812168434
0.777980164307567
0.36803873828886424
0.501247195653384
0.7927803631519018
0.7498839009965361
0.4995760201380535
0.6708651994711353
0.8911739529787285
0.6350818024550509
0.7568310901306958
0.20463876032356387
0.41658800769397514
0.20580023090485744
0.6826147860023997
0.10125531648202091
0.19491199820112345
0.8102800869985542
0.7641179656531916
0.21598740043936066
0.09416358812168434
0.7858486001840154
0.518576744621206
0.5852761760604435
0.6826147860023997
0.8656078866462968
0.9062470735483279
0.7858486001840154
0.8656078866462968
0.6056043647793923
0.08763022301333312
0.7828811083632786
0.8612211034295592
0.7568310901306958
0.22229588795874772
0.5527056164002603
0.7902402890790698
0.5825466980377918
0.7853239618818805
0.22913865855346074
0.10125531648202091
0.8578320656684487
0.7358362333565023
0.5213298688457048
0.3659648578289063
0.024804920196395686
0.10070694486097959
0.7490471569123701
0.9365118309443501
0.49818404361814167
0.8036280318426363
0.7190186416897513
0.6162743085330079
0.23477189395081977
0.7030407678553714
0.6290739007824186
0.7927803631519018
0.8714539085509589
0.8225965400600738
0.9076369179091655
0.7568310901306958
0.854172932255208
0.6284253954553668
0.41658800769397514
0.36941594502874886
0.8549886792699197
0.2814630969925133
0.17139854022009895
0.6162743085330079
0.39462820822278494
0.6711833743195185
0.6624960160668665
0.22229588795874772
0.8712199617553623
0.6370589949835201
0.8175491349928783
0.6761489980191239
0.1261271564818799
0.27915282771692773
0.8409425211612347
0.7556507813745809
0.010739193203070263
0.16238696144554143
0.8228549815762063
0.5128692688742257
0.06109392729986357
0.3263089551329784
0.854172932255208
0.43220699187873635
0.3263089551329784
0.7828811083632786
0.6231845965700702
0.5471009310296342
0.22225985390297773
0.8228549815762063
0.5402723880630206
0.9839543291197448
0.5761767006265679
0.2599620717122874
0.4493593058348958
0.6708651994711353
0.7556507813745809
0.16326765510024832
0.1481296353601686
0.20337910913989524
0.6229099037707828
0.5974814599423102
0.8225965400600738
0.1121882194233866
0.10125531648202091
0.23477189395081977
0.5761767006265679
0.9084018729780909
0.16538402102422822
0.6533931782148303
0.11571614956109512
0.6231845965700702
0.7556507813745809
0.7868561619111801
0.4491608274194994
0.17139854022009895
0.508691944938939
0.9076369179091655
0.5744066106715627
0.5956121282481075
0.5754238723867386
0.8891505082550475
0.8494780869200028
0.8102800869985542
0.3202165945783051
0.35440728806884936
0.6441650837118019
0.42655208392628996
0.8036280318426363
0.8549886792699197
0.4491608274194994
0.42655208392628996
0.6228880217175176
