0.6897789662076805
0.6923026298190917
0.6895126149937992
0.6894008641652055
0.6892318934111964
0.6897789662076805
0.6887359275516919
0.6923026298190917
0.6894931370044612
0.6895140197658408
0.6897789662076805
0.6897651309485934
0.6895539063603443
0.6910900848353152
0.6895332650356746
0.6894633583407358
0.6895382995560748
0.6889689734848358
0.6902932570113963
0.6923026298190917
0.6910900848353152
0.6896346426169653
0.6893950095160356
0.6894683541084855
0.6895850998143832
0.6892241320506793
0.6895126149937992
0.6895904776820897
0.7009870454765625
0.6899146403225526
0.6886283899263858
0.6919912883043878
0.6905246264279695
0.18860893926785516
0.6895152549804832
0.6897339995102493
0.6894931370044612
0.6897339995102493
0.6894357770298623
0.6871261647641349
0.6895539063603443
0.6886897594826262
0.6895382995560748
0.6896436052643615
0.6894331725670839
0.6894180610893901
0.6900443190614209
0.6887359275516919
0.6894008641652055
0.6900903181410731
0.6740776264805393
0.6894594403168218
0.179153055818886
0.6979118681539641
0.18675617988058
0.6904779836080662
0.6895279200723607
0.6902582996082423
0.6895703732371249
0.6888979057925995
0.6896286469006355
0.6917947711699206
0.6892869393407784
0.6897153126382495
0.6896486244674858
0.688278012201105
0.6905465246496435
0.6892852186024392
0.6886897594826262
0.6888801945525218
0.6871261647641349
0.689561951536078
0.6894561912103084
0.17820868854005484
0.18860893926785516
0.6896710900999635
0.6895300508643328
0.17820868854005484
0.6900443190614209
0.6875240661793386
0.6875621876982385
0.6893720653932092
0.6898676701814328
0.6895279200723607
0.6898936543530145
0.6911107075883379
0.6896755760987568
0.6893707049063738
0.6900266370536365
0.6894931370044612
0.6894633583407358
0.6873861248002775
0.17706118466708926
0.6896155417150622
0.6900182874924492
0.6969464794367655
0.688278012201105
0.7149089008190318
0.6895300508643328
0.6899146403225526
0.764354104806805
0.6911107075883379
0.6893916050999401
0.6969464794367655
0.18494907424057971
0.6895152549804832
0.6895619979346249
0.15194895821920987
0.688278012201105
0.13683303673847935
0.6897531880960134
0.16959586173697627
0.6899056703781757
0.6902582996082423
0.6895822521773807
0.6916080697624952
0.6925145174660599
0.7643540992683948
0.6893271410969205
0.6879476673603997
0.6905465246496435
0.6895332650356746
0.7643540992683948
0.6893767820467258
0.41658800769397514
0.14593791781418544
0.6897339995102493
0.13699288498775183
0.6888855089917371
0.6895904776820897
0.6895518305331914
0.17706118466708926
0.15194895821920987
0.6906865047072885
0.6896238232345504
0.685569330896949
0.6895314497318199
0.6896984305521126
0.6949465175733707
0.6906377434884454
0.6896304523212827
0.6740776264805393
0.689742615266367
0.6899146403225526
0.6885825360746857
0.7643540992683948
0.17064157748943248
0.6893663888155709
0.7399985607281491
0.689317098669911
0.6902398324985066
0.6896192392565851
0.13699288498775183
0.6912812841474096
0.6897452945603395
0.6893707049063738
0.6848100284656673
0.21711072131382278
0.6897688970768607
0.6904444972464137
0.6898151984680344
0.6848100284656673
0.6883279872062228
0.6896486244674858
0.6887359275516919
0.6888801945525218
0.6893716922291364
0.6894773603994059
0.6900319945988874
0.6897249621511603
0.7009870454765625
0.6889689734848358
0.7643540992683948
0.7063272959102802
0.6894277915198418
0.41658800769397514
0.6897244420327375
0.6900903181410731
0.689317098669911
0.13687950998106815
0.6887969828905667
0.6896507009051842
0.6902544213174333
0.13690842617262422
0.17064157748943248
0.6897188841251447
0.7172250138048442
0.6896207177274382
0.6885992127342447
0.13646696717722212
0.1742572679123776
0.6895416851256763
0.6893493849180232
0.14593791781418544
0.6888855089917371
0.8228549815762063
0.6885992127342447
0.6899056703781757
0.22451641119506044
0.6896493741035576
0.6897200431420102
0.22451641119506044
0.6897765362102487
0.6896207177274382
0.6896106545147755
0.179153055818886
0.8228549815762063
0.18494907424057971
0.9839543291197448
0.6886050160405808
0.1742572679123776
0.6893716922291364
0.6892869393407784
0.689391963102086
0.6893178888309762
0.6898554300495858
0.6896656522045705
0.6873861248002775
0.6856850303656714
0.695558721493418
0.13697245646624573
0.13690842617262422
0.18494915144655924
0.6894133518214302
0.6894331725670839
0.13684171488241975
0.6898391203280385
0.6897651309485934
0.6895208262576842
0.6893493849180232
0.6900319945988874
0.16959586173697627
0.13687950998106815
0.6894138965016252
0.6889689734848358
0.6895126149937992
0.6901572417178117
0.689410540152123
0.7902545061899311
0.7172250138048442
0.6900119978026744
0.23192210107629813
0.6893271410969205
0.6896155417150622
0.42655208392628996
0.6888642512348763
0.6896286469006355
0.6949465175733707
0.42655208392628996
0.6894277915198418
