0.7994403215813992
0.14258210248859055
0.3260189418167302
0.637843590713195
0.19385969290359073
0.7820867026196935
0.7994403215813992
0.3260189418167302
0.5149628614372821
0.7259009835088296
0.7967546215811354
0.582229432681841
0.6195111294496474
0.7967546215811354
0.2029141100756749
0.6205234353239685
0.6517004796167919
0.582229432681841
0.6818015451150682
0.6165387507856502
0.28121507629577047
0.8684471620335077
0.6228880217175176
0.9002627178168449
0.8899149322964921
0.22501137576317093
0.501247195653384
0.43152240613377724
0.6902190798695502
0.6875689603798272
0.4104749404138905
0.3260189418167302
0.7435810172778123
0.5861081108633183
0.06109392729986357
0.7766280349449253
0.5501549641219526
0.16238696144554143
0.6097181540771577
0.7435810172778123
0.6406475206756229
0.1805431211592421
0.777980164307567
0.6290739007824186
0.19385969290359073
0.582229432681841
0.7358362333565023
0.14258210248859055
0.9062470735483279
0.6035412814277799
0.6624960160668665
0.6514382967291381
0.22088409297288114
0.18732485234464566
0.06906577542847825
0.5634348756660374
0.2700796372212081
0.5276188878602713
0.9286384363907053
0.5649479873414948
0.16238696144554143
0.6711833743195185
0.5811576113586405
0.6818015451150682
0.7641179656531916
0.2854045989097915
0.8899149322964921
0.5444756940732678
0.8612211034295592
0.637843590713195
0.7490471569123701
0.4305681228884668
0.6205234353239685
0.08282195902711603
0.1299324297636184
0.854172932255208
0.729473306159864
0.14941608636537765
0.5149628614372821
0.5974814599423102
0.2658268179371632
0.6586813865581784
0.9475973541618632
0.2700796372212081
0.8570842248159635
0.7185839673727665
0.22501137576317093
0.3260189418167302
0.777980164307567
0.5873690238013068
0.6586813865581784
0.8785456643266272
0.21598740043936066
0.7323474255736407
0.43152240613377724
0.559700933509708
0.1840789120476877
0.7994403215813992
0.6350818024550509
0.8689435103306572
0.8721417355463147
0.6533931782148303
0.8979265936395187
0.7902402890790698
0.6350818024550509
0.06109392729986357
0.6097181540771577
0.20676227118125165
0.2854045989097915
0.17139854022009895
0.8684471620335077
0.27915282771692773
0.09416358812168434
0.777980164307567
0.36803873828886424
0.501247195653384
0.8238648098646772
0.7082007661915779
0.4615745711717486
0.6132880692141085
0.9121530180887341
0.6350818024550509
0.7082007661915779
0.19385969290359073
0.41658800769397514
0.20676227118125165
0.6826147860023997
0.39949759709906973
0.16238696144554143
0.7562730885788598
0.7641179656531916
0.21598740043936066
0.09416358812168434
0.8494780869200028
0.4305681228884668
0.6056043647793923
0.6826147860023997
0.8656078866462968
0.9062470735483279
0.7222191134480279
0.8656078866462968
0.6056043647793923
0.08763022301333312
0.7766280349449253
0.8612211034295592
0.8721417355463147
0.22229588795874772
0.4305681228884668
0.7902402890790698
0.5754238723867386
0.8339407868780514
0.22913865855346074
0.09032241354065523
0.7855963453786122
0.7358362333565023
0.5444756940732678
0.3659648578289063
0.024804920196395686
0.10070694486097959
0.7490471569123701
0.9365118309443501
0.45189239316301555
0.8036280318426363
0.02681763358018041
0.7185839673727665
0.18832871160586903
0.7323474255736407
0.6290739007824186
0.8223270972881693
0.8869930622374743
0.8225965400600738
0.9121530180887341
0.7318339034591532
0.854172932255208
0.6228880217175176
0.41658800769397514
0.36941594502874886
0.8549886792699197
0.2814630969925133
0.17139854022009895
0.7185839673727665
0.39462820822278494
0.6711833743195185
0.6624960160668665
0.22229588795874772
0.8689435103306572
0.6370589949835201
0.8482421080745766
0.6514382967291381
0.1261271564818799
0.27915282771692773
0.8409425211612347
0.729473306159864
0.010739193203070263
0.16238696144554143
0.8228549815762063
0.5398894041886053
0.06109392729986357
0.4081176675793523
0.854172932255208
0.4754137354005585
0.2854045989097915
0.7766280349449253
0.6231845965700702
0.5634348756660374
0.22088409297288114
0.8228549815762063
0.5402723880630206
0.9839543291197448
0.5761767006265679
0.26726748862720384
0.4497562626656885
0.6205234353239685
0.8409425211612347
0.14258210248859055
0.11571614956109512
0.15948870154924233
0.6132880692141085
0.5974814599423102
0.8225965400600738
0.1121882194233866
0.1121882194233866
0.28121507629577047
0.5761767006265679
0.9084018729780909
0.16538402102422822
0.6533931782148303
0.11571614956109512
0.6231845965700702
0.729473306159864
0.7845770645369954
0.4481684353425175
0.17139854022009895
0.508691944938939
0.903120817729597
0.5501549641219526
0.13962069935562182
0.5754238723867386
0.8891505082550475
0.8494780869200028
0.7562730885788598
0.3202165945783051
0.35440728806884936
0.6441650837118019
0.42655208392628996
0.8036280318426363
0.8549886792699197
0.4497562626656885
0.42655208392628996
0.6228880217175176
