0.3485665102201702
0.12329963270182148
0.3091374307849866
0.49888429665935613
0.29878076593438796
0.10017185301126674
0.22900164159454428
0.16469191654677962
0.05894436056584036
0.20249890295061487
0.3093021261568606
0.2729916443511839
0.3469895952101666
0.30090172477272814
0.24527879232734762
0.16526845271008472
0.44124953990496674
0.3432961455083648
0.24916082115598276
0.31378047508964
0.21851758804022728
0.3020096242253911
0.09057838766048205
0.30012831979304244
0.1683279217951779
0.317011062363477
0.05635070825044367
0.05703188402567744
0.12135409963196125
0.2557179229649512
0.09706296210859224
0.2832291514941623
0.21873272770658464
0.01562707360263887
0.2114347742423422
0.03907162621883859
0.1844171966507986
0.2448169530965063
0.32998946780923194
0.24687288075628913
0.3429536578774009
0.31265105803778115
0.02296573038217001
0.06691477214274079
0.2821616375442574
-0.007485914526077579
-0.2116426270130238
0.407313415759707
0.21054687191441135
0.19583113861334275
0.3729898503633548
0.1619547256821456
0.11092436942427832
0.26744186352473376
0.19963255185978215
-0.003181948755016567
0.2070247479591675
0.1849307270105809
0.3252041513912226
0.03587698414448732
0.3698055581346174
0.15155497793400866
0.19315878160447322
-0.0028863757727028137
0.11649890433193881
0.10134371772651159
0.18135074751493757
0.2857046063556083
0.18669290900259095
0.17977817945465244
0.22093983332678965
0.3304873440897731
0.30495133376752426
0.37126909397341773
0.16498429090717118
0.0748513364858568
0.3925015375285906
0.07391022858911592
0.16856482624571617
0.30738384611903224
0.2822897180028332
0.05825928752005128
0.3475682668222222
0.31167315497467835
0.05559602729920745
0.2761195529629527
0.3435124621411988
0.1692211372159715
0.18769687919727568
0.29748609776532436
0.3581873592846914
0.1741931683440718
0.16453896018592581
0.1972243530257872
0.23248539925295172
0.13578066146106052
0.15360016786432248
0.2194851900709653
0.20202946552122522
0.30722125259501504
0.18599286239645388
0.20716993678220713
0.04252314963135602
0.11392576389083575
0.15121792131908934
0.3284415217105057
0.18392516869763328
0.26974880825976205
0.3338750252111856
0.1238202696948028
0.18412161043127082
0.2433433427648497
0.14511911314743303
0.31173259947576876
0.03585246449249514
0.14648665814245093
0.15821692826080258
0.03519295681655186
0.3137102278258251
0.20708447094678867
0.3013303633466867
0.23235684248995964
0.4097872356885982
0.3314257151717636
0.059373484801741816
0.283018611519563
0.30887966980619996
0.2263673339799044
0.19367120520601075
0.08609055359736277
0.20365586702652752
0.13961524874334377
0.24705218909516208
0.34071514149360727
0.300557607574894
0.15487031449898692
0.19504323140609564
0.24164351411872578
0.16693834551237832
0.2294969123278681
0.3003945880724537
0.13865385564498475
0.2968373513000566
0.10650275264380346
0.401465149798248
0.3643419576749502
0.2570138872029664
0.04124059810156245
0.35882294638619294
0.003960407717960293
0.16823916237231148
0.24015069646792184
0.0693959965775964
0.05522140365394969
0.3891615243573692
0.14734967686412997
0.19881447698687582
0.04808243854363274
0.27907552902362354
0.19553226290523215
0.32195341828904317
0.16709133273974822
0.07681717176272106
0.3379861596243661
0.14668596129883835
-0.04940314177274039
0.3079858547263971
0.4605940705548969
0.1607858547726453
0.339577665960704
0.11056394349792255
0.23983926210854356
0.11982621958462754
0.019030365098857433
0.17451657437144644
0.046463925766888035
0.2747918417169763
-0.14109598736827852
0.22245611738142673
-0.07533786414353649
0.13175563296179502
0.20023565993649745
0.30176784445239735
0.217643492877333
0.03431712704344509
0.23124035858037778
0.21443190011177574
0.05003347767961721
0.1775457555977138
0.09054882244002262
0.3800473028668935
0.22954852911421947
0.20675697244663416
0.30136394544553213
0.29490619682789615
0.335580009626871
0.24197470386827252
0.3313364659991092
0.035665315173438274
0.3547236912280557
0.21939976870878417
0.05095637594745219
0.21535947151197068
0.2141924088441564
0.3757165978870556
0.1071285355012015
0.13412586383103392
0.08637487143879259
0.3353697440955078
-0.07139285538034079
0.2924573154182307
0.04464247242082144
0.1263068524757118
0.016065342654602185
0.15284195962946645
0.10610483612019
0.17778798094783946
0.44618432988669926
0.19664627742062982
0.16971503391030188
-0.029085359924326322
0.27962982145907694
0.1281712842821476
0.238911778014839
0.02820750389066029
0.16306194422394674
0.07314666645354279
-0.06970238544039284
-0.08627556654553915
0.208746181066697
-0.21666893420871364
0.1956285548552037
0.18796598193848985
0.22882979501146233
0.2186594967220741
0.1714801713452983
-0.006785924990346408
0.0009793735554537617
0.12108083646751713
0.19601804016526284
0.208779776629851
-0.005973970137330346
0.19018818249142488
-0.11575629015207708
0.3343328490998174
0.23180980816305402
0.15341648691993262
0.32570117317674113
0.3031226602451226
0.15809037774483595
