0.14087121620324985
0.5516417027586324
0.6502455980658297
0.5933174348835739
0.17738551421104204
0.8431404954784525
0.5950708387032411
0.21766989263969705
0.8648804372384544
0.34990375128270235
0.2891182164787921
0.17702802809544657
0.3317177581613524
0.18350434753157494
0.5521544641969323
0.6367238656464493
0.20165194131464315
0.27140030243812063
0.19912168285123433
0.5376851231665594
0.7027381956092673
0.21479258256633318
0.23261355355042704
0.19156369555835515
0.7153340030032163
0.2473795102674835
0.869400861179494
0.8407452308889322
0.5883793119736812
0.8431404954784525
0.8407452308889322
0.21860511882271647
0.7389713770763038
0.174722419051371
0.2799574437700782
0.07297029549992617
0.5598583248559309
0.604790732231396
0.5471063354160595
0.5299505871956275
0.19858278485009173
0.7058505350484006
0.9392296174023906
0.8808405540585211
0.2650564194087497
0.8924641572035511
0.942040635148955
0.7191027854993985
0.5977152690014016
0.7325825401365258
0.5823689097617402
0.5738723165863844
0.5627986302810379
0.5711562646288135
0.538720465693973
0.1386264055771994
0.26061367816374736
0.34990375128270235
0.3313181881825533
0.175211422635088
0.6072853837548222
0.25930456340679114
0.29956276638892176
0.9183216326939903
0.6743948458100635
0.46813415232559963
0.5990528854828351
0.8189680127502397
0.8062354552847153
0.44229894330832137
0.17171331157368386
0.6007639617120458
0.8113068904941707
0.2473795102674835
0.2587638072549698
0.44229894330832137
0.13333156125800227
0.25930456340679114
0.5301476370778389
0.5471063354160595
0.2126454967444862
0.6372924000562958
0.3840117409012913
0.29667841328207156
0.8540613572899809
0.583809673575617
0.13045952148347814
0.22844051996456097
0.6868314035576781
0.5367769630532626
0.22425976827275512
0.8045748748711978
0.21766989263969705
0.20500034251212645
0.6714864209261813
0.6497885261428049
0.5726486617559641
0.5625656450945008
0.6367238656464493
0.7626847107935615
0.7191027854993985
0.2518806974169955
0.20165194131464315
0.5519618180158976
0.5977152690014016
0.7720384256648343
0.21330658251809642
0.5374242282809378
0.5968661480588676
0.34534037743085005
0.8784815998006479
0.21353426815016036
0.34534037743085005
0.2587638072549698
0.14564104298697164
0.5023779029333956
0.7466558097349012
0.7466558097349012
0.28252680840745426
0.8477432804838108
0.2182072430655654
0.7652962083180306
0.6685346112405068
0.27552774373304706
0.843876087355934
0.21479258256633318
0.23261355355042704
0.17702802809544657
0.21703135441635718
0.18527692445511684
0.3395176641921798
0.46813415232559963
0.8585697465030562
0.774302240826579
0.6330150907713779
0.7058505350484006
0.1930240996014999
0.622579082739408
0.20167702431089954
0.6566842825715205
0.5664465389497828
0.1829936866466479
0.27970684537453694
0.8784815998006479
0.7720384256648343
0.5427429944506141
0.6747434548530299
0.2534587180975728
0.6182446170355014
0.538720465693973
0.3792811322513823
0.21987311007866733
0.5299845021211301
0.5968661480588676
0.5521544641969323
0.6604809260551034
0.8261052574059025
0.843876087355934
0.781970459731756
0.6341668554677873
0.6926946749355525
0.22844051996456097
0.4517047462240181
0.17152676314716597
0.9183216326939903
0.3840117409012913
0.36814713855391595
0.2430976937883827
0.8648804372384544
0.5958723129169659
0.20227443110241122
0.22314089528647912
0.6730146291723629
0.778876181809633
0.16119966012547768
0.31771494125649474
0.6604809260551034
0.19507390511975037
0.7789561060600653
0.9220811433515231
0.8169244434657544
0.4665099778102624
0.6206508210652075
0.21860511882271647
0.5627986302810379
0.5481149151683766
0.774302240826579
0.622132581159008
0.8585697465030562
0.19364743479884028
0.19364743479884028
0.5519618180158976
0.6330150907713779
0.17738551421104204
0.5933174348835739
0.434751083156655
0.2799574437700782
0.8261052574059025
0.7926732763079378
0.22204458121903947
0.5524238771155426
0.6341668554677873
0.20667372427725383
0.1829936866466479
0.8204424802477865
0.8458802253456705
0.8516660607451528
0.2606173662280231
0.5828542661114617
0.942040635148955
0.5738723165863844
0.7546028703521104
0.19179344195868753
0.13333156125800227
0.23914481511231434
0.20667372427725383
0.35547029715067935
0.7546028703521104
0.5823689097617402
0.609014661569531
0.7477368218031503
0.12504776432673897
0.22314089528647912
0.16003161208742425
0.21987311007866733
0.5411676354831241
0.8275787311999497
0.19519625414604524
0.000761898649425885
0.6502455980658297
0.1717500640642035
0.609014661569531
0.2430976937883827
0.7389713770763038
0.5185525217796747
0.8169244434657544
0.6679581338878313
0.9769588721547657
0.28252680840745426
0.7169154097792687
0.17273231069995326
0.9334822352983134
0.5376851231665594
0.7477368218031503
0.1930240996014999
0.7169154097792687
0.8808405540585211
0.6007639617120458
0.7153340030032163
0.3316767260359529
