0.33357007059437555
0.19750071722357962
0.2378872892443776
0.40991068446787965
0.24647818961695572
0.07274451884344345
0.18927804572075022
0.11262684157825024
0.11048728869958416
0.1372333915830682
0.29750146686084367
0.18827545663998324
0.1477244245602455
0.2456454801066457
0.14074775526191127
0.15150094683689205
0.2934774265318406
0.27398106044036663
0.16518883240836027
0.2947434409575792
0.11408241077074714
0.2085812129694212
0.043766931455004036
0.12955900741078277
0.2221743443636991
0.32228960129358436
0.052414149927578736
0.030551160593623623
0.12791289509372067
0.27605138733290097
0.036578695052564704
0.16086377705624758
0.061153520811121534
0.005575832072570764
0.1046458053491184
0.015086703024421248
0.08649898093486265
0.08840851252921691
0.30791380833327564
0.15125158409328365
0.313367288643102
0.3334371607224614
0.024962220553256448
0.08546154854377021
0.16546191846184152
-0.15758161165181062
-0.23175511245156338
0.28563776017960235
0.059137854648640874
0.19866193992233913
0.321121158032617
0.051380979031218826
0.10496640708711451
0.21214090722993545
0.16521010037914896
-0.03210225541875978
0.13500977336338393
0.2576522832331506
0.2726726049120551
0.06946946117406556
0.2419176723458951
0.0481619517019205
0.11987286608167483
0.0391732543552055
0.13651479583622286
0.059045175270863365
0.20542014636736405
0.30651574654636476
0.12552144041750798
0.19535052163240704
0.1518667555856144
0.26170570934557486
0.2516052210291
0.26663086205820624
0.1392719412521292
-0.010750644046623835
0.3225490657439127
0.07044732570255505
0.13303585859469497
0.2536472334345605
0.3202129686922979
0.0998078932814546
0.20152836284711972
0.26873182701675385
0.06483523748977585
0.2986093695921128
0.2043536602667904
0.15937658688285616
0.14403400542621314
0.31077241520498955
0.3551946829285461
0.09293843120938493
0.1608349262197741
0.253711651191733
0.26810574343986243
0.021338773794288723
0.11504725405638669
0.21303523212727443
0.17715691407806328
0.3058970524139922
0.16203286498877176
0.09373073228461425
0.02138569683624482
0.06464690551298972
0.17593706746033094
0.38611466558520946
0.11851974985671518
0.21814174314480766
0.3089365936476038
-0.04162913219060349
0.20270070550207567
0.14940441834100668
0.07627780133528272
0.25860487832751516
0.016464790228327957
0.14453211414023123
0.1352763461505859
0.026554330800306915
0.2887022577559038
0.2020306188962229
0.2797155037829222
0.12237258515594142
0.2346962737006932
0.30262753289998784
0.004191900881921007
0.23691817988798194
0.31353097832255883
0.1756070154890349
0.18992366787384887
0.037734047244186664
0.1896572452886969
0.10270777351821686
0.14896538451661956
0.337277369810862
0.19143001013061897
0.043444704887095474
-0.07376266268114008
0.11070000475033574
0.06979077949905862
0.19256787453133584
0.23257419467076176
0.1392592765813704
0.3174844215429868
0.038465748112577525
0.39712130162832876
0.3742949281494166
0.18089913100325375
-0.08179639411708968
0.2946433397986172
-0.034018698807088736
0.17291878605719305
0.1846076153095545
0.003258951963382092
0.21877990831250566
0.34234160692488347
0.08842513695712821
0.16984568456288887
0.04113362853254143
0.3229153156949619
0.10078928886370969
0.26004087207264004
0.1253512674359782
0.06813759606667534
0.24992428018085822
0.07863709499560402
-0.17421834545243195
0.22900030671248794
0.36031817418298845
0.07965454828371116
0.05290162107690223
0.0870984628519258
0.0691447574879021
0.10828890734632204
0.06827778635543631
0.07863099703846393
0.04180524844379261
0.26904487359141155
-0.19137326448555472
0.17538637661118503
-0.1386350273575688
0.15548490586140906
0.09721374645320507
0.2577039468845465
0.18391813719620875
-0.039683366774377574
-0.012821234152800821
0.23687056021837988
0.015970185416982478
0.10412863620592733
0.06926390606015094
0.3666342752364251
0.15863633602254398
0.10345337117927979
0.19366121801654754
0.12494309309179873
0.23166167164604018
0.12174572459863883
0.2530206564666341
0.05238394563653814
0.36340610340046664
0.20432132578650247
0.004717686262353313
0.10224563564545373
0.24489952145813448
0.21461847951043958
0.11810002224666818
0.006463223729041184
-0.02492726225010736
0.34058138096503077
-0.09716964312676438
0.10778848502572011
0.0001190069455646235
0.08073774076965062
-0.10019341820877667
0.16763330644620916
0.059993822647096386
0.20300585467037705
0.36750723969277704
0.1390644666345258
0.10354936778063459
-0.07398552460770992
0.22427014469768633
0.062016908023015994
0.2742654612213095
-0.05252608659044426
0.195301033850849
0.052317435190725375
-0.04052526429625189
-0.08581466573514153
0.19865477082192473
-0.25158685967896377
0.15788604583329316
0.15359262101081433
0.1946754156005668
0.25835314557675576
0.16511108739173277
-0.030299451258844194
0.03689173830405927
0.07809884020941078
0.18852167444074586
0.1825357351452504
-0.025842064326023793
0.13331763877077477
-0.11327736317927274
0.2558846584984921
0.0785897705007389
0.14116094123102987
0.1463182136853473
0.267179490025765
0.16190183193299934
