0.33371901216989186
0.09350585810110362
0.28656921998934226
0.473954065298447
0.2994624451578123
0.09465621235682907
0.2279384556974906
0.10816246235348456
0.06874891754172976
0.2673167927078519
0.21731800873403936
0.2412877060545727
0.13228033012933246
0.282273062812492
0.13021420740988685
0.1500503987602229
0.43156408630742354
0.30475485210605285
0.19943063970652122
0.30109437612991846
0.14962076488083073
0.20884805742746892
0.0688408234594766
0.26724056626628945
0.22149388548631396
0.27380311315233635
0.05336762866339426
0.04582796964675408
0.056946196866454774
0.2506763730235838
0.10025713279138494
0.2893185578973854
0.19220766705781794
0.016762506925329726
0.18660578376315198
0.00523705420165708
0.06348352290392288
0.1803076996893743
0.31179824346463
0.19208383258752473
0.31463281107420393
0.3076636645209332
0.025300865637365413
0.10796643558633032
0.2233382876533306
-0.11212197579230765
-0.23139057666843965
0.33084673290603694
0.05836606118649268
0.21303709548232425
0.2726533693541536
0.042237131675499244
0.08446518716025925
0.2697490203579877
0.15424629147897423
-0.008166891123393277
0.18920416443875865
0.22179214872260536
0.3265609305940172
0.08066093076107261
0.2958216994733198
0.11519282312914529
0.16119660173606207
0.0053834253766860485
0.16866216759207728
0.06253907643027813
0.17427406995681186
0.2952391857055162
0.17036801834894272
0.17906302120180417
0.1684615309913696
0.3144590438971961
0.22423181827343583
0.2675074693485879
0.17580560956208835
-0.06272375594686914
0.34649635240978577
0.10718825722578604
0.17146251246733865
0.22818247969405397
0.24017031873685582
0.07862899591708881
0.3009778216655966
0.297389336499735
0.05035976202966976
0.2799815807583868
0.29704698833216475
0.1745484450506079
0.15755857085849667
0.29521015245023796
0.3168194384639828
0.08388812291142381
0.1707013428976714
0.22860514352560815
0.25798711715892747
0.09190266905792112
0.13346376168597449
0.25253430454590253
0.16795051929155963
0.3102772867822022
0.15447875069550915
0.09227840557305235
0.05076328261402844
0.11200150014348569
0.160616958273383
0.34218469973792964
0.12882266810884208
0.24731427412030046
0.3453672343631039
0.11904897967166742
0.15703661529275686
0.23967595025538943
0.06552610158552788
0.2890604790856696
0.055555231859803655
0.1618111312478498
0.16116264737788052
0.025791903580686937
0.29451341371569933
0.2226808443560486
0.29965958184978553
0.2121070118423212
0.357772054689917
0.3205955539438175
0.016035661017337135
0.24700829192600815
0.2966400672930543
0.2335682712377384
0.23822094952914116
0.07910245501095407
0.1997558284083136
0.18013257930793986
0.18623141424559753
0.29819648958408157
0.20965858554751315
0.1334277105882677
0.09789537895158146
0.1504486851156513
0.1811734284243626
0.15846200146582679
0.2616370917607434
0.12660586244132588
0.29514542912464964
0.17766364212179123
0.41670085505028936
0.3782245352568711
0.23512838698139316
0.015295316996113386
0.2894382565552597
0.043738944224545634
0.18026396045289783
0.2067116996818565
0.04992132169583486
0.1884718341194106
0.35627816379797
0.15112403428440796
0.15219190261863616
0.04419685264108802
0.30483475763176004
0.1737134949953539
0.28000392124141604
0.17177675372215526
0.06367591579366139
0.34460006122303427
0.12740856055915645
-0.0896422976603566
0.27952434684151733
0.38646087054038214
0.16497961487503146
0.19638717141579182
0.14174010370300302
0.16738734294740393
0.0760850257010722
0.03971499194680589
0.15279416515467567
0.03242573971306451
0.26395575528944176
-0.1713198514211919
0.17407515040777194
-0.10619781992783939
0.13277353881899803
0.1192947338209378
0.25942646136984776
0.20812815951231048
0.019938927660386317
0.1205814202985403
0.22953887494948355
0.01387528544747689
0.12297489780190224
0.08395780681077127
0.35656275682152877
0.16436431544875188
0.20442129620669783
0.23517020543259162
0.15184637967405154
0.29711408692033564
0.23626920692969305
0.3008086541969161
0.04759667600192668
0.42774597782182433
0.20316136932827492
0.004380961766201329
0.21508040830713215
0.23353237248906014
0.28765275015757946
0.12296067244100152
0.025157486321676987
-0.05385029203234511
0.32125218163461533
-0.08356573341993279
0.24918648134992238
0.03062391562990718
0.16992171209589815
-0.08644458285493747
0.17244741984934636
0.08622836201327731
0.19706952071776082
0.461184344428345
0.19201258603768392
0.14834621948353166
-0.026469566397191387
0.28418365007222873
0.10561437448839908
0.25995933952272937
0.004418589297017487
0.19731701774122376
0.059606972727370276
-0.03394948462445396
-0.07637149482207573
0.2124988823389748
-0.24165120522600006
0.165617378436104
0.19312685031154078
0.21336650588750777
0.31749917726735427
0.17095605589737972
-0.05314543083160581
-0.0012991642274838456
0.06372223492923328
0.19241278611135068
0.23188245027387752
-0.013606209828116722
0.14993381828704833
-0.10970564494972468
0.28731113441636713
0.2277475014999391
0.1305551535321484
0.18870454900799422
0.2839084924734529
0.1560906971246182
