0.2117752036813345
0.5688514543332102
0.6211519923717934
0.6295574726059092
0.17820387934782933
0.8822328472765493
0.6932467534091388
0.3942324491740372
0.890575197559331
0.39893919423897334
0.20324321946603247
0.2069398611442687
0.22426672408462248
0.17626663690646088
0.5961623181576164
0.7214446410391129
0.16020428704579823
0.4131670602377211
0.2069398611442687
0.4045358311708235
0.8141633660220563
0.15785445191233183
0.24330621549685003
0.17626663690646088
0.8924641572035511
0.21448406346388335
0.8694055098366864
0.8204190302491677
0.45974783594136526
0.8087965491791942
0.8999413573245232
0.10306459105462445
0.6344780297503549
0.16020428704579823
0.21972531903418174
0.07297029549992617
0.5805832093748916
0.4652656226296906
0.662747005089117
0.40414558214315
0.1335862885255713
0.6223008679322417
0.9389650193416916
0.8999413573245232
0.18213129501922876
0.8924641572035511
0.9448516528955192
0.690882517070138
0.6514733332110452
0.5478430448257388
0.6479006522703676
0.5404592494179467
0.48322624576150985
0.5119995682951577
0.4332164263218977
0.13413678432509854
0.2764126251550406
0.42603271738589793
0.3313181881825533
0.0885071097151986
0.6169751103444684
0.19176758310425823
0.3084386629702609
0.9110475671552088
0.8338228106589074
0.2775733440618537
0.47390287155290356
0.8278726802167558
0.6608301954631481
0.5410697337973419
0.3313071971054119
0.4845050481739685
0.6326590085836914
0.2764126251550406
0.21972274707177597
0.3435281528193008
0.1740804239195322
0.34868582000438264
0.5404592494179467
0.5805832093748916
0.19439224795304522
0.5600790810237832
0.28973684193114635
0.2249941803371594
0.8540613572899809
0.6168790639007853
0.15785445191233183
0.21561348023852883
0.6994019822374076
0.47828663987143627
0.4212340255533926
0.901648554900812
0.3041061520757731
0.21448406346388335
0.6714864209261813
0.5078853899576197
0.4845050481739685
0.6429526856230687
0.7214446410391129
0.6788440850883695
0.7466426626499082
0.21972531903418174
0.125922255660609
0.677067977242721
0.5119995682951577
0.8540613572899809
0.10306459105462445
0.6213708140339844
0.6925323906384737
0.28973684193114635
0.8373997755424809
0.23053030996382967
0.4849504483029131
0.21968945013603236
0.14564104298697164
0.5188717567730107
0.715351830899547
0.8338228106589074
0.2013429945241802
0.8694055098366864
0.1433079220219909
0.8204190302491677
0.6202329824618302
0.4045358311708235
0.859037251788618
0.22426672408462248
0.16119966012547768
0.2335487056955986
0.2300424868806491
0.041811195645639065
0.2740159821063794
0.4534776425278912
0.7491179270749013
0.770587039409633
0.6199308280964306
0.6223008679322417
0.18213129501922876
0.6489958473211996
0.21972274707177597
0.4849504483029131
0.6225086456061386
0.21170042313697124
0.3734191619315549
0.8516660607451528
0.6444815914894941
0.6333479240094917
0.715351830899547
0.2534587180975728
0.5712032155998198
0.4858840490937804
0.39207299870247336
0.2049914591505982
0.6514733332110452
0.5205118769183978
0.5582166683398387
0.744498412348355
0.9458587414851175
0.9072153313922224
0.9368788032425932
0.8534592198270796
0.6689302609016691
0.40130060697872083
0.46419014108617274
0.1433079220219909
0.8968222433131761
0.47828663987143627
0.33175844593700843
0.2740159821063794
0.9003009963456621
0.6199308280964306
0.10910509101035724
0.30704125464531173
0.5754422189350927
0.8141633660220563
0.16119966012547768
0.34868582000438264
0.8278726802167558
0.2013429945241802
0.770587039409633
0.9220811433515231
0.94226097823679
0.4665099778102624
0.6213708140339844
0.2361642201838101
0.5460370671893284
0.5978856921974858
0.901648554900812
0.7358707911756651
0.9368788032425932
0.1925513474004134
0.3313181881825533
0.5961623181576164
0.7221795760527282
0.17820387934782933
0.4534776425278912
0.4212340255533926
0.2094081511877144
0.6925323906384737
0.8138245978983087
0.16913728335276182
0.6203427060571168
0.571999247230776
0.170067860837692
0.21170042313697124
0.744498412348355
0.9168773768236981
0.8516660607451528
0.10910509101035724
0.6333479240094917
0.9394942154630895
0.5716180818865757
0.8956307472181837
0.09775045640295767
0.09775045640295767
0.21968945013603236
0.40130060697872083
0.383614628867721
0.6926469203789614
0.5329476883289
0.6295574726059092
0.8419206428730039
0.12504776432673897
0.10294745437087216
0.15972705572495985
0.13569647647336375
0.4760347273429561
0.8275787311999497
0.05568382324291776
0.000761898649425885
0.6568994563753774
0.030841498156553793
0.4802543547659683
0.3734191619315549
0.8001681234578516
0.47390287155290356
0.6913344287547472
0.6932467534091388
0.9769588721547657
0.5329476883289
0.6688526658435422
0.21242566153477577
0.954369153152367
0.44289027666363157
0.8580209930628476
0.2182181968292447
0.8296026876232347
0.9030604713358704
0.6199308280964306
0.6032950885576347
0.19754426684908266
