0.3313692946942131
0.7318925932966909
0.5925047155523715
0.6684667176928845
0.16359500396592935
0.8943268002486607
0.6728279047116191
0.3942324491740372
0.8416561796555725
0.06433964026817973
0.19998050723237748
0.19323159221619343
0.09462559575630047
0.23052290914245332
0.6101190978906187
0.699348460883017
0.05533433817703892
0.41703384090067275
0.12255718067480742
0.3230174270277707
0.8701388943044379
0.20020632235988342
0.24330621549685003
0.08643816298793028
0.7967484384873645
0.20496848511492716
0.8602909927166456
0.7239606836746374
0.6041889760182426
0.8087965491791942
0.9281240230151669
0.04076053563325455
0.5312696399814376
0.19275115138688825
0.09508801281560969
0.07297029549992617
0.48967999782360194
0.5197625570308999
0.7500517912431413
0.40414558214315
0.1335862885255713
0.5944033324732193
0.9394942154630895
0.8602622011866233
0.26026254916910585
0.9951556022865811
0.9448516528955192
0.6123698690590972
0.5312696399814376
0.6123347328313786
0.5925047155523715
0.4635205668442314
0.48322624576150985
0.4806370221393118
0.36852207386807634
0.09508801281560969
0.36160127785153495
0.2505235521500141
0.24090091117638096
0.0885071097151986
0.6014614361193164
0.06884626723287723
0.3084386629702609
0.9110475671552088
0.8338228106589074
0.2775733440618537
0.5904997898633889
0.7491179270749013
0.6608301954631481
0.5410697337973419
0.3313071971054119
0.4501383395749263
0.6715360909803297
0.1774794598021654
0.42315987239281155
0.39639189964560106
0.14295890675429213
0.34868582000438264
0.7035262240018862
0.6714864209261813
0.24090091117638096
0.6031131992255442
0.1912247357543363
0.2249941803371594
0.8785200269567272
0.6424617484336245
0.2919666171800015
0.2880303710467783
0.6994019822374076
0.5718284531738262
0.4212340255533926
0.9953276675492875
0.3543724248348422
0.3360197487587918
0.6714864209261813
0.5078853899576197
0.6428296618648891
0.5170449628220224
0.7409348052335706
0.7159659675220964
0.7466426626499082
0.1736224691415269
0.125922255660609
0.677067977242721
0.4665099778102624
0.7934159930610221
0.06615626987669287
0.6417222026546425
0.6684325214116835
0.48322624576150985
0.7717800086245787
0.18348727586580565
0.4501383395749263
0.22439730492640897
0.1662343216472043
0.4802543547659683
0.8138245978983087
0.8338228106589074
0.19507797727524429
0.8785200269567272
0.24722361093677403
0.9168773768236981
0.47550425424188925
0.4016568477558477
0.8741213432526913
0.23291996793071612
0.2759630997534427
0.19323159221619343
0.3360197487587918
0.0005721575752785091
0.2182181968292447
0.416988776147182
0.7491179270749013
0.6992617686122046
0.6031244105066814
0.593781926187053
0.025573673720304058
0.593781926187053
0.14119747769546398
0.5197625570308999
0.6032950885576347
0.20908835529197167
0.3734191619315549
0.9030195424603832
0.6417222026546425
0.6807208552676178
0.6137413044026823
0.2534587180975728
0.46366028925112174
0.5835191500796044
0.39207299870247336
0.21675132608500292
0.6684686366717355
0.6592550998960235
0.5582166683398387
0.6608301954631481
0.9458587414851175
0.9072153313922224
0.8635924093792128
0.8534592198270796
0.7159659675220964
0.4499953392683691
0.46419014108617274
0.09582641808631065
0.8655204636111851
0.4936230683366488
0.33175844593700843
0.3074734362735244
0.9370095833121114
0.5170449628220224
0.1942278804903664
0.4016568477558477
0.6460894874509316
0.7460938847675633
0.32575030194143473
0.34868582000438264
0.8275787311999497
0.19507797727524429
0.8419123102070615
0.9220811433515231
0.94226097823679
0.4665099778102624
0.6684667176928845
0.2052019410847723
0.5431684484614273
0.5078853899576197
0.8191904460173083
0.7358707911756651
0.9734566101395242
0.2788824298635453
0.2880303710467783
0.5240680077649018
0.8138905336234289
0.12255718067480742
0.4937882248180613
0.4212340255533926
0.1731855558345874
0.7808024752789177
0.8138245978983087
0.20020632235988342
0.6203427060571168
0.4885286047084127
0.08888971628335596
0.29448819763884304
0.9072153313922224
0.9168773768236981
0.9873548411240523
0.023982301530348082
0.7072362868816414
0.9394942154630895
0.48626931185157674
0.8956307472181837
0.08892380148609003
0.035773857080955485
0.2639870286042256
0.35260587468907256
0.383614628867721
0.7731667632574525
0.44596454856136947
0.6101190978906187
0.8419206428730039
0.08305023371599962
0.10294745437087216
0.2775733440618537
0.08016898048818122
0.41076868822848134
0.8275787311999497
0.05568382324291776
0.000761898649425885
0.5944033324732193
0.030841498156553793
0.4802543547659683
0.3734191619315549
0.7402827364013149
0.37684453925494293
0.7702989884503971
0.746146837156847
0.9587621420229504
0.575533550031969
0.6688526658435422
0.284890786417454
0.954369153152367
0.37684453925494293
0.8419206428730039
0.2182181968292447
0.9266910279677546
0.9458587414851175
0.7005972135380996
0.6032950885576347
0.19754426684908266
