0.18522592250706338
0.18522534999226217
0.6505756402435376
0.6505756250579442
0.6505756518741981
0.6505756372041656
0.6505756447903164
0.6505755995018812
0.650575643798146
0.6505755967231759
0.6505756506091591
0.6505756221943474
0.1852245651683045
0.18522415337703443
0.6505756481423751
0.6505756149241695
0.6505756361107191
0.6505755773933259
0.18522605539880718
0.18522539800410193
0.6505756023149913
0.6505756727383356
0.18522515863870084
0.6505756431978338
0.6505756506091591
0.6505756215908195
0.18522542271610482
0.6505756474446238
0.18522516278007944
0.18522603324178044
0.6505756431978338
0.18522539800410193
0.650575641310005
0.6505756668550522
0.1852257062282837
0.1852250120498213
0.6505756200290259
0.6505756932233089
0.18522544200745583
0.6505756905519424
0.6505756262320257
0.650575611982218
0.1852261759323645
0.6505755984012391
0.18522514723968175
0.6505756377986031
0.1852246967220849
0.6505756144774408
0.1852250995525478
0.6505756311125565
0.1852254018482171
0.6505756352010528
0.6505756365921679
0.6505756570078722
0.18522595226028177
0.18522413694694934
0.6505756462889498
0.6505756111674377
0.1852264156231141
0.650575636701969
0.6505756360839697
0.6505756581503658
0.6505755757638063
0.6505756215908195
0.6505756732558837
0.6505756327142779
0.6505756259584647
0.650575643570982
0.6505756339338558
0.6505756806281657
0.650575658792267
0.6505756163736566
0.6505756065285607
0.6505756142055271
0.6505756425391698
0.6505757405100818
0.18522413694694934
0.6505756052513592
0.6505756130212088
0.6505756129027458
0.6505756256166855
0.1852256481597871
0.18522546520920766
0.6505756422116606
0.18522676141432196
0.6505756348148637
0.6505756266021627
0.18522680471094424
0.18522617925795626
0.6505756425819695
0.6505755998286838
0.6505756599413866
0.6505756377986031
0.6505756262320257
0.6505756581037959
0.18522592250706338
0.6505756087310736
0.6505755970254594
0.650575615294707
0.650575628977072
0.6505755772066257
0.6505756045879556
0.6505755970254594
0.1852254427249052
0.6505756349919782
0.18522511849528644
0.6505756365921679
0.18522552590641478
0.8787437650233716
0.6505756476913453
0.6505756130212088
0.6505756352010528
0.1852257044199554
0.18522612176665185
0.6505756201587136
0.6505756326937213
0.6505756260951113
0.18522526345260565
0.6505756807808178
0.18522583953785987
0.1852246967220849
0.18522510315038027
0.6505756200290259
0.6505756290479427
0.6505756358504957
0.18522478594324188
0.6505756116545348
0.18522580762136578
0.6505756360839697
0.6505755977399806
0.6505756670007128
0.6505756221943474
0.6505756591638855
0.6505756520925097
0.6505756255385233
0.1852253817473351
0.6505756065285607
0.18522518676764071
0.6505756422116606
0.6505756423065036
0.18522741521801872
0.6505756034777248
0.6505756581503658
0.1852256898207903
0.6505756361584223
0.6505756905519424
0.18522612176665185
0.6505756487219821
0.18522552590641478
0.6505756361166505
0.18522559144288808
0.6505756249453094
0.6505756689587283
0.18522534999226217
0.6505756390278403
0.18522501595892077
0.18522585737992506
0.6505756414678017
0.6505756465411991
0.1852245912875047
0.6505756518741981
0.6505756471506934
0.6505756266021627
0.18522510315038027
0.18522478594324188
0.18522471472077384
0.6505756348148637
0.6505756212279733
0.6505756389510438
0.18522630311710536
0.18522620109397508
0.9438135801745352
0.1852218541000446
0.6505756695997769
0.18522515142639012
0.6505756465411991
0.6505756217566819
0.6505756286233957
0.18522485220802995
0.1852257044199554
0.6505756051959233
0.18522379686438364
0.18522514723968175
0.6505756142055271
0.6505756425819695
0.1852263749987597
0.6505756374026312
0.18522504520694114
0.6505756256166855
0.6505756145633039
0.6505756442408946
0.18522666251212072
0.18522583953785987
0.6505756321259221
0.6505756045879556
0.18522534831592036
0.6505755981132939
0.6505756509543558
0.18522630068291718
0.6505756708299035
0.6505756420994536
0.18522607651343231
0.650575615294707
0.6505756695997769
0.6505756216892946
0.6505756028952834
0.6505756727383356
0.1852252610361969
0.6505756321259221
0.18522613224382536
0.6505756311125565
0.650575636701969
0.6505756199205218
0.6505756113407655
0.6505756028952834
0.18522370756644319
0.6505756250579442
0.18522511849528644
0.18522523939004515
0.6505756286233957
0.6505755881949926
0.18522523771345842
0.18522515863870084
0.18522518149151385
0.18522490846118111
0.6505756447903164
0.6505756520925097
0.6505756075217299
0.6505756481423751
0.1852253817473351
0.6505756490532201
0.1852256898207903
0.6505755917936709
0.6505756201587136
0.18522724036642452
0.6505756425391698
0.18522515142639012
0.18522589229048916
0.650575641310005
0.1852254813825782
0.6505756339847301
0.650575643570982
0.6505755975025849
0.6505756324636982
0.18522722519710047
0.18522551514032684
0.6505756129027458
0.18522414895214784
0.18522580762136578
0.1852250616960036
