0.14087121620324985
0.5516417027586324
0.6266002094089017
0.6245133136064511
0.1632073328637289
0.8431404954784525
0.5950708387032411
0.3317177581613524
0.8648804372384544
0.5246150264709359
0.2891182164787921
0.20012808745470484
0.3317177581613524
0.18350434753157494
0.5521544641969323
0.6743948458100635
0.23732073468600784
0.3176301185768431
0.19912168285123433
0.5057032655128795
0.7027381956092673
0.1836313015500231
0.22204458121903947
0.16314785235695098
0.8924641572035511
0.23646453955590221
0.869400861179494
0.7815491044533411
0.5883793119736812
0.8431404954784525
0.8999413573245232
0.22017888322907575
0.7389713770763038
0.16020428704579823
0.1717500640642035
0.07297029549992617
0.5598583248559309
0.604790732231396
0.5471063354160595
0.5299505871956275
0.21353426815016036
0.6989061209897771
0.9392296174023906
0.8999413573245232
0.25512607081627936
0.8924641572035511
0.9448516528955192
0.6182446170355014
0.6242742733739896
0.7325825401365258
0.6490167752196973
0.5404592494179467
0.5627986302810379
0.5411676354831241
0.5323606082134319
0.1386264055771994
0.26061367816374736
0.2797468344481195
0.3313181881825533
0.175211422635088
0.6429526856230687
0.27022670155432044
0.29956276638892176
0.9110475671552088
0.6743948458100635
0.41165327818026337
0.5198360247377309
0.7944762061115663
0.8062354552847153
0.44229894330832137
0.1632073328637289
0.6007639617120458
0.8520267415787084
0.29956276638892176
0.27552774373304706
0.44229894330832137
0.14087121620324985
0.24362235881236233
0.5404592494179467
0.5471063354160595
0.2126454967444862
0.6372924000562958
0.28973684193114635
0.29667841328207156
0.8540613572899809
0.583809673575617
0.13045952148347814
0.26546409996680953
0.7764306010322436
0.5367769630532626
0.26546409996680953
0.901648554900812
0.1692255478191032
0.21448406346388335
0.6714864209261813
0.6497885261428049
0.5726486617559641
0.5198360247377309
0.6679581338878313
0.7626847107935615
0.7075011948415837
0.2785909085345928
0.23159057105560243
0.5519618180158976
0.5353539777713243
0.7926732763079378
0.21330658251809642
0.5374242282809378
0.6490167752196973
0.2614959497444661
0.8784815998006479
0.21353426815016036
0.429184805117234
0.24199987077689253
0.14564104298697164
0.5023779029333956
0.7173698670814279
0.7759417523883745
0.19507390511975037
0.8477432804838108
0.165876579635922
0.8617397507925191
0.6242742733739896
0.27552774373304706
0.843876087355934
0.19044035002035203
0.2126454967444862
0.1539279687361883
0.21703135441635718
0.13303895986513076
0.3699797116951581
0.5246150264709359
0.8585697465030562
0.770587039409633
0.6288792616681276
0.712794949107024
0.20012808745470484
0.622579082739408
0.20167702431089954
0.6762176452684128
0.5664465389497828
0.165876579635922
0.27970684537453694
0.8784815998006479
0.7514035750217307
0.5427429944506141
0.6747434548530299
0.2534587180975728
0.6182446170355014
0.597536288934474
0.3792811322513823
0.2222291674816445
0.5353539777713243
0.544715520898038
0.5521544641969323
0.5883793119736812
0.8732544087517395
0.843876087355934
0.781970459731756
0.7173698670814279
0.6926946749355525
0.2785909085345928
0.4517047462240181
0.17152676314716597
0.9255956982327715
0.47828663987143627
0.36814713855391595
0.2430976937883827
0.8648804372384544
0.5958723129169659
0.20227443110241122
0.23813340123220747
0.6730146291723629
0.778876181809633
0.16119966012547768
0.31771494125649474
0.7325825401365258
0.19507390511975037
0.7789561060600653
0.9220811433515231
0.843459819388913
0.4665099778102624
0.6206508210652075
0.21703135441635718
0.5627986302810379
0.5481149151683766
0.8062354552847153
0.5980640325414495
0.8585697465030562
0.21330658251809642
0.17398828707958414
0.5519618180158976
0.6497885261428049
0.19912168285123433
0.5299505871956275
0.30905561668920156
0.28851458510203576
0.7789561060600653
0.7926732763079378
0.22204458121903947
0.5524238771155426
0.5750323924717055
0.17016492267269306
0.2059557612058715
0.8204424802477865
0.8458802253456705
0.8516660607451528
0.18951697429469383
0.5828542661114617
0.9392296174023906
0.5716180818865757
0.8223743371465425
0.1541866445389265
0.12579190631275472
0.27970684537453694
0.28851458510203576
0.35547029715067935
0.6532967766831015
0.5950708387032411
0.609014661569531
0.7477368218031503
0.12504776432673897
0.2081483893407508
0.1541866445389265
0.21751705267569016
0.5411676354831241
0.8275787311999497
0.1539279687361883
0.000761898649425885
0.6738909867227577
0.1717500640642035
0.609014661569531
0.2430976937883827
0.7389713770763038
0.5185525217796747
0.6683597270332593
0.6679581338878313
0.9769588721547657
0.3699797116951581
0.6688526658435422
0.17273231069995326
0.9334822352983134
0.5057032655128795
0.7477368218031503
0.18592011174829498
0.712794949107024
0.8617397507925191
0.6007639617120458
0.6157871318251632
0.3316767260359529
