0.2073754213372978
0.1631453435847133
0.6376041675323778
0.7988185477857035
0.5870137208483096
0.7595487105991273
0.6307326005370605
0.5019454174119891
0.7668752272444388
0.646646741087735
0.5870137208483096
0.7065082456370861
0.1995503492830557
0.25440704277779486
0.7022379100125096
0.5542900748515948
0.6621187788880663
0.4910738826584177
0.19020380735249132
0.1795148982758978
0.4936468125813072
0.7372380023975531
0.1446453367442837
0.6621187788880663
0.7429348099673627
0.6506578640618413
0.15239723327780122
0.6871306529260472
0.14858251360183872
0.1959990390724667
0.8069184672999454
0.011315830711710495
0.8023477004287562
0.6152350521395836
0.1377081446147276
0.1942972503660933
0.6159589466252171
0.7338164908869831
0.13683129608593925
0.8777947908459363
0.8187641241496075
0.6214957147188078
0.1377081446147276
0.603888819590201
0.18164933895202173
0.5644588410469635
0.18136419643487964
0.58174091801433
0.087253112853941
0.6275790503831762
0.2361465789985533
0.603888819590201
0.7573327250170747
0.5405842097292457
0.13346981031181804
0.19311659609906795
0.4907380181350778
0.7727674075450824
0.18629067164552449
0.646646741087735
0.7121089782755474
0.7609653560045693
0.6311417938736212
0.5503027953756977
0.706986647371863
0.5910721206744262
0.6749921152098206
0.8268716001772659
0.7727674075450824
0.5782439404028572
0.5954794076741406
0.5769042346737058
0.7561728194552936
0.6422529045476953
0.8351911252671729
0.5019454174119891
0.1475646313843195
0.48672044144043497
0.7545528613356325
0.6362268193110256
0.5734002317071274
0.20359269756490966
0.23150803990501972
0.6194732214425192
0.108969058386596
0.7229685071315222
0.6162138511405608
0.1317776688635075
0.19904341827010297
0.6856141450862541
0.48672044144043497
0.6510946005936964
0.5160998507463401
0.659211107229312
0.5860225471188873
0.22229175364047155
0.5889261831647419
0.7268095769961815
0.5459131374298417
0.7324415382848708
0.5734002317071274
0.729120036662924
0.7324415382848708
0.15792071631826152
0.6665486991992613
0.20439620981084203
0.7338164908869831
0.2356026095292573
0.8787437650233716
0.5644588410469635
0.6708561918536083
0.7371764175037854
0.2059862724101303
0.1795148982758978
0.7407996686642974
0.6194798432528821
0.7057449377765502
0.1317776688635075
0.5364630504535449
0.108969058386596
0.16655988700289345
0.2033331245673088
0.7065082456370861
0.6042445058677146
0.729120036662924
0.17376422745004177
0.6533718820587934
0.2001920076701675
0.6307326005370605
0.4801586732739308
0.699380897277553
0.6825790620234494
0.6362486877401584
0.7268095769961815
0.5117703056841728
0.21930911453530266
0.8044531306840491
0.22005944034214814
0.6194732214425192
0.7206531631562076
0.19970127861679846
0.5117703056841728
0.5459131374298417
0.27217821677909915
0.618277128722378
0.61266896298101
0.23257661039073166
0.6131852102146007
0.1635228091443755
0.7372380023975531
0.21127711809541752
0.6705077708962807
0.7407996686642974
0.11984239356405633
0.6825790620234494
0.1631453435847133
0.23391612488838293
0.5193971255301123
0.7686937425592677
0.15145822809941167
0.6267136351416944
0.48799809985682596
0.6856141450862541
0.1995503492830557
0.2000165476021893
0.23150803990501972
0.5795836461320085
0.7572726290702209
0.6665486991992613
0.1635228091443755
0.2000165476021893
0.9438135801745352
0.19020380735249132
0.7226298916430192
0.18738296752554484
0.4740614817401726
0.4886488163169033
0.7444576156540512
0.13346981031181804
0.21330678390496982
0.7326989291470852
0.21930911453530266
0.1702258867986692
0.6356523252031292
0.6267136351416944
0.3144239995617148
0.576208666570885
0.25375569993010555
0.6960994262091491
0.6108675848902805
0.6492993386198667
0.15792071631826152
0.17569540673202466
0.5475438112600624
0.5860225471188873
0.18629067164552449
0.44672540257849647
0.7004093280089143
0.2128771024473438
0.5105841650591874
0.618277128722378
0.23077167930423148
0.5820348718300907
0.8424238907861625
0.7729395850476188
0.6550224349145128
0.6778926800273757
0.17548559888707893
0.8777947908459363
0.15239723327780122
0.7057449377765502
0.5977440895507949
0.4085105914918135
0.8086793973148785
0.5782439404028572
0.14699622137613905
0.6749921152098206
0.18945939108348736
0.2361465789985533
0.7988185477857035
0.6214957147188078
0.20781185495010113
0.21127711809541752
0.21493787871027978
0.18326375113884374
0.6152350521395836
0.8382327538459792
0.6162138511405608
0.5889261831647419
0.22151789656709378
0.6036458554601805
0.05985246719031882
0.659211107229312
0.6755782833678403
0.13961335623628257
0.726528081643276
0.16655988700289345
0.20011494121800744
0.7429348099673627
0.2033331245673088
0.5954689858167028
0.5364630504535449
0.6108675848902805
0.5363927690346456
0.2711789938252224
0.2197294828955048
0.6960994262091491
0.18545235033533453
0.1920271358962991
0.21493787871027978
