0.4646961170185685
0.4745593555083347
0.40687191654219307
0.4855797995187594
0.9217549893276396
0.43770437905952564
0.40228715544036253
0.44038968468628636
0.7603825957455607
0.30960447605519253
0.4745593555083347
0.3670898899767594
0.3352137064869905
0.08805142427859117
0.5956429838106739
0.08466731134385608
0.46214473289831864
0.505834193738741
0.2880066635627214
0.6314774705085016
0.3526403688907261
0.7972461042571148
0.4274769315012478
0.40228715544036253
0.30960447605519253
0.6219996666692522
0.40687191654219307
0.40228715544036253
0.4008608864548295
0.42209202919583383
0.8617616060993625
0.3899691433309573
0.7111980602609334
0.5483644356504173
0.7777259267227585
0.6044305226894866
0.7239884712443342
0.08790792878745712
0.6565854753173264
0.09734618568031195
0.24573743480807603
0.43770437905952564
0.22007560816006022
0.1152746130722222
0.5425379698993583
0.5490675698416849
0.7111980602609334
0.5630431086836867
0.09894232043551021
0.8029022748669026
0.924962345586625
0.5367092810673507
0.4855797995187594
0.4637506971371892
0.03631546194043611
0.34695595108625116
0.8841686168023276
0.3912732223606272
0.6959346791537444
0.6231711077939451
0.559261485926259
0.5971526462650603
0.21371775081502936
0.893426437944281
0.2424456752075946
0.4539341686123699
0.3460052095392453
0.4539341686123699
0.3410146814194349
0.44038968468628636
0.4855797995187594
0.22007560816006022
0.3835048737870859
0.4786664481345074
0.0013333631988389216
0.11221966923527324
0.5653024861690574
0.4915870743749359
0.7239884712443342
0.4008608864548295
0.9089805524404511
0.33535020078022104
0.9912187462081955
0.08101267156647651
0.9217549893276396
0.1253578875485843
0.6622998265956325
0.32258754869288153
0.4638718420226593
0.9649069862035152
0.8155480711665594
0.44038968468628636
0.05575880233784203
0.08451867301317528
0.3015361935174601
0.5026927337913187
0.5887458992267625
0.2937943362794794
0.5653024861690574
0.3103212884206185
0.5820171684231826
0.14171964677757654
0.3103212884206185
0.3835048737870859
0.490382468573817
0.7777259267227585
0.1152746130722222
0.5425379698993583
0.7685634462882625
0.04927346833210344
0.5048608047223189
0.18332505382485043
0.2424456752075946
0.09733487466705304
0.8446048029446214
0.40687191654219307
0.6769880845493932
0.167015021064279
0.7603825957455607
0.3015361935174601
0.407682001825593
0.5653024861690574
0.9943041347960137
0.7832852252190667
0.8886135446508795
0.6314774705085016
0.017579064876556694
0.43230512862997805
0.29513207835651006
0.9193221464535264
0.3519093753207273
0.6053987221851234
0.7649051281226816
0.08405785556715448
0.22007560816006022
0.3023389130618046
0.4447877383887554
0.3103212884206185
0.41479492636965654
0.3429692462282874
0.8341317147612426
0.559261485926259
0.24573743480807603
0.5823132622950423
0.8874581453764901
0.6472784720032655
0.3158060536465426
0.15758201512583986
0.4637506971371892
0.36346877179108605
0.42209202919583383
0.14589427849483316
0.3812153043822495
0.7703460362434361
0.11059799258278052
0.9173344898672642
0.3303610435819747
0.7030108568628047
0.6219996666692522
0.39040352497704256
0.08805142427859117
0.4424537851317935
0.2937943362794794
0.25966672293406806
0.5671671041032614
0.5414367091910764
0.6111750809357663
0.2745243859091178
0.9238454255926352
0.534961988527441
0.5630431086836867
0.9204567933173634
0.6472784720032655
0.8099709344192711
0.4952091793031816
0.5782490752759637
0.4915870743749359
0.056716079518579154
0.019357774901650027
0.8978834991698341
0.6927719071896922
0.4274769315012478
0.7101958856608374
0.9089805524404511
0.14115992031561397
0.3522920138907631
0.33535020078022104
0.25899895278720947
0.5522922281875002
0.08790792878745712
0.4995129758748187
0.7012620208714424
0.6865882695195954
0.8099709344192711
0.35854175326122273
0.7099174345469882
0.6954757014426624
0.36629674364806375
0.3410146814194349
0.5419388675139207
0.9207415240204796
0.3522920138907631
0.6044305226894866
0.9665727504021069
0.36623719501209206
0.5026927337913187
0.17818552508928698
0.07643674551386914
0.7937266220599886
0.1152746130722222
0.41860686243127065
0.6111750809357663
0.1488755234354513
0.29513207835651006
0.40775418170693334
0.4786664481345074
0.0675745200286268
0.3522920138907631
0.6859645072522405
0.1146460524305617
0.20576548598812067
0.03631546194043611
0.490382468573817
0.49435435089553625
0.11221966923527324
0.7023175302568685
0.1905581731916585
0.5876778184741932
0.33153105331844146
0.3043132668332218
0.46942776329449937
0.7777259267227585
0.036418744533730396
0.45483174114369596
0.12602767938720172
0.7239884712443342
0.3736547330963208
0.36346877179108605
0.2539175597041682
0.131132359641976
0.9193221464535264
0.4952091793031816
0.1497687202123792
0.1905581731916585
0.25902860226001634
0.7023175302568685
0.46214473289831864
0.7950692576999563
0.3043132668332218
0.8009369761431386
