0.48026899524077993
0.48026899524077993
0.48026899524077993
0.48026899524077993
0.48026899524077993
0.48026899524077993
0.48026899524077993
0.48026899524077993
0.48026899524077993
0.48026899524077993
0.48026899524077993
0.48026899524077993
0.48026899524077993
0.48026899524077993
0.48026899524077993
0.48026899524077993
0.48026899524077993
0.48026899524077993
0.48026899524077993
0.48026899524077993
0.48026899524077993
0.48026899524077993
0.48026899524077993
0.48026899524077993
0.48026899524077993
0.48026899524077993
0.48026899524077993
0.48026899524077993
0.48026899524077993
0.48026899524077993
0.48026899524077993
0.48026899524077993
0.48026899524077993
0.48026899524077993
0.48026899524077993
0.48026899524077993
0.48026899524077993
0.48026899524077993
0.48026899524077993
0.48026899524077993
0.48026899524077993
0.48026899524077993
0.48026899524077993
0.48026899524077993
0.48026899524077993
0.48026899524077993
0.48026899524077993
0.48026899524077993
0.48026899524077993
0.48026899524077993
0.924962345586625
0.48026899524077993
0.48026899524077993
0.48026899524077993
0.48026899524077993
0.48026899524077993
0.48026899524077993
0.48026899524077993
0.48026899524077993
0.48026899524077993
0.48026899524077993
0.48026899524077993
0.48026899524077993
0.48026899524077993
0.48026899524077993
0.48026899524077993
0.48026899524077993
0.48026899524077993
0.48026899524077993
0.48026899524077993
0.48026899524077993
0.48026899524077993
0.48026899524077993
0.48026899524077993
0.48026899524077993
0.48026899524077993
0.48026899524077993
0.48026899524077993
0.48026899524077993
0.48026899524077993
0.48026899524077993
0.48026899524077993
0.48026899524077993
0.48026899524077993
0.8485880161703581
0.48026899524077993
0.48026899524077993
0.48026899524077993
0.48026899524077993
0.48026899524077993
0.48026899524077993
0.48026899524077993
0.05575880233784203
0.48026899524077993
0.48026899524077993
0.48026899524077993
0.48026899524077993
0.48026899524077993
0.48026899524077993
0.48026899524077993
0.48026899524077993
0.48026899524077993
0.48026899524077993
0.48026899524077993
0.48026899524077993
0.48026899524077993
0.48026899524077993
0.48026899524077993
0.48026899524077993
0.04927346833210344
0.48026899524077993
0.48026899524077993
0.48026899524077993
0.48026899524077993
0.48026899524077993
0.48026899524078
0.48026899524077993
0.167015021064279
0.48026899524077993
0.48026899524077993
0.48026899524077993
0.48026899524077993
0.9943041347960137
0.48026899524077993
0.8485880161703581
0.4802689952407799
0.48026899524077993
0.48026899524077993
0.48026899524077993
0.48026899524077993
0.48026899524077993
0.48026899524077993
0.48026899524077993
0.18269258914869857
0.48026899524077993
0.48026899524077993
0.48026899524077993
0.48026899524077993
0.48026899524077993
0.48026899524077993
0.48026899524078
0.48026899524077993
0.48026899524077993
0.48026899524077993
0.9001670413574825
0.48026899524077993
0.48026899524077993
0.48026899524077993
0.48026899524077993
0.48026899524077993
0.48026899524077993
0.48026899524077993
0.48026899524077993
0.48026899524077993
0.48026899524077993
0.48026899524077993
0.48026899524077993
0.48026899524077993
0.48026899524077993
0.48026899524077993
0.48026899524077993
0.48026899524077993
0.48026899524077993
0.48026899524077993
0.48026899524077993
0.48026899524077993
0.48026899524077993
0.48026899524077993
0.48026899524077993
0.48026899524077993
0.48026899524077993
0.48026899524077993
0.48026899524077993
0.48026899524077993
0.48026899524077993
0.48026899524077993
0.48026899524077993
0.48026899524077993
0.48026899524077993
0.8485880161178082
0.48026899524077993
0.48026899524077993
0.48026899524077993
0.9045737968989668
0.48026899524077993
0.48026899524077993
0.48026899524077993
0.48026899524077993
0.48026899524077993
0.08790792878745712
0.48026899524077993
0.48026899524077993
0.48026899524077993
0.8099709344192711
0.48026899524077993
0.48026899524077993
0.48026899524077993
0.48026899524077993
0.48026899524077993
0.48026899524077993
0.48026899524077993
0.48026899524077993
0.48026899524077993
0.48026899524077993
0.48026899524077993
0.48026899524077993
0.48026899524077993
0.04700790519521292
0.7937266220599886
0.48026899524077993
0.48026899524077993
0.48026899524077993
0.21049851812065018
0.48026899524077993
0.48026899524077993
0.48026899524077993
0.48026899524077993
0.48026899524077993
0.48026899524077993
0.1146460524305617
0.48026899524077993
0.03631546194043611
0.48026899524077993
0.48026899524077993
0.48026899524077993
0.48026899524077993
0.24486016447209152
0.48026899524077993
0.48026899524077993
0.48026899524077993
0.48026899524077993
0.48026899524077993
0.036418744533730396
0.48026899524077993
0.24486016447209152
0.48026899524077993
0.48026899524077993
0.48026899524077993
0.26095568083299536
0.18269258914869857
0.9193221464535264
0.48026899524077993
0.48026899524077993
0.24486016432005817
0.48026899524077993
0.48026899524077993
0.48026899524077993
0.48026899524077993
0.48026899524077993
0.7847502112157005
