0.4758522901373169
0.4498376406309652
0.4271454095041864
0.5292936748625365
0.5226174828507764
0.48793719035713756
0.4894763621214891
0.501010573454236
0.4894763621214891
0.5085922306658662
0.5266852156064864
0.4730158242601099
0.5233936148477621
0.4823175074108607
0.5348740276681747
0.48603889530880084
0.45996316887973215
0.4962181677027722
0.5140766047577628
0.5021826637664035
0.4271454095041864
0.4479133533194488
0.48603889530880084
0.4751352589422291
0.4640072635500387
0.47689967366652963
0.46786139199123
0.26643559312266907
0.4962181677027722
0.501010573454236
0.495433744791031
0.6050346040382497
0.5348740276681747
0.538486087268637
0.2661746946262883
0.5266852156064864
0.4961512482385266
0.5548735881648563
0.4464230354108726
0.4761098980246647
0.47019375005314534
0.8659069532995952
0.4271454095041864
0.4300709522697577
0.5036946599647333
0.5975641709917314
0.5030584213777071
0.4797875615149326
0.46767716289663114
0.549285520250378
0.924962345586625
0.48870965403683997
0.5292936748625365
0.4797548750916405
0.5913973889246698
0.2661746946262883
0.46606022019435395
0.4640072635500387
0.5292936748625365
0.6614416735249866
0.4147121308377161
0.46080651516192406
0.21049851812065018
0.5082450989207682
0.3904766385740117
0.5085922306658662
0.45259122609246366
0.5130407656769996
0.3727126546068067
0.48314802163374826
0.4784014361124297
0.27628664866970454
0.4066786195326278
0.4786664481345074
0.540033581585952
0.467236786893979
0.43452574771414687
0.4466554151367007
0.7623223046072978
0.4619883622484904
0.9001670413574825
0.5021826637664035
0.4935912375614362
0.25928175741270915
0.8772602489752374
0.5031267734951359
0.5067987130892496
0.45706332441952113
0.54648458069992
0.48463500955799244
0.3408770962910045
0.501010573454236
0.05575880233784203
0.2419105708959789
0.28315998618899274
0.43667799392071127
0.5226174828507764
0.6884899157230149
0.4867022344055692
0.5913973889246698
0.5418772532135347
0.5226174828507764
0.42424171725326254
0.4241662789901304
0.42424171725326254
0.8378047129462963
0.3784225875931692
0.178185803571747
0.451710892437278
0.04927346833210344
0.4758522901373169
0.24682317112273447
0.3904766385740117
0.15870524141355663
0.47559468224996904
0.4797231324757486
0.665108479264178
0.167015021064279
0.3408770962910045
0.28315998618899274
0.44729286286056086
0.4841007681331054
0.9943041347960137
0.4856859114306822
0.8772602489752374
0.6279138947465757
0.04700790519521292
0.4797548750916405
0.451710892437278
0.4863563778059529
0.2935446950793928
0.3872774465891044
0.6050346040382497
0.21873378049222808
0.47560633217170084
0.4784925897496025
0.4856859114306822
0.2940115943144629
0.7700241156650282
0.4390054062171996
0.5548735881648563
0.5085922306658662
0.4797875615149326
0.5014102718187818
0.9001670413574825
0.46945447699485354
0.4238137221988822
0.47560633217170084
0.7310370793341094
0.48068810001306916
0.4837870479647495
0.5067954417009679
0.4540716745831982
0.6790897275134331
0.4406885909911282
0.45706332441952113
0.42762703404413027
0.4678065741689219
0.540033581585952
0.4784014361124297
0.08805142427859117
0.5073763119221867
0.43452574771414687
0.3940454506178279
0.5031267734951359
0.544274205185443
0.5467462941733136
0.3940454506178279
0.5014102718187818
0.5467462941733136
0.5122822601693043
0.7573790620626853
0.4785835067541167
0.4241662789901304
0.48910502841023884
0.5889950074966983
0.46477700419279266
0.056716079518579154
0.019357774901650027
0.8378047129462963
0.5070747533212089
0.4498376406309652
0.4643438795936039
0.9089805524404511
0.4441379110221928
0.5253874229279084
0.4894763621214891
0.35558149585511956
0.46431224474113647
0.08790792878745712
0.43569441553257454
0.7310370793341094
0.47239916649268804
0.8099709344192711
0.42033828516657773
0.5975641709917314
0.46431224474113647
0.38333901448637936
0.3727126546068067
0.467236786893979
0.8223649976324069
0.4044106277941784
0.5266852156064864
0.937776651421279
0.5307609003947281
0.43667799392071127
0.1684453832514218
0.04700790519521292
0.7937266220599886
0.5203120803272779
0.37294699130491327
0.08790792878745712
0.21049851812065018
0.3497752743839498
0.43191817938066995
0.44118992837782484
0.47684866812001375
0.38165790415593753
0.5725322547177036
0.1146460524305617
0.32081759813562627
0.03631546194043611
0.544274205185443
0.5652249208421651
0.4466554151367007
0.6329240984465064
0.2535104016504301
0.5785566397352401
0.3470222050493692
0.47239916649268804
0.4869211115627272
0.6910155992222506
0.036418744533730396
0.5331739559687374
0.2535104016504301
0.4464230354108726
0.5000831629816049
0.48068810001306916
0.26206881352763156
0.14665139780516903
0.9193221464535264
0.48910502841023884
0.24515301676342655
0.19339490472329696
0.3872774465891044
0.6329240984465064
0.45996316887973215
0.6910155992222506
0.4440422397861032
0.7847502112157005
