0.5026276344470718
0.4938579958083966
0.49119056237366837
0.4956064148998967
0.49788512620683556
0.48829669299578965
0.5043792652277036
0.45461113449450313
0.5011877699565563
0.4472552606331113
0.4966834180947253
0.47615457429321006
0.48288780440176393
0.47228075442124695
0.5043792652277036
0.48243561110355243
0.48081995672755234
0.4966834180947253
0.49927194105343625
0.5191272221787661
0.49119056237366837
0.4692218388599937
0.4674588428026638
0.46967782996032803
0.48174490464827335
0.4694182620983687
0.4838386116958353
0.26643559312266907
0.5238650343235856
0.4320512591787513
0.495433744791031
0.5465451382903099
0.502233569081094
0.47644406195748346
0.7644101560842735
0.4799922691354649
0.48628365221293485
0.4956064148998967
0.47171253288758663
0.47157911454286205
0.4904592877124994
0.4692218388599937
0.4911698137780747
0.48410177345963656
0.538310048916087
0.4880556725423701
0.4998097075818653
0.49577947350055174
0.5059515149161364
0.5048599232736366
0.924962345586625
0.4754352365583654
0.5007189973006462
0.4580221138480643
0.5057838648306093
0.26095568083299536
0.47615457429321006
0.49321857844085076
0.49731929852321494
0.4956064148998967
0.4751022069869452
0.502233569081094
0.21049851812065018
0.5082450989207682
0.40133161591153527
0.49062775387205254
0.4926971321591165
0.4764846007466838
0.45461113449450313
0.4859260127884154
0.48887435365107185
0.4751022069869452
0.46418529834481065
0.48081995672755234
0.4665101259903479
0.4754352365583654
0.5059515149161364
0.4701990992547895
0.48628365221293485
0.4674588428026638
0.9001670413574825
0.4808732524814138
0.48020419029754957
0.25928175741270915
0.8772602489752374
0.4859260127884154
0.4752096148948418
0.46062431138216586
0.5098573944830642
0.4853860466912951
0.44906165215850924
0.47144635676700186
0.05575880233784203
0.21765273780963793
0.4764846007466838
0.43667799392071127
0.49788512620683556
0.5918543799969135
0.5043792652277036
0.5014351645332897
0.4832439413153579
0.49788512620683556
0.32863924821655177
0.46032695644032867
0.48243561110355243
0.7644101560842735
0.44275699434788596
0.47833884696951656
0.47423419366997
0.04927346833210344
0.4946866233186505
0.38216683187456313
0.41828315452816095
0.4757377495057796
0.4495341017057807
0.48829669299578965
0.5278035516477783
0.167015021064279
0.44906165215850924
0.4911698137780747
0.47218760121249176
0.4745924712123702
0.9943041347960137
0.4814427761691347
0.8575324809607668
0.5212104894426985
0.4955292235842302
0.48593535957768563
0.4679382232198932
0.4863563778059529
0.4015555086798324
0.4723190146064848
0.5465451382903099
0.18269258914869857
0.47218760121249176
0.5011877699565563
0.4821974523252003
0.4480661745168798
0.5113880670683876
0.4752096148948418
0.4843327071832399
0.5085922306658662
0.47218760121249176
0.47664099635433416
0.9001670413574825
0.5209933658562786
0.39090246657461886
0.41264797975659484
0.4970851842983241
0.47644406195748346
0.48887435365107185
0.4893484416169973
0.4918655000633195
0.6790897275134331
0.4406885909911282
0.46062431138216586
0.4685918628651707
0.49119056237366837
0.48686966271210164
0.47740518306189034
0.08805142427859117
0.526046225472008
0.5084631381306647
0.40133161591153527
0.46841803118887926
0.5069849529013284
0.5040908417356181
0.40133161591153527
0.47664099635433416
0.5040908417356181
0.5024896961642105
0.5018395037151162
0.5305643506711899
0.46032695644032867
0.48910502841023884
0.5323419681663002
0.4822189888906496
0.056716079518579154
0.462196561384312
0.8575324809607668
0.48410177345963656
0.4938579958083966
0.4711929310887228
0.9089805524404511
0.46253521172837453
0.5089029514457555
0.5032161363427302
0.44275699434788596
0.47171253288758663
0.08790792878745712
0.4320512591787513
0.5561604290144213
0.47506253688958855
0.8099709344192711
0.46967782996032803
0.5004371396574087
0.47171253288758663
0.41828315452816095
0.47157911454286205
0.47144635676700186
0.49577947350055174
0.43296175540550574
0.5216108762223217
0.42908426128414634
0.48686966271210164
0.4402676435219839
0.1684453832514218
0.04700790519521292
0.7937266220599886
0.5033151701274132
0.4970853144800407
0.053632851844553575
0.21049851812065018
0.40261117075786423
0.5026290943866892
0.4608477451395066
0.46866450380496266
0.45378655630204595
0.5209933658562786
0.1146460524305617
0.32081759813562627
0.03631546194043611
0.4842579612193528
0.5033151701274132
0.4701990992547895
0.538310048916087
0.25984254813835916
0.4843586793325484
0.4472552606331113
0.4953861184086874
0.5238650343235856
0.7644101560842735
0.036418744533730396
0.5101273011602343
0.2535104016504301
0.45447912356962356
0.49339269869358704
0.4814427761691347
0.26095568083299536
0.18269258914869857
0.9193221464535264
0.4903044643405078
0.4135237591622043
0.21765273780963793
0.4541194208381989
0.538310048916087
0.4891789417791483
0.5494375328451692
0.4953861184086874
0.7847502112157005
