0.483406216378779
0.6884899157230149
0.3511524408437793
0.512527212720745
0.6504470141943152
0.5860417233457067
0.6241643233563422
0.40456832398926657
0.5299319981059726
0.40456832398926657
0.512527212720745
0.43203097558077164
0.33945046371440313
0.43203097558077164
0.536519756964365
0.3883493411326129
0.6111363904398484
0.7414837251828446
0.2880066635627214
0.6440195972598648
0.31419596601904276
0.8100589172715509
0.4721186409798398
0.6418952840377443
0.3968283830356728
0.553388512954854
0.42725982933152523
0.26643559312266907
0.5474175563583266
0.3955113847288108
0.7414837251828446
0.46388970499156224
0.6228834315476588
0.6018376376813558
0.3005721574023056
0.5529357844616503
0.6725644278524968
0.3805889208982356
0.16446838435319827
0.4513949463342891
0.2873793745554186
0.8659069532995952
0.24175094454509483
0.665108479264178
0.6490576768043651
0.46388970499156224
0.4296018632842863
0.5187303891448113
0.09894232043551021
0.6228834315476588
0.924962345586625
0.512527212720745
0.4513949463342891
0.6221267876622615
0.6042381381140995
0.2419105708959789
0.4141584954782283
0.3511524408437793
0.7201540630438974
0.6448962987108491
0.559261485926259
0.6771014069144892
0.2177596872356661
0.3881089156685158
0.3315023995256829
0.5427774176329891
0.3779407485051315
0.5074480293064145
0.3410146814194349
0.24175094454509483
0.4212621918152901
0.2808921269306294
0.3883493411326129
0.4786664481345074
0.5921299728147665
0.11221966923527324
0.41115776940294907
0.3846698353090495
0.776745768758515
0.399066677867805
0.937776651421279
0.5132153316120486
0.2575991745758172
0.24175094454509483
0.8659069532995952
0.4821851787595065
0.5822959021450718
0.33945046371440313
0.4638718420226593
0.48463500955799244
0.4155794979557207
0.46179838583492916
0.05575880233784203
0.2419105708959789
0.3423130130536796
0.43667799392071127
0.6111363904398484
0.6884899157230149
0.5429501004019578
0.3689387078027174
0.6780591504889342
0.6221267876622615
0.3103212884206185
0.37066325405010375
0.5429501004019578
0.8378047129462963
0.16446838435319827
0.16217043596836206
0.7847502112157005
0.04927346833210344
0.5048608047223189
0.18332505382485043
0.3689387078027174
0.15870524141355663
0.8446048029446214
0.5054625702369425
0.665108479264178
0.167015021064279
0.3005721574023056
0.20323734900563425
0.18324898438965218
0.4841007681331054
0.9943041347960137
0.4512444830668291
0.8886135446508795
0.714555935406147
0.04700790519521292
0.34597958085445357
0.3805889208982356
0.5158823425118197
0.2808921269306294
0.49472958281317103
0.6923477327219554
0.16217043596836206
0.2177596872356661
0.3376683052781755
0.4512444830668291
0.34120001750619133
0.4269498861901378
0.3625401867869975
0.6197903373212291
0.3376683052781755
0.28197929576612907
0.5267452882724094
0.8874581453764901
0.5145294714653401
0.3520046407776235
0.2177596872356661
0.7310370793341094
0.5921299728147665
0.4212621918152901
0.6059402260897021
0.3812153043822495
0.7703460362434361
0.37207874659176415
0.5074480293064145
0.3303610435819747
0.5633653310938208
0.5751573198820892
0.43430251974205397
0.08805142427859117
0.5054625702369425
0.2937943362794794
0.3315023995256829
0.6241643233563422
0.5158823425118197
0.6111750809357663
0.3315023995256829
0.9238454255926352
0.5378698532768121
0.5474175563583266
0.9204567933173634
0.5145294714653401
0.4750462236138331
0.4948038404416987
0.580281168785503
0.5267452882724094
0.056716079518579154
0.019357774901650027
0.8378047129462963
0.6241643233563422
0.4274769315012478
0.5248930245062858
0.9089805524404511
0.1806177642378371
0.536519756964365
0.5299319981059726
0.25899895278720947
0.31126010966799245
0.08790792878745712
0.43569441553257454
0.7310370793341094
0.41115776940294907
0.8099709344192711
0.32547066334457553
0.7099174345469882
0.5802266772270497
0.47595303549302753
0.3410146814194349
0.46179838583492916
0.8223649976324069
0.38165790415593753
0.6044305226894866
0.937776651421279
0.4393950131271948
0.43667799392071127
0.1684453832514218
0.04700790519521292
0.7937266220599886
0.6111363904398484
0.40456832398926657
0.08790792878745712
0.20323734900563425
0.2446199131018086
0.40731304912456323
0.5339332266935066
0.421499347509047
0.38165790415593753
0.6448962987108491
0.1146460524305617
0.27329755785742404
0.03631546194043611
0.5374681583162706
0.5580198398688467
0.11221966923527324
0.6490576768043651
0.26643559312266907
0.5339332266935066
0.3470222050493692
0.4421835885811325
0.4238681244405308
0.7777259267227585
0.036418744533730396
0.4421835885811325
0.12602767938720172
0.6807764221888718
0.457216225561252
0.3888058239156323
0.2539175597041682
0.131132359641976
0.9193221464535264
0.483406216378779
0.2483954626308742
0.1905581731916585
0.25902860226001634
0.6042381381140995
0.43361805785239477
0.7777259267227585
0.34493695665953794
0.7847502112157005
