0.47921827125322203
0.4886146576020305
0.48233592935113534
0.4407272635908274
0.5044641639869117
0.48249329367350724
0.4765742845289899
0.48524430096390087
0.4712368481127417
0.4627568382221836
0.48055480605359074
0.48055480605359074
0.48288780440176393
0.47921827125322203
0.47942660158364936
0.48568300559590954
0.49215611166082307
0.4991508545225363
0.49927194105343625
0.5029963835773157
0.49522204830677696
0.4801207090863109
0.5135808126634236
0.46967782996032803
0.4810402594536447
0.4801207090863109
0.4838386116958353
0.26643559312266907
0.49990459211006966
0.48786280362703094
0.495433744791031
0.508304900223673
0.5035467461773653
0.47644406195748346
0.7644101560842735
0.49364750642455096
0.49676378675906246
0.4769073851947421
0.4825168375382523
0.47146133887443115
0.4748397837599794
0.4715503592298432
0.4727292488807895
0.47519503418404996
0.5044641639869117
0.4880556725423701
0.4998097075818653
0.4866829512949056
0.5059515149161364
0.5035467461773653
0.924962345586625
0.480794711845019
0.4527389517130242
0.47783556546755146
0.49101957931262813
0.4712368481127417
0.47736264854447846
0.48583970357894907
0.49522204830677696
0.4712828321850178
0.4786337212809859
0.4574407744188444
0.21049851812065018
0.5082450989207682
0.46093118223962765
0.4627568382221836
0.45654305454726957
0.4764846007466838
0.45461113449450313
0.48333269510656873
0.48524430096390087
0.4733636030147146
0.46941405384801715
0.49187759270300946
0.479591594012366
0.4734407966626836
0.506924755820574
0.49187759270300946
0.48233592935113534
0.48040405754900184
0.47977431772009216
0.4808732524814138
0.49217779458062366
0.49215611166082307
0.8772602489752374
0.48333269510656873
0.477491966307467
0.4630925443162133
0.506924755820574
0.4853860466912951
0.4831084720389461
0.4810402594536447
0.05575880233784203
0.21765273780963793
0.4764846007466838
0.48233592935113534
0.49675797434443897
0.5278086633888415
0.5043792652277036
0.4775854446456121
0.4832439413153579
0.49675797434443897
0.4334924520823064
0.4854603185596636
0.48568300559590954
0.7644101560842735
0.45334108908269544
0.5203891061775927
0.4790725861517856
0.04927346833210344
0.4788258788052572
0.4071090455266572
0.44695924947013893
0.48040405754900184
0.4788397091382568
0.5038887139730139
0.47846082871704737
0.167015021064279
0.4712368481127417
0.4911698137780747
0.47218760121249176
0.4745924712123702
0.9943041347960137
0.49426351385946593
0.8575324809607668
0.5029963835773157
0.4955292235842302
0.47783556546755146
0.46391498059399777
0.4863563778059529
0.4015555086798324
0.4866437892582711
0.5203891061775927
0.18269258914869857
0.4733636030147146
0.4786495175323515
0.4821974523252003
0.4661994408500598
0.4786337212809859
0.50150658327131
0.4769073851947421
0.4627568382221836
0.4748397837599794
0.47664099635433416
0.9001670413574825
0.5009939511682269
0.4344131061120538
0.46556077725026074
0.4970851842983241
0.5011114601106088
0.48524430096390087
0.4893484416169973
0.4918655000633195
0.5792427660156203
0.4775854446456121
0.471866260485991
0.4685918628651707
0.49119056237366837
0.479591594012366
0.47677987867755023
0.08805142427859117
0.5051483335593387
0.5278086633888415
0.40133161591153527
0.4765742845289899
0.4837438587731658
0.4991508545225363
0.40133161591153527
0.47664099635433416
0.4991508545225363
0.4940942334340406
0.47797946227665755
0.5011114601106088
0.46032695644032867
0.49622568937437206
0.5029058936097484
0.4762090440727196
0.056716079518579154
0.47786470093068445
0.8575324809607668
0.47519503418404996
0.48448010139767095
0.46876743266972065
0.9045737968989668
0.4727292488807895
0.496988692386414
0.5029058936097484
0.45334108908269544
0.480794711845019
0.08790792878745712
0.4605932682174367
0.5125453142704222
0.45783075309493987
0.8099709344192711
0.46967782996032803
0.5004371396574087
0.4825168375382523
0.445281954474704
0.4522704349741839
0.4734407966626836
0.4854200559760238
0.4759441498965537
0.49364750642455096
0.42908426128414634
0.48686966271210164
0.4576849252544646
0.47942660158364936
0.04700790519521292
0.7937266220599886
0.4958534436758157
0.4605932682174367
0.053632851844553575
0.21049851812065018
0.46391498059399777
0.5038887139730139
0.4726032122360275
0.45820321998046115
0.4759441498965537
0.5209933658562786
0.1146460524305617
0.3975185044490768
0.03631546194043611
0.49562145706034055
0.5125453142704222
0.4701990992547895
0.5097684319256537
0.26039911448567726
0.47355530769953186
0.4744616040366895
0.46391498059399777
0.49990459211006966
0.7644101560842735
0.036418744533730396
0.49423307406487543
0.2535104016504301
0.45447912356962356
0.47590892551286723
0.49426351385946593
0.26095568083299536
0.18269258914869857
0.9193221464535264
0.49622568937437206
0.4471488986629958
0.21765273780963793
0.48000729563764055
0.538310048916087
0.4891789417791483
0.4886146576020305
0.4774512620404859
0.7847502112157005
