0.7919637760302878
0.2774367891736206
0.791658048994301
0.2774367891736206
0.27743678917362047
0.27743678917362047
0.27743678917362047
0.7911484233841517
0.7919637979785947
0.7919638734166439
0.7919638217095097
0.7919638269249711
0.27743678917362047
0.27743678917362047
0.7919638177274992
0.2774367891736206
0.7919638713680197
0.2774367891736206
0.7919637982726038
0.791963827373122
0.27743678917362047
0.7919637801128907
0.7919638262800959
0.27743678917362047
0.2774367891736206
0.7919638025289246
0.27743678917362047
0.27743678917362047
0.2774367891736206
0.27743678917362047
0.7919638611012798
0.7919637976845857
0.7911484233841517
0.7919638217095097
0.27743678917362047
0.2774367891736206
0.2774367891736206
0.27743678917362047
0.7919638190680256
0.7919638022638971
0.7911484021224866
0.791148378957561
0.27743678917362047
0.2774367891736206
0.7911483595127584
0.7919638269249711
0.7914543302169916
0.7919638237794816
0.2774367891736206
0.7911484032514716
0.7911483860820933
0.2774367891736206
0.7911484210571417
0.7911483995879457
0.27743678917362047
0.2774367891736206
0.7919638237183328
0.7911484032514716
0.27743678917362047
0.2774367891736206
0.27743678917362047
0.022495701370352193
0.27743678917362047
0.2774367891736206
0.2774367891736205
0.2774367891736206
0.2774367891736206
0.27743678917362047
0.7911484007964822
0.7911484200504573
0.7911484210571417
0.7911484017838306
0.2774367891736206
0.7919638262800959
0.27743678917362047
0.2774367891736206
0.791963829736074
0.7911483329396397
0.791148409204823
0.791963814762013
0.2774367891736206
0.7911484061021188
0.27743678917362047
0.7919638128464277
0.7919638117653971
0.7911483913045989
0.2774367891736206
0.2774367891736206
0.7919638298352247
0.791148378957561
0.27743678917362047
0.2774367891736206
0.791148417276043
0.2774367891736206
0.791963812712226
0.7911483882786576
0.7911483734043749
0.27743678917362047
0.2774367891736206
0.7919638117653971
0.7919638657507978
0.7911484057999472
0.27743678917362047
0.27743678917362047
0.7911483766174675
0.7911483926761221
0.27743678917362047
0.791963828500432
0.7911484200504573
0.2774367891736206
0.7919638570298969
0.27743678917362047
0.791963814762013
0.7912503868985681
0.7911483998232722
0.2774367891736206
0.7919638201076051
0.7911483595127584
0.7911483926761221
0.2774367891736206
0.7918618967337665
0.27743678917362047
0.7911483728546144
0.7911484017838306
0.27743678917362047
0.27743678917362047
0.7918618967337665
0.2774367891736206
0.7919638058297759
0.2774367891736206
0.7919638025289246
0.2774367891736206
0.2774367891736206
0.27743678917362047
0.27743678917362047
0.2774367891736206
0.2774367891736206
0.2774367891736206
0.7919638168981274
0.7919638186977502
0.2774367891736206
0.2774367891736206
0.2774367891736206
0.2774367891736206
0.791963812712226
0.7911484195638534
0.7911483860820933
0.2774367891736206
0.7911484277004515
0.27743678917362047
0.2774367891736206
0.7911484161891578
0.7911484161891578
0.2774367891736206
0.791658048994301
0.7919637760302878
0.2774367891736206
0.7919637950072275
0.27743678917362047
0.7919638128464277
0.27743678917362047
0.2774367891736206
0.2774367891736206
0.7911484110875456
0.7919638245326428
0.7911483882786576
0.2774367891736206
0.7919638022638971
0.7911484076118254
0.7919637756635789
0.2774367891736206
0.2774367891736206
0.791963828500432
0.27743678917362047
0.2774367891736206
0.27743678917362047
0.7919638237183328
0.7919638245664766
0.7919637756635789
0.7919638298352247
0.27743678917362047
0.2774367891736205
0.7919638338712884
0.2774367891736206
0.7919638204427364
0.7911484061021188
0.27743678917362047
0.7911484039398854
0.2774367891736206
0.27743678917362047
0.2774367891736206
0.7911483891914033
0.2774367891736206
0.7919637805252066
0.2774367891736206
0.27743678917362047
0.27743678917362047
0.791963793033448
0.2774367891736206
0.7919638229501976
0.791963809416421
0.7911484099844881
0.27743678917362047
0.2774367891736206
0.27743678917362047
0.27743678917362047
0.7911483929315888
0.27743678917362047
0.27743678917362047
0.27743678917362047
0.7911483966235398
0.7919638226688697
0.27743678917362047
0.2774367891736206
0.2774367891736206
0.7919638342341686
0.2774367891736205
0.27743678917362047
0.27743678917362047
0.2774367891736206
0.27743678917362047
0.27743678917362047
0.2774367891736206
0.2774367891736206
0.7911483496319538
0.7919638204427364
0.7919638279610246
0.7919638132474456
0.2774367891736205
0.27743678917362047
0.7911484021224866
0.2774367891736206
0.27743678917362047
0.7911483995879457
0.2774367891736206
0.2774367891736206
0.2774367891736206
0.2774367891736206
0.7912503868985681
0.7919638104019562
0.2774367891736206
0.2774367891736206
0.7919638451448276
0.7914543302169916
0.27743678917362047
0.7911484057999472
0.022495701370352193
0.27743678917362047
0.7919638243555872
0.7919638245664766
