0.5295392712491664
0.5295392712491664
0.5295392712491664
0.5295392712491664
0.5295392712491664
0.5295392712491664
0.5295392712491664
0.5295392712491664
0.5295392712491664
0.5295392712491664
0.5295392712491664
0.5295392712491664
0.5295392712491664
0.5295392712491664
0.5295392712491664
0.5295392712491664
0.5295392712491664
0.5295392712491664
0.5295392712491664
0.5295392712491664
0.5295392712491664
0.5295392712491664
0.8185209253126418
0.5295392712491664
0.5295392712491664
0.5295392712491664
0.5295392712491664
0.5295392712491664
0.5295392712491664
0.5295392712491664
0.5295392712491664
0.5295392712491664
0.5295392712491664
0.5295392712491664
0.5295392712491664
0.5295392712491664
0.5295392712491664
0.5295392712491664
0.5295392712491664
0.5295392712491664
0.5295392712491664
0.5295392712491664
0.5295392712491664
0.5295392712491664
0.5295392712491664
0.5295392712491664
0.5295392712491664
0.5295392712491664
0.5295392712491664
0.5295392712491664
0.5295392712491664
0.14092890898804533
0.5295392712491664
0.5295392712491664
0.5295392712491664
0.5295392712491664
0.5295392712491664
0.5295392712491664
0.5295392712491664
0.5295392712491664
0.5295392712491664
0.5295392712491664
0.5295392712491664
0.5295392712491664
0.5295392712491664
0.5295392712491664
0.5295392712491664
0.5295392712491664
0.5295392712491664
0.5295392712491664
0.5295392712491664
0.5295392712491664
0.5295392712491664
0.7960277612333982
0.5295392712491664
0.5295392712491664
0.5295392712491664
0.5295392712491664
0.5295392712491664
0.5295392712491664
0.5295392712491664
0.5295392712491664
0.5295392712491664
0.5295392712491664
0.5295392712491664
0.5295392712491664
0.5295392712491664
0.5295392712491664
0.5295392712491664
0.5295392712491664
0.5295392712491664
0.5295392712491664
0.5295392712491664
0.5295392712491664
0.5295392712491664
0.5295392712491667
0.5295392712491664
0.5295392712491664
0.5295392712491664
0.5295392712491664
0.14092890898804533
0.5295392712491664
0.5295392712491664
0.5295392712491664
0.5295392712491664
0.5295392712491664
0.5295392712491664
0.5295392712491664
0.5295392712491664
0.5295392712491664
0.5295392712491664
0.5295392712491664
0.5295392712491664
0.5295392712491664
0.5295392712491664
0.5295392712491664
0.8185319835912652
0.5295392712491664
0.5295392712491664
0.5295392712491664
0.5295392712491664
0.5295392712491664
0.5295392712491664
0.5295392712491664
0.5295392712491664
0.5295392712491664
0.5295392712491664
0.5295392712491664
0.5295392712491664
0.5295392712491664
0.5295392712491664
0.5295392712491664
0.5295392712491664
0.5295392712491664
0.5295392712491664
0.5295392712491664
0.5295392712491664
0.5295392712491664
0.5295392712491664
0.5295392712491664
0.5295392712491664
0.5295392712491664
0.5295392712491664
0.5295392712491664
0.5295392712491664
0.5295392712491664
0.5295392712491664
0.5295392712491664
0.5295392712491664
0.5295392712491664
0.5295392712491664
0.5295392712491664
0.5295392712491664
0.14092890898804533
0.5295392712491664
0.5295392712491664
0.5295392712491664
0.5295392712491664
0.5295392712491664
0.5295392712491664
0.5295392712491664
0.5295392712491664
0.5295392712491664
0.5295392712491664
0.5295392712491664
0.5295392712491664
0.5295392712491664
0.5295392712491664
0.5295392712491664
0.5295392712491664
0.5295392712491664
0.5295392712491664
0.5295392712491664
0.5295392712491664
0.5295392712491664
0.5295392712491667
0.18598670502733028
0.5295392712491664
0.5295392712491664
0.5295392712491664
0.5295392712491664
0.5295392712491664
0.5295392712491664
0.5295392712491664
0.5295392712491664
0.8185458470904886
0.5295392712491664
0.5295392712491664
0.5295392712491664
0.8185209253126418
0.8185181526252212
0.5295392712491664
0.5295392712491664
0.5295392712491664
0.5295392712491664
0.5295392712491664
0.5295392712491667
0.5295392712491664
0.7960277612333982
0.5295392712491664
0.5295392712491664
0.5295392712491664
0.5295392712491664
0.5295392712491664
0.18598670502733028
0.5295392712491664
0.5295392712491666
0.5295392712491664
0.5295392712491664
0.5295392712491664
0.8185181526252212
0.5295392712491664
0.5295392712491664
0.5295392712491664
0.5295392712491664
0.5295392712491664
0.5295392712491664
0.5295392712491664
0.5295392712491664
0.5295392712491664
0.5295392712491664
0.5295392712491664
0.5295392712491664
0.8185218143653321
0.5295392712491664
0.5295392712491664
0.5295392712491664
0.5295392712491664
0.8185451119293916
0.5295392712491664
0.8185319835912652
0.5295392712491664
0.5295392712491664
0.8185458470904886
0.5295392712491664
0.5295392712491664
0.5295392712491664
0.5295392712491664
0.5295392712491664
0.5295392712491664
0.5295392712491664
0.5295392712491664
0.5295392712491664
0.14092890898804533
0.5295392712491664
0.5295392712491664
0.18598670502733028
0.14092890898804533
0.5295392712491664
0.5295392712491664
