0.9995024355697637
0.9996896680093439
0.999371318899499
0.9997367905832146
0.9997004704917293
0.9998101627104473
0.9998078686090794
0.999375076735612
0.99980359562835
0.9997604525035076
0.9996404341688176
0.9996798362587167
0.9998317643511622
0.9997308023363819
0.9997902018593537
0.9998090181981296
0.9998164697265819
0.9998596894741697
0.9997547365068357
0.9995598391712397
0.99977837801277
0.9997326954779867
0.9998735329509028
0.9998010235746037
0.9996661390855265
0.9987412173168594
0.9998235519819374
0.9998420907075221
0.9994117095270482
0.9996746544017187
0.9997633150447646
0.9995835398098384
0.9998205756273936
0.9996501860395526
0.9998196190250367
0.9997744371192477
0.999805163864077
0.9997652857654118
0.9997425150295621
0.9998553239650949
0.9997036559550171
0.9998128919499755
0.9997870009895016
0.9997965465712901
0.9995966682810955
0.999835572547542
0.9996323235900179
0.9998570462091032
0.999225405643121
0.9998254938138529
0.9996939921134054
0.9997690226413891
0.9997177993938622
0.9997258199944961
0.9997820264867272
0.9996771341776579
0.9997180871082912
0.999811839358727
0.9987216134771101
0.9996872152159539
0.9996775750434062
0.9999105931911711
0.9995175042580915
0.999561015734034
0.998246130907731
0.9997453337667174
0.9996066548817533
0.9997981807300751
0.9997323883440574
0.9998695007381836
0.9995458290905949
0.9997671966516929
0.999769291123858
0.9995323717222142
0.9997366601659369
0.9996823290682207
0.9962143888236918
0.9996719114341944
0.9997970230945852
0.9997564722723136
0.9997944578305572
0.999716879619523
0.9997764956966203
0.9997148764491758
0.9996984445440056
0.9995943444742635
0.998088408820176
0.9996530596488071
0.9998292047288954
0.9991854377897985
0.9998309003814444
0.9998187533468474
0.9997640528181216
0.9997071718733429
0.9994560944555754
0.999796958399975
0.9997697605532794
0.9995064619437667
0.9995333133922977
0.9998355335377539
0.9998697703003645
0.9996126654654682
0.9996948761994001
0.9995716949300175
0.9997444618514113
0.9997911381491753
0.9997458101445805
0.9997427957275667
0.9997425659315963
0.9995152948656647
0.9995175838892063
0.9996613581016869
0.9998364426295032
0.9998341621967898
0.9998175911765603
0.9996996188848613
0.9990083476669278
0.9996029005514091
0.9998001816060218
0.9997315620985748
0.9997156083044146
0.9998143344408963
0.9997326940826253
0.9994748311579628
0.9994519595673161
0.9995214427517842
0.9998054188852746
0.9997426210340995
0.9989246906758155
0.9997838128591359
0.9997962584750213
0.9996753826305717
0.9997193659793651
0.9964032002657518
0.9996785483569277
0.9997247904869575
0.9995750588188341
0.9998242776557683
0.9997642950505864
0.9997976209798535
0.9997958044957872
0.9997958591331926
0.9997712028224668
0.9998440242098533
0.999803519157882
0.9998027530137253
0.9997656608740442
0.9997370945878838
0.9996910533589533
0.9998222549313699
0.999732137578679
0.9995635265508447
0.9997080489820177
0.9997979155710358
0.9998443062813392
0.9997181929522504
0.9997907947151773
0.9987858197844166
0.9994629570555043
0.999762986957672
0.999758159593308
0.9995576909540669
0.999735693675931
0.99973446726905
0.9997235543512832
0.9998278185070079
0.9998188476007898
0.9997730142933476
0.9996723869231803
0.9997167716236561
0.9997775696418384
0.9997072031931042
0.9993463618494968
0.9996873025012621
0.9998641329537047
0.9992775551565356
0.9994093867414828
0.9996480873693028
0.9991137966669555
0.9998462241987284
0.9994114051330294
0.9997710450225386
0.9980728628528324
0.9996546236406039
0.9997668615148035
0.99980431961821
0.9995358071697698
0.9995587390160979
0.999750253078744
0.9997078284885367
0.9995927438478451
0.9998803299079451
0.9997651318601299
0.9997722922358854
0.9997915934489165
0.9997368915434981
0.9995746256577134
0.999853884577585
0.9991082742142298
0.9998405197693947
0.999158993471787
0.9997698871927276
0.9998648907253663
0.9997498069973857
0.9996325695097042
0.9996488057580142
0.9996782154596197
0.9994882900495453
0.999824899361147
0.9996561688440406
0.9997569877590564
0.9997994344233841
0.9997837658598937
0.9998379299571957
0.9998499198061216
0.9997917780364621
0.9997806270780256
0.9997000735782121
0.9998006614775033
0.9998389865826702
0.9998276652508953
0.9995590035549445
0.9998272477318834
0.9997750958787084
0.9996872849734757
0.9998077381864977
0.9996349206855447
0.9994019250647734
0.9998100540019155
0.9998585063198135
0.9995817679554364
0.9998015658530336
0.9996960778073144
0.9998350952521033
0.9996974609178253
0.9996828665427134
0.9998046702185029
0.999867981316277
0.9996842171856827
0.9997555961557438
0.9989463178147833
0.9997098710299801
0.9996814521305658
0.9998449025237944
0.9997155492673695
0.9993336594190371
0.9996136968798572
0.9994694892798535
0.9998042306630124
0.9998022022611461
