0.21279642756127667
0.2127964275612767
0.21279642756127667
0.2127964275612767
0.2127964275612767
0.21279642756127667
0.2127964275612767
0.2127964275612767
0.2127964275612767
0.2127964275612767
0.21279642756127667
0.21279642756127667
0.2127964275612767
0.2127964275612767
0.2127964275612767
0.2127964275612767
0.21279642756127667
0.2127964275612767
0.2127964275612767
0.2127964275612767
0.2127964275612767
0.21279642756127667
0.21279642756127667
0.2127964275612767
0.21279642756127667
0.2127964275612767
0.2127964275612767
0.2127964275612766
0.2127964275612767
0.21279642756127667
0.2127964275612767
0.21279642756127667
0.2127964275612767
0.2127964275612767
0.2127964275612767
0.2127964275612767
0.21279642756127667
0.2127964275612767
0.21279642756127667
0.21279642756127667
0.21279642756127667
0.21279642756127667
0.2127964275612767
0.2127964275612767
0.2127964275612767
0.2127964275612767
0.2127964275612767
0.2127964275612767
0.2127964275612767
0.21279642756127667
0.2127964275612767
0.21279642756127667
0.21279642756127667
0.2127964275612767
0.21279642756127667
0.2127964275612767
0.2127964275612767
0.2127964275612767
0.21279642756127662
0.2127964275612767
0.2127964275612767
0.21279642756127667
0.2127964275612767
0.21279642756127667
0.2127964275612767
0.21279642756127667
0.21279642756127667
0.21279642756127667
0.2127964275612767
0.2127964275612767
0.2127964275612767
0.2127964275612767
0.2127964275612767
0.21279642756127673
0.21279642756127667
0.2127964275612767
0.2127964275612767
0.2127964275612767
0.21279642756127667
0.2127964275612767
0.21279642756127667
0.21279642756127667
0.21279642756127667
0.2127964275612767
0.21279642756127665
0.2127964275612767
0.21279642756127665
0.2127964275612767
0.2127964275612767
0.2127964275612767
0.2127964275612767
0.2127964275612767
0.21279642756127667
0.21279642756127667
0.2127964275612767
0.21279642756127665
0.2127964275612767
0.2127964275612767
0.2127964275612767
0.21279642756127667
0.2127964275612767
0.2127964275612767
0.2127964275612767
0.2127964275612767
0.2127964275612767
0.2127964275612767
0.2127964275612767
0.2127964275612767
0.2127964275612767
0.21279642756127667
0.21279642756127667
0.2127964275612767
0.21279642756127667
0.2127964275612767
0.21279642756127667
0.2127964275612765
0.21279642756127667
0.21279642756127667
0.21279642756127667
0.2127964275612767
0.2127964275612767
0.21279642756127667
0.2127964275612764
0.2127964275612767
0.2127964275612767
0.2127964275612767
0.2127964275612767
0.2127964275612767
0.2127964275612767
0.2127964275612767
0.21279642756127667
0.2127964275612767
0.2127964275612767
0.2127964275612767
0.2127964275612767
0.21279642756127667
0.2127964275612767
0.2127964275612767
0.2127964275612767
0.2127964275612767
0.2127964275612767
0.2127964275612767
0.21279642756127667
0.2127964275612767
0.2127964275612767
0.2127964275612767
0.21279642756127667
0.21279642756127667
0.21279642756127667
0.21279642756127667
0.2127964275612767
0.2127964275612767
0.2127964275612767
0.21279642756127665
0.2127964275612766
0.2127964275612767
0.21279642756127667
0.2127964275612767
0.2127964275612767
0.2127964275612767
0.2127964275612767
0.2127964275612767
0.2127964275612767
0.2127964275612767
0.2127964275612767
0.21279642756127667
0.2127964275612767
0.2127964275612767
0.2127964275612767
0.21279642756127667
0.2127964275612767
0.21279642756127662
0.2127964275612767
0.21279642756127667
0.21279642756127667
0.2127964275612767
0.2127964275612767
0.21279642756127667
0.21279642756127667
0.21279642756127667
0.21279642756127667
0.21279642756127667
0.2127964275612767
0.2127964275612767
0.21279642756127667
0.21279642756127665
0.2127964275612767
0.2127964275612767
0.21279642756127667
0.2127964275612767
0.2127964275612767
0.2127964275612767
0.2127964275612767
0.2127964275612767
0.2127964275612767
0.2127964275612767
0.2127964275612768
0.21279642756127667
0.2127964275612767
0.2127964275612767
0.2127964275612767
0.21279642756127667
0.2127964275612767
0.2127964275612767
0.21279642756127667
0.21279642756127667
0.21279642756127667
0.2127964275612767
0.2127964275612767
0.2127964275612767
0.2127964275612767
0.21279642756127667
0.21279642756127667
0.21279642756127667
0.2127964275612767
0.21279642756127667
0.21279642756127667
0.2127964275612767
0.21279642756127667
0.2127964275612767
0.2127964275612767
0.2127964275612767
0.2127964275612767
0.21279642756127662
0.2127964275612767
0.21279642756127667
0.2127964275612767
0.2127964275612767
0.21279642756127667
0.21279642756127673
0.21279642756127667
0.21279642756127667
0.21279642756127667
0.21279642756127667
0.2127964275612767
0.21279642756127667
0.2127964275612767
0.2127964275612767
0.2127964275612767
0.21279642756127667
0.21279642756127667
0.2127964275612767
0.2127964275612767
0.2127964275612767
0.21279642756127667
0.21279642756127637
0.21279642756127667
0.2127964275612767
0.2127964275612767
0.2127964275612767
