0.8012767430164351
0.8014366598668471
0.8014333380396027
0.801414804605107
0.8014197780227299
0.8014666698589341
0.8014017564477592
0.8014431890013598
0.8014570784038245
0.8014285738589133
0.8014609023230678
0.8014585774396911
0.8014306968502946
0.8016157983124591
0.8014228064662109
0.8014300587561665
0.8014093905102685
0.8014150956994816
0.801414804605107
0.8013368774209534
0.8014576022086564
0.8014400909272258
0.8014700326996724
0.8013850821331419
0.8014867521841135
0.8014699050977425
0.8014352940528381
0.8014793648758275
0.8014384066007675
0.8015392509750149
0.801436463275249
0.8014548810796396
0.8014660898797538
0.8014498247098952
0.8014417593610706
0.8014040036411786
0.8014666698589341
0.801498758337536
0.8014343076520095
0.8014913175530242
0.801445662902306
0.8014300587561665
0.8014665879607938
0.8014228064662109
0.8014567316772716
0.8014685038324019
0.8014783671993365
0.8014926099038747
0.8015526270014179
0.8014591111649388
0.8014250491175154
0.8014333380396027
0.80145435233218
0.8014266969636462
0.8014124333777949
0.8014547126923237
0.8014718849812286
0.8014609023230678
0.8014349047199136
0.8014366598668471
0.801535838019609
0.8014424245682911
0.8015766460273592
0.8013141320246685
0.8014278351708688
0.8015963745515277
0.8014921929353235
0.8014417593610706
0.801440881562517
0.801548037414314
0.8014501517908849
0.8014520867323274
0.8013927068797839
0.8014189249456559
0.8013791366058715
0.8014012692778647
0.8014823616059694
0.8014424245682911
0.8015176933697448
0.8014614709716583
0.8014017564477592
0.8013751345523028
0.8014285738589133
0.8014609023230678
0.8015063219008632
0.8014617508155402
0.8014981480446818
0.8014586693413621
0.8014666698589341
0.8014337989076775
0.8014380633212502
0.8014671290696405
0.801446817537852
0.8014718849812286
0.8014169893088412
0.8013782608534572
0.801377686411717
0.801452345687752
0.8014549839303629
0.8013927068797839
0.8015602368090189
0.8014384066007675
0.8014633872740529
0.8014823616059694
0.8014602265243168
0.8014567787604806
0.8014914002149464
0.8013976473572876
0.8013987168691261
0.8014300832415823
0.8014228064662109
0.8018261369402421
0.801475731235224
0.801443510686448
0.8014333380396027
0.8014713267280474
0.8015799328576437
0.8014000805332498
0.8013014250065158
0.8014343076520095
0.801443510686448
0.8014650645901774
0.8015526270014179
0.801436463275249
0.8014130155402022
0.8015176933697448
0.8014620566659673
0.8014602265243168
0.8014681644481138
0.8014665879607938
0.8014778994461568
0.8014886913307931
0.8013031164466368
0.8014225634950987
0.8014650536089492
0.8014589531235478
0.8014455591717026
0.8013380831025443
0.8014650536089492
0.8014555088919257
0.8013991977408069
0.8014614709716583
0.8014012865846097
0.8015577943271581
0.8014443440649045
0.8014501517908849
0.8015799328576437
0.8014762861266416
0.8014150956994816
0.8014350237131125
0.8014433269562354
0.8015002892495239
0.8014186590080193
0.8014547126923237
0.8014342334021607
0.8014388396934242
0.8014327154374309
0.8014364066942905
0.8014928554283777
0.8014433269562354
0.8014285738589133
0.8016157983124591
0.801440881562517
0.8014306968502946
0.8012742712813874
0.801498532103006
0.8015286528453733
0.8014862128259906
0.8013380831025443
0.8013751345523028
0.8014699050977425
0.8014349047199136
0.8014431890013598
0.8015766460273592
0.8014548810796396
0.8014926099038747
0.8014040036411786
0.801499942643154
0.8014862128259906
0.8014731684983567
0.8013322274090714
0.8014179634244502
0.8014558405034609
0.8013779962451766
0.8014459175673218
0.8014337989076775
0.8014534671449232
0.8014436886972983
0.8014350237131125
0.8014389320738048
0.801436463275249
0.8014597707622779
0.8014022530699146
0.8013814616005318
0.8013850821331419
0.8014921929353235
0.8014278351708688
0.8014387263853395
0.8014192972742666
0.8014129588718766
0.801438682839008
0.8014366598668471
0.8014534671449232
0.8013958299535032
0.8014380534762333
0.801439131986499
0.8014012692778647
0.8014731684983567
0.8014913175530242
0.8014806575433155
0.8014381460331048
0.8014073681938493
0.8015012020635582
0.8014303419009555
0.8015655210333273
0.8015054092221158
0.8013437346083044
0.8013364441175262
0.8014381460331048
0.8015544236621203
0.8014419720798348
0.8014364066942905
0.8014567316772716
0.801498532103006
0.8014650645901774
0.8014498247098952
0.801548037414314
0.8014145090652454
0.8014303419009555
0.8014300587561665
0.8014419720798348
0.8015392509750149
0.8013273058427824
0.8014368447161537
0.8014324717045525
0.8015140002897513
0.8013273058427824
0.8013976473572876
0.801414804605107
0.8015043903265751
0.8014933822044507
0.8014717947428373
0.8013368774209534
0.8014665879607938
0.8014436886972983
0.8014633872740529
0.8014555088919257
0.8018292023723227
0.8014762861266416
0.8014306968502946
