0.052341039941586086
0.21180262956437146
0.19994218061618083
0.20567617520794756
0.19994218061618083
0.19434295497415185
0.22161247688684876
0.20181264643669697
0.20699590988745406
0.21188293824688018
0.21456601737749412
0.20646612439496792
0.5784012351550583
0.20398936378160487
0.21180262956437146
0.21399694041155765
0.20181264643669697
0.22106238613233772
0.21329985911938248
0.1904253020986284
0.2235627269502417
0.631820952538723
0.2049492254101193
0.20699590988745406
0.2129833461763444
0.21313924339978227
0.21677921826295202
0.24892585158370095
0.22243520633811645
0.4562578388086408
0.2129064858696235
0.22148607933884637
0.234309768037301
0.2085913525916896
0.1945056516137542
0.21191614182568783
0.2031742498575009
0.21324883404742115
0.20181264643669697
0.17489125314781914
0.20688215376953112
0.21425281151132214
0.20567617520794756
0.21188293824688018
0.19434295497415185
0.21773677226825536
0.21425281151132214
0.1970733956186785
0.21695090781828716
0.4607412298693466
0.20374863257095835
0.23607574666832432
0.20372148913872862
0.21280155514505128
0.6114889958881555
0.19434295497415185
0.20646612439496792
0.1938884508808289
0.25424110154877566
0.2129833461763444
0.5020902617932302
0.529875226835985
0.21677921826295202
0.20511692862388445
0.2031742498575009
0.5309797389100577
0.2129064858696235
0.21095015229862538
0.22161247688684876
0.2129064858696235
0.1649512083040871
0.5654772630204239
0.14442754788809478
0.20369221230253068
0.21188293824688018
0.45735857419026443
0.1649512083040871
0.2092082324451993
0.1897558453960585
0.1366184907963647
0.21425281151132214
0.21916160759096792
0.2114542706119526
0.5246099773634221
0.18508542420078655
0.5762060247180831
0.5610165846587887
0.2541507524600391
0.22375102075658634
0.17886218374402635
0.6022043229079717
0.21916160759096792
0.21399694041155765
0.2031742498575009
0.5316004609228644
0.34173679127963724
0.6393869272430948
0.23883195377540165
0.2250803253538137
0.21908374807088668
0.18072963345550225
0.22243520633811645
0.23883195377540165
0.22651484194150293
0.841514098645675
0.1970733956186785
0.5823961065995031
0.2014711331509438
0.22534880758160172
0.20374863257095835
0.20772637851290945
0.5527052316870849
0.1917669485907549
0.20914313433145612
0.21231045105498392
0.20398936378160487
0.23253915305203504
0.22737130973756958
0.5458527757211395
0.218347096597014
0.20601764472953296
0.23706949359186882
0.21191614182568783
0.224413400363397
0.21770025394332748
0.21733641925356417
0.202303035027871
0.22270725757489693
0.16439234750081472
0.2092082324451993
0.5209074600079766
0.15706500817172755
0.17991742414870515
0.16250694198323237
0.19689356412141445
0.21105267422721505
0.636268499911003
0.21349280254782296
0.1994838123511133
0.4607412298693466
0.20567617520794756
0.19717574976061655
0.5327407842141116
0.19741418231196295
0.2111716919309193
0.2222632057347551
0.30086735179943147
0.820947094754676
0.21006016904743632
0.22136808190587004
0.22966420442831878
0.22161247688684876
0.7007215907424529
0.803938971251881
0.18361454454311532
0.22365687385341404
0.2049492254101193
0.1722338123663522
0.17489125314781914
0.21936577499700222
0.5610165846587887
0.23007553551363116
0.19793703603522092
0.22270144414816148
0.23046032964188512
0.6842749482028838
0.1994838123511133
0.5784012351550583
0.20699590988745406
0.2691714759518362
0.22270725757489693
0.25424110154877566
0.22332375396864973
0.8800054458320581
0.17397936219239796
0.19270759680147562
0.2067292236683603
0.21642806183507016
0.22240670344446203
0.21146049718780482
0.21753373072116522
0.22365687385341404
0.23913616330408297
0.22587707596401985
0.21023025160945263
0.21180262956437146
0.20073154008383903
0.2632381571125188
0.8441965954160641
0.6471705675138637
0.7486240426691476
0.22594849121760788
0.2631491519806449
0.2085913525916896
0.21324883404742115
0.23226719716034425
0.21095015229862538
0.2049492254101193
0.671872526832568
0.4562578388086408
0.5458288260069318
0.18585548610501235
0.5158400537491584
0.22025638142728562
0.5784012351550583
0.5309797389100577
0.19741418231196295
0.30284605069908177
0.2177014987975697
0.2247256958973712
0.8695357871166258
0.17991742414870515
0.18794559277586334
0.2093655484314706
0.21908374807088668
0.17731090144929307
0.20646612439496792
0.21828432734028125
0.2871557916953715
0.2668520653353765
0.2375338569806874
0.21731150441737399
0.17397936219239796
0.17740433864826216
0.2226664886131897
0.21313924339978227
0.8871171426684152
0.5527052316870849
0.5175118540390182
0.1904253020986284
0.20970955348283404
0.6327932950452918
0.2113178447288445
0.21054235064798518
0.21159936354646222
0.22950209543652486
0.6485320337211158
0.19722871050645835
0.8695357871166258
0.21848464126603873
0.23253915305203504
0.22651484194150293
0.6154661604076851
0.22106238613233772
0.2113178447288445
0.4922582876547672
0.20604957343978456
0.21324883404742115
0.21773677226825536
0.2235627269502417
