0.8011345212382084
0.8014914504886987
0.8014861027284867
0.8013852279104444
0.8014188370027798
0.8015058569274157
0.8012645894341026
0.8014305850827329
0.8014633392639929
0.8015613345643273
0.8013711657147837
0.801399820462172
0.8014827931988592
0.8014827931988592
0.8014420268623018
0.8012645894341026
0.8013311962840479
0.8012078054888917
0.8013868534560187
0.8012780581320867
0.8015058569274157
0.8011382344992376
0.8013809112718251
0.8011165645314416
0.801532803374806
0.8013895487309283
0.8013909527676731
0.8015936395139115
0.8013891239287839
0.8013852279104444
0.8011023140028034
0.801468802231671
0.8014287266714878
0.8014514963853497
0.8014622390107013
0.80154975308375
0.8014550319991103
0.8017939935698878
0.8017549151722952
0.801399820462172
0.8010056250768928
0.801311631865857
0.8014633392639929
0.8011605340278295
0.8012832315348796
0.8014827931988592
0.8015126560986218
0.8021582543235054
0.801481020371916
0.8012545976348794
0.8013936361731462
0.8014420268623018
0.801412710223855
0.8013997195827822
0.80103294389879
0.801393829784002
0.801684830078846
0.8014268295964296
0.8017213884129557
0.8020891486677129
0.8017221395616428
0.8014715807306492
0.8013240007245569
0.8012998187972405
0.8014305850827329
0.8015337125743631
0.8015613345643273
0.8015814163127213
0.8015070181975202
0.8020584785864376
0.8011165645314416
0.8017568515851883
0.8016010979007887
0.8013895487309283
0.8012223941840858
0.8014305850827329
0.801393829784002
0.8012645894341026
0.8013386033126367
0.8015317706417298
0.8010330057860667
0.801464711053007
0.8016222703885436
0.8014633392639929
0.801747112252886
0.8014618720321706
0.8016180811086397
0.801412710223855
0.8014188370027798
0.8014512612899544
0.8013136316086782
0.8016082362909401
0.8012423755110923
0.801605453132917
0.8013508862982872
0.8011382344992376
0.8013798977332076
0.8014261332339455
0.801368825643901
0.8013852279104444
0.8015630117837542
0.8013049692076493
0.8009360934973007
0.8012832408205651
0.8013142795065029
0.8012423755110923
0.801532803374806
0.8015007906347641
0.8010515180770732
0.8015317706417298
0.8011605340278295
0.8025032682550193
0.8018598985924342
0.8011951225039171
0.8010330057860667
0.8016559514599102
0.8015030524817126
0.8014284565521109
0.8007625145758228
0.8014622390107013
0.8013768882501356
0.8015010288166363
0.8032930450092457
0.8013026838334577
0.8014914504886987
0.8018162229254256
0.8011345212382084
0.8020955872069763
0.8012998187972405
0.8015721138729878
0.8014230568608715
0.8013345805917055
0.8011871017209252
0.8015126560986218
0.8014459104076088
0.8010056250768928
0.8017093108720156
0.801745330927081
0.8019798765721385
0.8013095191632225
0.8021425649551764
0.8015354218351738
0.8022442764303723
0.8017947616750063
0.8015705705229486
0.8015155997973946
0.801532803374806
0.8016082362909401
0.801295386394678
0.8015337125743631
0.8016277297903792
0.8014168252189512
0.80154975308375
0.8015330836596226
0.8010985484560814
0.8013049692076493
0.8013016747891495
0.8014861027284867
0.8015891956266531
0.8022442764303723
0.801367973807292
0.8015883769585126
0.801368825643901
0.8017822185910642
0.8009269194594139
0.8018452917088406
0.8016232988631872
0.8006315666835422
0.8008932390537816
0.8013637780930676
0.8011271973688793
0.8011901148757982
0.8015223579931372
0.8013868534560187
0.8011165645314416
0.8014652486415019
0.8012641233605665
0.8025032682550193
0.8016310618463242
0.8014287266714878
0.8012669674497563
0.8013262114238842
0.8011901148757982
0.8015843947345428
0.8013895487309283
0.8017767559792273
0.8018452917088406
0.8010015638583039
0.8014540327543207
0.8001756126948355
0.8010807258446118
0.8015058569274157
0.8013239428639095
0.8012734058748587
0.801399820462172
0.8013476112421231
0.801581863418566
0.8012641233605665
0.801020798759516
0.8013945077455094
0.8014467271118993
0.8013016747891495
0.8013865868185253
0.8014220747610515
0.8013945310823267
0.8015337125743631
0.8013893019947855
0.8014914504886987
0.8018706854274722
0.8015613345643273
0.8012780581320867
0.8013081667389914
0.8012780581320867
0.8015593323910282
0.8016494983637266
0.8015891956266531
0.8013240007245569
0.8011951225039171
0.8013300072697193
0.8016511033248813
0.8011382344992376
0.8016206488200807
0.8016494983637266
0.8014230568608715
0.801468802231671
0.8013118221520648
0.8016339785512279
0.8020955872069763
0.8014467271118993
0.8010795554911692
0.8014284565521109
0.8017549151722952
0.8013311962840479
0.8013345805917055
0.8014148566572113
0.8015140002897513
0.8021582543235054
0.8010056250768928
0.8014063047587182
0.8016206488200807
0.8017213884129557
0.8015018938324964
0.8013936361731462
0.8014883198086307
0.801668932790449
0.8014459104076088
0.8011271973688793
0.8018292023723227
0.8011464246477099
0.8014018406870141
