0.73154238656046
0.8252313812055604
0.8200853533818623
0.8204899035619917
0.828756331125268
0.8830670481253179
0.8200853533818623
0.7627060306099777
0.781727285498556
0.7357041070908332
0.828756331125268
0.817696009877078
0.7938696746594953
0.8389545668812265
0.6930535625260733
0.8430371517718677
0.31568829495611633
0.7159489549963309
0.8854823512774257
0.8463317991195926
0.8112546203075217
0.838892009045259
0.8092035473662312
0.8204899035619917
0.17581954631940228
0.8442666010568497
0.7128397398755589
0.8167286095277103
0.8541785589771176
0.7668237700160616
0.777814152523193
0.3308341248408207
0.797440960993228
0.5876362727245823
0.21987024534438362
0.8252313812055604
0.8351888214898054
0.8389545668812265
0.8416337869054651
0.8049486419149652
0.797440960993228
0.8716792323761464
0.24277408415617535
0.28613731953815935
0.08322208499762296
0.8648117158005053
0.21060371467441774
0.838892009045259
0.7128397398755589
0.7434727482621408
0.8542535052112655
0.36305841719014015
0.829831080494747
0.8200853533818623
0.7509470702939285
0.8403738486722278
0.7771255589001613
0.8079377754239283
0.794294221869659
0.26579556242268226
0.8200153504609375
0.8112546203075217
0.4931775593046026
0.8389545668812265
0.2912019416957866
0.7357041070908332
0.719458604486897
0.8134055857516456
0.7159489549963309
0.7812478781293823
0.8442666010568497
0.08322208499762296
0.7533617509258597
0.8582157715994665
0.7381397391830702
0.7627060306099777
0.8234016249808235
0.6004514465446477
0.19170406643885834
0.12172464322940624
0.3549636185432431
0.817696009877078
0.23089140093336413
0.7580388799392926
0.9890811866001271
0.8435147547919546
0.8435147547919546
0.8341566088047649
0.4072032650372973
0.1759852393282113
0.08351504413607413
0.1864104666216947
0.8313474042303903
0.7966308009810503
0.7640087419330527
0.2891567542880936
0.31568829495611633
0.7244588197653501
0.7486842632399339
0.10052688056796406
0.36798414614575686
0.3549636185432431
0.8350716108789509
0.21060371467441774
0.8854823512774257
0.7966308009810503
0.8356826259039025
0.8049486419149652
0.8534494860963506
0.8252313812055604
0.8537715891939262
0.8162500461968653
0.22211129816534336
0.6423530622046449
0.8463317991195926
0.27625888638388174
0.43012673292364045
0.6367039135711239
0.7627060306099777
0.8197229266690682
0.3399613178362736
0.8670007538491805
0.8485183759740963
0.8234016249808235
0.49922292866932383
0.7160174921164739
0.8103383452691305
0.781727285498556
0.7717820475832076
0.5989279970813329
0.24277408415617535
0.8167286095277103
0.5591523435243378
0.22337705744149794
0.8551324705603282
0.14301864548752494
0.20569036454071712
0.6768861142287588
0.8716792323761464
0.9118757147855561
0.7604169867806482
0.7934889494112057
0.2558557964277012
0.8167286095277103
0.8217646737232565
0.9673242848462957
0.36305841719014015
0.7970031152757739
0.06450172187457137
0.8079377754239283
0.8627163605953976
0.8114784810705294
0.409086142121867
0.7366235775519705
0.8078906262346957
0.8396532515679528
0.8092035473662312
0.8218102006639154
0.5848776722672306
0.8032744328475095
0.2885372039118145
0.4257950666639835
0.7486842632399339
0.053830230504988696
0.7128397398755589
0.49922292866932383
0.8356708340244784
0.9055677515875729
0.20465884822077138
0.7244588197653501
0.7095193768556225
0.39137599697923
0.8524575139170538
0.3174105771777175
0.8204899035619917
0.828756331125268
0.7916095579106686
0.1352952744431061
0.8262073253903738
0.6930535625260733
0.7958206409688727
0.794294221869659
0.13746307571824065
0.6930535625260733
0.1772446527518324
0.29306593721638935
0.08217164593491766
0.11496197575706739
0.7533617509258597
0.8339487473568333
0.7434727482621408
0.8112546203075217
0.5677792810306216
0.835900353841206
0.8049486419149652
0.7357041070908332
0.8830670481253179
0.8226351031638514
0.8045227464830105
0.3347523845678253
0.3030636418017638
0.8032744328475095
0.8734460620141294
0.8019270147317691
0.38686490915779426
0.8448629761746851
0.2891567542880936
0.21029685328434242
0.7646355055385363
0.8046445397696863
0.2092372388248797
0.29057615151563165
0.24277408415617535
0.06906490647246988
0.8430371517718677
0.8403738486722278
0.7381397391830702
0.2654268678608628
0.781727285498556
0.8194143103770507
0.6419542667045364
0.817696009877078
0.11496197575706739
0.7597861998085393
0.8854823512774257
0.5876362727245823
0.28613731953815935
0.7986585878747577
0.3308341248408207
0.2558557964277012
0.8526067978310677
0.8443165123778502
0.13746307571824065
0.8320831313067375
0.8443165123778502
0.5442705720377352
0.6746842539426563
0.881303984237105
0.8227381914001153
0.3480270543189228
0.4028616801565977
0.15541186692615325
0.5876362727245823
0.8334675057126676
0.8416337869054651
0.8054049632981441
0.8092035473662312
0.4766815542124042
0.24684905721418404
0.7597861998085393
