0.7993539879309135
0.801460103802523
0.8012476550427002
0.8017578523747463
0.8012476550427002
0.801460103802523
0.8013704985174912
0.8011014722958424
0.8011014722958424
0.8018233001317437
0.8024970789140807
0.8012801686666623
0.8012666485442889
0.8011625823184039
0.8022816811092416
0.800904308351415
0.801359787262807
0.8005169421258597
0.8019023525033818
0.8016164616314794
0.8012286239408045
0.800965909006237
0.8014882353068393
0.8015003863224304
0.8014037571627474
0.8020891486677129
0.801460103802523
0.8026315984358922
0.8017227396029752
0.7994287728659857
0.8042687983348795
0.8010746455635317
0.8010738960357319
0.8016684584912336
0.8010089587196186
0.8023082884992289
0.8024970789140807
0.8010729058498492
0.8018185122765449
0.8019023525033818
0.8010738960357319
0.8018292023723227
0.7999614016866469
0.800652701574815
0.8014310108975442
0.8008730663911164
0.8016860835856151
0.8008730663911164
0.8012476550427002
0.7994923610871055
0.8008980332378809
0.8020986117796262
0.8018508733907193
0.8018508733907193
0.807085863344912
0.8010089587196186
0.800504480178372
0.8009589536884288
0.8040388610689796
0.8020891486677129
0.8023652231132935
0.8013114465990571
0.7999452583065532
0.8002749550346753
0.8024943224670849
0.8017745911288087
0.8023082884992289
0.7995598639380757
0.8010564368353158
0.8019173931248605
0.7987323271599939
0.8011806610337519
0.8028863818000199
0.8019567339599235
0.8010597753988632
0.8010564368353158
0.7998625841738203
0.8005169421258597
0.8012237342916056
0.8017232505960848
0.7999850377470216
0.7988275900488278
0.8018168587500211
0.8006718116416236
0.8022816811092416
0.8045882858657917
0.8014668028685311
0.8015232541908976
0.8017184731422025
0.8036302526225292
0.8019146498103275
0.8007502584654828
0.8011689820758315
0.8015003863224304
0.8012530931911505
0.8009352257240755
0.801359787262807
0.8000914663223742
0.8008380927045113
0.8014517333248472
0.8005813225510195
0.8014882353068393
0.8009367320779005
0.8017227396029752
0.8017056128729859
0.7976099677706873
0.8064985367235337
0.8024277504959274
0.8011014722958424
0.8019583162830667
0.7983277185124719
0.8049066946357798
0.8025725925378652
0.8004169616352749
0.8004160569548529
0.8015150213188442
0.8030480411169688
0.8020107980336285
0.8000796851825313
0.8015061965290594
0.8015888950319535
0.8014823657122934
0.8032930450092457
0.7999851844692255
0.8023884666863057
0.8021239020350928
0.8038898365160984
0.8026315984358922
0.7999614016866469
0.8005605623348279
0.8038870296286257
0.8024943224670849
0.8009099431464196
0.8024991599540879
0.8017265343346963
0.8007502584654828
0.8020726464684379
0.8011805383577648
0.8039294077850266
0.8009010908608246
0.8021425649551764
0.8017232505960848
0.8013112390045437
0.8038095292129092
0.8015808047687468
0.8024640587174611
0.8016684584912336
0.8005542058421858
0.8006682206234923
0.8026315984358922
0.8021124109890532
0.8015888950319535
0.8017056128729859
0.8018185122765449
0.8020986117796262
0.8012570534176376
0.800652701574815
0.800504480178372
0.8027906908676056
0.8061235694155316
0.8016140725566587
0.7999383147216945
0.8006022893732907
0.8012666485442889
0.7967729111942168
0.8015125032551446
0.8024970789140807
0.8023652231132935
0.8008655489970704
0.8010089587196186
0.7988275900488278
0.8017578523747463
0.8042687983348795
0.7995278251066873
0.8000914663223742
0.8014334538970426
0.8025441406725284
0.8002804086854701
0.8010762644704642
0.8012555853994988
0.8002804086854701
0.8012555853994988
0.7960535229837657
0.8021043002175113
0.8023107786005235
0.7999317596564913
0.8020375815098673
0.8013878713998093
0.8018716486333282
0.8009589536884288
0.8006277729816302
0.8012286239408045
0.8017744062450465
0.8016749930135733
0.8012625006683128
0.8019583162830667
0.800965909006237
0.8021019275835353
0.8014823657122934
0.8016876514645898
0.8024252134337126
0.8024574749697893
0.8070278210671411
0.8019023525033818
0.800904308351415
0.8003460136169634
0.8024831842987638
0.8017596814181537
0.8016749930135733
0.8018233001317437
0.8007512330736981
0.8017596814181537
0.8008955802809137
0.8012894943425315
0.8029496853933517
0.8025393857738745
0.8021119173980841
0.8002392694851318
0.8010729058498492
0.8018817904935768
0.7986591235111332
0.8008822689034388
0.8010881554321454
0.8016326926463629
0.8011703486267453
0.8013704985174912
0.7984227087003846
0.8021043002175113
0.8010746455635317
0.8006901240780756
0.800668563760997
0.8008980332378809
0.7968638483838376
0.8011514070685869
0.8015466824763745
0.8018716486333282
0.8007746095546954
0.8008730663911164
0.8006901240780756
0.8014334538970426
0.8016164616314794
0.8018817904935768
0.8024605411508946
0.8020724242216342
0.8030480411169688
0.8009367320779005
0.8009010908608246
0.8018292023723227
0.8006929603926284
0.8012666485442889
