0.032132243140050365
0.8822956173096794
0.8822956173096794
0.6469506384506447
0.2990182270263024
0.1631914036033606
0.8788552759579935
0.5537352658575609
0.8707035733456024
0.1942097705505966
0.1127521619209006
0.3185234765363926
0.9065122485753436
0.06431157922237088
0.6469506384506447
0.64448591113007
0.19477717916705717
0.4895373431987981
0.14915914100158428
0.9193883861664072
0.11465333828209186
0.1631914036033606
0.7510084910983437
0.2505422000223002
0.31714298804440527
0.9337592079445025
0.1864146199131076
0.6815734419754084
0.49614624794778805
0.47354660227429246
0.6238933609615205
0.8707035733456024
0.7480616640438169
0.48697111739217874
0.5225201925567305
0.32301358410540604
0.22374791226880342
0.09083831104536637
0.8822956173096794
0.14915914100158428
0.6062300760801874
0.24069083473856207
0.5152329797225433
0.22732778826318778
0.5169163111858405
0.14915914100158428
0.025138879343418685
0.1693046595879415
0.29603349548083746
0.8139752322109848
0.09083831104536637
0.4557791775734671
0.9590957435316494
0.586625623572013
0.1752180712091086
0.32634137474381947
0.4313081859699382
0.2990182270263024
0.07328817327621429
0.44424525043932056
0.2775819395090989
0.37723071320111845
0.043894953607719556
0.7531726937747066
0.14147135303077218
0.40650636150012254
0.6491965592341082
0.12416133374089644
0.5225201925567305
0.08049963259679163
0.46698257180477215
0.33501231376413215
0.2047489596520743
0.07118276924282267
0.15506236640048254
0.9086507221970379
0.814002415317284
0.21237130863106166
0.9445768429754092
0.6238933609615205
0.3336145370513848
0.3185234765363926
0.1942097705505966
0.7827082249975785
0.6469506384506447
0.1765841454482988
0.47100548815674925
0.5280670751008826
0.4546061214716833
0.32634137474381947
0.7531726937747066
0.638058354250756
0.4546061214716833
0.2990182270263024
0.3336145370513848
0.6735982131325311
0.5796425001392466
0.8128477522328449
0.37086735747415667
0.6524378752316706
0.3338766747961027
0.8855716615727026
0.8788552759579935
0.21237130863106166
0.013281822548635691
0.8660547708987949
0.06588705823740777
0.8763887684843824
0.03832237046098835
0.7413875197208908
0.9193883861664072
0.2775819395090989
0.8367941082944703
0.36191406087018224
0.6716116080038214
0.7905566755743105
0.018682197927620048
0.8362850313689837
0.8708320908037851
0.22819607910643103
0.10192608660383166
0.5802731644853674
0.7604081370881309
0.6469506384506447
0.18353930447199118
0.22105250907173168
0.9172475729455467
0.5507512658767063
0.4317500777755623
0.7555946838735162
0.64448591113007
0.4119652668865167
0.904199296272413
0.6102915647435991
0.19477717916705717
0.06588705823740777
0.6491965592341082
0.11465333828209186
0.14147135303077218
0.30982659802732515
0.07122582507550872
0.8822956173096794
0.2047489596520743
0.14147135303077218
0.38659846019125643
0.47563270086100595
0.3185234765363926
0.391318702028461
0.025138879343418685
0.4642184077131639
0.05536315394319882
0.49614624794778805
0.8739147407194429
0.5532786158284544
0.5227632370433763
0.7601576806801242
0.8037119748092645
0.5796425001392466
0.1127521619209006
0.24069083473856207
0.38659846019125643
0.31714298804440527
0.013281822548635691
0.9065122485753436
0.07118276924282267
0.8932186120780724
0.6093045542167047
0.6752882314176416
0.12685939936580026
0.5802731644853674
0.36191406087018224
0.5089714440215356
0.5537352658575609
0.8367941082944703
0.8707035733456024
0.47354660227429246
0.6716116080038214
0.1671088460498631
0.5006534676380293
0.5089714440215356
0.48697111739217874
0.9065122485753436
0.7604081370881309
0.9337592079445025
0.5537352658575609
0.6735982131325311
0.40710551758746955
0.44424525043932056
0.1127521619209006
0.8906764938999159
0.7510084910983437
0.11465333828209186
0.1864146199131076
0.2505422000223002
0.4641578671551524
0.08049963259679163
0.1631914036033606
0.9337592079445025
0.4313081859699382
0.6093045542167047
0.24069083473856207
0.19477717916705717
0.31609985317512207
0.6467447449257059
0.31609985317512207
0.4642184077131639
0.9590957435316494
0.9395016302130375
0.06431157922237088
0.14571360634952868
0.4136524077730191
0.8996542880610492
0.8081875594052331
0.3476596823511491
0.4641578671551524
0.6491965592341082
0.280493651869478
0.8996542880610492
0.7327712708871464
0.7086096887615277
0.12107206261378652
0.03832237046098835
0.4721106357639733
0.64448591113007
0.12680299632136716
0.12685939936580026
0.9801493242528184
0.835241256841628
0.5280670751008826
0.05536315394319882
0.22732778826318778
0.47354660227429246
0.7827082249975785
0.586625623572013
0.5507512658767063
0.2279182346744193
0.8788552759579935
0.5898411036421491
0.4119652668865167
0.8525389377009804
0.7327712708871464
0.2246189882311891
0.9193883861664072
0.39758476034028634
0.4895373431987981
0.8763887684843824
0.280493651869478
0.30782488793454976
0.9086507221970379
0.9474961303367575
