0.1544850854284416
0.7843283548892943
0.736409579389736
0.19163590830743138
0.1850778737130568
0.16574399144875837
0.736409579389736
0.5951961037253587
0.5069186167423282
0.6060121215536282
0.24764268682935672
0.59791122642584
0.22179684567106725
0.1766266176503741
0.15830915797301745
0.17571932023953998
0.8090303067537987
0.8090303067537987
0.18486163878435205
0.14041342232595574
0.17961643278596695
0.4677573610900958
0.2681715303650959
0.6224590836045268
0.6467415035120024
0.2026942638935548
0.2026942638935548
0.59791122642584
0.4654286218489928
0.8073753838464085
0.4979901028829204
0.7025392085073546
0.1544850854284416
0.1923523675746933
0.24764268682935672
0.540816459340454
0.1544850854284416
0.5604492400822847
0.8545259052266533
0.19163590830743138
0.1544850854284416
0.24764268682935672
0.7191038710224612
0.6060121215536282
0.540816459340454
0.5138946203171539
0.4677573610900958
0.2311574466568025
0.46550119099896375
0.17571932023953998
0.5100030991039536
0.36884952540240096
0.14041342232595574
0.1699556306577842
0.8090303067537987
0.667576274957816
0.5138946203171539
0.18687739908043546
0.18687739908043546
0.19207780118364332
0.18102238349757305
0.5970997613163229
0.5068178215558584
0.7843283548892943
0.18486163878435205
0.5086552670066331
0.7406458487711247
0.20384592042859268
0.6571889585193068
0.4677573610900958
0.8005706663984373
0.2311574466568025
0.14041342232595574
0.7828424313555203
0.20384592042859268
0.8242034018501121
0.1493197565617238
0.2137732880777076
0.8545259052266533
0.607624214026706
0.22589304018892029
0.22589304018892029
0.17916373333527924
0.7726405794938221
0.6224590836045268
0.2311574466568025
0.5068178215558584
0.6060121215536282
0.502500259970666
0.22179684567106725
0.6120435559686426
0.545615480560969
0.5628499961545289
0.18486163878435205
0.7726405794938221
0.545615480560969
0.6978674885051085
0.7814392960315164
0.19710965629806224
0.5009447709680808
0.44069118742588853
0.8324374123520398
0.8756086503154001
0.19675761727275243
0.18192142089120147
0.8115251895473384
0.1293370308680026
0.4115166545021165
0.1601164994733256
0.7932400531984992
0.8545259052266533
0.21835762999661448
0.7410349681981669
0.2681715303650959
0.7331104895595404
0.1766266176503741
0.23727414813932426
0.36884952540240096
0.630525782573705
0.15830915797301745
0.17061995793435938
0.6364177981957932
0.7930955282859771
0.7004853365706654
0.18468380076343194
0.18510267461646054
0.7771344149845998
0.59791122642584
0.5666908180908706
0.7191038710224612
0.5626632400843622
0.5086552670066331
0.8756086503154001
0.6467415035120024
0.1857517045066155
0.1293370308680026
0.5499297042360676
0.1941006292671409
0.19207780118364332
0.4676855152527496
0.12288841404742254
0.7930955282859771
0.1850778737130568
0.19163590830743138
0.5009447709680808
0.4979901028829204
0.4953695847282192
0.5069186167423282
0.736409579389736
0.5590691756195088
0.11474705064655767
0.5604492400822847
0.7331104895595404
0.5263478900970118
0.15974845885684735
0.667576274957816
0.8098577682074938
0.5138946203171539
0.18608977051929565
0.27205019500300504
0.5069468104795511
0.4918237458630973
0.8081533584523864
0.8221322897046986
0.12363825456163496
0.803814227514016
0.5955041443765301
0.7720061083712574
0.17099649749342274
0.4953695847282192
0.2681715303650959
0.6339334839241447
0.5951961037253587
0.8064373682034135
0.8778300501979959
0.5604492400822847
0.6571889585193068
0.16574399144875837
0.4654286218489928
0.4654286218489928
0.5069186167423282
0.8221322897046986
0.7131931534068437
0.8359597573777116
0.5951961037253587
0.5999806871386137
0.6467415035120024
0.23727414813932426
0.15830915797301745
0.7932400531984992
0.6531753897841047
0.1941006292671409
0.1857517045066155
0.1850778737130568
0.5541207411996509
0.15974845885684735
0.15582800685452086
0.12398182847904562
0.5145249448620914
0.7004853365706654
0.18510267461646054
0.12363825456163496
0.2889241316186466
0.5339205926615602
0.17571932023953998
0.5590691756195088
0.733325721778515
0.7720061083712574
0.20277387452052284
0.5339205926615602
0.5626632400843622
0.8029269851646373
0.607624214026706
0.4677573610900958
0.8029269851646373
0.6168598896794026
0.203424460968058
0.8294828799744866
0.735470219779522
0.5696489961590078
0.15582800685452086
0.1428652704386473
0.5666908180908706
0.6364177981957932
0.22179684567106725
0.2026942638935548
0.1910135637815627
0.7828424313555203
0.5696489961590078
0.20277387452052284
0.18455618988711778
0.2428528356280354
0.8324374123520398
0.5541207411996509
0.5549705627568656
0.16574399144875837
0.8708129703109138
0.5100030991039536
0.5499297042360676
0.7843283548892943
0.735470219779522
0.19675761727275243
0.7191038710224612
0.4918237458630973
0.4115166545021165
0.8115251895473384
0.2137732880777076
0.2598788412443313
0.8073753838464085
0.7566796833823669
