0.032132243140050365
0.23480076839343159
0.5100411905170975
0.42228256471077086
0.5280670751008826
0.4642184077131639
0.8885262900331092
0.586441039302464
0.8865553321349108
0.17317395410173697
0.7272322616389758
0.17993171588756737
0.3184911392015298
0.041496888574995464
0.17626254333502375
0.65185258619227
0.10545862400244915
0.19523047081424824
0.8637343458111939
0.4123870521081423
0.19523047081424824
0.5807046596266031
0.7744676024264616
0.6777801636060863
0.42228256471077086
0.8552623925590676
0.4128088373297679
0.17993171588756737
0.5074652597952959
0.5485466447190568
0.7357320939489885
0.6665859363166698
0.7357320939489885
0.48697111739217874
0.1260044092084442
0.32301358410540604
0.14589127381814884
0.09083831104536637
0.8693523951596545
0.1629713938477503
0.08621117194687193
0.11109588125636755
0.8870489758029059
0.19523047081424824
0.5074652597952959
0.534009875623815
0.025138879343418685
0.2475445162654556
0.3184911392015298
0.7839677616307674
0.9023257488692742
0.4557791775734671
0.9590957435316494
0.8885262900331092
0.1752180712091086
0.2919635712848938
0.47817864760548084
0.2990182270263024
0.15398023946019515
0.44424525043932056
0.1642715143114033
0.4159184173364009
0.057538861425271114
0.8552623925590676
0.14147135303077218
0.3965524108456895
0.6491965592341082
0.1260044092084442
0.5093332202522594
0.11231891550967914
0.46698257180477215
0.33501231376413215
0.6004473608523199
0.47817864760548084
0.14838061564865337
0.9065423977544501
0.8134250837750645
0.21735680184177034
0.9107759676905012
0.5485466447190568
0.3336145370513848
0.297882924974072
0.17317395410173697
0.7827082249975785
0.6777801636060863
0.17626254333502375
0.47100548815674925
0.5280670751008826
0.5036329996894439
0.2919635712848938
0.7396967029011975
0.6034865967007976
0.4159184173364009
0.2990182270263024
0.3336145370513848
0.6004473608523199
0.5831340618556298
0.7396967029011975
0.37086735747415667
0.5807046596266031
0.3338766747961027
0.8870489758029059
0.8788552759579935
0.21735680184177034
0.013281822548635691
0.8712217696915887
0.08621117194687193
0.8763887684843824
0.03832237046098835
0.7869195615829739
0.9107759676905012
0.2775819395090989
0.8367941082944703
0.34094878292222225
0.6716116080038214
0.7905566755743105
0.041496888574995464
0.8637343458111939
0.8981973041082251
0.18237271032797053
0.11231891550967914
0.6016867561249649
0.7604081370881309
0.6469506384506447
0.15398023946019515
0.22105250907173168
0.8885262900331092
0.5507512658767063
0.8870489758029059
0.7386439681321607
0.65185258619227
0.4123870521081423
0.8977677328132276
0.6102915647435991
0.1642715143114033
0.08621117194687193
0.6491965592341082
0.1302570979056755
0.1642715143114033
0.28611410690014566
0.07620105579036643
0.8693523951596545
0.17626254333502375
0.14147135303077218
0.3965524108456895
0.47563270086100595
0.3185234765363926
0.391318702028461
0.025138879343418685
0.5100411905170975
0.05536315394319882
0.5074652597952959
0.8840305118648427
0.5435447939116622
0.5227632370433763
0.7386439681321607
0.7744676024264616
0.6064854931025372
0.1127521619209006
0.23480076839343159
0.38659846019125643
0.30162854747227547
0.013281822548635691
0.9025335068831501
0.10545862400244915
0.8932186120780724
0.5485466447190568
0.6524923311538215
0.1133099902261575
0.6016867561249649
0.297882924974072
0.5807046596266031
0.586441039302464
0.8367941082944703
0.8945760234987632
0.42228256471077086
0.6716116080038214
0.1671088460498631
0.5006534676380293
0.5424167897075808
0.48697111739217874
0.9025335068831501
0.7272322616389758
0.8840305118648427
0.586441039302464
0.6445139394041601
0.40710551758746955
0.44424525043932056
0.1127521619209006
0.8865553321349108
0.7839677616307674
0.1302570979056755
0.17317395410173697
0.2505422000223002
0.4641578671551524
0.08121934233791017
0.11109588125636755
0.9127406630782025
0.4313081859699382
0.6665859363166698
0.18237271032797053
0.10545862400244915
0.17993171588756737
0.6445139394041601
0.2475445162654556
0.5100411905170975
0.9590957435316494
0.8637343458111939
0.06431157922237088
0.15702283743143203
0.4128088373297679
0.8977677328132276
0.5435447939116622
0.3476596823511491
0.5353958471692574
0.6491965592341082
0.22476576465503784
0.8996542880610492
0.7744676024264616
0.6777801636060863
0.11109588125636755
0.03832237046098835
0.4721106357639733
0.65185258619227
0.12680299632136716
0.1133099902261575
0.9801493242528184
0.7357320939489885
0.5280670751008826
0.05536315394319882
0.20621936694770046
0.42228256471077086
0.7827082249975785
0.586625623572013
0.5507512658767063
0.14838061564865337
0.8788552759579935
0.534009875623815
0.4123870521081423
0.6004473608523199
0.7272322616389758
0.2246189882311891
0.9023257488692742
0.47817864760548084
0.5353958471692574
0.8809491317957523
0.2277171572685346
0.28611410690014566
0.9065423977544501
0.9474961303367575
