0.10445669084595093
0.18846663433267297
0.5339101677765488
0.4530105257898514
0.17776939225920513
0.45246344275891
0.8532147645649607
0.8637958904238315
0.42137603053613853
0.1711611045132063
0.6237356317889512
0.18846663433267297
0.8637958904238315
0.45641716514146724
0.17572964894556367
0.17572964894556367
0.12738745713269714
0.4530105257898514
0.5513352674672554
0.25222762591810327
0.5339101677765488
0.6146088303881064
0.45246344275891
0.652013186364122
0.2889241316186466
0.8461630909014296
0.2889241316186466
0.5508212953083834
0.4646002823091712
0.5706905152956913
0.4358801559924959
0.14493638341988266
0.4283569837273195
0.11909370164819676
0.21823488151192935
0.1711611045132063
0.10445669084595093
0.533114373002281
0.6044803159483444
0.1980246623420185
0.4854966947024668
0.42407886799752087
0.704608489183352
0.5280502828663117
0.18170434883924055
0.6160266791113472
0.42407886799752087
0.5280502828663117
0.42137603053613853
0.18000812620911208
0.533114373002281
0.4584314993823485
0.14493638341988266
0.18019455609056517
0.5669321403229627
0.7123791848266314
0.4338589437325148
0.18170434883924055
0.24423229804607638
0.4590908560237102
0.1717455074050976
0.602322598951897
0.4854966947024668
0.8909199342519117
0.1868290772735394
0.7536774763373241
0.6044803159483444
0.21823488151192935
0.7483243526689218
0.8111743412262887
0.8461630909014296
0.25222762591810327
0.592888763931198
0.29240686530170323
0.19265702780414373
0.8531878857178591
0.10445669084595093
0.23385198631827947
0.859506122375533
0.5428215668496662
0.24922055931677592
0.24922055931677592
0.1711611045132063
0.826658657074283
0.652013186364122
0.21465103110154388
0.5374707469787582
0.5280670751008826
0.4530105257898514
0.22112129534033018
0.7972522173439756
0.6034865967007976
0.4530105257898514
0.19165215717653944
0.23385198631827947
0.592888763931198
0.5339101677765488
0.7972522173439756
0.24423229804607638
0.6160266791113472
0.44069118742588853
0.8001918036601839
0.8637958904238315
0.2047037151516753
0.18019455609056517
0.8655863576805027
0.10980390847941185
0.4115166545021165
0.03832237046098835
0.8385767362085237
0.859506122375533
0.25222762591810327
0.8218309445060511
0.33358511870218577
0.704608489183352
0.11836367969462186
0.17380473054962267
0.42407886799752087
0.792267039477175
0.1370139043178222
0.16673619432608353
0.7483243526689218
0.7930955282859771
0.7470837371702223
0.20189493587225504
0.2017126096998511
0.792267039477175
0.5390337459326132
0.5706905152956913
0.8254790991765472
0.5500043664227714
0.45246344275891
0.89070145080745
0.503750783306124
0.17776939225920513
0.10980390847941185
0.5763732348282918
0.22276788610776946
0.1868290772735394
0.4760079534249528
0.12556640462891608
0.7930955282859771
0.21465103110154388
0.17323914974837662
0.4358801559924959
0.5009249797581946
0.4584314993823485
0.42347113015126775
0.8072922180135492
0.5340803923947052
0.11474705064655767
0.4646002823091712
0.8218309445060511
0.5432425532742198
0.602322598951897
0.7123791848266314
0.783831982696909
0.5073155812013496
0.12081105861539754
0.3012432145876288
0.5405077704452101
0.45641716514146724
0.11743398885558186
0.8287070492332574
0.12738745713269714
0.8607223080525661
0.5428215668496662
0.7978949173856602
0.12081105861539754
0.4755311187881449
0.31818192540195206
0.6916371875057002
0.5390964006772078
0.8607223080525661
0.8867156497283784
0.45641716514146724
0.704608489183352
0.16574399144875837
0.5339101677765488
0.4283569837273195
0.4652731189383899
0.8287070492332574
0.7422569857099658
0.8238939109484192
0.5390964006772078
0.6044803159483444
0.503750783306124
0.35414704919353307
0.14493638341988266
0.8631750858758185
0.7470837371702223
0.21800569038585035
0.17776939225920513
0.184168592962298
0.4632546090507339
0.0787101990641383
0.20189493587225504
0.11909370164819676
0.4338589437325148
0.710304315938618
0.2017126096998511
0.12738745713269714
0.2889241316186466
0.5432425532742198
0.25631267283120335
0.4688836787013253
0.8072922180135492
0.8032464154112144
0.19265702780414373
0.6146088303881064
0.5513352674672554
0.8532147645649607
0.46712683596021054
0.4760079534249528
0.8111743412262887
0.6168598896794026
0.18846663433267297
0.8532147645649607
0.7857015332341702
0.6131909816648656
0.14493638341988266
0.11743398885558186
0.5706905152956913
0.685294851887015
0.22112129534033018
0.12886995530989448
0.19165215717653944
0.7536774763373241
0.5280670751008826
0.11474705064655767
0.17572964894556367
0.35414704919353307
0.8001918036601839
0.6168598896794026
0.6146088303881064
0.16574399144875837
0.8637958904238315
0.5280502828663117
0.5513352674672554
0.592888763931198
0.7857015332341702
0.2047037151516753
0.8254790991765472
0.4755311187881449
0.4115166545021165
0.8655863576805027
0.18846663433267297
0.2966786689478654
0.8531878857178591
0.8909199342519117
