0.10445669084595093
0.2166736370882127
0.8463726745962162
0.8138575054745187
0.6658514164633015
0.8057509953840123
0.7682925666858568
0.46241924589978023
0.6339334839241447
0.17871103388459156
0.19251969405985525
0.30558949573949185
0.8066044916981184
0.521150452290647
0.8460028734375673
0.19269911550024288
0.8839390871682721
0.2898407735523854
0.4745917618975358
0.22147903622048928
0.8057509953840123
0.5393018590615664
0.8057509953840123
0.602002459287029
0.5081163729380497
0.8460028734375673
0.46550119099896375
0.521150452290647
0.8213931659147331
0.533348043878878
0.7251860109209137
0.18454190654987976
0.5320101095636584
0.1566891076434435
0.5626632400843622
0.19949528785814594
0.10445669084595093
0.521150452290647
0.8460028734375673
0.19385723055757145
0.10445669084595093
0.30558949573949185
0.7748436995203388
0.18326764830132788
0.17871103388459156
0.536871275895597
0.30558949573949185
0.19385723055757145
0.46550119099896375
0.18326764830132788
0.5128355440672094
0.48400425897767957
0.1566891076434435
0.1566891076434435
0.5219085134220753
0.5950270911110317
0.46550119099896375
0.17803006220309447
0.1842526495077072
0.19251969405985525
0.17277511897736014
0.5903008332277033
0.5066027835222746
0.8463726745962162
0.18694473492111938
0.5192804620751322
0.7406458487711247
0.19949528785814594
0.7651857802355785
0.5192804620751322
0.8005706663984373
0.17658392380085547
0.533348043878878
0.33893266356732016
0.203424460968058
0.8531878857178591
0.10445669084595093
0.2166736370882127
0.8638089791511241
0.5562399494347893
0.24922055931677592
0.24922055931677592
0.17871103388459156
0.8119554372091293
0.602002459287029
0.19697131642681442
0.5393018590615664
0.5927725704054444
0.5146313782996202
0.22112129534033018
0.7554299283195413
0.533348043878878
0.5146313782996202
0.22775206304545256
0.24142493085359265
0.533348043878878
0.610697617493562
0.7554299283195413
0.19710965629806224
0.5862032254964508
0.44069118742588853
0.8213931659147331
0.8708129703109138
0.20118326530813424
0.22147903622048928
0.8115251895473384
0.1337707219326881
0.4115166545021165
0.12046964873863163
0.8385767362085237
0.8638089791511241
0.21919962645081542
0.7663410543960372
0.2726084947844291
0.7251860109209137
0.17658392380085547
0.17277511897736014
0.30558949573949185
0.7771344149845998
0.10786205169098026
0.16673619432608353
0.5956736320341709
0.7930955282859771
0.6339334839241447
0.18984462106442282
0.2017126096998511
0.7771344149845998
0.610697617493562
0.582157177077495
0.7748436995203388
0.5626632400843622
0.4980300719381341
0.8804043303198866
0.5267835878782471
0.1777693922592051
0.1337707219326881
0.5763732348282918
0.2215034646507984
0.19251969405985525
0.4676855152527496
0.12288841404742254
0.7930955282859771
0.19697131642681442
0.19385723055757145
0.5320101095636584
0.501981005132843
0.48400425897767957
0.47504672380212964
0.7712398494521043
0.5219085134220753
0.11474705064655767
0.5157178257731735
0.7663410543960372
0.5304717170308684
0.6174766999504472
0.6586978790401727
0.8138575054745187
0.5055331822537368
0.1842526495077072
0.3012432145876288
0.4745917618975358
0.5081163729380497
0.8138575054745187
0.8066044916981184
0.12288841404742254
0.8607223080525661
0.5562399494347893
0.8005706663984373
0.12046964873863163
0.48400425897767957
0.2726084947844291
0.6339334839241447
0.5710667980748804
0.8607223080525661
0.8778300501979959
0.5580484840100405
0.7251860109209137
0.16574399144875837
0.5180501587625451
0.4283569837273195
0.4745917618975358
0.8066044916981184
0.7712398494521043
0.8460028734375673
0.5710667980748804
0.5903008332277033
0.5267835878782471
0.2898407735523854
0.1566891076434435
0.8681118359267153
0.6392286202730851
0.24142493085359265
0.18742175477957723
0.184168592962298
0.46241924589978023
0.10786205169098026
0.18984462106442282
0.12398182847904562
0.5157855939519663
0.6658514164633015
0.2017126096998511
0.1243880950758474
0.2889241316186466
0.5304717170308684
0.18694473492111938
0.5192804620751322
0.6918077440366911
0.8005706663984373
0.20325383694157415
0.5580484840100405
0.5626632400843622
0.8363473678119142
0.5318200051317451
0.4676855152527496
0.8088894164622036
0.6168598896794026
0.203424460968058
0.8363473678119142
0.735470219779522
0.5616924191514052
0.14493638341988266
0.11743398885558186
0.582157177077495
0.5956736320341709
0.22247239600180432
0.16060521442545692
0.21063879067574262
0.6553612741760094
0.5514392298517811
0.11474705064655767
0.19269911550024288
0.2898407735523854
0.8213931659147331
0.5320101095636584
0.5616924191514052
0.16574399144875837
0.8708129703109138
0.5067748817420569
0.5234861736438434
0.6658514164633015
0.735470219779522
0.20118326530813424
0.7748436995203388
0.4755311187881449
0.4115166545021165
0.8115251895473384
0.21919962645081542
0.2966786689478654
0.8531878857178591
0.8463726745962162
