0.6349736564949257
0.6440421501694622
0.6419881520140329
0.7431634299360268
0.6700503612751182
0.6341354747115014
0.7783311514547431
0.6454461706716256
0.6556869618740407
0.5230054185001841
0.8302658771974561
0.9457002508934456
0.6577216959130304
0.27523820622752626
0.5816017823847747
0.9457002508934456
0.6700503612751182
0.6217388299588587
0.7824472229675193
0.7783311514547431
0.5818288442340492
0.6330543673992852
0.2979446267983905
0.8992833129533816
0.5890752789133028
0.6070661997524751
0.6419881520140329
0.7411723072602353
0.6070661997524751
0.7438375324040942
0.6654563571064952
0.14961616405689065
0.7783311514547431
0.8118295805609024
0.22697559658277622
0.2060123720639459
0.8383957673479902
0.6538364163975041
0.22697559658277622
0.9314164164526286
0.5438413546211663
0.6702776301416467
0.6026605477378848
0.30942832857923147
0.2996471356905808
0.8182680285860728
0.22697559658277622
0.6556869618740407
0.7438375324040942
0.2996471356905808
0.6589581091198538
0.9260212104568667
0.7411723072602353
0.6522233898266898
0.44881480208959357
0.6026605477378848
0.6700503612751182
0.6059490314504077
0.21651864877571916
0.2866349136780946
0.6181238047942533
0.11477892786208127
0.6454461706716256
0.34169297463621207
0.4093658862333404
0.8272853859978703
0.5658666645681667
0.9183684993140631
0.8992833129533816
0.9489514349801381
0.839724102034846
0.9183684993140631
0.15160222107010432
0.6059490314504077
0.9457002508934456
0.12409130632156783
0.5164281408942473
0.6656928284130176
0.5814469348148591
0.8711753826303381
0.8580668420156458
0.22808910175987274
0.22908337420650354
0.9133901116314954
0.333224505904873
0.2060123720639459
0.2826526525740509
0.20798652725275946
0.8125378646631831
0.6112727904613375
0.06765093948174195
0.12409130632156783
0.4093658862333404
0.9183684993140631
0.2996471356905808
0.5726881512135522
0.8578723667103667
0.5751527836074903
0.5540011498728288
0.14236192820776494
0.45520129616232885
0.5994355097482552
0.38368583326556915
0.7996715486953724
0.2826526525740509
0.8711753826303381
0.5341996734811283
0.007168368561462746
0.710138330272224
0.5818288442340492
0.08716145795606399
0.5230054185001841
0.5411051666881654
0.5818288442340492
0.14766573216055523
0.28252893100084464
0.8335623151345448
0.5477128426874263
0.12779030762665072
0.6081719713568801
0.670893926402033
0.6656928284130176
0.6349736564949257
0.5961921878116064
0.5816017823847747
0.8595622433021156
0.7341383014286016
0.7431634299360268
0.7842258815122057
0.8578610366227496
0.8302658771974561
0.1284179318128027
0.2866349136780946
0.8272853859978703
0.6170353191346286
0.23450317391459952
0.06789074425322283
0.0016250577204719452
0.06940200162760739
0.3525461200999185
0.2572059743563305
0.4789614814218604
0.5911590794671964
0.14961616405689065
0.44086145836008184
0.8741315891147462
0.4201616838620644
0.019327091073128244
0.28252893100084464
0.22859663610007072
0.6577216959130304
0.3102929323024003
0.6765641848353553
0.5477128426874263
0.23450317391459952
0.9249006138753672
0.622250701841741
0.4093658862333404
0.34387035775121677
0.5031121609699456
0.6217388299588587
0.768053270717758
0.08054521726471553
0.20798652725275946
0.8118295805609024
0.14236192820776494
0.22808910175987274
0.6702776301416467
0.8302658771974561
0.9183684993140631
0.1927994684069037
0.3928611235890232
0.21701210182890118
0.21203644617117093
0.6556869618740407
0.800470741087508
0.9673402110707116
0.7444767047758218
0.3928611235890232
0.5341996734811283
0.6419881520140329
0.5819806985326135
0.200480808356289
0.7341383014286016
0.8773434837320271
0.21203644617117093
0.14970294411561108
0.9314164164526286
0.8335623151345448
0.6459859034791949
0.11477892786208127
0.7565831461436966
0.09049604706564518
0.862354934421049
0.5885799830880099
0.9183684993140631
0.3102929323024003
0.6947722387344643
0.07932325077379754
0.568639932857343
0.862354934421049
0.15160222107010432
0.0918544239052298
0.12779030762665072
0.2060123720639459
0.622250701841741
0.5658666645681667
0.2919712957425389
0.14970294411561108
0.9260212104568667
0.29577191951412884
0.2634728274718817
0.6947722387344643
0.6311114875313333
0.577271490062343
0.10141539625589457
0.2484345998603863
0.333224505904873
0.7842258815122057
0.9359219584865597
0.04360495560425215
0.6733858876432773
0.3036675758739593
0.550587090452952
0.24674815128124314
0.2866349136780946
0.9063367122924386
0.8316127067482476
0.4380163932744888
0.6328492182363002
0.7542063306149739
0.06743467575415898
0.7996715486953724
0.11576852631345003
0.7266162525748328
0.5540011498728288
0.6181238047942533
0.710138330272224
0.5320259852542022
0.8125378646631831
0.15161705482531082
0.5992147004144747
0.14744971680970498
0.5568848985523804
0.6987899361991196
0.8887996966876789
0.7119927479689903
0.5568848985523804
0.22859663610007072
0.2634728274718817
