0.629261191784481
0.6326440690733153
0.5819806985326135
0.8992833129533816
0.6833924667477547
0.5961921878116064
0.9118445407447804
0.6888547512280322
0.6374884294204758
0.6146891409814648
0.6602877178594868
0.9995371046658744
0.6577216959130304
0.5411051666881654
0.5726881512135522
0.9494007264059897
0.1293720915538409
0.6948982637013204
0.8083112997913421
0.842628506358847
0.5806254967867973
0.7084480700900464
0.2979446267983905
0.22156836655785517
0.4881924273915147
0.5132481181051637
0.7444653117030164
0.8711753826303381
0.3542778144771237
0.6888547512280322
0.6654563571064952
0.07453742267107988
0.7842258815122057
0.6112727904613375
0.21207352247998468
0.8992833129533816
0.8724099567011723
0.6565114222322038
0.24187767068556779
0.9314164164526286
0.1854493520040261
0.17217406623297393
0.5462203764153652
0.6312725661140182
0.6079910166406628
0.8589704311213125
0.7743901486209827
0.5961921878116064
0.8065786574293062
0.7458264175342293
0.6692159895099399
0.9544837411626497
0.7672147662708936
0.6692159895099399
0.44881480208959357
0.6146891409814648
0.7103485862781891
0.6312725661140182
0.21651864877571916
0.37780857328264184
0.6079910166406628
0.13606727654391848
0.6741155369522102
0.34169297463621207
0.44086145836008184
0.8370674326611343
0.5400433326501085
0.1854493520040261
0.8992833129533816
0.9489514349801381
0.8611801754836192
0.9314164164526286
0.11094436114172812
0.5806254967867973
0.8881629216084724
0.09034589634930767
0.5164281408942473
0.6303091313008337
0.5814469348148591
0.8711753826303381
0.8580668420156458
0.21207352247998468
0.2576859400567181
0.9133901116314954
0.3685043850113555
0.8595622433021156
0.3725058367411981
0.20798652725275946
0.5819806985326135
0.6112727904613375
0.06765093948174195
0.15783671629382798
0.44086145836008184
0.1854493520040261
0.08318253116050955
0.5726881512135522
0.8731162270618864
0.5432393674625055
0.5540011498728288
0.13774178177659524
0.45520129616232885
0.5375135911032068
0.38368583326556915
0.8073943822869558
0.1927994684069037
0.8711753826303381
0.5363733617080545
0.007168368561462746
0.2959501745952898
0.14311516095849497
0.05601509569666607
0.4746119891645284
0.5411051666881654
0.5806254967867973
0.14766573216055523
0.28252893100084464
0.8335623151345448
0.5031121609699456
0.10396356042799065
0.6081719713568801
0.670893926402033
0.7444804501437507
0.629261191784481
0.5961921878116064
0.5301588442864886
0.8595622433021156
0.6602877178594868
0.7444804501437507
0.7842258815122057
0.8578610366227496
0.9249006138753672
0.1284179318128027
0.2410480838758211
0.8370674326611343
0.6902292836480909
0.23450317391459952
0.06789074425322283
0.0016250577204719452
0.08672355930544551
0.529100191618651
0.2572059743563305
0.4789614814218604
0.5911590794671964
0.22469490544270143
0.44086145836008184
0.8724099567011723
0.4201616838620644
0.019327091073128244
0.28252893100084464
0.24067462342442228
0.6577216959130304
0.3102929323024003
0.6765641848353553
0.5923135244049068
0.23450317391459952
0.4794839431843363
0.4889826451071206
0.2642307818397551
0.34387035775121677
0.5031121609699456
0.651777863358144
0.768053270717758
0.08054521726471553
0.20798652725275946
0.724375848168423
0.13774178177659524
0.2441046810397608
0.7291485190361217
0.7559039804604645
0.9118445407447804
0.1927994684069037
0.3928611235890232
0.21701210182890118
0.20429804024829146
0.636362789093256
0.800470741087508
0.9673402110707116
0.7444767047758218
0.3928611235890232
0.5320259852542022
0.8505041892736755
0.5819806985326135
0.21584348825505967
0.8079888849977163
0.8773434837320271
0.2197748520940504
0.1524557650970716
0.9314164164526286
0.8335623151345448
0.5375135911032068
0.05601509569666607
0.6948982637013204
0.09049604706564518
0.862354934421049
0.5885799830880099
0.9118445407447804
0.3102929323024003
0.7084480700900464
0.07932325077379754
0.568639932857343
0.862354934421049
0.3900003964497918
0.0918544239052298
0.10396356042799065
0.1293720915538409
0.5132481181051637
0.5911590794671964
0.2919712957425389
0.14695012313415057
0.9761891993854133
0.29577191951412884
0.24036176194982095
0.21714635643496294
0.6791907833813654
0.577271490062343
0.10141539625589457
0.2484345998603863
0.2979446267983905
0.7842258815122057
0.9359219584865597
0.04360495560425215
0.6833924667477547
0.3036675758739593
0.550587090452952
0.1840679739832548
0.2410480838758211
0.9133901116314955
0.8316127067482476
0.4380163932744888
0.6326440690733153
0.7743901486209827
0.06350002400726218
0.8073943822869558
0.11576852631345003
0.7266162525748328
0.5540011498728288
0.6079910166406628
0.768053270717758
0.5320259852542022
0.842628506358847
0.199270549222631
0.1256612325101828
0.14744971680970498
0.5568848985523804
0.6377401507821324
0.8887996966876789
0.7119927479689903
0.5568848985523804
0.21651864877571916
0.28658389299394244
