0.6639819355521093
0.6639819350255608
0.6639819349766101
0.6639819352392865
0.6639819353364552
0.663981935315975
0.6639819355522277
0.6639819346158676
0.6639819352138407
0.6639819355521093
0.663981935748401
0.6639819355292863
0.6639819340674032
0.6639819350255608
0.6639819356749244
0.6639819355428798
0.663981935315975
0.6639819352789301
0.6639819348365908
0.6639819353364552
0.6639819352392865
0.6639819349085873
0.6639819350255608
0.6639819356043729
0.6639819352138407
0.6639819349766101
0.6639819349766101
0.6639819350507629
0.6639819351521017
0.6639819345340364
0.663981936293099
0.6639819374329945
0.663981935748401
0.6639819343608564
0.6639819352908282
0.6639819354169334
0.6639819355252463
0.663981935802472
0.6639819349085873
0.6639819350910375
0.663981934748836
0.6639819351839321
0.6639819335726933
0.6639819345970019
0.663981934138802
0.6639819353537513
0.6639819384105979
0.6639819343509098
0.6639819357362952
0.6639819352774713
0.6639819350427881
0.6639819352292499
0.6639819345232296
0.6639819354037773
0.6639819346158676
0.6639819335726933
0.6639819352532084
0.6639819354605611
0.6639819355103636
0.6639819350167262
0.663981935315975
0.6639819347533094
0.6639819382872898
0.18234156759882666
0.6639819356407143
0.6639819380176217
0.6639819354605611
0.6639819332681172
0.6639819371135617
0.6639819358466224
0.6639819355292863
0.6639819352908282
0.6639819358590828
0.6639819342266051
0.6639819364711839
0.16600946166872793
0.6639819339757379
0.6639819347162089
0.6639819352098569
0.663981935335142
0.6639819347276668
0.6639819358769214
0.2033223219213792
0.9042765932068138
0.6639819345043663
0.6639819346715976
0.66398193548426
0.6639819349327001
0.6639819370381714
0.6639819343608564
0.6639819331264019
0.6639819371135617
0.6639819356407143
0.6639819333526501
0.6639819347445858
0.6639819341494719
0.663981935515302
0.6639819339757379
0.6639819338820743
0.6639819350507629
0.2922071763742168
0.6639819349304742
0.6639819351954072
0.6639819362671829
0.6639819352836895
0.663981935335142
0.6639819351681582
0.6639819350167262
0.6639819356611745
0.6639819380176217
0.6639819351513849
0.6639819354038555
0.6639819353537513
0.6639819367447172
0.663981936293099
0.2922071763742168
0.6639819387896545
0.6639819429654195
0.6639819339826096
0.6639819204798204
0.6639819323502002
0.6639819350497645
0.6639819346791938
0.6639819351996314
0.6639819367840522
0.6639819352908282
0.6639819342391889
0.6639819350497645
0.663981935748401
0.6639819357702554
0.6639819352854723
0.6639819350278895
0.6639819352392865
0.6639819342308115
0.6639819351697565
0.6639819346182367
0.2131265109121507
0.11863931222492735
0.1862268021115132
0.6639819351951917
0.6639819371558864
0.6639819358466224
0.6639819346285858
0.21975257814692944
0.6639819379263421
0.6639819355868866
0.6639819351940187
0.6639819346188647
0.6639819204798204
0.2788870924419663
0.6639819345266158
0.21257811351618328
0.6639819354169334
0.6639819429654195
0.6639819342210762
0.6639819352854723
0.6639819338721908
0.6639819355522277
0.24297569469950947
0.663981934542461
0.663981934903515
0.663981937525644
0.6639819371558864
0.6639819344615445
0.6639819346543095
0.6639819350507629
0.2788870924366497
0.663981934748836
0.6639819351006894
0.6639819363388968
0.663981934468941
0.6639819353722022
0.22609574434658328
0.6639819341494719
0.6639819347501099
0.6639819331858428
0.6639819347533094
0.6639819339757379
0.6639819353722022
0.6639819347957643
0.663981934506246
0.6639819352238893
0.6639819351954072
0.6639819342391889
0.6639819353939128
0.663981935277245
0.2129661965328617
0.663981934542461
0.6639819362671829
0.6639819351347177
0.6639819348365908
0.663981937057771
0.6639819338249652
0.6639819355859116
0.6639819348630397
0.6639819380029163
0.21257811351618328
0.6639819349179439
0.07932325077379754
0.6639819344528727
0.6639819355859116
0.18234157701884307
0.182982109465297
0.18234156759882666
0.663981935498796
0.6639819337536437
0.6639819347763557
0.6639819349109948
0.2129661965328617
0.6639819333526501
0.2444508052309214
0.6639819362671829
0.6639819353351367
0.6639819348072084
0.6639819504619221
0.18234157701884307
0.6639819363343058
0.6639819345043663
0.6639819350393459
0.6639819369700755
0.6639819352789301
0.6639819504619221
0.19502021631411015
0.6639819387896545
0.23651959718780324
0.6639819362018945
0.6639819353079136
0.6639819350401445
0.4380163932744888
0.6639819355017806
0.6639819383680405
0.18622680320466406
0.6639819351233339
0.21257811351618328
0.663981934468941
0.6639819272496869
0.6639819331658372
0.663981937525644
0.6639819372455888
0.6639819353794721
0.17378254185173464
0.6639819350910375
0.14744971680970498
0.6639819389682263
0.6639819345970019
0.6639819400105609
0.6639819379263421
0.6639819370381714
0.663981934983947
0.6639819355868866
