0.5675370961284913
0.8173469780605641
0.919322523016309
0.9009744384835922
0.7589222221716116
0.636362789093256
0.3782872854553191
0.3667243880270771
0.687089446967577
0.37186407097017016
0.5484412239020543
0.9995371046658744
0.9467663426928588
0.9363426555555402
0.9601986082714302
0.9494007264059897
0.24888995205311448
0.559651641688135
0.8083112997913421
0.5364818922850914
0.9721315827933824
0.006082074750460298
0.6169030303813058
0.22156836655785517
0.4881924273915147
0.03460156894941935
0.7444653117030164
0.8317155850861143
0.3542778144771237
0.7630203614745996
0.7969753333222476
0.14299277059169946
0.7842347792534334
0.6088632219164656
0.8529877865012491
0.9557105076658372
0.7662291685553605
0.6565114222322038
0.9032687239035229
0.9618679974273511
0.12068253639459081
0.17217406623297393
0.5849531871840453
0.6740001240426998
0.5954668239582839
0.8589704311213125
0.9383023858967265
0.5430971173736807
0.8065786574293062
0.7458264175342293
0.733330985545132
0.9544837411626497
0.6814417460405381
0.6051009934747478
0.44881480208959357
0.5074875656466851
0.7103485862781891
0.6107672688698924
0.17554179286003735
0.37780857328264184
0.6201532998906072
0.13606727654391848
0.6914338966436401
0.34169297463621207
0.4746119891645284
0.27887129615845585
0.5479607947543134
0.31886716779351
0.8833087735855485
0.9489514349801381
0.9514321466621585
0.900945629466534
0.11094436114172812
0.4948883033553122
0.8881629216084724
0.09034589634930767
0.5164281408942473
0.6303091313008337
0.5821150035361458
0.8501146467156618
0.8580668420156458
0.05604050008452244
0.2576859400567181
0.04661437506596933
0.3685043850113555
0.5694576325790631
0.14719168136489846
0.17274148558522406
0.6319965383000751
0.6343454219001967
0.06765093948174195
0.07918372421316622
0.06316671866105761
0.12807406427725077
0.08318253116050955
0.5286359756802184
0.8731162270618864
0.4231222798479942
0.54672623236204
0.23556612375211183
0.45520129616232885
0.5024458505691096
0.38368583326556915
0.49906067566689805
0.12150815962111572
0.9596948721085197
0.4416057321121306
0.007168368561462746
0.2959501745952898
0.13624890835805115
0.026756221102491318
0.06430220248248686
0.5066856186828556
0.6416042356190225
0.14766573216055523
0.25732030431407427
0.8727781803713488
0.47071724056198205
0.1499814135589388
0.6085338807893145
0.670893926402033
0.7844310060902048
0.07242822235860591
0.7941167346770988
0.5301588442864886
0.8940844910278751
0.691341394315842
0.7045298941972968
0.818750680630079
0.8578610366227496
0.9249006138753672
0.1284179318128027
0.27582534880768306
0.8372823175976972
0.6902292836480909
0.19217468122974135
0.06789074425322283
0.0016250577204719452
0.08672355930544551
0.529100191618651
0.2572059743563305
0.3835929935103092
0.626525323270716
0.22469490544270143
0.40711092755563527
0.8737501978051907
0.3412626920572307
0.019327091073128244
0.307737557687615
0.26157439475479416
0.7032103845402127
0.3159294770694957
0.6765641848353553
0.6048317394146187
0.27651927301087653
0.4794839431843363
0.4093253573568981
0.2006619492466868
0.34387035775121677
0.5346408010477638
0.6538086440491867
0.8346390638846933
0.08054521726471553
0.24323156892029485
0.724375848168423
0.03991743980107865
0.2441046810397608
0.7291485190361217
0.7897603774955525
0.8761795450504295
0.2640907771926917
0.43900394848602253
0.21701210182890118
0.20429804024829146
0.22797909762368362
0.7068569911471411
0.9963780362446966
0.7444767047758218
0.34671829869202386
0.5797000772407975
0.8505041892736755
0.6282422204752953
0.256145183650082
0.8085833877084767
0.8773434837320271
0.8292266351975958
0.1524557650970716
0.3429090735620556
0.8302720825445186
0.4446385656340157
0.08527397029084083
0.6181855508038769
0.09049604706564518
0.873003960660894
0.14935627980567767
0.9475095364391313
0.3046563875353049
0.7427806032278825
0.07932325077379754
0.5800635641567867
0.8540554260560639
0.3900003964497918
0.0918544239052298
0.06481195989748634
0.10627895703886336
0.5572163015578995
0.5557928356636768
0.2919712957425389
0.14695012313415057
0.9761891993854133
0.29577191951412884
0.24036176194982095
0.21714635643496294
0.7283334350358288
0.577271490062343
0.10141539625589457
0.2484345998603863
0.30930536060283864
0.6570232323413988
0.9359219584865597
0.04360495560425215
0.9756547464809506
0.3036675758739593
0.550587090452952
0.1840679739832548
0.20627081894395916
0.6041871860157166
0.882206140772604
0.4380163932744888
0.6530551308607824
0.7815655309710717
0.06350002400726218
0.842444384804461
0.11576852631345003
0.7266162525748328
0.7164412690852036
0.19989922121600023
0.7351796263577225
0.5091103478668666
0.8536443059694463
0.199270549222631
0.17213874080719938
0.22247121126080405
0.475031403404076
0.6377401507821324
0.8887996966876789
0.7119927479689903
0.6454802491012945
0.21719380929637866
0.0267576755672716
