0.6410139151418064
0.6657558981278862
0.6682784243687252
0.139861656545936
0.8018079626831168
0.663176437150133
0.9183684993140631
0.23490464866681207
0.7310228281916108
0.6671338567935695
0.28021215932001203
0.9163910660832432
0.6796981252520334
0.6671338567935695
0.613388523468426
0.9163910660832432
0.6637753478194051
0.6892027041544861
0.6377014672845864
0.7626953598555302
0.23490464866681207
0.6717239628092861
0.6209413042378131
0.25104145391122085
0.6838577787666776
0.6679551702557774
0.6358168461030054
0.6577070775359019
0.558344182939584
0.7377169830298426
0.6632952573337723
0.21762178873244178
0.7626953598555302
0.6796981252520334
0.134432174267618
0.2358917659023194
0.8450183670851883
0.6363525491817013
0.19901393089453348
0.6644452821251988
0.9197903719040492
0.6702776301416467
0.5899660189001139
0.6644452821251988
0.2527339978218122
0.6853666941977455
0.18829588031983344
0.663176437150133
0.7490219315095341
0.2996471356905808
0.6514852670830674
0.9260212104568667
0.6182131565151894
0.6514852670830674
0.6736610309217373
0.6026605477378848
0.6383945176475267
0.6059490314504077
0.21435857929380914
0.22437991937006982
0.5534489126138206
0.139861656545936
0.6577070775359019
0.24752577789983093
0.5534489126138206
0.7310228281916108
0.5658666645681667
0.919079435609056
0.9063367122924385
0.909070511624275
0.8600638154419438
0.9212613433033017
0.13905551486655188
0.6059490314504077
0.9163910660832432
0.12409130632156783
0.4976948111580538
0.6424330731095277
0.6853666941977455
0.6284941909635788
0.6813943247689712
0.6637753478194051
0.1883745531835294
0.9063367122924385
0.2806568038323729
0.2358917659023194
0.24587566242491732
0.20798652725275946
0.8125378646631831
0.6807864752227268
0.14493753152925043
0.919079435609056
0.4760094778556901
0.919079435609056
0.2527339978218122
0.613388523468426
0.8009486552756324
0.5018673267306123
0.5018673267306123
0.25104145391122085
0.35740626109933965
0.6273350468349127
0.5253361679016241
0.21762178873244178
0.24587566242491732
0.6833717408946235
0.5350903783594609
0.7310228281916108
0.8018079626831168
0.5350903783594609
0.682163196449902
0.5534489126138206
0.5615429326103895
0.4959955870259668
0.1883745531835294
0.35740626109933965
0.7489957875839479
0.5254125018286859
0.12779030762665072
0.6444734832545999
0.6813985482037358
0.6417688496144537
0.6410139151418064
0.6284941909635788
0.6182131565151894
0.8051620790056341
0.7341383014286016
0.6655494585286614
0.8111867231277619
0.8380645326044112
0.1431422313305589
0.6813943247689712
0.2635863148847657
0.8450183670851883
0.6170353191346286
0.23450317391459952
0.06789074425322283
0.0016250577204719452
0.07828172979183569
0.33423777067929983
0.16887559581052303
0.4976948111580538
0.6363525491817013
0.18829588031983344
0.558344182939584
0.8051620790056341
0.4959955870259668
0.134432174267618
0.28252893100084464
0.22859663610007072
0.6682784243687252
0.21303072930792516
0.6383945176475267
0.6358168461030054
0.23450317391459952
0.9017987393834968
0.641739892701192
0.4760094778556901
0.31407608569581025
0.5254125018286859
0.6298573777668811
0.8018079626831168
0.16887559581052303
0.20798652725275946
0.6796981252520334
0.1975343542733399
0.2806568038323729
0.6702776301416467
0.23490464866681207
0.9183684993140631
0.7208980030807384
0.36300367350605006
0.21713693017274766
0.19901393089453348
0.6717239628092861
0.8093544138813955
0.6417688496144537
0.8352489576163442
0.36300367350605006
0.6034817622398168
0.6495916284654203
0.5615429326103895
0.21435857929380914
0.7341383014286016
0.8773434837320271
0.9197903719040492
0.14970294411561108
0.9314164164526286
0.7489957875839479
0.6529069111831282
0.139861656545936
0.6892027041544861
0.1431422313305589
0.8600638154419438
0.66274592873717
0.9183684993140631
0.3102929323024003
0.6947722387344643
0.07932325077379754
0.6209413042378131
0.862354934421049
0.13905551486655188
0.0918544239052298
0.12779030762665072
0.2358917659023194
0.6679551702557774
0.5658666645681667
0.2635863148847657
0.14970294411561108
0.9260212104568667
0.33423777067929983
0.21762178873244178
0.6947722387344643
0.6347785858671072
0.5899660189001139
0.12650880866299946
0.1431422313305589
0.2222835194337932
0.8111867231277619
0.9212613433033017
0.04360495560425215
0.6726597294468326
0.28021215932001203
0.8883039230597087
0.2526062995742242
0.2862041841659375
0.6657558981278862
0.7626953598555302
0.4380163932744888
0.6056891220664744
0.7490219315095341
0.13973556096266496
0.6836499375543222
0.21303072930792516
0.7208980030807384
0.49795283359418197
0.6424117852742608
0.7509243110196419
0.6270054162242018
0.8125378646631831
0.19533156495168544
0.6210619195096735
0.14744971680970498
0.5568848985523804
0.6871838240111136
0.8198620038536604
0.7119927479689903
0.5568848985523804
0.22859663610007072
0.2634728274718817
