0.5865440618888303
0.6629096306241226
0.6711529395252107
0.6499666600611048
0.8503847215187283
0.6508559080020985
0.19901393089453348
0.6629096306241226
0.6378325651552306
0.6378325651552306
0.6618051614404861
0.9163910660832432
0.6800202017007364
0.6499666600611048
0.6834228427323761
0.9163910660832432
0.6761868778182027
0.6399687733061138
0.6800202017007364
0.7252053123147233
0.5373024658516694
0.6570966979139288
0.16672305258107573
0.6071713101646966
0.6378325651552306
0.7367750426022626
0.6215034602592999
0.6452106479528488
0.6242144685054
0.1792703266335428
0.6966300668972083
0.21601302719144977
0.7230229623691882
0.6651567336657819
0.6774900403352869
0.2353901988460776
0.6367215996242982
0.6363525491817013
0.19901393089453348
0.8503847215187283
0.919191839221814
0.6612584520726517
0.6413526103472416
0.7185460311617415
0.6473658051276449
0.6273280882414471
0.6499666600611048
0.6747910361350321
0.7430222304035596
0.2550157229652036
0.6470474176955657
0.9260212104568667
0.6546433880836963
0.6399687733061138
0.6611062561279173
0.6398680630256877
0.6399687733061138
0.6059490314504077
0.2135212072218951
0.2135212072218951
0.60278881354713
0.1312843703555638
0.6333137918970675
0.15116568355714055
0.6242144685054
0.7374008221793947
0.19161708755216605
0.9143593844738291
0.8974206390037189
0.6260604284205697
0.6974473571911224
0.9179653143775988
0.19218992145013028
0.6059490314504077
0.9163910660832432
0.12409130632156783
0.4626226736433753
0.6974473571911224
0.6127359694341096
0.6559329659291011
0.6612584520726517
0.6774900403352869
0.1883745531835294
0.8973203176760736
0.28054564270428267
0.2353901988460776
0.15688320333907008
0.20798652725275946
0.6333137918970675
0.6651567336657819
0.9163910660832432
0.8974206390037189
0.6480042633827502
0.918223479645003
0.8165702873969534
0.6548578181128775
0.7252053123147233
0.49991008016239713
0.4999100801623972
0.2550157229652036
0.42755053612869676
0.6273350468349127
0.6184839271642355
0.2289633337773782
0.19468850981259825
0.6559329659291011
0.6071713101646966
0.7374008221793947
0.8503847215187283
0.5373024658516694
0.1312843703555638
0.60278881354713
0.5615429326103895
0.5373024658516694
0.1883745531835294
0.3199675960500922
0.7304942677764691
0.5530135878972657
0.12779030762665072
0.6611062561279173
0.6570966979139288
0.7027330748190469
0.6652637098615783
0.6484903985634947
0.6971761756363124
0.7861969474415368
0.7341383014286016
0.7027330748190469
0.7230229623691882
0.6480042633827502
0.1648949799243393
0.6484903985634947
0.22053984377193103
0.810654610870764
0.6260604284205697
0.23450317391459952
0.15688320333907008
0.07238364452551542
0.1720950462781487
0.33423777067929983
0.19161708755216605
0.4626226736433753
0.6363525491817013
0.20677397823424432
0.6242144685054
0.7861969474415368
0.5854336243991135
0.16672305258107573
0.3199675960500922
0.22859663610007072
0.6761868778182027
0.2350311539585314
0.6501251241741677
0.6215034602592999
0.23450317391459952
0.9143593844738291
0.6508559080020985
0.556091835656068
0.31407608569581025
0.6452106479528488
0.6482214926321803
0.752434927704623
0.16887559581052303
0.20798652725275946
0.6780328635168177
0.21671306008782965
0.28054564270428267
0.6702776301416467
0.20722543387451073
0.9177392998565973
0.7208980030807384
0.36300367350605006
0.2231107392950247
0.19901393089453348
0.6747910361350321
0.532743346710537
0.626226311496096
0.736791346761664
0.6623922465527541
0.6571678860992012
0.6564712069239546
0.5615429326103895
0.20266249507372036
0.7341383014286016
0.6800202017007364
0.916383212730589
0.174565333129101
0.9263388798779651
0.1792703266335428
0.6711529395252107
0.1312843703555638
0.6464576234293649
0.1648949799243393
0.6974473571911224
0.66657011547556
0.9179653143775988
0.2350311539585314
0.6947722387344643
0.07932325077379754
0.6378944178581489
0.7367750426022626
0.19218992145013028
0.0918544239052298
0.15116568355714055
0.2353901988460776
0.6508559080020985
0.5658666645681667
0.2635863148847657
0.174565333129101
0.9260212104568667
0.33423777067929983
0.2289633337773782
0.6947722387344643
0.6629096306241226
0.6273280882414471
0.14294672525909352
0.1648949799243393
0.21522501220294948
0.7230229623691882
0.9215662276641973
0.5854336243991135
0.6498363911198267
0.28032332044810226
0.8973203176760736
0.2526062995742242
0.2862041841659375
0.6652637098615783
0.6571678860992012
0.4380163932744888
0.682178064764361
0.7430222304035596
0.13469847208727653
0.7073713722553934
0.21601302719144977
0.7208980030807384
0.4999100801623972
0.6349710990710644
0.760961268354527
0.5786093446773721
0.8125378646631831
0.20927807774153684
0.6386998583520079
0.14744971680970498
0.5568848985523804
0.7185460311617415
0.752434927704623
0.7304942677764691
0.5568848985523804
0.22859663610007072
0.23481592825973174
