0.5865440618888303
0.6269553073493274
0.638333735906984
0.2143585792938091
0.6498363911198267
0.6547647575075425
0.532743346710537
0.21522501220294948
0.6398680630256877
0.6498363911198267
0.6398680630256877
0.9163910660832432
0.6494619693538143
0.532743346710537
0.6834228427323761
0.9163910660832432
0.6773814756989808
0.677104063237569
0.607541997962561
0.6494619693538143
0.21522501220294948
0.6570966979139288
0.16672305258107573
0.6071713101646966
0.677104063237569
0.7439085870547189
0.638333735906984
0.6666857450378423
0.6179609029459507
0.6444722802161839
0.7399327723653628
0.22525207614865522
0.7208513836923357
0.6780328635168177
0.6773814756989808
0.23513941531795673
0.6070856829407237
0.6363525491817013
0.19901393089453348
0.9263388798779651
0.919191839221814
0.6702776301416467
0.6413526103472416
0.767646470434561
0.23438706473359405
0.6273280882414471
0.6581395206209013
0.647518827773175
0.7430222304035596
0.27534429480090084
0.653035971292768
0.9260212104568667
0.6546433880836963
0.653035971292768
0.6580683979745189
0.6398680630256877
0.6547647575075425
0.6059490314504077
0.2143585792938091
0.22437991937006982
0.5771150431275142
0.12957731948970744
0.6481436566298994
0.14294672525909352
0.6070856829407237
0.734022678744598
0.5658666645681667
0.916383212730589
0.8974206390037189
0.6070856829407237
0.746987280276103
0.9184173434196015
0.16077702069259361
0.6059490314504077
0.9163910660832432
0.12409130632156783
0.4626226736433753
0.746987280276103
0.6724583509709534
0.6559329659291011
0.6547553075601981
0.6773814756989808
0.1883745531835294
0.8973203176760736
0.28054564270428267
0.23513941531795673
0.24587566242491732
0.20798652725275946
0.7067545811979286
0.6772002326492098
0.14493753152925043
0.8974206390037189
0.532743346710537
0.919191839221814
0.8165702873969534
0.6637017437442738
0.8009486552756324
0.49991008016239713
0.49991008016239713
0.27534429480090084
0.42755053612869676
0.6273350468349127
0.5302132731305425
0.2231107392950247
0.19468850981259825
0.6559329659291011
0.6071713101646966
0.734022678744598
0.7744305631594917
0.5302132731305425
0.13469847208727653
0.624165714573152
0.5615429326103895
0.4959955870259668
0.1883745531835294
0.3199675960500922
0.7304942677764691
0.5806146739658457
0.12779030762665072
0.6580683979745189
0.6570966979139288
0.7027330748190469
0.6652637098615783
0.647518827773175
0.6971761756363124
0.7861969474415368
0.7341383014286016
0.7027330748190469
0.7308487574260857
0.7399166911094324
0.20840047711190013
0.6494619693538143
0.22053984377193103
0.8603479533870009
0.6450351739004158
0.23450317391459952
0.06789074425322283
0.07238364452551542
0.1720950462781487
0.33423777067929983
0.16887559581052303
0.4626226736433753
0.6363525491817013
0.18829588031983344
0.6179609029459507
0.7861969474415368
0.5854336243991135
0.16672305258107573
0.3199675960500922
0.22859663610007072
0.672168825630644
0.20840047711190013
0.6547553075601981
0.5806146739658457
0.23450317391459952
0.9104952893026554
0.6548475314784847
0.532743346710537
0.31407608569581025
0.5254125018286859
0.6482214926321803
0.7744305631594917
0.16887559581052303
0.20798652725275946
0.6780328635168177
0.21671306008782965
0.28054564270428267
0.6702776301416467
0.20722543387451073
0.9184173434196015
0.7208980030807384
0.36300367350605006
0.2231107392950247
0.19901393089453348
0.6663240596719283
0.532743346710537
0.6581395206209013
0.8352489576163442
0.6444722802161839
0.6571678860992012
0.6564712069239546
0.5615429326103895
0.2143585792938091
0.7341383014286016
0.7399327723653628
0.916383212730589
0.15708566183359943
0.9263388798779651
0.6444722802161839
0.638333735906984
0.12957731948970744
0.6464576234293649
0.1431422313305589
0.746987280276103
0.6547647575075425
0.9184173434196015
0.2616618308051627
0.6947722387344643
0.07932325077379754
0.6378944178581489
0.767646470434561
0.16077702069259361
0.0918544239052298
0.15938464185518758
0.2358917659023194
0.6378944178581489
0.5658666645681667
0.2635863148847657
0.19204500442460257
0.9260212104568667
0.33423777067929983
0.22908454841730175
0.6947722387344643
0.7067545811979286
0.6273280882414471
0.14294672525909352
0.1431422313305589
0.21522501220294948
0.7308487574260857
0.9215662276641973
0.5854336243991135
0.6498363911198267
0.28032332044810226
0.8973203176760736
0.2526062995742242
0.2862041841659375
0.6652637098615783
0.6571678860992012
0.4380163932744888
0.6269553073493274
0.7430222304035596
0.13469847208727653
0.7072921803371099
0.22525207614865522
0.7208980030807384
0.49991008016239713
0.6424117852742608
0.7744305631594917
0.6270054162242018
0.8125378646631831
0.20927807774153684
0.6386998583520079
0.14744971680970498
0.5568848985523804
0.6806489251363583
0.7439085870547189
0.7304942677764691
0.5568848985523804
0.22859663610007072
0.24054730810216174
