0.032132243140050365
0.2001836266067833
0.06487225193085788
0.6797859105376948
0.48076800283837645
0.47896171180126307
0.27465094795443235
0.14384836539138618
0.8593198676087982
0.8494966091038629
0.1936818884599809
0.18387508430548305
0.14384836539138618
0.8570504000524424
0.7626372549917655
0.9041861168556989
0.31325979788554953
0.44277818766309845
0.8805488232531751
0.7988423482071866
0.47896171180126307
0.44460215008717724
0.7602897312856824
0.5479314551253089
0.2769462795570866
0.922406543183484
0.8570504000524424
0.231696911784817
0.5677848155779032
0.11986268089712998
0.0296973865344643
0.922406543183484
0.47766125389043257
0.606652352357245
0.5126652602458365
0.2001836266067833
0.7855121270027747
0.8805488232531751
0.8593198676087982
0.789300823232813
0.11402255816583103
0.11364293784488036
0.7731406035928505
0.24532354421309477
0.44460215008717724
0.41017407464103767
0.9357596090068041
0.20042817719460018
0.29603349548083746
0.4931669080285128
0.11364293784488036
0.7626372549917655
0.13553100109071517
0.27493746371889904
0.18871610167792596
0.2899023223889232
0.41017407464103767
0.11402255816583103
0.11986268089712998
0.789300823232813
0.2775819395090989
0.32507968054091496
0.13553100109071517
0.08399512792555269
0.8257992191315756
0.08977344011807453
0.28680091245232353
0.12416133374089644
0.5341383599069902
0.18644754401254734
0.48076800283837645
0.31325979788554953
0.14384836539138618
0.06487225193085788
0.11434531917620552
0.9514354517449548
0.7396878324532326
0.1879647358820537
0.9439604396357084
0.5533666156654171
0.27493746371889904
0.33397836266694003
0.14116019979401212
0.7783708545418354
0.6797859105376948
0.20042817719460018
0.4892849839493645
0.4762817607588283
0.38391949423817606
0.3627804270987157
0.7352552913956059
0.9357596090068041
0.5126652602458365
0.564631012989369
0.3205829730140004
0.13893464777494371
0.31325979788554953
0.7913320765272541
0.29442055979412335
0.5685743062401701
0.33397836266694003
0.8665574872258625
0.8501293060822
0.21797376211409003
0.011278071834633363
0.606652352357245
0.026549449227470046
0.8084348796431663
0.030940545138697595
0.7783708545418354
0.8693639031242877
0.2775819395090989
0.7721905986807112
0.3797422978026696
0.7988423482071866
0.7905566755743105
0.07647165694392567
0.8362850313689837
0.9041861168556989
0.18871610167792596
0.18644754401254734
0.231696911784817
0.7855121270027747
0.5338308527039588
0.16700737955148112
0.14876208300782867
0.9041861168556989
0.8509181084580908
0.45362131951812046
0.7731406035928505
0.670459974668072
0.4574718465204237
0.8488430150619085
0.5130082823369252
0.12223421073003571
0.11402255816583103
0.28680091245232353
0.08697206754746811
0.1936818884599809
0.40269561539949583
0.054895848825419064
0.8593198676087982
0.27465094795443235
0.7135363243205347
0.3613711609578387
0.48076800283837645
0.326482562651805
0.38391949423817606
0.08412950583498742
0.41017407464103767
0.05195735385971978
0.5677848155779032
0.8494966091038629
0.5199450097131231
0.4574718465204237
0.8557641174983635
0.8468940666802092
0.5754993531150181
0.13893464777494371
0.23178002820951904
0.5199450097131231
0.3143820110604305
0.01528557326263802
0.9439604396357084
0.06487225193085788
0.857958416814579
0.1936818884599809
0.6168403525760304
0.20722432131664903
0.575931922814372
0.3797422978026696
0.507248897046179
0.5083599432213064
0.8257992191315756
0.8900761585511539
0.24532354421309477
0.7238408042977804
0.15851743923970735
0.47896171180126307
0.4930296380529618
0.857958416814579
0.8509181084580908
0.8256685844518115
0.922406543183484
0.5083599432213064
0.6853576258691522
0.5130082823369252
0.44834759249915884
0.20877478978689068
0.8693639031242877
0.8152155099174097
0.7731406035928505
0.3205829730140004
0.2001836266067833
0.5479314551253089
0.054895848825419064
0.1542195652653778
0.19569067011294483
0.44460215008717724
0.5338308527039588
0.2496016412676051
0.10882795745528105
0.28680091245232353
0.6467447449257059
0.3323233345277724
0.45949318219328483
0.9976595248694613
0.8930128036015662
0.45866750231891473
0.20042817719460018
0.41291512060303215
0.9826680044325643
0.8081875594052331
0.3353134244298582
0.45900749012660685
0.5738972663800458
0.37292530776380806
0.5677848155779032
0.8593198676087982
0.6797859105376948
0.15851743923970735
0.04570419578327911
0.44834759249915884
0.7429365222500253
0.10065457392514497
0.046494477414951496
0.7626372549917655
0.8842525638526405
0.4098875569420409
0.14116019979401212
0.2573639145830815
0.44277818766309845
0.8494966091038629
0.5479314551253089
0.45900749012660685
0.8256685844518115
0.923746094443019
0.5898411036421491
0.45362131951812046
0.8805488232531751
0.5853667378723276
0.29442055979412335
0.4762817607588283
0.39758476034028634
0.44277818766309845
0.7721905986807112
0.1879647358820537
0.30782488793454976
0.8599349504377575
0.9504154176981059
