0.18170951185145534
0.17124271087537557
0.17235267802533027
0.16741665189557198
0.8289913037571989
0.1771899470818548
0.8838920557296153
0.1648646263105396
0.856121977867304
0.8283054035981929
0.8536627305232984
0.1711060641679086
0.4794434371336063
0.8328443315501488
0.18717408704974803
0.862627112440193
0.8283054035981929
0.47130470248959017
0.1982251274835388
0.18003253138146058
0.8779297754961615
0.4794434371336063
0.47594903629798707
0.1636646780173445
0.22396166266949105
0.8550475255607202
0.48705060099300446
0.8703631088143817
0.18273758410677032
0.4509398388931771
0.18035978399158012
0.19034411436098306
0.46463880430929816
0.520998531259108
0.47130470248959017
0.1914269631739718
0.48210647509566723
0.8664310824621251
0.48840092464364976
0.48294504941940275
0.20998480660171853
0.1771899470818548
0.4652830711355003
0.1636646780173445
0.1771899470818548
0.4794434371336063
0.48040563536206854
0.17947609864310432
0.1654499432009557
0.47130470248959017
0.46227695506975475
0.4354109335622862
0.8610191793747687
0.18170951185145534
0.47247370671861655
0.19004043804556006
0.4817497904061837
0.16741665189557198
0.18778157731009967
0.789300823232813
0.8353034196014049
0.4890570907005764
0.1933316574848313
0.8225645141535887
0.8664310824621251
0.4819976495549589
0.4721791980566457
0.12463878073075485
0.49463035743831835
0.20133209647813524
0.8627600872561364
0.1839907763216857
0.19185376121042752
0.48294504941940275
0.17235267802533027
0.9706285276226704
0.8779297754961615
0.19135619176147572
0.8714266105098322
0.4819976495549589
0.18273758410677032
0.44732543103972805
0.8283054035981929
0.7923680595293728
0.4821320144871167
0.18717408704974803
0.47247370671861655
0.18717408704974803
0.5316165951615033
0.3827380212491058
0.8311247045832745
0.8838920557296153
0.5024267112179054
0.49080454778475696
0.1946672712099118
0.19185376121042752
0.1972464334837973
0.8225645141535887
0.22033142612058165
0.4509398388931771
0.4917869949839206
0.8005476414000298
0.8311247045832745
0.18273758410677032
0.1612899911636305
0.533977553022011
0.8767987922520003
0.5006873839094663
0.1658753720153847
0.8283054035981929
0.8674210265196658
0.4948110941344351
0.8691594488709863
0.46864833449193466
0.8241660241774946
0.1982251274835388
0.19185376121042752
0.17816642258467277
0.8272366064798329
0.16117613410692366
0.17355766781509124
0.20586715776404166
0.8272366064798329
0.4617207453573526
0.17462352430810582
0.16368682952702063
0.8328443315501488
0.22033142612058165
0.42078590082573464
0.4652830711355003
0.4915782868948126
0.46612359043749607
0.856121977867304
0.46986311283161714
0.17947609864310432
0.16216716408155085
0.20320041137179723
0.1946672712099118
0.17674105221695652
0.3827380212491058
0.16741665189557198
0.8289913037571989
0.4617207453573526
0.72823642328528
0.4948110941344351
0.48840092464364976
0.4509398388931771
0.49006762557232275
0.1514737530226444
0.4732976301469103
0.17124271087537557
0.1711060641679086
0.1612899911636305
0.42078590082573464
0.4574718465204237
0.858270882480472
0.47594903629798707
0.17235267802533027
0.2421217646808968
0.17124271087537557
0.49178699498392053
0.39375078996446755
0.16361432373928142
0.8728486372155997
0.16368682952702063
0.8509634220205801
0.17947609864310432
0.4731516159302504
0.1658753720153847
0.18035978399158012
0.4726917414018853
0.4917350511069986
0.48705060099300446
0.8536627305232984
0.825745478255334
0.18046254546102783
0.825745478255334
0.18178160772824303
0.5316165951615033
0.46463880430929816
0.8509634220205801
0.8728486372155997
0.8263043114882711
0.856121977867304
0.4867666495660917
0.8005476414000298
0.4997505860568829
0.533977553022011
0.18895801672209445
0.8767987922520003
0.8195678127571157
0.8353034196014049
0.16117613410692366
0.1914269631739718
0.17225048243752675
0.1636646780173445
0.19004043804556006
0.18895801672209445
0.4817497904061837
0.1666931377885743
0.15957957806207576
0.1977293415277445
0.22396166266949105
0.1848200535257299
0.862627112440193
0.46502918393666665
0.9706285276226704
0.8691594488709863
0.48840092464364976
0.17355766781509124
0.8610191793747687
0.8838920557296153
0.18003253138146058
0.49463035743831835
0.46864833449193466
0.1839907763216857
0.22396166266949105
0.4726917414018853
0.8289913037571989
0.15957957806207576
0.19034411436098306
0.1654499432009557
0.47130470248959017
0.72823642328528
0.49173505110699856
0.48705060099300446
0.8328443315501488
0.863306163835313
0.44732543103972805
0.4731516159302504
0.20537903064265564
0.48035760014488904
0.863306163835313
0.46612359043749607
0.4890570907005764
0.8268631447212083
0.16188890637532416
0.49493002741719994
0.485430397217115
0.20586715776404166
0.4540562920144557
0.20998480660171853
0.46463880430929816
0.39375078996446755
0.5006873839094663
0.48210647509566723
0.17663015233201365
0.8664310824621251
0.8195678127571157
0.8779297754961615
