0.20102046898601852
0.8447789019525743
0.8720605450427863
0.17703638120787787
0.48314858669464034
0.17940899446806047
0.8720605450427863
0.1717232109551157
0.1717232109551157
0.47932407854371084
0.48314858669464034
0.8443067169279223
0.8589406596714912
0.49090169330757083
0.5040772282248468
0.22157111683345765
0.8298716819232385
0.15618043094132406
0.49872338357427054
0.18338796761198442
0.46688583062965117
0.1663291881713044
0.47925881688932925
0.46688583062965117
0.18401224466211819
0.5040772282248468
0.8551291984769686
0.8616435695514306
0.181945781799057
0.4796204043550747
0.1663291881713044
0.1889356276017091
0.465007800828778
0.465007800828778
0.17341182861156845
0.4710211554441314
0.8277487014297691
0.47556466623237753
0.8443067169279223
0.8443067169279223
0.19251033377530832
0.8683413804377025
0.17972785678063397
0.4871180487773083
0.181945781799057
0.49090169330757083
0.481166884056497
0.15618043094132406
0.168901310613143
0.47130470248959017
0.47556466623237753
0.4687341016204086
0.860624106865363
0.8616435695514306
0.47925881688932925
0.8277487014297691
0.18316667339968765
0.18338796761198442
0.4687341016204086
0.18278067154342836
0.8311184075465792
0.5040772282248468
0.8306548210857609
0.8225645141535886
0.8648567663138471
0.4760532043334093
0.4760532043334093
0.15618043094132406
0.4971904717476006
0.186145106324709
0.8437634434083467
0.18361537400506134
0.20128862715492857
0.47932407854371084
0.1765388263062224
0.9706285276226704
0.8779297754961615
0.1843253431567955
0.8551291984769686
0.4760532043334093
0.17884002182690864
0.44732543103972805
0.8298716819232385
0.17972785678063397
0.4819409024466502
0.18460809091420013
0.4750877628969235
0.1845207817766612
0.49872338357427054
0.3827380212491058
0.8306548210857609
0.8523616448973478
0.5059304550429291
0.4871180487773083
0.18401224466211819
0.1875158480825879
0.19385978571234017
0.8225645141535886
0.22157111683345765
0.1717232109551157
0.4886086961005178
0.8173025456407214
0.8301849375882474
0.1889356276017091
0.1704323763430229
0.533977553022011
0.8742523444583289
0.5006873839094663
0.16708486966057984
0.8283054035981929
0.8674210265196658
0.5003707745886821
0.8683413804377025
0.48497793732282446
0.8168197146109528
0.19385978571234017
0.1875158480825879
0.186145106324709
0.8250924399367271
0.1611479657341769
0.17355766781509124
0.18772208115189326
0.8237643091902062
0.4617207453573526
0.17541419990653315
0.1611197973614301
0.8328443315501488
0.22214654439503634
0.42078590082573464
0.4674531899869831
0.49090169330757083
0.4617977184789599
0.8720605450427863
0.4710211554441314
0.1811867627334696
0.19251033377530832
0.20320041137179723
0.18933289541838516
0.17703638120787787
0.3827380212491058
0.17686067229309202
0.8297105533138445
0.465007800828778
0.72823642328528
0.49319469051462383
0.47522400049162894
0.45810050971973243
0.46688583062965117
0.1687405416261441
0.463676961080683
0.17216244053152177
0.181945781799057
0.1704323763430229
0.42078590082573464
0.4617977184789599
0.858270882480472
0.47925881688932925
0.168901310613143
0.22157111683345765
0.17216244053152177
0.46764807082180626
0.39375078996446755
0.17439752706019462
0.8589406596714912
0.1663291881713044
0.8447789019525743
0.1811867627334696
0.48314858669464034
0.16708486966057987
0.18082434919262527
0.47930956047214557
0.490692932771505
0.4820797006439798
0.8447789019525743
0.8437634434083467
0.18401224466211819
0.8416511913100257
0.17940899446806047
0.49872338357427054
0.4642451627693742
0.8509634220205801
0.8589406596714912
0.8328204914191852
0.860624106865363
0.4820797006439798
0.8173025456407214
0.4971904717476006
0.533977553022011
0.20128862715492857
0.8742523444583289
0.8360983581284058
0.8253124652712909
0.18338796761198442
0.18361537400506134
0.1734426540743338
0.17336321554372755
0.1845545683157737
0.17927755276934565
0.4819281327509255
0.16896792433197494
0.1611479657341769
0.18443347263912224
0.22214654439503634
0.1845545683157737
0.8648567663138471
0.47522400049162894
0.9706285276226704
0.8691594488709863
0.4854188170465912
0.17443732079297125
0.8592106133363904
0.8720605450427863
0.18316667339968765
0.49463035743831835
0.46864833449193466
0.18361537400506134
0.22305410353226368
0.4823120608646045
0.8297105533138445
0.17940899446806047
0.18278067154342836
0.1693997143047951
0.47130470248959017
0.5003707745886821
0.490692932771505
0.48705060099300446
0.8328443315501488
0.8608488335359594
0.44732543103972805
0.48314858669464034
0.19251033377530832
0.4796204043550747
0.8551291984769686
0.46688583062965117
0.4890570907005764
0.8328204914191852
0.1663291881713044
0.4796204043550747
0.4886086961005178
0.15618043094132406
0.4687341016204086
0.20998480660171853
0.47556466623237753
0.39375078996446755
0.5006873839094663
0.48210647509566723
0.1843253431567955
0.8683413804377025
0.8360983581284058
0.8779297754961615
