0.19298805257836138
0.8484158191682685
0.18271552157075685
0.17631279676796788
0.15524059395868903
0.8694456997673242
0.44732543103972805
0.19098941416510923
0.8993533306055428
0.12338495480927843
0.47169596651285517
0.5104287949358713
0.2043515712807481
0.18187483955722863
0.1705056503612945
0.8939552669279216
0.8484128828412398
0.5005161131582611
0.8547462215753772
0.17742807851069609
0.18271552157075685
0.49010946877751693
0.8694456997673242
0.17631279676796788
0.18158863879748396
0.4939188632429692
0.19084240881762415
0.15680688768644985
0.5157857978513954
0.47169596651285517
0.16188890637532416
0.1939541528428126
0.453091758042704
0.1898236142044234
0.18840635764581984
0.2043515712807481
0.18000614273878698
0.8576874779344803
0.8484158191682685
0.45298603931490034
0.4795546887241222
0.19298805257836138
0.844902797664098
0.8494241683513812
0.4819303888772225
0.2043515712807481
0.4698694711957177
0.1846793799872466
0.12463878073075485
0.45331276378513136
0.47486578351340913
0.783651484646132
0.19098941416510923
0.17836973262948383
0.4001760284822231
0.5387044001859977
0.4795546887241222
0.14450823889444145
0.12267146798467897
0.789300823232813
0.7731406035928505
0.3060056596434946
0.19084240881762415
0.1705056503612945
0.8576874779344803
0.23211819489118157
0.2066678097250684
0.12463878073075485
0.556886018328615
0.1939541528428126
0.5212019611475772
0.20416733883309868
0.1661705771417895
0.4795546887241222
0.12267146798467897
0.9706285276226704
0.805444133294217
0.190352852500669
0.8993533306055428
0.47169596651285517
0.19187534721138172
0.44732543103972805
0.15524059395868903
0.7407875056880273
0.5958260558068028
0.20416733883309868
0.4001760284822231
0.45722448305210467
0.5341515103002505
0.3827380212491058
0.8309569071846807
0.9042985386789761
0.5126652602458365
0.4795546887241222
0.190352852500669
0.17720653194589145
0.1939541528428126
0.805444133294217
0.23932437663632733
0.5065104789717789
0.45331276378513136
0.8530045913306268
0.8484128828412398
0.17681795964830346
0.12463878073075485
0.6271972769871632
0.8934575380679277
0.5104287949358713
0.12694190301084993
0.7423614059721699
0.8803825975823615
0.4948110941344351
0.8939552669279216
0.41908500062067394
0.8235712211308236
0.18187483955722863
0.17681795964830346
0.8362850313689837
0.8249031388406236
0.17073068416477222
0.19898108631375616
0.21857674015660386
0.8249031388406236
0.556886018328615
0.18046254546102783
0.1474817073498222
0.8803825975823615
0.23932437663632733
0.42078590082573464
0.7731406035928505
0.5005161131582611
0.4574718465204237
0.8484128828412398
0.4698694711957177
0.14169370500384418
0.1474817073498222
0.2074936035560876
0.14717025693077634
0.1846793799872466
0.3827380212491058
0.054895848825419064
0.8267999079837987
0.4292312832991879
0.72823642328528
0.4948110941344351
0.5212019611475772
0.326482562651805
0.5003838420419093
0.08783446483981104
0.4540562920144557
0.14169370500384418
0.5104287949358713
0.8547462215753772
0.42078590082573464
0.4574718465204237
0.8522421519470603
0.8284216688343653
0.17631279676796788
0.19600263332010603
0.1846793799872466
0.5199450097131231
0.39375078996446755
0.15154175328065303
0.8993533306055428
0.16188890637532416
0.8521520544509897
0.1760679751244465
0.45116796548993204
0.19600263332010603
0.17742807851069609
0.41908500062067394
0.5065104789717789
0.4930301554651136
0.8521520544509897
0.8494241683513812
0.18046254546102783
0.844902797664098
0.18064389808681655
0.5290816800227561
0.453091758042704
0.857958416814579
0.8530045913306268
0.8268631447212083
0.8740370835596473
0.5014366549962384
0.7407875056880273
0.5293201041629735
0.4773339364850604
0.1542897295761614
0.9042985386789761
0.8152155099174097
0.7731406035928505
0.17073068416477222
0.3060056596434946
0.17225048243752675
0.08783446483981104
0.19098941416510923
0.19898108631375616
0.4939188632429692
0.14738325314254974
0.12727338944199482
0.18158863879748396
0.2423476768212157
0.5763278329464216
0.17542497856451805
0.4760020758588776
0.9706285276226704
0.8939552669279216
0.43663916164834804
0.19084240881762415
0.49199376418624546
0.905749509727212
0.8081875594052331
0.49010946877751693
0.4905886701829409
0.2074936035560876
0.2432677577432053
0.5157857978513954
0.8302539129358395
0.18840635764581984
0.18990283986102488
0.15154175328065303
0.45080139851437107
0.72823642328528
0.4939188632429692
0.45298603931490034
0.783651484646132
0.8740370835596473
0.44732543103972805
0.15524059395868903
0.18840635764581984
0.4751516881081324
0.8484158191682685
0.4816984332389165
0.4760020758588776
0.8268631447212083
0.16188890637532416
0.5387044001859977
0.47486578351340913
0.21857674015660386
0.4540562920144557
0.2432677577432053
0.453091758042704
0.39375078996446755
0.5005161131582611
0.4819303888772225
0.18271552157075685
0.8576874779344803
0.8599349504377575
0.9504154176981059
