0.48107127622876056
0.18101903338481637
0.48216092533797145
0.17966074956076106
0.48216092533797145
0.4813857054811775
0.8498327229928183
0.18047853030785008
0.48247711743764937
0.483479732997676
0.8438475968632737
0.18026862426834975
0.8304884051537261
0.18180589266295505
0.8461490744897708
0.18246343162237685
0.8392214528685411
0.47943378311776347
0.4804033575129098
0.18101903338481637
0.18377355867790574
0.17994378882750936
0.18032612377794824
0.17989200767067626
0.48216092533797145
0.478879346127319
0.48216092533797145
0.8340442019231162
0.17941893748538296
0.1821795123185196
0.17989200767067626
0.48097067643089764
0.48089842697182505
0.48089842697182505
0.17952826870458038
0.18435029873248526
0.4820754836791238
0.4813833948186345
0.846934124505229
0.18026862426834975
0.48089842697182505
0.48107127622876056
0.8322998542805694
0.483479732997676
0.17926769894180458
0.4870039388498901
0.18047853030785008
0.17952826870458038
0.8304884051537261
0.4810294135421471
0.4813833948186345
0.48050264784264707
0.18155163216253375
0.48086931465437177
0.18943901852363665
0.8436266694771573
0.8304884051537261
0.18174681309831897
0.1821795123185196
0.1812925630673168
0.1805805629036662
0.18147587307725266
0.18082391452362634
0.8438475968632737
0.8648567663138471
0.47622358469756243
0.4750984017979048
0.1788824860072198
0.4858746190915585
0.4750984017979048
0.18007418852673696
0.17926769894180458
0.17947387352894095
0.4891018941432126
0.8441165804471865
0.9706285276226704
0.48086931465437177
0.18246343162237685
0.8452971045730515
0.48068274460328014
0.18240554614700585
0.48572191148653815
0.8340442019231162
0.17966074956076106
0.47999316748976717
0.1772067652789321
0.4811222876303034
0.18146029540327357
0.4790161877983799
0.3827380212491058
0.8330160822395558
0.18047853030785008
0.4790161877983799
0.4820754836791238
0.17849649685270846
0.17947387352894095
0.18163688989747045
0.8392214528685411
0.1822654595645294
0.17753734722648618
0.4810294135421471
0.834765223927909
0.8392214528685411
0.1827489138875924
0.17753734722648618
0.4959454392791262
0.846089973657438
0.5006873839094663
0.1831356599472652
0.8340442019231162
0.845094129874834
0.18506000555888746
0.8436266694771573
0.4792478842664385
0.846089973657438
0.1808202742965524
0.1827489138875924
0.17807488677062347
0.8473043931239835
0.17779054352171345
0.18180589266295505
0.1834917877950041
0.8306147326674718
0.483296100708859
0.17716550207802007
0.17852707706532403
0.8453644847694102
0.1834917877950041
0.42078590082573464
0.8322998542805694
0.4829301024906672
0.47284803599858954
0.8474925755072267
0.4803736519312127
0.1805805629036662
0.1796003224096557
0.17994378882750936
0.1808871722301358
0.1805805629036662
0.3827380212491058
0.17807488677062347
0.8306147326674718
0.4787594509772673
0.8459953350857266
0.4829301024906672
0.483479732997676
0.48216092533797145
0.478879346127319
0.17870768205647866
0.4891018941432126
0.18510376237335702
0.17941893748538296
0.4798344466852385
0.42078590082573464
0.47424697737955296
0.8471653215110628
0.483479732997676
0.1822654595645294
0.4800272594583474
0.1811552486294675
0.478879346127319
0.39375078996446755
0.17860957528562538
0.8453644847694102
0.18193720848251282
0.8497538784524675
0.18086467470036022
0.4792767856354732
0.18086467470036022
0.17989200767067626
0.48216092533797145
0.47220266403432665
0.48247711743764937
0.8498327229928183
0.845533074278497
0.1788824860072198
0.845533074278497
0.178813841778605
0.4812731479723513
0.47220266403432665
0.8497538784524675
0.8465981821315688
0.4808825988121215
0.8461490744897708
0.48247711743764937
0.834765223927909
0.4870039388498901
0.4813857054811775
0.18080398415909327
0.4813857054811775
0.842143187236935
0.8265556810562664
0.18032612377794824
0.18019765655309816
0.18026862426834975
0.18180589266295505
0.17960638891563518
0.18007418852673696
0.4809621286667241
0.18147587307725266
0.17779054352171345
0.1812925630673168
0.18064415964776184
0.18146029540327357
0.8648567663138471
0.4800272594583474
0.9706285276226704
0.8491827964044236
0.48068274460328014
0.17926769894180458
0.8521191151911518
0.8498327229928183
0.18153656165972545
0.4858746190915585
0.4831596812683112
0.1794578915634043
0.18082391452362634
0.4783629625984426
0.8473043931239835
0.18166283369371683
0.18943901852363665
0.17952826870458038
0.4810294135421471
0.48216092533797145
0.48097067643089764
0.4804033575129098
0.18027773964248744
0.8459953350857266
0.4858237165565517
0.18510376237335702
0.1811552486294675
0.47424697737955296
0.846934124505229
0.47690266175801604
0.4798036861153209
0.8338118818225682
0.17611105286690384
0.4870039388498901
0.48107127622876056
0.17860957528562538
0.4803736519312127
0.18193720848251282
0.4813833948186345
0.39375078996446755
0.5006873839094663
0.48050264784264707
0.18377355867790574
0.8491827964044236
0.8386836476353055
0.8438475968632737
