0.47989682072514295
0.8431951646814626
0.8431951647307567
0.1808252506304731
0.1808252506304731
0.4798966483883609
0.8431951647447988
0.4798966368192873
0.47989653268190197
0.18082525063047314
0.8431951642899317
0.8431951646921635
0.8431951646606318
0.1808252506304731
0.1808252506304731
0.47989658335559887
0.8431951645484652
0.4798966954802783
0.4798964561974424
0.18082525063047314
0.18082525063047314
0.1808252506304731
0.1808252506304731
0.47989668196103163
0.1808252506304731
0.1808252506304731
0.18082525063047314
0.4798965806346641
0.8431951647418439
0.4798966494873496
0.47989668196103163
0.1808252506304731
0.4798967236872537
0.1808252506304731
0.47989676421145383
0.8431951646371302
0.47989684800038007
0.4798965806346641
0.8431951644450008
0.4798965537625917
0.18082525063047314
0.18082525063047314
0.4798965457971327
0.8431951642449791
0.47989672918516385
0.47989642804712035
0.8431951647537497
0.18082525063047314
0.4798966979206889
0.47989676421145383
0.1808252506304731
0.18082525063047314
0.1808252506304731
0.8431951647425702
0.8431951649549
0.47989677031101685
0.47989656719553864
0.47989653268190197
0.47989665973211415
0.18082525063047314
0.4798966368192873
0.47989652766510427
0.18082525063047314
0.8431951648237377
0.843195164785671
0.4798966082048907
0.4798966082048907
0.18082525063047314
0.8431951647307567
0.4798966443923807
0.18082525063047314
0.18082525063047314
0.18082525063047314
0.4798966954802783
0.8431951642661204
0.9067132299662466
0.8431951647425702
0.8431951647888773
0.8431951646467832
0.4798966082048907
0.8431951650671898
0.47989676034820705
0.8431951646371302
0.8431951642185531
0.4798967855211125
0.18082525063047314
0.18082525063047314
0.47989662138474365
0.47989647924570966
0.8431951647418439
0.8431951646921635
0.18082525063047314
0.47989647924570966
0.47989653268190197
0.1808252506304731
0.18082525063047314
0.18082525063047314
0.8431951648237377
0.4798967526947423
0.18082525063047314
0.47989667215913984
0.8431951647418439
0.8431951644358073
0.18082525063047314
0.1808252506304731
0.1808252506304731
0.4798965779137294
0.5006873839094663
0.1808252506304731
0.8431951645391875
0.8431951644765497
0.18082525063047314
0.8431951644714418
0.4798966483883609
0.18082525063047314
0.18082525063047314
0.18082525063047306
0.18082525063047314
0.8431951646304275
0.1808252506304731
0.1808252506304731
0.18082525063047314
0.18082525063047314
0.4798965907533825
0.18082525063047314
0.18082525063047314
0.8431951647277934
0.18082525063047314
0.42078590082573464
0.47989669762742415
0.47989658335559887
0.47989667215913984
0.8431951644358073
0.47989665973211415
0.1808252506304731
0.18082525063047314
0.18082525063047314
0.18082525063047314
0.18082525063047314
0.4798967030323304
0.18082525063047314
0.8431951644450008
0.4798965907533825
0.9067132299662466
0.47989662336764566
0.4798965191246064
0.47989664428624534
0.4798964746962703
0.1808252506304731
0.47989665853144564
0.18082525063047306
0.18082525063047308
0.4798966368192873
0.42078590082573464
0.47989663913202224
0.8431951646699568
0.47989652766510427
0.18082525063047308
0.4798967414239372
0.1808252506304731
0.47989661036994763
0.39375078996446755
0.1808252506304731
0.843195164785671
0.1808252506304731
0.8431951644640758
0.1808252506304731
0.4798966467485237
0.18082525063047314
0.1808252506304731
0.47989662249812604
0.4798965674268818
0.4798966185384432
0.8431951649310544
0.8431951646139053
0.1808252506304731
0.8431951646159657
0.18082525063047314
0.4798966404558219
0.4798967236872537
0.8431951644044839
0.8431951646699568
0.47989661788444055
0.8431951648576346
0.4798965768018938
0.8431951644635756
0.47989689869047303
0.4798963856218447
0.1808252506304731
0.4798964561974424
0.8431951642661204
0.8431951644450008
0.18082525063047314
0.18082525063047308
0.1808252506304731
0.1808252506304731
0.1808252506304731
0.18082525063047314
0.47989655872589093
0.18082525063047314
0.18082525063047314
0.1808252506304731
0.18082525063047314
0.1808252506304731
0.8431951643051215
0.47989664386204006
0.9067132299662466
0.8431951647217177
0.4798965537625917
0.1808252506304731
0.8431951643784663
0.8431951647217177
0.1808252506304731
0.4798966483883609
0.4798967243528669
0.4798967414239372
0.8431951646921635
0.4798965537625917
0.8431951645236184
0.1808252506304731
0.18082525063047314
0.1808252506304731
0.47989676421145383
0.47989668196103163
0.47989655872589093
0.47989689869047303
0.1808252506304731
0.8431951647307567
0.47989669733415946
0.18082525063047314
0.1808252506304731
0.47989660755942537
0.8431951642899317
0.47989673015313206
0.47989660467213885
0.8431951644635756
0.1808252506304731
0.4798965247385148
0.4798965710091297
0.18082525063047314
0.47989665973211415
0.18082525063047314
0.4798967236872537
0.39375078996446755
0.5006873839094663
0.47989684800038007
0.1808252506304731
0.8431951648966133
0.8431951640197501
0.8431951646925433
