0.53799119935112
0.3031912780773197
0.0967545411722831
0.715229927947074
0.48350453501597757
0.3989712172386959
0.929086001696957
0.34813285805869554
0.4292182292887027
0.1314969606616362
0.29046692967324506
0.6626071636273119
0.42156397635632015
0.5383776236200463
0.9835036828146662
0.2564213104393751
0.6652471424700329
0.16116303304102864
0.4024216654652244
0.9548216746609358
0.3246412896835327
0.008821046929470056
0.3627690314857307
0.9559234248235355
0.2898706531938836
0.500925664249124
0.22310918221772447
0.996292317577059
0.7702108200578405
0.8696380045596679
0.7942918539575494
0.9845615200132365
0.3985394004955841
0.9205252273844821
0.7635597130478939
0.24114198261355813
0.5517959445351234
0.867815177326573
0.7045222209812597
0.2110784511860736
0.31479719983608123
0.8569672311195978
0.07471809717691891
0.6519249008117515
0.05858816984971471
0.421194984835374
0.08933664042451428
0.7675661320640093
0.012293110011996511
0.666785273132263
0.3226686184906624
0.5070566174756205
0.008194608573608098
0.5516730707294983
0.9175812326337205
0.9131878528304125
0.869528659109502
0.36926150065930674
0.5354078509736059
0.5321312604448537
0.5110537733647541
0.09970287336180461
0.5089006190240168
0.56115513116886
0.9261572643001748
0.061708871599984505
0.22634377141806405
0.8039507592356732
0.07806585900733443
0.877192494225824
0.8988387457011696
0.0428809435289752
0.2621706684931323
0.36188676212354987
0.10702900722148578
0.09552332882471593
0.1419957056760175
0.770408851495105
0.14634992233840138
0.8388871017457655
0.659614838664883
0.7113132746058229
0.6952421965031704
0.6053290079845048
0.8029170425727391
0.6713249393147475
0.4673528572218151
0.3021946072326883
0.8825236916773438
0.6658238462567796
0.20831410061491162
0.1445572477372189
0.9600001053793479
0.7417257229652426
0.19242131202010848
0.9988345402951063
0.7061061802335338
0.5375708112347369
0.2904913279829314
0.21956749384676277
0.2975668513477493
0.011197851001919723
0.3711014385925814
0.5561445444980632
0.5822681818269806
0.6909064216923946
0.5787773516716667
0.3722252376058367
0.12502131351407875
0.0973389394472014
0.3053555813975356
0.2553431301875969
0.6942663563206072
0.6741006975839272
0.29696789115635325
0.8479189052122215
0.2640059205967902
0.14824933831630205
0.7814676797975101
0.6230594086344102
0.40119412886325856
0.21227480833262324
0.17054926947459503
0.9948169596402935
0.19366859782030854
0.2877188406755239
0.7205181534300804
0.6675236511570837
0.8030024254273614
0.6993704493238716
0.3575597372349303
0.3638781175552064
0.6736578704044384
0.9342457651753128
0.7930921701529393
0.6141468017747104
0.782711947349326
0.2061582882579549
0.8111138992630177
0.08116688525954463
0.09205617872691818
0.2874896211052569
0.5965386800614305
0.46132799826229165
0.9919591671061749
0.8211497292406355
0.41191797966251176
0.19250115284514024
0.28774042465562444
0.4379566147094506
0.5256257529634626
0.39630948497417395
0.6080085450878101
0.18977954846094158
0.0651223645109621
0.16599133503897812
0.21962877091064692
0.5345419429976417
0.27667018762021833
0.0995213063937952
0.0953820622773941
0.6625430030044694
0.17030942821955775
0.42370275870518004
0.7954422349980305
0.5972396694376626
0.7216866747770021
0.6877183737654404
0.33190685288103383
0.6143669908250456
0.5136854015656993
0.49051787127986624
0.9592669527173835
0.9354517813873457
0.013503283377788944
0.26155385358232375
0.28701860771391463
0.7120888953629253
0.8306622228069032
0.14465851332601498
0.6531289453946247
0.10437325207708015
0.45039935219497507
0.041348698965970265
0.8153992159625646
0.6400974060306635
0.6859569239061973
0.32493044298959417
0.366001994158379
0.2136444765208284
0.6146152239544744
0.16136490051720098
0.07918951551067555
0.3999719852290682
0.07664638526966139
0.5365951604038791
0.6164069960742555
0.8423065090938674
0.2386977674527908
0.04356926012131623
0.9848403419154808
0.7382365384095658
0.29941878630080165
0.8775819051012916
0.6604705013075928
0.04565107851075756
0.2777407160065378
0.4842373934505685
0.17835632219845166
0.27062588044085245
0.5813012642837008
0.5144966237814678
0.8946423816104652
0.00397090041380932
0.7621938874388025
0.698320943627281
0.6283733822307097
0.6229867155399862
0.7681227718604723
0.7488538182454723
0.49379533032604506
0.5574015291814407
0.09002827932813362
0.5904167907209914
0.3491159712028019
0.16290042539579763
0.5478093286782744
0.45409703285060965
0.8341899799100101
0.5097414874811916
0.6994471745547433
0.5114738063677725
0.8329341123108617
0.9412003044206343
0.5962638449964569
0.18474425374689574
0.19321735098630022
0.9254016685305746
0.2953674810248246
0.6228701058620928
0.49615075071898507
0.34816388982708046
0.9117976463773888
0.7172558078222346
0.7731923545348346
0.12898264625918432
0.4029693381481996
0.8449800369964325
0.4260864509801082
0.6020389601220896
