0.3216768783649257
0.7607908166449583
0.7608793943771105
0.7607945846430525
0.32167989955981147
0.3216792658653204
0.7607205936903515
0.3216832323051671
0.7607934360085035
0.32168003276369794
0.32168018127587034
0.32168163029605634
0.7608264483835633
0.32167796382138075
0.32167927270155616
0.7607841801036183
0.3216795587250067
0.3216796789484721
0.7607657464567483
0.7607908166449583
0.3216792658653204
0.3216798984827826
0.7608264483835633
0.32168056185799276
0.32167893942398296
0.3216759355884753
0.7608318570977555
0.321681398077428
0.3216825694473891
0.3216825694473891
0.3216803112744117
0.76089612634574
0.760846102910899
0.321681398077428
0.3216796216927745
0.321678734592079
0.3216782238347279
0.7607920127140632
0.7575475758022278
0.3216835936865315
0.32167874745966224
0.321678381181006
0.7608552737335784
0.7607734684114696
0.7607571964723189
0.3216803518491043
0.321678381181006
0.06758750993149468
0.7607885602146699
0.3216804435798731
0.32168072326308
0.7609208838477433
0.06758750993149468
0.32167796382138075
0.3216805334619084
0.321679928531104
0.3216803518491043
0.32168640722040037
0.32168124639715684
0.3216791855323873
0.7607860613619607
0.7607205936903515
0.32168056185799276
0.7607920127140632
0.7607908166449583
0.7608497474036238
0.32168087999500855
0.7608007525490807
0.3216796789484721
0.3216763689177548
0.7607995043000914
0.06758745786310437
0.7608202386968547
0.7607825315591179
0.7608007525490807
0.32167796142735616
0.7608523666116251
0.3216756096622061
0.7606506095699285
0.3216796505494388
0.3216788648597285
0.7607484015619512
0.321678734592079
0.7605288518840156
0.32168056185799276
0.06758750993149468
0.3216798984827826
0.32169399867103593
0.3216803603502868
0.08585425796238225
0.7607844155595359
0.7608763720368983
0.32167905376784695
0.321680022333785
0.7609338312044855
0.7608618429631919
0.3216797362025717
0.7607844155595359
0.3216803289285439
0.7603641833032267
0.3216795008895148
0.3216798984827826
0.3216759355884753
0.3216759355884753
0.7607764094964161
0.7608819720327663
0.7608585629193928
0.3216798862337873
0.3216744910620386
0.32168005822855245
0.7607386439598558
0.32167927270155616
0.7607841801036183
0.7608552737335784
0.3216798253081165
0.32168043880530095
0.7607934360085035
0.3216803112744117
0.7608318570977555
0.7608184719125802
0.3216790600666329
0.3216789067444301
0.7511270941289914
0.321676910633645
0.7608576321843953
0.32167862451698503
0.7608621177156468
0.3216793764551306
0.32167972238906833
0.7608552737335784
0.32167721995918624
0.7607651246736138
0.32168072326308
0.3216793832602942
0.760922733787447
0.32167874745966224
0.3216787533221727
0.3216785200404022
0.7607054179595552
0.08585425796238225
0.7608383622207116
0.3216790600666329
0.760843607023881
0.3216823501363957
0.7533447514894044
0.3216835936865315
0.7609208838477433
0.32169374701206865
0.3216777023320506
0.7608184719125802
0.7511270941289914
0.7607834988657167
0.7607571964723189
0.045807915983110514
0.3216848577740688
0.32168433052769635
0.7607432848050693
0.32167851875169656
0.3216794428094963
0.7607934360085035
0.3216797287872712
0.7608685408592069
0.7609338312044855
0.7511666622108165
0.7607813889543215
0.3216787533221727
0.32168433052769635
0.7607054179595552
0.32168047279840495
0.7608793943771105
0.3216791093253149
0.3216796505494388
0.32167851875169656
0.3216768783649257
0.3216794917985077
0.0675862912497105
0.7608325634233731
0.7608318570977555
0.3216789903707996
0.3216757156718966
0.32168163029605634
0.3216782401136912
0.32168002828694564
0.7575475758022278
0.3216777361934861
0.0675862912497105
0.32168008616762306
0.7608548561613778
0.32168124639715684
0.7608033320105202
0.32172217212743937
0.3216792658653204
0.760859991708724
0.045807915983110514
0.7607945846430525
0.3216777525949115
0.32168124639715684
0.7607432848050693
0.32167989955981147
0.7607663682398829
0.7533447514894044
0.7511666622108165
0.7607484015619512
0.760815377021391
0.7608738041321814
0.7607606345467115
0.7608059263186471
0.7607841801036183
0.321678734592079
0.7607205936903514
0.3216798253081165
0.3215820852538503
0.7608381239191286
0.7609123385393826
0.3216789903707996
0.3216803112744117
0.3216802923165709
0.760850894631979
0.7608045355096223
0.7607951302801891
0.7608202386968547
0.32167989955981147
0.32167911982300734
0.32167958965413235
0.7607844964513795
0.32167980665071877
0.32167796382138075
0.32168064563230764
0.7608325634233731
0.3216756096622061
0.7608966710385742
0.7606638517653114
0.321679928531104
0.7608264483835633
0.7606638517653114
0.32168163029605634
0.76089612634574
0.3216797831056657
0.7607657464567483
0.7607920127140632
0.32167862451698503
0.32167980665071877
0.7605950844698036
0.7608585629193928
0.3216798862337873
0.7609208838477433
0.32167927270155616
0.7607945846430525
0.3216757156718966
0.3216785219704106
