0.39727954305391644
0.8829124572737341
0.354813527993647
0.7680485625122686
0.8889329755202582
0.1463899236037903
0.9455435884264957
0.8469253987082569
0.7970985784192386
0.2583153973985639
0.06853648731262048
0.8109643526833564
0.8469253987082569
0.6795208175132466
0.3036769657930794
0.39068195513409965
0.30817142308419143
0.17211326002746408
0.354813527993647
0.3802645460340151
0.9103374622988897
0.9827301878805397
0.3284503611482212
0.822881951137072
0.7204606212696332
0.7723826980991971
0.3400369374451917
0.3232545719070279
0.2920922319683327
0.6689605869479321
0.4582935582290066
0.8109643526833564
0.6795208175132466
0.7588601299238091
0.29295547713423736
0.2583153973985639
0.39727954305391644
0.8222261439998592
0.40891384446087975
0.36914793904684
0.6795208175132466
0.29295547713423736
0.1986913789019861
0.17211326002746408
0.2920922319683327
0.9827301878805397
0.8289380552646417
0.7865608231197445
0.7395292069290863
0.37739838405398113
0.2830766737127417
0.5593505813289996
0.8280157502813408
0.8280157502813408
0.3284503611482212
0.4582935582290066
0.7395292069290863
0.6970259139704341
0.37265524043722215
0.8829124572737341
0.8418792679552092
0.7744042101302856
0.7723826980991971
0.1986913789019861
0.38253834708891554
0.7473662255549103
0.867136538076605
0.8424556922670742
0.6692394255822265
0.35986085388882233
0.8791108085328723
0.29295547713423736
0.8450474363651846
0.2945301244005295
0.354813527993647
0.2854969799670233
0.8994058080824284
0.1463899236037903
0.49965523623067143
0.38253834708891554
0.06884550285592164
0.8994319981658876
0.2583153973985639
0.7395292069290863
0.13764974554406817
0.06853648731262048
0.3078613693303308
0.4330734178524111
0.356751276685517
0.09543584231382046
0.8322118718316169
0.6672905310030677
0.13898356764967082
0.6370502107217388
0.4330734178524111
0.5885719067490408
0.44734002423847924
0.8442782101340178
0.5649267904631436
0.6919600893578233
0.3178172467803653
0.1986913789019861
0.30817142308419143
0.3290063080096879
0.8797802121211228
0.31086960862198604
0.8322118718316169
0.4165633365804533
0.16867930300384132
0.36914793904684
0.17211326002746408
0.1367958475313348
0.3290063080096879
0.7266805073422075
0.3802645460340151
0.44734002423847924
0.8267328931868818
0.16958103718097595
0.8442782101340178
0.9103374622988897
0.3933633935647675
0.38731436769959615
0.7612166718050527
0.13764974554406817
0.6028643451139079
0.1469333928034081
0.7204606212696332
0.36914793904684
0.06967748422602404
0.7278680001014814
0.9090295435226214
0.7480463895527465
0.2830766737127417
0.5692448229562665
0.6389622401690513
0.29339330678480047
0.3132139651199468
0.8450474363651846
0.7865608231197445
0.09543584231382046
0.16849783308095584
0.40891384446087975
0.6795208175132466
0.34565589546609155
0.6894271770515178
0.1860317812612431
0.7612166718050527
0.49965523623067143
0.3400369374451917
0.7123288115552739
0.7970985784192386
0.2920922319683327
0.8469253987082569
0.045807915983110514
0.25820792100808787
0.22471316047648082
0.3284503611482212
0.4455079170810345
0.3670912907270084
0.7970985784192386
0.3078613693303308
0.731704106493726
0.6418908245405628
0.8771089536150725
0.6065387622062745
0.5649267904631436
0.19865233513259956
0.7865557546695071
0.31672361116989656
0.76592975556754
0.8994319981658876
0.37389630550066894
0.6939122035860676
0.43415461552477336
0.2920922319683327
0.06853648731262048
0.4165633365804533
0.6672905310030677
0.08652157634890381
0.6471053200482608
0.37499942380564366
0.356751276685517
0.3400369374451917
0.9103374622988897
0.3933633935647675
0.06518636572368541
0.22471316047648082
0.8829124572737341
0.3802645460340151
0.6692394255822265
0.37739838405398113
0.13898356764967082
0.5885719067490408
0.045807915983110514
0.7680485625122686
0.3178172467803653
0.1463899236037903
0.8461507672857307
0.3643106998008736
0.8889329755202582
0.7865582888946259
0.6065387622062745
0.7204606212696332
0.8816031745270787
0.793642282954662
0.8889329755202582
0.6948439633605351
0.6028643451139079
0.1986913789019861
0.8418792679552092
0.9455435884264957
0.6926739393908634
0.7863292482971586
0.8289380552646417
0.08652157634890381
0.4582935582290066
0.37499942380564366
0.6926739393908634
0.9455435884264957
0.30817142308419143
0.9827301878805397
0.6982174091050267
0.6229615821281499
0.35986085388882233
0.8109643526833564
0.31672361116989656
0.4429176317723309
0.1367958475313348
0.6172943109164627
0.2583153973985639
0.667259679955927
0.8222261439998592
0.07426666691850703
0.8424556922670742
0.7750575566137096
0.7473662255549103
0.3132139651199468
0.47779341840580414
0.6471053200482608
0.7943612615441195
0.4429176317723309
0.1860317812612431
0.7123288115552739
0.9827301878805397
0.2371059369273122
0.8766184425386659
0.374691568333692
0.7680485625122686
0.3036769657930794
0.4273772911842457
