0.40829207987780936
0.2950125281108081
0.7760331868508599
0.3434159675246799
0.2950125281108081
0.2973459408085167
0.7760331868508599
0.777301339805439
0.33883322752046363
0.839415979317342
0.3831009933367095
0.7716765889750501
0.7177718816404318
0.7492224666385131
0.29316993852304385
0.3755785656228859
0.7288369320952081
0.8049415527856975
0.745823277655741
0.32126181756600175
0.2973459408085167
0.7997699391943033
0.8049415527856975
0.8134290214026271
0.40148167650598343
0.8826556480693201
0.8319353887518013
0.804357736805725
0.7130026163115257
0.7293316036654236
0.3266212916979657
0.2816790882882984
0.4464491366355115
0.3346017805541724
0.2907948570749584
0.31426859067359114
0.2687880173159698
0.33896752989219187
0.30592838869190825
0.8163563418144769
0.3434159675246799
0.3434159675246799
0.297501217277376
0.35722514555128204
0.2973459408085167
0.7997699391943033
0.7997699391943033
0.7997699391943033
0.3874566428357287
0.297501217277376
0.33896752989219187
0.8209032655632877
0.33752484774479896
0.823435821829567
0.3021747065008979
0.3812117027252979
0.35392156194029384
0.6978178371179059
0.3266212916979657
0.5239939008000658
0.7842495879160851
0.839415979317342
0.6861783700823685
0.29316993852304385
0.30592838869190825
0.7951687018798307
0.3134514028181663
0.8085825889907898
0.8227572528983309
0.7951687018798307
0.8407118324928124
0.2973459408085167
0.3164242505987906
0.3021747065008979
0.2482181409129766
0.32126181756600175
0.7936764777787664
0.2959485222179134
0.2740096056656023
0.34067175516392695
0.17190254675061825
0.2832621738973309
0.304077144345313
0.8393965512542771
0.3076571157045518
0.06769895691538672
0.2950125281108081
0.3041679703408266
0.3172545956376821
0.09543584231382046
0.8073854018597921
0.7177718816404318
0.3053082671538247
0.32384656782754795
0.8003493938721079
0.6737029118239873
0.3577094291603953
0.7760331868508599
0.615829363358152
0.6919600893578233
0.3283778839879647
0.2907948570749584
0.31752999469596377
0.2741399411289371
0.8085825889907898
0.6484322016251927
0.7210416542195243
0.35414179626650305
0.3755785656228859
0.304077144345313
0.30592838869190825
0.3316958772982234
0.839415979317342
0.6737029118239873
0.3624409628573599
0.3848559185491337
0.8226737885019109
0.2665178824051123
0.7492224666385131
0.8826556480693201
0.3298321051333836
0.2969970148029528
0.745823277655741
0.3316958772982234
0.6028643451139079
0.2425940438761649
0.7845524714619905
0.26983050243496026
0.30258879827374424
0.7934501833475825
0.823435821829567
0.8049415527856975
0.2950125281108081
0.5060812273642987
0.7288369320952081
0.33954560432934483
0.3164242505987906
0.7938095801068482
0.7974169620668237
0.09543584231382046
0.12138224999973143
0.3298321051333836
0.7164260446498258
0.33954560432934483
0.7379927329730718
0.2590765630624829
0.8209032655632877
0.34609693951579307
0.2973459408085167
0.7293316036654236
0.7934501833475825
0.7293316036654236
0.8105427489108878
0.045807915983110514
0.2741399411289371
0.31410474456181264
0.2697598701089397
0.3848559185491337
0.33883322752046363
0.8226737885019109
0.29316993852304385
0.7619895783732193
0.7619895783732193
0.8284026715295317
0.7842495879160851
0.3812117027252979
0.3112057861460575
0.8073854018597921
0.33883322752046363
0.7775358591733526
0.26983050243496026
0.34413524645285287
0.30001496426635416
0.3831009933367095
0.297501217277376
0.06728019171676983
0.3624409628573599
0.7466581181712634
0.17719620938445044
0.615829363358152
0.29188144919943504
0.361158301437129
0.301572582363283
0.8826556480693201
0.34242539503417463
0.06728019171676983
0.34337098212605205
0.7932838006081335
0.31426859067359114
0.6667367191888222
0.35481944098084356
0.3053082671538247
0.6995132276705981
0.045807915983110514
0.8134290214026271
0.2948625050423927
0.2096428093928655
0.862845988740985
0.3586336172978018
0.7671261692107626
0.7379927329730718
0.7288369320952081
0.7210416542195243
0.8232294416065118
0.7716765889750501
0.8223793965878047
0.6892722387228977
0.6028643451139079
0.34067175516392695
0.8319353887518013
0.32132600160360836
0.6753824592561691
0.7951687018798307
0.7997699391943033
0.17719620938445044
0.35824292955950027
0.29188144919943504
0.34242539503417463
0.7492224666385131
0.6484322016251927
0.7466581181712634
0.3755785656228859
0.33490367749797567
0.33752484774479896
0.7473195552247036
0.25700117486698837
0.5060812273642987
0.2687880173159698
0.6667367191888222
0.21643496937526965
0.6995132276705981
0.7932838006081335
0.31426859067359114
0.8049415527856975
0.8319353887518013
0.7716765889750501
0.7177718816404318
0.33896752989219187
0.6450695500784585
0.745003652721152
0.3831009933367095
0.2788389183402774
0.7123288115552739
0.8480395402048906
0.30258879827374424
0.8209032655632877
0.38327731418155536
0.7775358591733526
0.32126181756600175
0.40829207987780936
