0.32868212419413356
0.32244206783098855
0.7647944964145653
0.3211021392532805
0.3196446528996928
0.3219244702879245
0.7582649411082989
0.3251323257049142
0.7655731379399507
0.319623786926076
0.32504205728801155
0.7658204397088783
0.7617029136582544
0.32254434558507367
0.3189406534863477
0.3561321461229787
0.32301080687333106
0.7603134854251111
0.32254434558507367
0.7609265579873187
0.3206150439549561
0.3207195037965182
0.3219244702879245
0.31998667779369216
0.3200260915479125
0.32094269944303644
0.32244206783098855
0.32667774551150314
0.3187314581776512
0.3240866577972562
0.3186616135099842
0.32301080687333106
0.3209515776129479
0.7555738721840422
0.32092569714699004
0.3142769907670247
0.32868212419413356
0.7664521968263305
0.7513844384149068
0.3203489027059631
0.3211365316638352
0.3212332756642802
0.06741979129022589
0.3189406534863477
0.319623786926076
0.7601132700565006
0.3207195037965182
0.7666163589072295
0.32123419368756695
0.06975482642883549
0.7664521968263305
0.7653122443312461
0.31971648941887426
0.31971648941887426
0.31950019324355194
0.3216847101998044
0.32123419368756695
0.3210037183895396
0.3219666077280296
0.7625865739808114
0.7582649411082989
0.7626458886719875
0.3209748258184749
0.32244206783098855
0.7612581832134508
0.764478349085902
0.764478349085902
0.7601156029356295
0.32335552827787395
0.32526862981156834
0.3219244702879245
0.32092569714699004
0.764478349085902
0.32103011621432137
0.31951461802633335
0.32335552827787395
0.7658204397088783
0.3164667268889436
0.3197116812744106
0.3240866577972562
0.3208281868331264
0.7598423185987551
0.319623786926076
0.7618146156882775
0.31989075489478186
0.06741979129022589
0.31989075489478186
0.31971648941887426
0.32256825528671523
0.10840904615677595
0.7706155706104982
0.7601601466920673
0.3227750256144375
0.3211365316638352
0.7658204397088783
0.7602046904485052
0.32301080687333106
0.7647034483720447
0.32607259960631924
0.7647686243892804
0.3197011890299088
0.3240866577972562
0.31951461802633335
0.3211021392532805
0.7601207328582045
0.7581481623717775
0.7634869120998685
0.320485107209184
0.3164667268889436
0.32116422073098144
0.7426210799692993
0.3206452758122175
0.7617029136582544
0.7623195115331615
0.32022666678600614
0.32254434558507367
0.758198182473711
0.3142769907670247
0.7609593269512807
0.7601752114933306
0.31998667779369216
0.3203489027059631
0.7414647835624262
0.32121060470515955
0.7647944964145653
0.3196446528996928
0.7590258239984539
0.3220464484325321
0.3211365316638352
0.758569156433302
0.3362358117054128
0.7603134854251111
0.3202630666349775
0.3242764755640807
0.7655731379399507
0.3201319071430944
0.3142769907670247
0.3251323257049142
0.7708068050894199
0.06975482642883549
0.10840904615677595
0.3229441093024442
0.7646018528845152
0.32045103446329337
0.7379927329730718
0.3186616135099842
0.7653122443312461
0.32012521345979034
0.3220425899687381
0.7536492478794403
0.7655731379399507
0.7654753767624292
0.7617029136582544
0.045807915983110514
0.32070192704306355
0.3187314581776512
0.3189406534863477
0.32233710983871683
0.32607259960631924
0.7603134854251111
0.3206150439549561
0.7502692514167149
0.7599893871828408
0.7502692514167149
0.7634869120998685
0.3216847101998044
0.32504205728801155
0.7708068050894199
0.32104851748393964
0.7671455479677538
0.3172607858512844
0.3219666077280296
0.31956192904899766
0.33299872088892246
0.3210756877682572
0.06741979129022589
0.3211021392532805
0.7577636786023538
0.32022666678600614
0.3251323257049142
0.3209515776129479
0.3207195037965182
0.3209515776129479
0.7666163589072295
0.32526862981156834
0.06741979094540326
0.31908965735620276
0.7538174842631702
0.3220464484325321
0.7616759337171293
0.3196446528996928
0.3207472920051201
0.7659868044467858
0.045807915983110514
0.7618146156882775
0.3209748258184749
0.3234534373394922
0.76219714468224
0.32012521345979034
0.760254636552897
0.7379927329730718
0.7414647835624262
0.7590258239984539
0.7601484140794668
0.764478349085902
0.760254636552897
0.7518758690767604
0.7426210799692993
0.3231159381708299
0.7626458886719875
0.3248977177782655
0.3213208839931528
0.7633548617058817
0.758198182473711
0.32094269944303644
0.3204513450129629
0.3210474969770174
0.7646018528845152
0.7513844384149068
0.7581481623717775
0.7578715074443662
0.3561321461229787
0.3197011890299088
0.3175241670790505
0.7654753767624292
0.32104851748393964
0.3561321461229787
0.32103011621432137
0.7616759337171293
0.3248977177782655
0.7672372137210618
0.7538174842631702
0.3204513450129629
0.7619214336657151
0.7666163589072295
0.3216252929174625
0.7597877327662553
0.31890658006761813
0.7513844384149068
0.7601484140794668
0.33299872088892246
0.3192196934627112
0.7536492478794403
0.7583984583774747
0.32094269944303644
0.7653122443312461
0.3206150439549561
0.7636688023063655
0.32070192704306355
0.3175241670790505
