0.40829207987780936
0.5239939008000658
0.29821949309518864
0.6687293479376827
0.7448349637954361
0.1887803830420173
0.29188144919943504
0.8093313865098807
0.8093313865098807
0.21643496937526965
0.5239939008000658
0.35448552780733666
0.3269946676269762
0.35501490181789536
0.22131395431663814
0.6687293479376827
0.6745389030468311
0.3269946676269762
0.8634474201674033
0.2786408574537798
0.26531021055122905
0.7663770744113418
0.25199789541925954
0.8261731838622893
0.3041679703408266
0.30410186046000337
0.3467456100020774
0.3700306858027224
0.2665178824051123
0.7619895783732193
0.3310005250799967
0.2816790882882984
0.4464491366355115
0.3227812060515085
0.3310005250799967
0.3591450711733282
0.12138224999973143
0.8634474201674033
0.413406898417992
0.8208418117918193
0.32960678949807776
0.3723367732129507
0.2982455500714741
0.34966933172044773
0.1887803830420173
0.3269946676269762
0.8015548650320615
0.33192678152282046
0.8117541113118949
0.2982455500714741
0.36421197694596724
0.34966933172044773
0.3227812060515085
0.8605424994250939
0.30001496426635416
0.3854853340390038
0.30433444873544163
0.6970259139704341
0.2482181409129766
0.5239939008000658
0.8117085800414159
0.839415979317342
0.6986097602653777
0.30410186046000337
0.37983770909258846
0.7642542613596391
0.2665178824051123
0.8261731838622893
0.8227572528983309
0.34242539503417463
0.894865376090999
0.3310005250799967
0.35448552780733666
0.30433444873544163
0.2482181409129766
0.33012709337688434
0.7936764777787664
0.26531021055122905
0.2740096056656023
0.37983770909258846
0.1887803830420173
0.2832621738973309
0.2682373941975437
0.8393965512542771
0.3076571157045518
0.06769895691538672
0.2713060946491248
0.3041679703408266
0.307514523648388
0.09543584231382046
0.8322219064480509
0.5865891766378456
0.25575717270681475
0.32384656782754795
0.8297344647596289
0.6737029118239873
0.3700306858027224
0.8232294416065118
0.5865891766378456
0.6919600893578233
0.33490367749797567
0.24337862639307942
0.31752999469596377
0.3005529345350865
0.8117541113118949
0.6737029118239873
0.8322219064480509
0.3591450711733282
0.5075760592985712
0.3742341687294558
0.19563734148331222
0.32960678949807776
0.839415979317342
0.6737029118239873
0.37595594675429456
0.3822551942625387
0.8226737885019109
0.2665178824051123
0.7913733138321284
0.9024653073976552
0.35501490181789536
0.3004806890054486
0.762809623216274
0.3337849650983691
0.6028643451139079
0.2425940438761649
0.7663770744113418
0.26983050243496026
0.2931953074645633
0.7360983087666428
0.8605424994250939
0.8069008839060567
0.2713060946491248
0.5060812273642987
0.6745389030468311
0.33954560432934483
0.2665178824051123
0.8297344647596289
0.7865582888946259
0.09543584231382046
0.12138224999973143
0.35501490181789536
0.7164260446498258
0.33954560432934483
0.7379927329730718
0.22131395431663814
0.7651880885879097
0.32853955791104067
0.35479533795762935
0.7123288115552739
0.831111926890793
0.7136764210677775
0.8093313865098807
0.045807915983110514
0.3005529345350865
0.27557691129609496
0.2786408574537798
0.361158301437129
0.32853955791104067
0.8226737885019109
0.30410186046000337
0.7619895783732193
0.7619895783732193
0.893069248568847
0.8117085800414159
0.440936353926616
0.3112057861460575
0.7865582888946259
0.3510451633429616
0.7775358591733526
0.26983050243496026
0.3337849650983691
0.30001496426635416
0.3831009933367095
0.2982455500714741
0.06728019171676983
0.3591450711733282
0.7448349637954361
0.11283011973072153
0.6450695500784585
0.29188144919943504
0.361158301437129
0.28589056908888383
0.8634474201674033
0.34242539503417463
0.06728019171676983
0.2997700593967754
0.7932838006081335
0.35448552780733666
0.6667367191888222
0.3742341687294558
0.25575717270681475
0.6388489356099877
0.045807915983110514
0.8208418117918193
0.3114854447186339
0.2513676620945619
0.8622445573145666
0.3586336172978018
0.7448349637954361
0.7379927329730718
0.6745389030468311
0.7663770744113418
0.8232294416065118
0.7875647381457281
0.8223793965878047
0.6892722387228977
0.6028643451139079
0.22131395431663814
0.8411135246052716
0.3156573355802405
0.6926739393908634
0.8265074163677998
0.8069008839060567
0.11283011973072153
0.3854853340390038
0.29188144919943504
0.34242539503417463
0.7875647381457281
0.6687293479376827
0.8943209289018427
0.5075760592985712
0.33490367749797567
0.3227812060515085
0.7473195552247036
0.25700117486698837
0.5060812273642987
0.29821949309518864
0.6667367191888222
0.21643496937526965
0.6388489356099877
0.7932838006081335
0.12138224999973143
0.8208418117918193
0.8227572528983309
0.7360983087666428
0.2785002675449681
0.36421197694596724
0.6450695500784585
0.8086388458944165
0.3831009933367095
0.2786408574537798
0.7123288115552739
0.9095207915151553
0.2931953074645633
0.8766184425386659
0.38327731418155536
0.7775358591733526
0.3750670487215495
0.40829207987780936
