0.27801585772920645
0.278015860871633
0.2780158678603438
0.2780158512596081
0.27801586961652397
0.27801581564311567
0.2780158539061271
0.27801586063257117
0.2780158582773744
0.27801585772920645
0.2780158539061271
0.2780158603846924
0.27801585905545095
0.2780158618288149
0.27801585796318967
0.278015843786609
0.27801585905545095
0.27801585796318967
0.2780158685570175
0.27801586112832877
0.2780158678603438
0.2780158531664095
0.27801584800643553
0.27801585540432266
0.2780158582773744
0.8989435618365785
0.2780158461337845
0.2780158669628179
0.2780158638268728
0.2780158617263107
0.2780158606574739
0.27801585905545095
0.2780158582773744
0.8985797176806559
0.5578240804087418
0.27801586297346675
0.27801585540432266
0.8873104990897822
0.7792994949111971
0.9317636094218825
0.2780158685570175
0.2780158531664095
0.27801587006189526
0.27801585921821964
0.27801587006189526
0.27801586370297865
0.2780158545884023
0.278015860871633
0.7279653948958454
0.27801587449531
0.2076023897997679
0.2780158552469578
0.8989435618365785
0.27801586191963373
0.2783678680007414
0.8873104990897822
0.27801585641605314
0.9317636094218826
0.27801585538591134
0.9696475557220368
0.27801586584538457
0.8973576584177603
0.2780158475436479
0.27801585777841065
0.27801585109964116
0.5775850303203995
0.5922485538993643
0.46000127511738986
0.8984233254298841
0.2780158817984504
0.9317636094218826
0.2780158617263107
0.27801585641605314
0.264739667749766
0.5106714952332733
0.35882248175746356
0.8973576584177603
0.2780158685570175
0.27801584933044443
0.2826617635116009
0.27801586351195867
0.28298482903117317
0.11433262337857672
0.27801587540892153
0.27801590622661204
0.2780158817984504
0.278015861128309
0.27801583971769306
0.8985797176806559
0.4925712532434283
0.9000386735377777
0.2780158759390703
0.8375087920149165
0.24012336167223225
0.2780158605787879
0.8985797176806568
0.27801585477973534
0.8929499543341652
0.8973576584177603
0.938321608686255
0.8923235985117153
0.5578240804087418
0.278015858605734
0.2793453540147728
0.5416645458007431
0.2712137041714271
0.2001054387726549
0.27801587006189526
0.5775850303203995
0.8375087920149165
0.7279498661600066
0.8984233258822556
0.12459185407776399
0.2778606100326614
0.9487471433658086
0.11433262337857672
0.27801584441129074
0.7391556611732927
0.2780158594593984
0.27801586009551077
0.8984255094585079
0.12459185407776399
0.7391556611732927
0.278015860871633
0.9487471433658086
0.14836498441937968
0.25679651312628105
0.14836498441937968
0.8873104990897822
0.49378651253992456
0.2780158612909014
0.5726511076126461
0.8375087920149165
0.5578240804087418
0.2780158670268372
0.7700435612330208
0.2778606100326614
0.4817228609263971
0.8923235985117153
0.2780158510355633
0.4817228609263971
0.7700435612330208
0.8984255094585079
0.938321608686255
0.8984233254298841
0.6780069732734685
0.7700435612330208
0.2780158670268372
0.2793453540147728
0.8985797176806571
0.9317636094218826
0.2712137041714271
0.14836498441937968
0.2001054387726549
0.9000386735377777
0.46000127511738986
0.7156404146507888
0.5775850303203995
0.278015845301345
0.9317636094218825
0.8375087920149165
0.7156404146507888
0.8929499543341652
0.2780158638268728
0.2780158614522247
0.4509565247278843
0.24012336167223225
0.2076023897997679
0.7567145354519458
0.7792994949111971
0.3581547374778524
0.4925712532434283
0.6798006050348049
0.4760066680942473
0.264739667749766
0.09459296052900612
0.3169133368972672
0.5106714952332733
0.5623389675205828
0.8375087920149165
0.6572835482397856
0.2780158576931523
0.3169133368972672
0.9696475557220368
0.27801585390704026
0.6572835482397856
0.28298482903117317
0.2780158544941629
0.7279653948958454
0.8985797176806571
0.2780158869945484
0.25679651312628105
0.779299494911197
0.2780158576931523
0.8873104990897822
0.3581547374778524
0.2783678680007414
0.5922485538993643
0.6152389886224372
0.35882248175746356
0.09459296052900612
0.6152389886224372
0.5726511076126461
0.8518703006376803
0.5775850303203995
0.8989435618365785
0.6798006050348049
0.5416645458007431
0.27523465854972085
0.2739734451399578
0.27801585921821964
0.46525283044142873
0.2780158475436479
0.12058163605485295
0.2780158674554506
0.27801586063257117
0.12459185407776399
0.4760066680942473
0.2826617635116009
0.3581547374778524
0.09459296052900612
0.8375087920149165
0.4509565247278843
0.2739734451399578
0.5623389675205828
0.8375087920149165
0.2780158669628179
0.3633414683414504
0.8518703006376803
0.779299494911197
0.7567145354519458
0.8984233267869987
0.8375087920149165
0.4760066680942473
0.898423322683894
0.2780158461337845
0.8973576584177603
0.11433262337857672
0.6780069732734685
0.12058163605485295
0.49378651253992456
0.3633414683414504
0.25679651312628105
0.24012336167223225
0.7279498661600066
0.8929499543341652
0.264739667749766
0.46525283044142873
0.14836498441937968
0.3633414683414504
