0.27612021208906
0.27612021208906
0.27612021208906
0.27612021208906
0.27612021208906
0.27612021208906
0.27612021208906
0.27612021208906
0.27612021208906
0.27612021208906
0.27612021208906
0.27612021208906
0.27612021208906
0.27612021208906
0.27612021208906
0.27612021208906
0.27612021208906
0.27612021208906
0.27612021208906
0.27612021208906
0.27612021208906
0.27612021208906
0.27612021208906
0.27612021208906
0.27612021208906
0.9069501116361407
0.27612021208906
0.27612021208906
0.27612021208906
0.27612021208906
0.27612021208906
0.27612021208906
0.27612021208906
0.9074606133428084
0.5578240804087418
0.27612021208906
0.27612021208906
0.8887488740220589
0.27612021208906
0.27612021208906
0.27612021208906
0.27612021208906
0.27612021208906
0.27612021208906
0.27612021208906
0.27612021208906
0.27612021208906
0.27612021208906
0.7279653948958454
0.27612021208906
0.2076023897997679
0.27612021208906
0.9069502445301237
0.27612021208906
0.27612021208906
0.27612021208906
0.27612021208906
0.9074695913827706
0.27612021208906
0.9696475557220368
0.27612021208906
0.9005942313817603
0.27612021208906
0.27612021208906
0.27612021208906
0.5775850303203995
0.27612021208906
0.46000127511738986
0.9069499787421575
0.27612021208906
0.9074696904570384
0.27612021208906
0.27612021208906
0.264739667749766
0.5106714952332733
0.35882248175746356
0.9005942313817603
0.27612021208906
0.27612021208906
0.27612021208906
0.27612021208906
0.27612021208906
0.11433262337857672
0.27612021208906
0.27612021208906
0.27612021208906
0.27612021208906
0.27612021208906
0.27612021208906
0.4925712532434283
0.9000386735377777
0.27612021208906
0.8420909287702054
0.24012336167223225
0.27612021208906
0.907460611730532
0.27612021208906
0.9068836116615286
0.9005942313817603
0.9074686994101314
0.8923235985117153
0.5578240804087418
0.27612021208906
0.27612021208906
0.5416645458007431
0.27612021208906
0.26857537689068656
0.27612021208906
0.5775850303203995
0.8420909287702054
0.7279498661600066
0.9069500979684746
0.12459185407776399
0.27612021208906
0.9487471433658086
0.11433262337857672
0.27612021208906
0.7391556611732927
0.27612021208906
0.27612021208906
0.906937685843185
0.12459185407776399
0.7391556611732927
0.27612021208906
0.9487471433658086
0.14836498441937968
0.25679651312628105
0.14836498441937968
0.8887488740220589
0.49378651253992456
0.27612021208906
0.5726511076126461
0.8420909287702054
0.5578240804087418
0.906937685843185
0.7929642642424215
0.27612021208906
0.4817228609263971
0.8923235985117153
0.27612021208906
0.4817228609263971
0.7929642642424215
0.906937685843185
0.9074696904570384
0.9069500613349734
0.678837509795406
0.7929642642424215
0.27612021208906
0.27612021208906
0.9074606133428084
0.9074696904570384
0.27612021208906
0.14836498441937968
0.26857537689068656
0.9000386735377777
0.46000127511738986
0.7156404146507888
0.5775850303203995
0.27612021208906
0.9074637019063142
0.8420909287702054
0.7156404146507888
0.9068836116776856
0.27612021208906
0.27612021208906
0.4509565247278843
0.24012336167223225
0.2076023897997679
0.7567145354519458
0.7792994949111971
0.3581547374778524
0.4925712532434283
0.678837509795406
0.4760066680942473
0.264739667749766
0.09459296052900612
0.30323162896891775
0.5106714952332733
0.5623389675205828
0.8420909287702054
0.6572835482397856
0.27612021208906
0.30323162896891775
0.9696475557220368
0.27612021208906
0.6572835482397856
0.27612021208906
0.27612021208906
0.7279653948958454
0.9074606181796374
0.27612021208906
0.25679651312628105
0.7792994949111971
0.27612021208906
0.8887488740220589
0.3581547374778524
0.27612021208906
0.27612021208906
0.6152389886224372
0.35882248175746356
0.09459296052900612
0.6152389886224372
0.5726511076126461
0.8518703006376803
0.5775850303203995
0.9069501116361407
0.678837509795406
0.5416645458007431
0.27523465854972085
0.27612021208906
0.27612021208906
0.46525283044142873
0.27612021208906
0.12058163605485295
0.27612021208906
0.27612021208906
0.12459185407776399
0.4760066680942473
0.27612021208906
0.3581547374778524
0.09459296052900612
0.8420909287702054
0.4509565247278843
0.27612021208906
0.5623389675205828
0.8420909287702054
0.27612021208906
0.3633414683414504
0.8518703006376803
0.779299494911197
0.7567145354519458
0.9069500979684746
0.8420909287702054
0.4760066680942473
0.906950208621664
0.27612021208906
0.9005942313817603
0.11433262337857672
0.678837509795406
0.12058163605485295
0.49378651253992456
0.3633414683414504
0.25679651312628105
0.24012336167223225
0.7279498661600066
0.9068836116776856
0.27612021208906
0.46525283044142873
0.14836498441937968
0.3633414683414504
