0.3079939510117386
0.8013864608420121
0.6250199571030539
0.3745670936906081
0.15331406721538404
0.2914802702229042
0.28056146522120756
0.24706657904932836
0.2612107111087945
0.2564983917002463
0.5396189036619163
0.919514038824669
0.919514038824669
0.8814995835696489
0.2148771757405198
0.32206675047310385
0.31057835291777613
0.5290731370954258
0.3745670936906081
0.24706657904932836
0.37152711790115195
0.8013864608420121
0.925207009662835
0.37152711790115195
0.11112036210202209
0.9337882822614865
0.9251994268566275
0.36485983052917564
0.2612107111087945
0.9257691714160735
0.318716460651072
0.1261428726634075
0.22215352467830374
0.9081875865101626
0.6149510138454384
0.2233194974922482
0.9337882822614865
0.8357604080637153
0.4559217663864996
0.6175021126374606
0.919514038824669
0.2128776705010431
0.27343132166480716
0.24548428370184117
0.15331406721538404
0.5977469681438349
0.22215352467830374
0.28198283940890917
0.7279653948958454
0.2148771757405198
0.15333815683615917
0.2233194974922482
0.9373314194809461
0.27343132166480716
0.25609736789214527
0.2407052330328251
0.24548428370184117
0.9257691714160735
0.11112036210202209
0.9696475557220368
0.15524778409033363
0.8793697286737173
0.27549686304646054
0.5977469681438349
0.2564983917002463
0.6118923592910163
0.5922485538993643
0.4198586740169614
0.8970035850426173
0.2762611305427984
0.6175021126374606
0.2950209612746314
0.3079939510117386
0.12564629626973017
0.4840043769985074
0.40491987336254137
0.8799973162863179
0.15535033741676296
0.2972457983573191
0.2612107111087945
0.4372399395025428
0.31471632691814844
0.15333815683615917
0.4029690883758518
0.4353406694189573
0.5139765106777123
0.919514038824669
0.2516478242569375
0.4559217663864996
0.4809191215381481
0.8599902602011967
0.26479790771286715
0.24346689473435223
0.15668654766325205
0.24484474054666086
0.9081875865101626
0.8755813188523942
0.15072951017094835
0.8799973162863179
0.9459431758166381
0.8922200308552025
0.6146115594486339
0.8814995835696489
0.4165356478192211
0.4372399395025428
0.6149510138454384
0.19882658392465935
0.28056146522120756
0.6118923592910163
0.8094492690447218
0.7279498661600066
0.8948733699602194
0.08416413787150727
0.27343132166480716
0.9487471433658086
0.15944445828642545
0.370125295971021
0.6924474701308307
0.8599902602011967
0.24484474054666086
0.8489022792980614
0.08416413787150727
0.6924474701308307
0.28490038781395594
0.9487471433658086
0.2027518551633047
0.28478678848590344
0.20261879512131672
0.8357604080637153
0.49378651253992456
0.2233194974922482
0.5726511076126461
0.8094492690447218
0.4353406694189573
0.2641148835210361
0.7367436471038351
0.20261879512131672
0.4840043769985074
0.8922200308552025
0.28490038781395594
0.480099490298011
0.7423226718506838
0.8489022792980614
0.9459431758166381
0.8970035850426173
0.6768112187659109
0.8013864608420121
0.2641148835210361
0.5320312270139688
0.9081875865101626
0.6071471745537413
0.24706657904932836
0.2027518551633047
0.19882658392465935
0.9886290061325147
0.4198586740169614
0.774038161172814
0.6141498412251393
0.9337882822614865
0.6175021126374606
0.9121916089938362
0.6568338670185424
0.15072951017094835
0.2582225720336494
0.5139765106777123
0.4536998417729526
0.16983801954547645
0.6055679576418058
0.7567145354519458
0.8755813188523942
0.35444341481166786
0.4809191215381481
0.6803984822885836
0.4611882779594324
0.2914802702229042
0.07279434038412524
0.3169133368972672
0.5396189036619163
0.5623389675205828
0.8094492690447218
0.6574879487948961
0.15524778409033363
0.3169133368972672
0.9696475557220368
0.25609736789214527
0.6574879487948961
0.31471632691814844
0.2890613575626075
0.7279653948958454
0.9251994268566275
0.15535033741676296
0.21148038577268824
0.7751707920321778
0.318716460651072
0.8357604080637153
0.35663876642425285
0.4559217663864996
0.5922485538993643
0.6264487141803177
0.40491987336254137
0.1261428726634075
0.6146115594486339
0.5726511076126461
0.8518703006376803
0.6250199571030539
0.9356314118935315
0.6803984822885836
0.4536998417729526
0.27523465854972085
0.2407052330328251
0.24548428370184117
0.46525283044142873
0.28056146522120756
0.21148038577268824
0.811511048272617
0.32740824700301585
0.15668654766325205
0.5290731370954258
0.4029690883758518
0.35663876642425285
0.009935503499501341
0.8094492690447218
0.4536998417729526
0.2407052330328251
0.5623389675205828
0.9121916089938362
0.2641148835210361
0.32740824700301585
0.8518703006376803
0.7751707920321778
0.7567145354519458
0.8948733699602194
0.8094492690447218
0.4611882779594324
0.9373314194809461
0.19333890530676456
0.8831352543493212
0.0321234742163537
0.6768112187659109
0.029682886337017655
0.49378651253992456
0.37744739785907755
0.28478678848590344
0.2641148835210361
0.7279498661600066
0.8760236544037199
0.31057835291777613
0.46525283044142873
0.027988817528419307
0.38516876016225776
