0.2897146603547964
0.2895262955915235
0.6173719490378564
0.2595259374909271
0.22751512558536377
0.2914802702229042
0.9075669838950975
0.20994344002872048
0.2335056478567973
0.48147423715269355
0.5396189036619163
0.919514038824669
0.919514038824669
0.8814995835696489
0.22612769519926842
0.30862239057406565
0.23320423758287212
0.48147423715269355
0.33913823458056963
0.25493880237545913
0.26099063021571756
0.879761707154151
0.9044639708197718
0.2984113592463824
0.22612769519926842
0.9256500825968588
0.9251994268566275
0.2723732247814932
0.29303863628904386
0.9197017755757481
0.3242995131704003
0.20104903770339164
0.25815876163179835
0.9075669838950975
0.6173719490378564
0.2235522069012127
0.9256500825968588
0.8303716614434712
0.3796863911401328
0.5848407747491058
0.919514038824669
0.29303863628904386
0.2644722617934072
0.277699688956905
0.23782151703423712
0.5977469681438349
0.2889412069137714
0.2553255045986718
0.7279653948958454
0.25815876163179835
0.15524637603936742
0.2235522069012127
0.9207206941577161
0.4171064589685931
0.25609736789214527
0.2335056478567973
0.24101694504627766
0.9197017755757481
0.2558547087797488
0.9696475557220368
0.19138145483784869
0.8843423978768903
0.2735233403960344
0.5977469681438349
0.23261241478398795
0.5767551951549547
0.5922485538993643
0.46000127511738986
0.8970035850426173
0.31487052431358875
0.5848407747491058
0.277699688956905
0.30862239057406565
0.17689195827534773
0.48193248610425443
0.35882248175746356
0.8884782835965955
0.20994344002872048
0.2889412069137714
0.2553255045986718
0.41545669971435434
0.31471632691814844
0.10917069881589768
0.4029690883758518
0.2895262955915235
0.5139765106777123
0.919514038824669
0.30862239057406565
0.3796863911401328
0.4925712532434283
0.8599902602011967
0.31487052431358875
0.8094492690447218
0.1616183496190862
0.2644722617934072
0.9075669838950975
0.23754655810673275
0.15072951017094835
0.8857210264501254
0.9619503621850918
0.8922200308552025
0.6181320756676271
0.8814995835696489
0.2895262955915235
0.41545669971435434
0.6173719490378564
0.2001054387726549
0.2614177590781308
0.5767551951549547
0.8094492690447218
0.7279498661600066
0.8948733699602194
0.08416413787150727
0.2558547087797488
0.9487471433658086
0.1246564725039348
0.3066832700988741
0.6924474701308307
0.8599902602011967
0.2644722617934072
0.8489022792980614
0.08416413787150727
0.6924474701308307
0.23782151703423712
0.9487471433658086
0.20202139386284393
0.2554318009439579
0.20202139386284393
0.8303716614434712
0.49378651253992456
0.2237849163101772
0.5726511076126461
0.8094492690447218
0.526421391028209
0.2638346388930433
0.7667135698201024
0.25538755733626334
0.48147423715269355
0.8922200308552025
0.3066832700988741
0.4820519336482592
0.7717085569394803
0.8489022792980614
0.9566146333956073
0.8970035850426173
0.6768112187659109
0.7717085569394803
0.2638346388930433
0.4171064589685931
0.9075669838950975
0.6123246435956009
0.25493880237545913
0.20202139386284393
0.2001054387726549
0.9619503621850918
0.46000127511738986
0.7156404146507888
0.5767551951549547
0.9256500825968588
0.5848407747491058
0.9121916089938362
0.7156404146507888
0.15072951017094835
0.23261241478398795
0.5139765106777123
0.4509565247278843
0.1616183496190862
0.23320423758287212
0.7567145354519458
0.8755813188523942
0.3580967480611934
0.4925712532434283
0.6803984822885836
0.4611882779594324
0.2914802702229042
0.07279434038412524
0.3169133368972672
0.5396189036619163
0.5623389675205828
0.8094492690447218
0.6572835482397856
0.19138145483784869
0.3169133368972672
0.9696475557220368
0.25609736789214527
0.6572835482397856
0.31471632691814844
0.2629705833295771
0.7279653948958454
0.9251994268566275
0.20994344002872048
0.2554318009439579
0.7751707920321778
0.3242995131704003
0.8303716614434712
0.3581837321861821
0.3796863911401328
0.5922485538993643
0.6200618770294319
0.35882248175746356
0.20104903770339164
0.6181320756676271
0.5726511076126461
0.8518703006376803
0.6200618770294319
0.9207206941577161
0.6803984822885836
0.4123448083160417
0.27523465854972085
0.23754655810673275
0.24101694504627766
0.46525283044142873
0.28064820138768354
0.12058163605485295
0.8276772881333492
0.2676837603571634
0.15997441563380815
0.5298126595750615
0.4029690883758518
0.3581837321861821
0.009935503499501341
0.8094492690447218
0.4509565247278843
0.2335056478567973
0.5623389675205828
0.9121916089938362
0.2723732247814932
0.36356187349016333
0.8518703006376803
0.7751707920321778
0.7567145354519458
0.8948733699602194
0.8094492690447218
0.4611882779594324
0.9271383166086862
0.9337882822614865
0.8857210264501254
0.10917069881589768
0.6768112187659109
0.12058163605485295
0.49378651253992456
0.36356187349016333
0.2595259374909271
0.2638346388930433
0.7279498661600066
0.8760236544037199
0.3069277653918379
0.46525283044142873
0.027988817528419307
0.3629006580440246
