0.2897146603547964
0.2889412069137714
0.6173719490378564
0.33913823458056963
0.2897146603547964
0.2914802702229042
0.24565120778267124
0.24109663011036334
0.23332893980343372
0.21876275533984943
0.5396189036619163
0.919514038824669
0.23332893980343372
0.8814995835696489
0.21876275533984943
0.6205998626277471
0.23332893980343372
0.48089654065712795
0.33913823458056963
0.25250593006627003
0.26099063021571756
0.879761707154151
0.9044639708197718
0.2984113592463824
0.21876275533984943
0.879761707154151
0.9251994268566275
0.2723732247814932
0.24565120778267124
0.9197017755757481
0.3242995131704003
0.1660296734586449
0.2943264665038907
0.9075669838950975
0.6173719490378564
0.2235522069012127
0.18855111626692297
0.8317188480985322
0.7751707920321778
0.526421391028209
0.19799955943535466
0.2943264665038907
0.2644722617934072
0.277699688956905
0.2375829323109612
0.5977469681438349
0.2889412069137714
0.2553255045986718
0.7279653948958454
0.23905318828114094
0.15524637603936742
0.2235522069012127
0.9363869708212714
0.48089654065712795
0.25609736789214527
0.2335940018834791
0.24109663011036334
0.9197017755757481
0.22796736115684565
0.9696475557220368
0.15524778409033363
0.8802065121571849
0.2735233403960344
0.5977469681438349
0.2237849163101772
0.5767551951549547
0.5922485538993643
0.46000127511738986
0.8970035850426173
0.30727245782141255
0.6123246435956009
0.277699688956905
0.30862239057406565
0.17689195827534773
0.48193248610425443
0.35882248175746356
0.8884782835965955
0.17689195827534773
0.2889412069137714
0.2553255045986718
0.41545669971435434
0.31471632691814844
0.1246564725039348
0.4029690883758518
0.30727245782141255
0.5139765106777123
0.919514038824669
0.30862239057406565
0.42845343710357675
0.4925712532434283
0.8599902602011967
0.2643425582516465
0.8094492690447218
0.1616183496190862
0.2644722617934072
0.9075669838950975
0.8755813188523942
0.15072951017094835
0.8884782835965955
0.9619503621850918
0.8922200308552025
0.6181320756676271
0.8814995835696489
0.34006035923591593
0.41545669971435434
0.6173719490378564
0.2001054387726549
0.263942083477906
0.5767551951549547
0.8094492690447218
0.7279498661600066
0.8948733699602194
0.08416413787150727
0.25538755733626334
0.9487471433658086
0.1246564725039348
0.3064387748059103
0.6924474701308307
0.8599902602011967
0.2644722617934072
0.8489022792980614
0.08416413787150727
0.6924474701308307
0.28490038781395594
0.9487471433658086
0.20202139386284393
0.2554318009439579
0.20202139386284393
0.8317188480985322
0.49378651253992456
0.2237849163101772
0.5726511076126461
0.8094492690447218
0.526421391028209
0.2642666666747764
0.7667135698201024
0.25538755733626334
0.4820519336482592
0.8922200308552025
0.3069277653918379
0.4820519336482592
0.7717085569394803
0.8489022792980614
0.9566146333956073
0.8970035850426173
0.6768112187659109
0.7717085569394803
0.2642666666747764
0.48089654065712795
0.9075669838950975
0.6123246435956009
0.2567660854903264
0.20202139386284393
0.2001054387726549
0.9619503621850918
0.46000127511738986
0.7156404146507888
0.5767551951549547
0.9337882822614865
0.6175021126374606
0.9121916089938362
0.7156404146507888
0.15072951017094835
0.23650576993505387
0.5139765106777123
0.4509565247278843
0.1616183496190862
0.23650576993505387
0.7567145354519458
0.8755813188523942
0.357922779811216
0.4925712532434283
0.6803984822885836
0.4611882779594324
0.2914802702229042
0.07279434038412524
0.3169133368972672
0.5396189036619163
0.5623389675205828
0.8094492690447218
0.6572835482397856
0.15524778409033363
0.3169133368972672
0.9696475557220368
0.25609736789214527
0.6572835482397856
0.31471632691814844
0.2603784166391786
0.7279653948958454
0.9251994268566275
0.19799955943535466
0.2554318009439579
0.7751707920321778
0.3242995131704003
0.8317188480985322
0.3586186528111256
0.42845343710357675
0.5922485538993643
0.6205998626277471
0.35882248175746356
0.18855111626692297
0.6181320756676271
0.5726511076126461
0.8518703006376803
0.6205998626277471
0.9363869708212714
0.6803984822885836
0.4123448083160417
0.27523465854972085
0.2407052330328251
0.24109663011036334
0.46525283044142873
0.2735233403960344
0.12058163605485295
0.8236357281681661
0.32740824700301585
0.15997441563380815
0.5298126595750615
0.4029690883758518
0.357922779811216
0.009935503499501341
0.8094492690447218
0.4509565247278843
0.2335940018834791
0.5623389675205828
0.9121916089938362
0.2723732247814932
0.36157822715174703
0.8518703006376803
0.7751707920321778
0.7567145354519458
0.8948733699602194
0.8094492690447218
0.4611882779594324
0.9367647502851413
0.9337882822614865
0.8884782835965955
0.09368492512786056
0.6768112187659109
0.12058163605485295
0.49378651253992456
0.3668679507208572
0.26273001475862
0.2642666666747764
0.7279498661600066
0.8760236544037199
0.3069277653918379
0.46525283044142873
0.027988817528419307
0.36157822715174703
