0.3199322631532027
0.31536617082904017
0.6055679576418058
0.3035736818529966
0.15331406721538404
0.2914802702229042
0.3035736818529966
0.1261428726634075
0.22706450213584936
0.22706450213584936
0.5396189036619163
0.919514038824669
0.2516478242569375
0.8814995835696489
0.2148771757405198
0.645157843618285
0.32880626489301873
0.5261150471768827
0.4616124472707703
0.23566674363068904
0.370125295971021
0.7451121842241082
0.9336451602168561
0.3729289398312829
0.11112036210202209
0.9339314043061169
0.9251994268566275
0.36485983052917564
0.6422798464102915
0.9257691714160735
0.31536617082904017
0.1261428726634075
0.6247920864906131
0.9081875865101626
0.6196425419472547
0.2233194974922482
0.23132747319676614
0.811511048272617
0.7751707920321778
0.6247920864906131
0.6055679576418058
0.2128776705010431
0.24484474054666086
0.2890613575626075
0.15331406721538404
0.5977469681438349
0.2128776705010431
0.2947250632632406
0.7279653948958454
0.2148771757405198
0.1472318553858929
0.2233194974922482
0.9339314043061169
0.32880626489301873
0.25609736789214527
0.2213099649296523
0.2749548037874792
0.9257691714160735
0.11112036210202209
0.9696475557220368
0.15331406721538404
0.8756042029981135
0.27549686304646054
0.5977469681438349
0.22706450213584936
0.6073773954227702
0.5922485538993643
0.4198586740169614
0.8970035850426173
0.3035736818529966
0.6247920864906131
0.2950209612746314
0.3287673301171675
0.12564629626973017
0.4879092636990037
0.4616124472707703
0.8806249038989187
0.12564629626973017
0.2972457983573191
0.2947250632632406
0.4248950127997355
0.3157033298335864
0.15944445828642545
0.4029690883758518
0.4353406694189573
0.5139765106777123
0.919514038824669
0.2516478242569375
0.4559217663864996
0.4809191215381481
0.8599902602011967
0.26889605286385343
0.24346689473435223
0.15668654766325205
0.24484474054666086
0.9081875865101626
0.8755813188523942
0.15355157498510777
0.8831352543493212
0.9459431758166381
0.8922200308552025
0.6173307596062516
0.8814995835696489
0.4165356478192211
0.44958486620535015
0.6196425419472547
0.19882658392465935
0.26710207681283277
0.6141498412251393
0.8094492690447218
0.7279498661600066
0.8948733699602194
0.014776700757906769
0.32880626489301873
0.9487471433658086
0.15944445828642545
0.370125295971021
0.6938221589755721
0.8599902602011967
0.24484474054666086
0.8447476980730121
0.15355157498510777
0.6910727812860893
0.28490038781395594
0.9487471433658086
0.20301797524728063
0.28478678848590344
0.20241920505833474
0.8478850879592645
0.49378651253992456
0.2233194974922482
0.5726511076126461
0.8094492690447218
0.4353406694189573
0.8530568605231108
0.7283751099835619
0.20241920505833474
0.480099490298011
0.8922200308552025
0.28490038781395594
0.480099490298011
0.7451121842241082
0.8530568605231108
0.9459431758166381
0.8970035850426173
0.6910727812860893
0.7451121842241082
0.26274883513737407
0.5438635866881407
0.9081875865101626
0.5895022626168694
0.23566674363068904
0.20301797524728063
0.19882658392465935
0.9886290061325147
0.4198586740169614
0.774038161172814
0.6141498412251393
0.9336451602168561
0.6247920864906131
0.9121916089938362
0.6555257034658348
0.14508538054262948
0.2582225720336494
0.5139765106777123
0.46192979290815755
0.16983801954547645
0.6055679576418058
0.7567145354519458
0.8755813188523942
0.35005271158649787
0.4809191215381481
0.6910727812860893
0.4611882779594324
0.2914802702229042
0.07279434038412524
0.3169133368972672
0.5396189036619163
0.5623389675205828
0.8094492690447218
0.65814203057125
0.15718150096528322
0.3169133368972672
0.9696475557220368
0.25609736789214527
0.65814203057125
0.24453506189295848
0.2890613575626075
0.7279653948958454
0.9251994268566275
0.11670896920910076
0.11938708969237988
0.7751707920321778
0.31536617082904017
0.8478850879592645
0.35883411803683785
0.4559217663864996
0.5922485538993643
0.6281053418700221
0.4616124472707703
0.1261428726634075
0.6141498412251393
0.5726511076126461
0.8518703006376803
0.645157843618285
0.9339314043061169
0.6697241832910779
0.44958486620535015
0.27523465854972085
0.0321234742163537
0.2749548037874792
0.46525283044142873
0.26710207681283277
0.9651428898208311
0.811511048272617
0.32740824700301585
0.15668654766325205
0.5261150471768827
0.4029690883758518
0.35883411803683785
0.009935503499501341
0.8094492690447218
0.44958486620535015
0.2213099649296523
0.5623389675205828
0.9121916089938362
0.26274883513737407
0.32740824700301585
0.8518703006376803
0.7751707920321778
0.7567145354519458
0.8948733699602194
0.8094492690447218
0.4611882779594324
0.9441314498306044
0.23132747319676614
0.8831352543493212
0.0321234742163537
0.6625496562457325
0.029682886337017655
0.49378651253992456
0.37744739785907755
0.28478678848590344
0.26274883513737407
0.7279498661600066
0.8760236544037199
0.371137835097059
0.46525283044142873
0.027988817528419307
0.38516876016225776
