0.2831021183830109
0.28310212602163387
0.5391381593157591
0.8988484621821891
0.5391381593157591
0.2831021121717995
0.8988484621821891
0.2831021181585623
0.28310212693915854
0.2831021225777892
0.28310212196200196
0.2831021195628806
0.28310210806007446
0.28310212006287405
0.28310211144723985
0.2831021206267242
0.2831021181585623
0.28310212265033097
0.2831021189648928
0.28310212196200196
0.2831021243833456
0.28310212196200196
0.8988484621821891
0.2831021181585623
0.28310212028372483
0.8988484621821891
0.28310210986816575
0.2831021283005838
0.28310212342424623
0.2831021133967223
0.2831021187389587
0.2831021220164649
0.2831021133967223
0.8988484621821891
0.8988484621821891
0.28310212408324226
0.8988484621821891
0.8988484621821891
0.7792994949111971
0.8988484621821891
0.2831021232163548
0.8988484621821891
0.28310212265033097
0.28310212264644274
0.28310211736336743
0.2831021225777892
0.28310212693915854
0.28310212482019015
0.8988484621821891
0.28310212028372483
0.1376500649838745
0.28310212408324226
0.8988484621821891
0.2831021279483954
0.2831021150638884
0.2831021183349416
0.8988484621821891
0.8988484621821891
0.283102120625479
0.9696475557220368
0.2831021237874993
0.8988484621821891
0.2831021201723416
0.2831021188987385
0.28310212693915854
0.5391381593157591
0.28310212431673404
0.28310212176854316
0.8988484621821891
0.28310212170203397
0.8988484621821891
0.28310212264644274
0.2831021240690467
0.2831021220687726
0.2831021279483954
0.28487378177663214
0.8988484621821891
0.2831021224897736
0.2831021238424502
0.28310212707211946
0.28310212581159894
0.2831021189392344
0.1376500649838745
0.2831021289639535
0.28310212012774116
0.2831021218121053
0.28310213047292687
0.28310213584158833
0.8988484621821891
0.5128963645779241
0.8988484621821891
0.28310212170203397
0.8420909287702054
0.28310211144723985
0.2831021283005838
0.2831021217398556
0.28310209974460665
0.8988484621821891
0.8988484621821891
0.8988484621821891
0.8900432950818703
0.5391381593157591
0.28310212265033097
0.2831021209742442
0.5391381593157591
0.2831021299925329
0.28310210080038417
0.2831021218086614
0.5391381593157591
0.8420909287702054
0.7279498661600066
0.8988484621821891
0.12459185407776399
0.8988484621821891
0.9487471433658086
0.1376500649838745
0.2831021243833456
0.7391556611732927
0.28310210806007446
0.2831021240476032
0.8988484621821891
0.12459185407776399
0.7391556611732927
0.28310211736336743
0.9487471433658086
0.14836498441937968
0.26595358321175566
0.14836498441937968
0.8988484621821891
0.49378651253992456
0.28310212408324226
0.5430691447467677
0.8420909287702054
0.5391381593157591
0.8988484621821891
0.8729877318954453
0.28310210080038417
0.5391381593157591
0.8900432950818703
0.28310212801958823
0.5391381593157591
0.8729877318954453
0.8988484621821891
0.8988484621821891
0.8988484621821891
0.5848179405933345
0.8729877318954453
0.2831021201723416
0.28310211087457526
0.8988484621821891
0.8988484621821891
0.2831021299925329
0.14836498441937968
0.2831020952678203
0.8988484621821891
0.28310213584158833
0.7156404146507888
0.5391381593157591
0.2831021186752594
0.8988484621821891
0.8420909287702054
0.7156404146507888
0.8988484621821891
0.28310212693196707
0.28310211977637295
0.5391381593157591
0.2831021138904933
0.28310212249838745
0.8988484621821891
0.7792994949111971
0.28310211993703893
0.5128963645779241
0.5848179405933345
0.35345375926616895
0.2831021232163548
0.09459296052900612
0.3080655918320323
0.6158447168620456
0.5391381593157591
0.8420909287702054
0.6572835482397856
0.28310212602163387
0.3080655918320323
0.9696475557220368
0.2831021225777892
0.6572835482397856
0.2831021189392344
0.28310212012774116
0.8988484621821891
0.8988484621821891
0.28310211966705406
0.26595358321175566
0.779299494911197
0.283102121212121
0.8988484621821891
0.4034005929373291
0.28310210950105263
0.28310212431673404
0.5391381593157591
0.28487378177663214
0.09459296052900612
0.5391381593157591
0.5430691447467677
0.8988484621821891
0.5391381593157591
0.8988484621821891
0.6158447168620456
0.5391381593157591
0.27523465854972085
0.28310207928058057
0.28310211610952074
0.46525283044142873
0.2831021240476032
0.23741921390220533
0.2831021294071502
0.31893942142331955
0.12459185407776399
0.35345375926616895
0.2831021344769846
0.4034005929373291
0.09459296052900612
0.8420909287702054
0.5391381593157591
0.2831021126998017
0.5391381593157591
0.8420909287702054
0.2831021183349416
0.31893942142331955
0.8988484621821891
0.779299494911197
0.8988484621821891
0.8988484621821891
0.8420909287702054
0.35345375926616895
0.8988484621821891
0.28310210986816575
0.8988484621821891
0.1376500649838745
0.5848179405933345
0.23741921390220533
0.49378651253992456
0.31893942142331955
0.2831020930742643
0.283102116530024
0.7279498661600066
0.8988484621821891
0.28310213467700285
0.46525283044142873
0.14836498441937968
0.31893942142331955
