0.201735140234303
0.2397224196118059
0.6533294085066195
0.6542045956626928
0.654720756920244
0.6513523693048219
0.6523069315696415
0.644886152791761
0.6668816508845565
0.6554976174865471
0.6528417566464156
0.6574439375540773
0.1729483313252676
0.6438267078299073
0.18477103604248551
0.6491598439753405
0.6466671861717366
0.6565085448985866
0.1909538788136726
0.18499237707315258
0.6519897033675577
0.6500007776560874
0.17870349050796897
0.6532131100929863
0.6531246213048616
0.6659777096734393
0.1775438202828018
0.6532837657088124
0.1886349134965869
0.18535654771219973
0.6532131100929863
0.19634518914575608
0.6427061330475987
0.6569960277493132
0.17780292973775855
0.18996050527279887
0.6592311506244923
0.6527775749073126
0.1876654882832729
0.8871265174944764
0.6516690830107668
0.65743661655003
0.18556692429183685
0.652907358969536
0.1867887542074833
0.6525928872157747
0.20343817212689091
0.6508105775443808
0.1729483313252676
0.6506673631888237
0.20234752155612834
0.6513062342352471
0.6533294085066195
0.6481658615244366
0.1938446596102062
0.20343817212689091
0.6503364787322277
0.6513441680661305
0.19671987965082297
0.6531246213048616
0.6501234415834689
0.6538527768492421
0.6466086345183016
0.6480565798624828
0.6505388246639228
0.6595958314124029
0.6555463857618158
0.6562490978650637
0.6480933370402149
0.6535494907759247
0.6466671861717366
0.6453316540619362
0.6543380883474608
0.6559852704961171
0.6519329109323435
0.6485343674402178
0.23001792162673979
0.22247889816391786
0.6576780258843904
0.6637661253911409
0.6547076815477615
0.18704804837871025
0.19186227076855317
0.6571724015940519
0.18701930128311667
0.6483233633877064
0.6508971893003118
0.17886766960113448
0.18550109036874657
0.6483493681948149
0.6531567424657748
0.6479589610620897
0.6513740220473939
0.6516690830107668
0.6554162406148867
0.6485628141954305
0.647326988738981
0.655252579730376
0.201735140234303
0.6513101295234691
0.6646543130638831
0.6523041457061967
0.6524493887771106
0.18241478470839054
0.6534807917243933
0.16896537276920917
0.6536837908754196
0.19764188817274475
0.6540882071645642
0.6527735852036731
0.6487137961192255
0.6572192624733459
0.18681612227204872
0.1785579282530999
0.646808427752518
0.6438267078299073
0.6502098518088482
0.18935310237540598
0.6499344616871264
0.18701930128311667
0.18350773183197516
0.18581284410913723
0.6571262943290515
0.6480933370402149
0.6576780258843904
0.2163283047337905
0.6547076815477615
0.2022180146885572
0.6511274996879999
0.6509267391640452
0.6502098518088482
0.6549147159611062
0.6556623571643796
0.6528417566464156
0.6503984773241853
0.18330108531236083
0.6564922337548647
0.6431052650292332
0.6561275831785688
0.651949864306995
0.1920785292096438
0.6549147159611062
0.6488098155531574
0.6508105775443808
0.6560106814915225
0.6571262943290515
0.18648138553458043
0.6719198579346123
0.19871432125445507
0.6559852704961171
0.17885943830824913
0.17780292973775855
0.6533952143217756
0.17870349050796897
0.6451080058829883
0.19488146507995185
0.19727340545071528
0.6509267391640452
0.6557465979121737
0.18485758407234998
0.6562490978650637
0.1876040673421874
0.6561275831785688
0.1909538788136726
0.20831048087957613
0.65534793185382
0.6550486308574286
0.6489694460708259
0.6523041457061967
0.18704804837871025
0.20623717355073895
0.6637661253911409
0.18251105998487133
0.65780501189921
0.1867887542074833
0.6546968275997811
0.6493335407561411
0.6499344616871264
0.18251105998487133
0.18335078536748908
0.6521519560855706
0.1740607129091995
0.1810053990112717
0.6491226968016872
0.654720756920244
0.22412975603152743
0.6533753715473942
0.6565085448985866
0.6535650729632392
0.6476877252568511
0.6487613577204097
0.19764188817274475
0.18935310237540598
0.6553395107111478
0.655722733858115
0.18788858849946866
0.22247889816391786
0.6500007776560874
0.18871992434261667
0.6550486308574286
0.6544600821056028
0.190846590610119
0.6513062342352471
0.6561444706353299
0.6505388246639228
0.6557465979121737
0.6515216419519654
0.1810053990112717
0.8871265174944764
0.18350773183197516
0.6485628141954305
0.6492152410104401
0.6503364787322277
0.647326988738981
0.21921837043313047
0.20623717355073895
0.65262969405613
0.1785579282530999
0.1950630991119059
0.6481658615244366
0.6507128325595501
0.19216536561632847
0.18341159565263254
0.20551962140446148
0.18141854924033957
0.6487613577204097
0.654519913295989
0.6560612653931155
0.6493335407561411
0.19186227076855317
0.6515216419519654
0.18716302088933878
0.6489694460708259
0.6529857121370407
0.18617412951486262
0.6535650729632392
0.2022180146885572
0.18330108531236083
0.6513523693048219
0.2730622039675503
0.650520674168683
0.6569960277493132
0.656538609759634
0.21921837043313047
0.190846590610119
0.19488146507995185
0.6513441680661305
0.16896537276920917
0.18165891595175063
0.18290421142750507
