0.18276689959872594
0.7949262266920356
0.5271534498368834
0.7533153613008379
0.21211685996521482
0.7884630465263712
0.6303630168052741
0.4138946900578876
0.5667241608169642
0.14450463305991318
0.321113038661913
0.21154810579609756
0.21652279296915544
0.17757490147824556
0.49362178133010504
0.7783183965971372
0.20216219427686716
0.22427995148127816
0.16253628377478557
0.3515247837719104
0.7554877314283548
0.14239667628942926
0.2456667852685878
0.2049078021746356
0.6817649120515069
0.21955601101399047
0.7960917930066682
0.7962307525230102
0.49443155164879876
0.7686408744903744
0.8764802236425333
0.16500856852460616
0.4400151115286968
0.19468356370768375
0.10562538983532832
0.1868397915233142
0.6196674548595674
0.605154955599156
0.7602393016571674
0.2059418161575562
0.15633156789680533
0.4622506625469791
0.8698071114175248
0.7725367854545271
0.1917193340792892
0.7872715802446654
0.9004288959077975
0.517459828091839
0.35220487655174726
0.7018632317310685
0.8224904003145403
0.48700067745566755
0.5075621216100943
0.5450113478096448
0.451148919224851
0.10562538983532832
0.35220487655174726
0.21725894371514454
0.4657761574611594
0.321113038661913
0.829907041910132
0.20386558261819226
0.20216219427686716
0.888284015383197
0.5610261101991064
0.28088356159200384
0.7338389688989044
0.5824538360983966
0.8827315834039673
0.5942549133961117
0.21211685996521482
0.455146681789919
0.6874992302562669
0.2215014972568089
0.3591478080843049
0.3278153591248005
0.1879588977192063
0.33033290152055117
0.7184197346783725
0.36229263519507077
0.21884083446086006
0.680764586843668
0.22126277043426815
0.27400741650162785
0.7936504297870668
0.5482677467605928
0.13799933733666317
0.42826892762732194
0.7184197346783725
0.5444843050094136
0.6551619850529671
0.7679471382555663
0.49944363187822227
0.6215749953171684
0.7341065200678003
0.4968735109342647
0.6550154827859711
0.5726419848954664
0.8443551429844804
0.6752004871769814
0.7567082979967208
0.22926685389780743
0.14138587223148757
0.6244482152082736
0.5866676773506347
0.7341065200678003
0.14065140418350308
0.7865035268870142
0.7061060529620586
0.2875725799064176
0.7602393016571674
0.18473859984538515
0.5450113478096448
0.10908912863003116
0.14065140418350308
0.5022993498783679
0.8134841672386385
0.7320464568388204
0.18276689959872594
0.8302108760130416
0.22926685389780743
0.6799543549251579
0.4437673990291518
0.3591478080843049
0.7865035268870142
0.19746821838876227
0.2388318554140919
0.2059418161575562
0.21676464523718994
0.11902557968488803
0.2104982422050068
0.2628001136986715
0.5959113164748954
0.7320464568388204
0.6024415220561266
0.6607201678462394
0.13799933733666317
0.6817649120515069
0.2628001136986715
0.596270428211451
0.6550154827859711
0.22268146370663325
0.6551619850529671
0.7962307525230102
0.8315052108967773
0.7921191509645971
0.8073308291136196
0.33565865419862234
0.6220416575289358
0.44925377394646004
0.5821805365372574
0.21154810579609756
0.7495040084376545
0.6840722648336326
0.48700067745566755
0.5398429321671694
0.871369928930586
0.8463299165816256
0.9088005847060485
0.725613596466442
0.6752004871769814
0.42826892762732194
0.3930796111070216
0.2104982422050068
0.829907041910132
0.5444843050094136
0.2722943043510928
0.4875827388568026
0.9290368256235175
0.7554877314283548
0.12875578498300916
0.45971550969132435
0.6784347612502359
0.8069577699515693
0.14450463305991318
0.27880635580214364
0.8764802236425333
0.2533642662711222
0.7791859785144118
0.6408642690074753
0.8409587047827031
0.4481894117451336
0.455146681789919
0.21955601101399047
0.5075621216100943
0.49362178133010504
0.8827315834039673
0.7876491807708541
0.9290368256235175
0.5398429321671694
0.3667708323966994
0.5756224850528918
0.7083888657675736
0.13467475102719292
0.21652279296915544
0.18847563291242736
0.5610261101991064
0.6548610009727677
0.7842947016533394
0.10138814552151737
0.6508436396555399
0.5610611468407434
0.05740841783235384
0.19468356370768375
0.9049286481890059
0.7921191509645971
0.8946373133417332
0.16253628377478557
0.8586458432729724
0.6337851420139446
0.693120078581672
0.7338389688989044
0.18695279659023684
0.14239667628942926
0.22526077766573305
0.4908176689214652
0.4622506625469791
0.5726419848954664
0.6591873259164023
0.451148919224851
0.8359597820904519
0.1917193340792892
0.24326263122701544
0.2166947676604427
0.18054252403039117
0.5993559751337888
0.5942549133961117
0.2215014972568089
0.17570422394882734
0.5271534498368834
0.027949245387971833
0.5022993498783679
0.5370698208558071
0.6654640403185711
0.20386558261819226
0.7783183965971372
0.5370698208558071
0.8802182580787199
0.5422314082688409
0.5959113164748954
0.21744889874486883
0.9010611051981067
0.485448695004258
0.80298894528816
0.21676464523718994
0.8409587047827031
0.8586458432729724
0.693120078581672
0.6408642690074753
0.2781863195334837
