0.24365111392569927
0.4255520947634636
0.630824376431377
0.5472670558131197
0.36622976928472367
0.4290502125038255
0.5159142752348366
0.4997653943436208
0.3469884519012828
0.38896455376495376
0.27953230078482194
0.3415325343515522
0.2857224277813755
0.4328692079777557
0.3719532146493647
0.40295970223993555
0.4598319440104507
0.19619086103225855
0.311515233949851
0.26037222015013195
0.4289110405180913
0.3382314925215939
0.2178630422523443
0.48957636894884365
0.6594811584190572
0.3699817317068788
0.40318664497017687
0.378107273824238
0.3434951262170941
0.5136759533969393
0.5779394387634574
0.4800580983811898
0.2269316231537826
0.1276155490172706
0.304483247943682
0.2602255575588453
0.6462906405288664
0.4372669734414599
0.5620961698039494
0.47988840554862716
0.3351266302569958
0.5309461588556753
0.38770823647629415
0.4592584650392838
0.3193465713612396
0.21202646355413138
0.283596786073851
0.5897630683319951
0.3811794358527246
0.5623064739575773
0.7812061233769052
0.6611056651467717
0.36416430512260706
0.5780536230902668
0.44451744668880855
0.14919411630438273
0.40921447224128454
0.4733389081721714
0.40802129240756835
0.2979951441506219
0.7654563424407071
0.2743263421461831
0.38418238702959706
0.3693740878408846
0.36975833256786955
0.29111861348903517
0.4112572134104616
0.6936004484629134
0.3435982336063696
0.4528972352446549
0.4317744663264592
0.562102113325123
0.46648743378099244
0.4844081318928094
0.33856983236182164
0.07365637024260328
0.4329077601278634
0.22004167109275255
0.320961971445217
0.31884245749761925
0.32686219595871013
0.31187427881458113
0.35170327640622506
0.2818216517771634
0.34352861614255364
0.6544817263566822
0.35147217165543865
0.671666713219328
0.44441390401523984
0.48919024311697473
0.16443263834430047
0.6171314962022832
0.5797651735228123
0.683062406675121
0.40688870309377856
0.7687017686763026
0.4406396819334365
0.43724095982228256
0.5433280649508586
0.6717957791738819
0.4470668872572101
0.25639624482019374
0.3098432756212994
0.3902429518070519
0.5925726017276488
0.6420062838951182
0.28683204990448113
0.42911265370761476
0.6323239749750796
0.31952854772207573
0.5454430542673813
0.19008545351387304
0.5623166068710502
0.3857204831310157
0.20572696339492666
0.5311462620702062
0.32073587806472215
0.38710566493263293
0.32781652215184315
0.5019553315106058
0.4133062084016181
0.44508814911497413
0.5822054116512444
0.3267053483248606
0.3720138078333791
0.3195916289088788
0.4323480642885743
0.3433936427059298
0.30940876827309316
0.21099847178426193
0.28581957590811896
0.31908616959914715
0.48279539878507527
0.6170852698794929
0.4626219159731463
0.4996174501072084
0.11777932267775276
0.5362949543261852
0.1221968578361716
0.5076941110488279
0.5623470445279967
0.22658121330630052
0.5270841326879232
0.43963926145651505
0.60605714674605
0.6717836812539192
0.4911565566159337
0.10257723375764555
0.5337283221617526
0.41024005365395333
0.4894833887820273
0.25050881789078155
0.31477755017832765
0.3746873708795973
0.6847782134469528
0.3191237318663988
0.6718514078324865
0.4446442333359058
0.6418573558820767
0.6137031920929824
0.5960043304460965
0.24398846737441396
0.5311155509283274
0.4843229833254432
0.4566341515296413
0.3980754400167428
0.35178301145008856
0.4626969504973466
0.47476347952865783
0.5622022306467978
0.27431681082278
0.34345711584493804
0.6060966718562798
0.38202730835440313
0.41022094888803884
0.07775936839989299
0.6168372398050339
0.2240236362301237
0.6377012848249114
0.37201747105245014
0.3721331557598708
0.4254105266631084
0.5925511001519358
0.30685100448337105
0.3432812983486698
0.4471106710563351
0.5854521083996843
0.3171100881414716
0.5272906415283543
0.5533880897158765
0.3940135768427092
0.5896103906671831
0.4527894427721819
0.2571151465893091
0.31935404469483947
0.3974327436823827
0.4893240734041876
0.5137861214045508
0.28376252095229904
0.4133972919264573
0.4371181723020977
0.5764090224430845
0.24386046185035284
0.30490551204500355
0.7144915021065574
0.387152499919922
0.1956749806136957
0.23061862634985128
0.5797532561086476
0.34358201421417545
0.6188383222784192
0.4373814629111841
0.17517645977683158
0.07884514504868452
0.29611145111005155
0.46272858385556276
0.26037340130164177
0.7083042180422593
0.44937745771958215
0.30205613721913915
0.4746853853146661
0.3518107032540537
0.2980159798838818
0.3192936764991444
0.18997897861513735
0.5310466153355395
0.4528986675957027
0.21084151432012713
0.20081070076861754
0.343312866644208
0.06783485694367883
0.43736642739697185
0.4493903289441477
0.48835021974564763
0.5559043471437777
0.5623088197646096
0.25776824388360753
0.5404068242232422
0.42064457966824714
0.5367697249871903
0.28366160941354057
0.3435057897257709
0.5897507797541156
0.2217922723606419
0.3192443407361233
0.6873061137426143
0.5778901884395745
0.5404739234206513
0.7375165122662245
0.30854195218990965
