0.1852057383837068
0.16501213636559248
0.07089387827677182
0.3510477081228858
0.3870278277649253
0.16070942167502872
0.2794303327018707
0.16772825567383884
0.21736823363128102
0.3093992648886852
0.3459429067805484
0.2063585059728589
0.2686875120629768
0.19729799810343904
0.1523319210350796
0.20995743501025332
0.44466146979205573
0.1892572044604887
0.28583280703429675
0.2395157410820975
0.11119407351696219
0.22694263082205804
0.07493412322034965
0.2550469904468648
0.37903634078811177
0.32499837009529026
0.1398633721168016
0.07605498343555268
0.19288291350558112
0.35549995114600574
0.10636187914996356
0.21583430156696012
0.09411766227395892
0.11150588072195769
0.09002532939049156
0.1478607599897425
0.24830512864811444
0.13937113188285075
0.3476048040034782
0.3556206495218735
0.3242440380564963
0.14212543314007467
0.1402620089084611
0.16050384351677421
0.2466899540503185
-0.01656522490887806
-0.18172161710013154
0.2783803574536995
0.2718586579746343
0.19085553854630843
0.35242110064954746
0.1758363274497731
0.3440488722787689
0.3862313252210838
0.158938954609151
-0.01211175485159724
0.23424800518428102
0.32984923053171517
0.13507590426812582
0.2099223427755524
0.4570925789723056
0.1822858061050537
0.18068998739777534
-0.002662460783796008
0.14795921175060617
0.0859878916457744
0.18599971774454005
0.382507240894789
0.05830697380937274
0.16036383614504532
0.2860723961271849
0.36391248018203254
0.24813630603613865
0.4612114600682626
0.19717795348986078
-0.0010943782418731892
0.40271434475029505
0.0970657705345469
0.2137008980162506
0.31852839259458804
0.31977090613042186
0.05289548035182395
0.3256972213432665
0.27034913751722855
0.021280476092549683
0.3765199957345951
0.2612931262422049
0.30070044892242276
0.2780532187919236
0.3696408421967789
0.038475944822773715
0.21720492502100316
0.11614962437096762
0.3830644008360493
0.20734493736622386
-0.03264589197306647
0.2053850162399356
0.09971019090213128
0.24987726589338327
0.38565011281259104
0.25411828875445464
0.16790032515929038
0.17108050131368963
0.12206211169340933
0.25447333006769707
0.3586145462114048
0.07684179164398022
0.2501113764507778
0.30487016951877094
0.1948094174447235
0.23583943300350255
0.2260829052734325
0.08922874516966924
0.19032835637067355
0.1683773951180165
0.23315487723602485
0.10990422678239527
0.18039948714160445
0.26321653438290943
0.07459209811822926
0.22671980589114013
0.26112823964886905
0.2613909821322765
0.2030373155293363
0.17722202397699988
0.2276290867032865
0.23087250545528504
0.14975561374237356
0.2337783673385298
0.09733922985887918
0.17719240532765312
0.3147698092486345
0.18901058720358047
0.3651463558849645
0.2924608786783273
0.11340634523124271
0.06478263179168568
0.14817063605382189
0.0720748715491083
0.3259043314558339
0.2124048684879732
0.25516943821428173
0.2822546079825767
0.10641123961835021
0.21082499158736628
0.3832011627651429
0.25929903463353016
0.08521895376085499
0.36617216607458886
0.12184277916555342
0.16983620982773454
0.16304640279149743
0.04947023492742778
0.1742969597438077
0.31723127863522516
0.04452164981684415
0.1504802628955376
0.12778411549436128
0.27862056684442343
0.2029962789659636
0.20045293388173752
0.3308490055158077
0.05468608915466207
0.3558420266871521
0.053388242676541846
-0.04641672264136434
0.2922591047135515
0.20013980435400944
0.035947062765248124
0.31357695737479513
0.098608486282907
0.09917976744425774
0.20619296509730187
0.059702309193925995
0.25301186603498943
0.07645706259456088
0.4115596343658212
-0.10130537351410127
0.2929695186284675
0.050047540823177125
0.1985733758437238
0.17689298227183556
0.25990468754389245
0.22664074560138958
0.04045334160306442
0.06315864183851894
0.26833569109622063
0.09252644445686822
0.21446220027765617
0.013209085199753572
0.2852298464479632
0.2137328053269112
0.27761147995349816
0.1718894654273795
0.23611950455514516
0.3135462155603904
0.16073145424826604
0.23795152892181307
0.12703430333264326
0.24490737124173767
0.22028532786772442
0.10705240972313095
0.0570722428247576
0.22938721930084138
0.20728220002526707
0.0511208227317346
0.11325341002431703
0.10926962844454331
0.26145370226882225
0.16901008325502434
0.3941952575486713
0.12228175902989714
0.14996934942774684
-0.14874356284604753
0.2533425868886128
0.12681659707507753
0.20408394286289622
0.35679183381200497
0.2745240615468696
0.16582647638173512
-0.05374326542639661
0.270972163194996
0.17639320686171484
0.2861794756705206
0.09768610052227249
0.23310353548324753
0.13120383655763504
0.05268390877894462
0.09455434781805815
0.23940161845400462
-0.20155101896273192
0.2699274278786675
0.08277866933474165
0.18830543995023935
0.4246630101023677
0.20613020346615585
-0.023172648336232043
0.15520331564070397
0.09068615082943211
0.2696402797111662
0.195176524612565
-0.008195433394484086
0.11431654177971509
0.018336835027628885
0.27639011694118576
0.2290115319418662
0.30035772171423875
0.32290993746425734
0.4232791317543546
0.2444048126607556
