0.1904000275125425
0.19227888190620684
0.03202547433043106
0.20497553507464583
0.29134460168477666
0.021636498311018694
0.20793327751572382
0.15945536174841374
0.12140124687193499
0.1568191065525752
0.3447233025773495
0.2051006898764221
0.15909388928137252
0.16889449216580685
0.08802660866093427
0.16509536396510047
0.42969620571438855
0.2615239479794119
0.2381414506399124
0.2721750647050261
0.11849001842883933
0.17593817215846133
0.06867368542813923
0.19780204571090737
0.32241468874725665
0.2646529827935706
0.12661098216279557
0.041846700763102894
0.14854025494768472
0.2854435213061087
0.049381875477532644
0.1928229160946429
0.11171491360746953
0.041589560444790424
-0.04116440652488435
0.0592682514338054
0.16026717778172242
0.10706369556672483
0.3493493296860788
0.19740554375443908
0.2864577820516588
0.3446744195144408
0.03741223026949652
0.1560100566033943
0.1861965177060148
-0.15751605882970868
-0.2621532360984621
0.33528268835521213
0.23994547934187463
0.07431369363215856
0.3283248592558188
0.10283165052984705
0.3033434124968886
0.2693679975900783
0.17598827801388192
0.07610811646681104
0.16536807817084495
0.24500030664533318
0.20397952192559307
0.08382144430805913
0.35500621963155155
0.0877628087131474
0.11073745195668039
-0.003021747950125282
0.18536569806861528
0.06656706139685568
0.2635064537416476
0.30384081666648516
0.12448262654924468
0.1941120504162049
0.2124671268392743
0.3213794213842457
0.2307618664646372
0.35119824019042734
0.2031700136429849
0.0012364043206641979
0.3926385284694057
0.06257840003967066
0.19111086805737026
0.3953226015744814
0.26327964004601845
0.07371611687547766
0.232088625109869
0.19364837450583267
-0.025076862041993362
0.3605399087813154
0.2583909764333274
0.2196674931657189
0.20032307722787726
0.29699919610233094
-0.09246992477821993
0.20053585495344084
0.13990676792923387
0.3127453647078356
0.22575219653301976
-0.049851044820007594
0.16954737626491387
0.15863507582962166
0.1926888063746586
0.3621624297576712
0.2005615326295557
0.12261740270250669
0.07026365446608196
0.06593482987147473
0.1598160877184703
0.37141587927393593
0.10817129897195994
0.2377395785748522
0.13891329760165877
0.1331223570214001
0.19777742917868177
0.21492628276655093
0.09435679593889058
0.24321618139294374
0.07493988752858093
0.12215990199141359
0.10977711815269896
0.09900365907891935
0.30608642271718883
0.09952121812263393
0.17649466693046628
0.1946641742573003
0.2504484930678873
0.21596175882552146
0.11760162347763954
0.2506979975445742
0.2337567801166937
0.14417562197234812
0.17166021429033834
0.05320978873139993
0.17709863273579174
0.27890552118569933
0.15953814744193703
0.3287978599829369
0.17502892839494158
-0.07342483369182867
0.057298679255305504
0.1505853542644455
0.047812672319403074
0.2237138165028185
0.22075965541864287
0.2292137633255126
0.23393600231189296
0.06454953940282276
0.2972845542172194
0.3963193696834238
0.21620921569849746
0.0389307218684718
0.3493043696245879
0.02541433437221975
-0.0695402124516308
0.14447329815509108
0.028309119901854852
0.20554788288328082
0.23552740424552918
0.04049326679928877
0.1545062772728208
0.07475679470740809
0.24344596899932983
0.1884632868874485
0.21746980370742156
0.21810955105596247
0.0074065657961529295
0.3618347070223074
0.06297485379657294
-0.10225461496070203
0.2480905730394452
0.24827900731626007
0.07634032575527404
0.3003270795972143
0.034772104546596856
-0.0030575889479504464
0.17730099547736544
0.08195435172953022
0.23911090653099717
0.06846264022171808
0.24796470847981825
-0.1692332599810836
0.2628138610514305
-0.11775495207650369
0.16308272119904502
0.20035565857362583
0.20080947826809908
0.1543309857552958
0.016378146186807517
-0.021125404457325147
0.14780408245783455
0.015332565054864808
0.21283212971480897
0.0416813509734607
0.3232599178104333
0.2758259781747672
0.12136790581132643
0.1788328673613151
0.1793397240671112
0.23903817009033607
0.10152928302364134
0.08679389968840898
0.09463413050054395
0.2429455373655563
0.2018958833786874
0.09684192257136943
0.07975178146838718
0.2408542437429848
0.19440568970787886
0.1044717680787543
0.030503872622445305
0.11498614164103438
0.34345005472609025
0.07897192633384102
0.20268629097183471
0.12914124891951398
0.10657940812253122
-0.10819592573455221
0.19906292612885582
0.09366205629199799
0.1713148423187015
0.25385826398658623
0.20338832877174953
-0.02648663860068581
-0.1023286478511502
0.25213740417124025
0.11270314576020361
0.23325429376196735
-0.03875284922954366
0.08955239712428116
-0.06278616471991753
0.025280618496552474
-0.04639526131582557
0.12464823227337297
-0.25175651025136786
0.2495143995271954
0.005547895547278471
0.21210878520905946
0.328049260219207
0.1899233099795398
-0.05678363979723739
0.15591887976178934
0.07875186629116462
0.19445648135645854
0.1476672351639796
-0.024789276086928626
0.095565202986656
-0.011666790028050357
0.18938399424366853
0.15089132321027138
0.270628943566902
0.28731633241382115
0.3206402610392244
0.22889795805426902
