0.22697645587865922
0.22170816288741985
0.3920518858311973
0.34846717612535366
0.4031582637995661
0.17730804632965108
0.34401005587632083
0.16598518757524508
0.09543065958702864
0.3383126356697471
0.37468143494876427
0.26365573008635274
0.29855412530307185
0.29491919352917023
0.12317904754520276
0.14666978055952382
0.444283779548258
0.20259086538657314
0.3067765136738255
0.2130106469022342
0.23449101638994452
0.19951102006072052
0.06993036675774252
0.30595055203879273
0.43498448557115377
0.3286480382682808
0.1747668324522117
0.10293150321558027
0.16904160106225394
0.33078762181247673
0.18225392889886635
0.2659246265988366
0.22818471797621787
0.08076250358430308
0.23249666121350654
0.19993820937831894
0.3681971492678363
0.2115258516251919
0.28420186556133553
0.34992088128099263
0.36220802321715007
0.20011821760821838
0.13135133981051764
0.20903370835670104
0.2662215472856804
-0.021516039945938353
-0.17242495508970154
0.37070508016230996
0.2979169031004455
0.29543280916020387
0.5029010696785904
0.17500847651225168
0.17861460531293727
0.43803731434471777
0.14059242398388194
-0.003851436655986316
0.1881053185285432
0.32186247077257263
0.24004821918618308
0.22673578411701287
0.4770415652466375
0.25636376631633295
0.20794871159283154
0.07941333111446233
0.19110727715005918
0.1879409456627843
0.20158978513179474
0.3891026369921887
0.1052558000211682
0.12858214136489898
0.33004296477971334
0.3152538698796012
0.28247056940313314
0.5105415994239749
0.2407792387212088
0.00952875249627522
0.4268167006003813
0.14797921202988107
0.21809596423939784
0.3571078969919509
0.24662183439915336
0.09883768944615164
0.2976741593624979
0.2885114354879195
0.02271887712993451
0.3916977471468389
0.28986855215495555
0.33935126823699896
0.24625673008880783
0.3722113483104491
0.1813847760971963
0.3263706587301309
0.16059505285558398
0.4479279661481575
0.23387804945418011
0.042593345097801105
0.1974253130112329
0.17991898633513237
0.24029601552440152
0.3987355258445164
0.20789678819746843
0.21429429190440372
0.15378356292982795
0.10581334463987667
0.35282462758340155
0.44208940388548273
0.1567154229827643
0.2646402001100749
0.38613640559837265
0.189472295810932
0.29925884500680444
0.1935917323561664
0.1778402769583096
0.2759407509544399
0.09868898388024257
0.14478244261999398
0.16711111449122498
0.07145784027098968
0.2510163483826943
0.2144347583103636
0.3081243323620486
0.2856528545673168
0.2659721384708391
0.23069700051947933
0.19424146721038868
0.22238802349564463
0.34336573184534863
0.24734931377921454
0.24949825055192942
0.13866421370651064
0.18855971047625267
0.2834187611721174
0.2617247509531518
0.3288885091936479
0.28543734950300864
0.19871597667630697
0.07603892505328018
0.28453062855666944
0.07650275115575532
0.2789294746946465
0.28041922917987505
0.20888572792358878
0.30725072357784844
0.18441627282038148
0.21720966960110144
0.3410828160691383
0.25271089171635785
0.10971494727590582
0.4299895082031646
0.30498836019349523
0.33494564223487017
0.18582673067032207
0.055516120594688446
0.1980670037387257
0.3463991128483412
0.06417476000087416
0.26093659355936066
0.1414145199368524
0.3470826471151526
0.32916528628576247
0.30922138271155375
0.3060283179790613
0.03395253166116581
0.3777959580228682
0.1268967847201015
-0.02167693524782055
0.3105555304135468
0.15493219452336107
0.05161259676450981
0.31241481574597396
0.13621923980329292
0.05103194354760307
0.2274953770305216
0.038835247189872774
0.2788203387634645
0.07373564179714125
0.3745683677714485
0.005619540408169985
0.2805487365436441
0.19538101290778515
0.12120367381178558
0.21298208882478095
0.25904501135377456
0.2603587486276534
0.10445389625221871
0.010810836155589924
0.2874185821300362
0.06136785030831718
0.22510575818856524
0.1412007222859493
0.20500200977263267
0.33346484350854105
0.19777534945908323
0.23527104781937463
0.24076709645485786
0.33691849492425646
0.13332704697222464
0.24690965987383034
0.0833584671130337
0.38911476745249446
0.15040797349773202
0.29895722192253527
0.1240348272142256
0.2675942160640898
0.21679880392891054
0.17582699468260518
0.12778807976757176
0.06488813368325864
0.22630579412862012
0.15323063593279435
0.3424195114508722
0.24142648001685071
0.17411013305934098
-0.049889873382991654
0.2262261483408962
0.17026391947410835
0.18930363754593454
0.25971117370658753
0.21193099222746364
0.17386362291778304
-0.004676030060998775
0.295137469589792
0.18886113254626424
0.2576377939640745
0.047759872554317025
0.2735136973293254
0.2298280002278397
0.05538577446376701
0.09219979308996426
0.19460711563848088
-0.23732954333254563
0.17815402425132484
0.15737777823216487
0.2384775905759893
0.4514405006002412
0.26281255665676
0.13131766082456836
0.3244867958665022
0.11676627480314633
0.34358813568961066
0.24949638257141063
0.09508222123754008
0.3087068114322559
-0.008059226112443852
0.26060195216333015
0.30241540495254543
0.35121690876283135
0.3138608977779334
0.5038882771286153
0.2555359223186887
