0.208071577074291
0.16485952543719215
0.04283236250179045
0.2861802228190102
0.34419441484749097
0.008273476624381217
0.2114282640642834
0.12390670047364385
0.11162543744950547
0.15126932933678372
0.32920998031040827
0.1917410431807989
0.13998994208338023
0.14893664127134826
0.1255861376062328
0.1522271266402705
0.4280056601928609
0.23359560277845945
0.21610677728137098
0.26320680005984176
0.16463247930103708
0.16244773748344557
0.05729845468368889
0.08303421273998465
0.2918560354694791
0.2661580279129017
0.13437609887279633
-0.011091696931496685
0.09978649951154192
0.26269865290671857
0.03541470328279756
0.11689800155956524
0.1031280797250739
0.03399349704823718
-0.03901223328302415
0.07669642672764296
0.1858375553818868
0.1334958232755479
0.3408405380353203
0.15368320094160992
0.26667448012685674
0.3449962651868788
0.023298505170957707
0.15903327154423524
0.1628593185284257
-0.17895875492022428
-0.23747003793194257
0.28374863969014125
0.15312835979215764
0.09772872332198204
0.34353176699522037
0.06803659737296132
0.2537683016440517
0.20334915027597658
0.19877587552829107
0.054638807078067314
0.12987019663537686
0.2531707413822048
0.1656036726179132
0.016765723244002124
0.24854448236831764
0.1085888323319574
0.09247015791158222
-0.004213585612520779
0.19250813610460313
0.1018594466842447
0.23793532304782627
0.32262689287518503
0.15038357320452508
0.2384940759549952
0.20347788115512136
0.3066646082060456
0.2174260416726685
0.29172673985710396
0.20169163085519703
-0.024036510895062868
0.40140678234465293
0.0435127666997662
0.1372314235770285
0.37069717858935397
0.278070875070539
0.06665025924598321
0.18086338112034722
0.26619403192227875
-0.0879603001550491
0.3175332303149787
0.23885536477025854
0.17273842124090064
0.18018509841861466
0.3286729107273907
-0.08478359939049337
0.05351018387083691
0.1308449338816396
0.2823105639026672
0.24987808960892913
-0.05821704800658471
0.10536817959398359
0.17871373392531348
0.17736548181823117
0.3511332945296756
0.17662570653232768
0.12307065338506702
0.0805289049287864
0.07252630190087504
0.1442109258820959
0.24172182920411106
0.10057307262264202
0.2785781316062775
0.15561828913911188
0.15816541986156338
0.21841445427990516
0.2107107275652288
0.09463011457969493
0.2006623962774706
0.08162717601287088
0.182661723884117
0.16963638500213798
0.07972847429279413
0.30840879972200663
0.14813948513740602
0.15556233773453673
0.09408114766656545
0.2323271458332923
0.23630861321097546
0.11645888929886743
0.2213483201523898
0.22566336355500036
0.1467967414119744
0.18001643003205373
0.025050364159840598
0.20839501611330788
0.2396391847807965
0.16329228492963194
0.34350359090798616
0.21842776522815946
-0.09924827503286127
0.02167353899624884
0.19503137853361446
0.03847383095934461
0.17241772172418068
0.22820242698160464
0.2565126985268052
0.2515673245424065
-0.026019528700699606
0.3419014060332612
0.33035269611743473
0.22710835397161305
-0.021102230242054706
0.3868705525572234
-0.08511438870565147
-0.02626494370169162
0.13498667336000067
0.019087487555416623
0.19570200895586287
0.2738868916525731
0.06383415073557139
0.1696524705013154
0.04142601668404486
0.2469059720467441
0.08885535796719729
0.2630565784223516
0.27788014324523364
0.04406457997257492
0.329765576187344
0.04319205312430041
-0.13524851403481403
0.24944259540849378
0.26852564783410077
0.09599074204364576
0.2651437246013189
0.008402668864912153
-0.06055563364998213
0.18127711763627877
0.07161074943938131
0.17483761376631804
0.08708704370770852
0.2726757518309832
-0.18051842369409918
0.23106520909240413
-0.14477349521660576
0.15173646233345806
0.14913215166322114
0.24423387495903348
0.16062717956596656
-0.024096408652643064
-0.025440372653117656
0.24124340906254535
-0.0022176710740046744
0.1612546354837024
0.026212685977035872
0.3557216034395694
0.2897816583693159
0.11267131910459698
0.16327911750819163
0.20651308996327397
0.23568210054148472
0.11991726493682872
0.12513437623492518
0.07118369850447491
0.24659193062831403
0.22557390456887366
0.045343372761234374
0.05675887482419347
0.19514123605362307
0.18846907442275668
0.058650516447916225
0.050620214018844555
0.04752781870352444
0.32096540015393155
-0.024196790115172395
0.2084156491540044
0.10537736415496148
0.027994857214577503
-0.09165963112954317
0.1979294260367427
0.06886839796244691
0.10880281165513342
0.32327839216685206
0.19473407086084418
-0.04150766121145139
-0.14924535906542225
0.2238362836019687
0.044440787734913924
0.2162201341292685
-0.032654252870984245
0.15289718498203156
-0.05577583088890085
0.017873079682546655
-0.04132683548634743
0.12059828986605768
-0.2514161077482676
0.2335929228081215
-0.030201090882046935
0.1918773293649813
0.36350543029601096
0.1927530043891748
-0.13899702543335096
0.15023022169850025
0.039781309582190554
0.21405874477813278
0.15069766155647543
-0.017240003053122302
0.06454924457488012
-0.00394307010457462
0.18996323347520472
0.14076608096988513
0.17322934830727385
0.258857844696464
0.09244775494262857
0.1960416520408744
