0.19432613281689917
0.2229271292610377
0.3599059502317019
0.8163926293626496
0.7072380268176763
0.7440306433696122
0.3422401836643334
0.5884947687378311
0.7323375674187252
0.6026634062781872
0.5600277710745424
0.7122512304671151
0.12314097285397832
0.3889184040230554
0.4658321633191258
0.49620030710729807
0.8283327918556573
0.4198791987807508
0.12855853017503172
0.15123704826303985
0.42240310518860325
0.4698095304917001
0.15123704826303985
0.9123607730086734
0.8739681275521736
0.3713490649724306
0.1060740231800127
0.6453007421432597
0.10668157684842094
0.22582729858699746
0.7689249409428349
0.02238156576714989
0.832731888099228
0.832731888099228
0.0882348907736558
0.17452767514423803
0.6994658070034971
0.7816764437301776
0.04939871333764795
0.9740463882932568
0.42729808891403787
0.7677553325596967
0.06895561746883902
0.5741043276063711
0.10092572772182923
0.5224275955425193
0.23014305761066375
0.5741043276063711
0.11117569749264564
0.737022002130068
0.2992322997198983
0.878227205756375
0.7111033402682255
0.6358121986222837
0.06641981102817507
0.23656157543816356
0.46052195615311703
0.6799832577331202
0.28033633370011724
0.5772691580023447
0.5042596422969821
0.8168812925989472
0.5623399715498338
0.6315502273243667
0.6064784788989367
0.3698381779445015
0.3698381779445015
0.8471843323753331
0.7060821574372147
0.5600277710745424
0.8283327918556573
0.618395364543547
0.6994658070034971
0.5068489651588672
0.8362425483053539
0.6064784788989367
0.0772375549474853
0.3665979343817114
0.6781092464155355
0.6954273689507655
0.5623399715498338
0.12361962476944638
0.2529104369794861
0.7352912240743027
0.1612587042897371
0.8448491688416087
0.6136918319916859
0.12314097285397832
0.32247121965270975
0.7173393324469429
0.6178312463637357
0.5772691580023447
0.558821902040026
0.789787271530941
0.6146490566366323
0.49747914596137655
0.5287871000599551
0.664662666386661
0.5282014412703593
0.5959121848560851
0.8044656882900723
0.757834116001612
0.5335595985761099
0.10694794880540855
0.733413147917237
0.11093146398146958
0.883977624931233
0.3619381499640864
0.883977624931233
0.7072380268176763
0.8258773580434191
0.9365449727059214
0.10267357897262092
0.20155069576526033
0.6921998298838318
0.5287871000599551
0.8984525287400944
0.10668157684842094
0.664662666386661
0.1122007103728153
0.23014305761066375
0.2229271292610377
0.5191172269097355
0.5282014412703593
0.9127056464338765
0.11945034940197197
0.7677553325596967
0.2004662642690922
0.6650101530401256
0.5042596422969821
0.6440335010132812
0.5086571280753501
0.8448491688416087
0.7797071679453487
0.4793738300647443
0.15106443893208055
0.9590111858332079
0.4698095304917001
0.4756890835447696
0.6287410668539719
0.13681981461668025
0.5659467120820258
0.4883347601654836
0.5826875473645996
0.6182606756325791
0.5068748003606587
0.2200612166293453
0.5826875473645996
0.4883347601654836
0.7699502771723785
0.3004568496740905
0.25996237548999795
0.856373660415875
0.04939871333764795
0.4132869603466621
0.06857668501075187
0.35598430854167684
0.46052195615311703
0.8927613457590733
0.05120325479255844
0.6358121986222837
0.40693058300497664
0.7763686071404479
0.16485614789882264
0.12971815473949638
0.4112053467499593
0.5795971320101551
0.929502836912654
0.7061314237991038
0.2200612166293453
0.19432613281689917
0.8888603536586924
0.2339256064317028
0.8143001605391317
0.10694794880540855
0.5777502283835072
0.42729808891403787
0.8603607772478977
0.09886224343384634
0.0882348907736558
0.8449435574827424
0.036441868012453194
0.3340983486715149
0.4658321633191258
0.6440335010132812
0.35717282412340257
0.46046661711543163
0.3637051571853388
0.8927613457590733
0.4132869603466621
0.737022002130068
0.15172572559350841
0.238021601116144
0.3889184040230554
0.7352912240743027
0.23496394656479147
0.3637051571853388
0.8485016355000046
0.24510265356548688
0.5137151232966346
0.5451412561680744
0.06895561746883902
0.4793738300647443
0.7216847663908768
0.787487079468369
0.5128333222800813
0.688537773723161
0.04706940883323685
0.9740463882932568
0.25416792815570677
0.46143013896666285
0.49620030710729807
0.46143013896666285
0.8984525287400944
0.29828078936991
0.05128628363918242
0.9995233484240581
0.08961052845921125
0.2529104369794861
0.9847337459796554
0.5086571280753501
0.09886224343384634
0.22582729858699746
0.3004568496740905
0.02238156576714989
0.4841499090752186
0.8854718192557902
0.6793307478560197
0.6315502273243667
0.02790044220102572
0.688537773723161
0.06641981102817507
0.856373660415875
0.6834285151284265
0.0772375549474853
0.789787271530941
0.277312903768738
0.15172572559350841
0.737789629336111
0.17509915359270278
0.5068489651588672
0.782806201030044
0.4432765330502081
0.6077634102746634
0.3623192167451852
0.15106443893208055
0.6834285151284265
0.3530354557860569
0.2004662642690922
0.11117569749264564
