0.33988562328026706
0.1937174562358245
0.6454521741206223
0.7818015181949791
0.6401566700928494
0.7131758596191091
0.6377728694549337
0.6803368597764641
0.6371228320302412
0.6947314681547817
0.6385191912668898
0.7933192230797858
0.14640314273242752
0.7131851002101595
0.30169230029865757
0.6020699135389579
0.7200146568232217
0.47061206351420426
0.15198090645962126
0.14821209889555442
0.4546039307697961
0.6580904261879819
0.1796846041762739
0.6598832193525876
0.6676762710573585
0.6763793555760141
0.19490185997279474
0.7200146568232217
0.19940501369845456
0.19940501369845456
0.6833027005109316
0.1453142027655296
0.6537815162110032
0.6588012273837771
0.10632150974988558
0.18075177607848053
0.607227804311621
0.7131851002101595
0.22967950769778478
0.8917849841890175
0.629582215842077
0.6481535995221016
0.19552422729069635
0.7631025962943851
0.2266494108410047
0.6542809864475452
0.17044179591653447
0.6357478927899298
0.14559607763066104
0.5565192888150181
0.21660168177966582
0.7270100043280304
0.622800861090272
0.6735005784424277
0.1453778706047244
0.17490811919611451
0.5338307450555779
0.6691211628219857
0.24682912093728787
0.4497596521631455
0.6136412728827702
0.5213532667478027
0.5986526784654229
0.6341361036037628
0.666060288738711
0.6370855209572113
0.6788212112518668
0.6164244664262933
0.6763466991516462
0.7405954052630473
0.7626679171667208
0.6393218115752515
0.6799568249383336
0.6339456238828193
0.7023819373374254
0.617770612380643
0.14505688179712695
0.32079283223866106
0.6598832193525876
0.6586105262842719
0.6420103163676606
0.14821209889555442
0.18075177607848053
0.6735005784424277
0.1653786151303802
0.6443607129735444
0.5929748941476256
0.1705239333270893
0.1838130954711507
0.6212439543367969
0.5391032802711496
0.620272233699259
0.5997084155648047
0.666060288738711
0.6391198225697765
0.6630489861394082
0.5787605082242332
0.6716003619591029
0.3975788979838779
0.6391198225697765
0.8817384370616401
0.6714116555271383
0.7761759874834905
0.17361166301488684
0.7051301538758092
0.1774881511691611
0.6619547823283578
0.19505860250044593
0.7414549288154059
0.6394210179210256
0.5397568425482265
0.775916435037709
0.1803215911790721
0.17044179591653447
0.6077194076737837
0.4126228851350807
0.6344941304306766
0.1705239333270893
0.634211996117777
0.1653786151303802
0.18711479409303883
0.24664350950434932
0.6385191912668898
0.7376449494155728
0.6370855209572113
0.14640314273242752
0.6276907019168614
0.20960774728045029
0.6377728694549337
0.5879607341902888
0.6136412728827702
0.7221547410218325
0.6164244664262933
0.6788212112518668
0.6077194076737837
0.18520247900112569
0.7933229078598586
0.5335231906395365
0.6145503269783844
0.5446638669177989
0.1897026441668058
0.6339456238828193
0.6276907019168614
0.5768422761143193
0.6262808895276712
0.5726998110113088
0.18340317480757062
0.7023819373374254
0.2491490052389856
0.6341361036037628
0.21026423425519802
0.1526693878504362
0.6947314681547817
0.16466857126498813
0.6059874058454512
0.17845313355544085
0.2821923485766562
0.5873615336601256
0.5752901219494382
0.10887754331518498
0.7933229078598586
0.19552422729069635
0.7906348081894601
0.18264227717649556
0.1453142027655296
0.6537821138025952
0.6833027005109316
0.8582155494734827
0.6672196759712196
0.24664350950434932
0.19490185997279474
0.7933192230797858
0.14913387936110328
0.7405954052630473
0.2266494108410047
0.7485254906720151
0.5061509023864273
0.7078009083208654
0.15884284254644648
0.16293418627110345
0.6094762299633243
0.14913387936110328
0.17005774214878644
0.6357478927899298
0.6366333067828422
0.30169230029865757
0.5873615336601256
0.5245589444537455
0.8731511174108528
0.5424384285660397
0.7376449494155728
0.17052863061821077
0.23840919641828073
0.6424608759779059
0.6716003619591029
0.17845313355544085
0.32079283223866106
0.6353342034790147
0.13786349998571917
0.6401566700928494
0.5726998110113088
0.16452760458881902
0.736703352637827
0.7783370579811495
0.5565192888150181
0.5801159303142219
0.6630489861394082
0.17005774214878644
0.8917849841890175
0.18711479409303883
0.6353342034790147
0.6020699135389579
0.5245589444537455
0.7297853769594969
0.17052863061821077
0.19260547260674074
0.5986526784654229
0.13771468757649824
0.33988562328026706
0.7395380567470251
0.6556539703609989
0.13786349998571917
0.19540192903314374
0.18340317480757062
0.1445963773281169
0.7118298171824124
0.7078009083208654
0.6454521741206223
0.6580904261879819
0.12704030438533578
0.5838675933786568
0.1453778706047244
0.7314131178257653
0.6311836768459922
0.13020160346048187
0.6712472450572022
0.18845050649830047
0.23840919641828073
0.7154216340307874
0.1658340598053178
0.6126182368465267
0.755748655764199
0.6043304627832202
0.38805663349196146
0.19684798060832132
0.19597461109315606
0.6619547823283578
0.15811442100836648
0.16622259433062697
0.1658340598053178
