0.24405311546814568
0.42552165962991706
0.6306924954763752
0.5472091898560922
0.3663386409071221
0.42908984807942063
0.5162287660041408
0.4997739621267306
0.34713678154067124
0.3894275163396561
0.279497111466709
0.34159464895612685
0.2860501646088042
0.43303983660110923
0.3719988328873628
0.40313938662848514
0.46003793962010403
0.1968064351849048
0.31154837301563265
0.26044901851808794
0.42908984807942074
0.33854647603462745
0.21798598151877138
0.4897358529409983
0.6595683908918027
0.3700442628901214
0.4031393866284852
0.37800841343389524
0.3434533252913339
0.5136691298454324
0.5779342805444289
0.48028651688435015
0.22687250445605808
0.12775359477093742
0.305016573898134
0.2604867433927512
0.6464748674645644
0.43724570739257185
0.5623022168608892
0.48028651688435015
0.33528808429095563
0.5310380894938098
0.38769836696435256
0.4593145031810984
0.3196478039213311
0.21214399034960063
0.2837672639541822
0.5896583283070836
0.3814980035648464
0.5623022168608892
0.7811511084304446
0.6611372001503658
0.36433864308496305
0.5779342805444289
0.444460506015744
0.14955975490166387
0.40910799276220045
0.4735369911296014
0.40838939471420094
0.2980493215061353
0.7655190447469049
0.2742909908494198
0.3844432511669186
0.36971519227968036
0.3697151922796805
0.29129979575138665
0.4113719468129199
0.6936115518026224
0.34345332529133377
0.45287777107611144
0.4318067240891666
0.5623022168608891
0.46655582679920865
0.48458166963737204
0.33854647603462745
0.07359681957282069
0.43303983660110923
0.22042977532652522
0.3208137847841383
0.3196478039213312
0.3280472137494628
0.3121891979242545
0.3520455275441248
0.2818504596947385
0.3434533252913339
0.6544491185743861
0.3520455275441248
0.6717266626456668
0.444460506015744
0.4893525863377042
0.16439514127987948
0.6170144397532781
0.5798101281864536
0.6830464328992647
0.40699010026314025
0.7687093068069774
0.4404359694526443
0.43724570739257185
0.5432718784635366
0.6717266626456668
0.4471185897190179
0.2570866824428328
0.30978762716656777
0.3903495163419528
0.592488270870483
0.6418836319770912
0.2872500802985373
0.42908984807942074
0.6323338621631468
0.3196478039213311
0.5454676867401541
0.19005690943015616
0.5623022168608891
0.3857931563178683
0.20625577124155298
0.5310380894938099
0.3208137847841384
0.3872231036052448
0.3280472137494628
0.5019301088417014
0.4134894861390785
0.4451016450614445
0.5821975706399397
0.3267348059638172
0.3719988328873628
0.3196478039213311
0.43303983660110923
0.34351981080128435
0.3097876271665678
0.21118585961893463
0.28605016460880434
0.3191367817836055
0.4827208017446873
0.6170144397532781
0.4628254479656368
0.4997739621267306
0.11806196804617008
0.5365552884409415
0.12212619860816916
0.5075899939685002
0.5623022168608892
0.22687250445605808
0.5271699794000277
0.43960886447410696
0.6060719951748003
0.6717266626456668
0.49130542677513117
0.10231307461842298
0.533696641210537
0.4103614300651536
0.48935258633770407
0.2505767698034324
0.31490781769530485
0.37471745265841316
0.6846956277089079
0.3191367817836054
0.6717266626456669
0.444460506015744
0.6418836319770912
0.6137960737007845
0.5959712771023593
0.2440531154681457
0.5310380894938098
0.48458166963737204
0.45665102782731065
0.3981655481837227
0.3520455275441249
0.4628254479656367
0.4747626602330671
0.5623022168608891
0.2742909908494198
0.34345332529133377
0.6060719951748003
0.38207371792125533
0.4103614300651536
0.0776107610288528
0.6170144397532781
0.224159776401518
0.6377673518848738
0.3719988328873627
0.3719988328873627
0.425521659629917
0.592488270870483
0.3070486891791335
0.34345332529133377
0.4471185897190178
0.5853389422892634
0.3171914583029871
0.5272863942097603
0.5534152157012697
0.39395691565353896
0.5896583283070835
0.45287777107611155
0.2570866824428328
0.3196478039213311
0.39760482638867856
0.48935258633770407
0.5136691298454324
0.2837672639541822
0.4134894861390785
0.4372457073925718
0.5764215001879572
0.2440531154681457
0.3050165738981339
0.7145449240397103
0.38722310360524476
0.1956462158367079
0.23055406395864825
0.5798101281864535
0.3434533252913337
0.6187793501691616
0.4372457073925718
0.17533067141979528
0.07868973447680268
0.2961873833668942
0.4628254479656367
0.2604867433927512
0.7082014779072594
0.44934795024434443
0.30220287581674987
0.474762660233067
0.3520455275441248
0.2980493215061353
0.31964780392133113
0.19005690943015605
0.5310380894938098
0.45287777107611144
0.21118585961893466
0.20205606632748713
0.34345332529133377
0.06914951751578748
0.4372457073925717
0.4493479502443445
0.48824195148956373
0.5562920460356507
0.5623022168608892
0.25781680250324696
0.5404173277039337
0.42069411055117684
0.5368750385050204
0.28383979360140116
0.34345332529133377
0.5896583283070836
0.2218706077526918
0.31964780392133113
0.6873587263292066
0.5779342805444287
0.5404173277039336
0.7373813301165335
0.30978762716656777
