0.314633229523713
0.20788741774298813
0.5994520158173355
0.8695897572493503
0.6319080342874994
0.6608269743757818
0.4232499129806577
0.7151158988044282
0.6455919536009429
0.6625778145819299
0.6227668719388326
0.6567478356583015
0.1740981651218536
0.4588527520415052
0.4185906141457782
0.546266472250164
0.8299125130071836
0.40212084675725884
0.14511897037279606
0.08680930701509487
0.40212084675725884
0.5442099128217663
0.1987796729009986
0.8299125130071836
0.7472129561951961
0.7631408638156936
0.26276341556025373
0.5967080823735895
0.1605895354515492
0.17954749472866088
0.6483904864573781
0.08680930701509487
0.6959998755521456
0.7859197818785149
0.0917374750758668
0.12090554442390437
0.6994658070034971
0.796787984578242
0.1453229368396931
0.8942304595549389
0.44868189725554875
0.7458226672415085
0.19552422729069635
0.6399310820017376
0.17313072172375238
0.5765573180294574
0.18162411557933691
0.6959998755521456
0.11117569749264564
0.72957600830197
0.20840038861163562
0.6734448230621295
0.8167545381882197
0.6181969750424525
0.11952973415059448
0.21191553223806534
0.553529741052538
0.6285093709429938
0.32913063728575676
0.5422547508074049
0.4232499129806577
0.8248065903490875
0.657347332015464
0.6354499696874234
0.5700190387375232
0.6586924913877381
0.5205167245972018
0.7713897957520452
0.7991833288530448
0.5205167245972018
0.8375132845628098
0.6107555769331238
0.6139727876485944
0.5778463845531575
0.8538351099478234
0.5812568723353089
0.14505688179712695
0.32079283223866106
0.6978289883042945
0.5606938427352084
0.6625778145819299
0.17916357923901066
0.25537906536200633
0.6139727876485944
0.11952973415059448
0.6019958587108805
0.5923726577542249
0.13095363489958756
0.10887754331518498
0.7014308332029919
0.6178312463637357
0.5607395354120555
0.5540399476011809
0.6978289883042945
0.7054646988373554
0.47956189631642077
0.6483904864573781
0.6097698793776102
0.4805245664440429
0.559503026701464
0.8817384370616401
0.5923726577542249
0.6308040550338208
0.1866337905782245
0.7664297663481627
0.1774881511691611
0.7558042229802334
0.19639974876506738
0.831360580957164
0.6778953475770684
0.5042235631470149
0.9365449727059214
0.2067467431851864
0.1605895354515492
0.7852135178201034
0.4126228851350807
0.7277424226981515
0.15305344948538357
0.6390905189385029
0.10358242208769712
0.18162411557933691
0.14796546940567168
0.5874192591202397
0.7277424226981515
0.8508009217288308
0.11945034940197197
0.7032789930702603
0.14326155096090717
0.6354499696874234
0.5030230746954786
0.6466172003885231
0.6175298007859698
0.7750515791787876
0.7926457707389911
0.5508279643249088
0.197274236278499
0.8817384370616401
0.4698095304917001
0.5254831887224916
0.5691776336517591
0.17514386948893665
0.5874192591202397
0.5646326575696696
0.6695179482838004
0.5540399476011809
0.48847025297885915
0.17916357923901066
0.7449174349517218
0.22234406687797784
0.6285093709429938
0.2212197828832359
0.1526693878504362
0.7926457707389911
0.22234406687797784
0.4815415922837146
0.14862897640645584
0.2821923485766562
0.3773682425719336
0.6227668719388326
0.10887754331518498
0.559503026701464
0.19552422729069635
0.7418201889678455
0.2350462980959792
0.20377029127284857
0.48561655891225086
0.5705597211455079
0.8789178143841556
0.7291374021966563
0.30113864052793093
0.10358242208769712
0.8888603536586924
0.2339256064317028
0.8308964210447669
0.14796546940567168
0.7558042229802334
0.44868189725554875
0.8301539132159939
0.09842720716732628
0.14338388168048247
0.8029139071835214
0.1254320313328591
0.17954749472866088
0.4816556546402512
0.7014308332029919
0.26276341556025373
0.6319080342874994
0.3773682425719336
0.8097572621157842
0.5424384285660397
0.7713897957520452
0.1309630294818305
0.1987796729009986
0.474974626455992
0.8301539132159939
0.21191553223806534
0.32079283223866106
0.7418201889678455
0.19704493036724635
0.5523970580280724
0.5254831887224916
0.09857901874512738
0.7705345022489516
0.8308964210447669
0.8173357059218511
0.48847025297885915
0.539446252713812
0.14505688179712695
0.9740463882932568
0.35484071303688375
0.47956189631642077
0.5217780619902985
0.48319385478064436
0.8984525287400944
0.2067467431851864
0.15305344948538357
0.7991833288530448
0.16655183183781153
0.2821923485766562
0.8695897572493503
0.6097486002547363
0.12090554442390437
0.24283838866061583
0.24326444582703252
0.02238156576714989
0.5156052212144968
0.8854718192557902
0.5994520158173355
0.6608269743757818
0.10914883344472366
0.5972368507873729
0.06641981102817507
0.8097572621157842
0.6175298007859698
0.1735938999058689
0.7705345022489516
0.20377029127284857
0.34350749858835106
0.7889612135530369
0.18607204197997457
0.47215690862397985
0.7859197818785149
0.5042235631470149
0.474974626455992
0.29511694247151526
0.17313072172375238
0.5955133758564595
0.15811442100836648
0.1866337905782245
0.24326444582703252
