0.3975788979838779
0.1937174562358245
0.5141191214149821
0.8695897572493503
0.6319080342874994
0.6836303118663787
0.5466966505462496
0.7151158988044282
0.6777745834116473
0.6958508138956334
0.5474618902814062
0.6567478356583015
0.1467742572619128
0.4588527520415052
0.4185906141457782
0.5792310455086139
0.8299125130071836
0.40212084675725884
0.14511897037279606
0.13020160346048187
0.40212084675725884
0.5149132358670085
0.1987796729009986
0.8299125130071836
0.7154216340307874
0.6536488051305815
0.26276341556025373
0.582569226045854
0.1605895354515492
0.17954749472866088
0.582569226045854
0.14528979914397172
0.7429378227406285
0.8013371600333673
0.10632150974988558
0.12090554442390437
0.7276350149918653
0.796787984578242
0.12445267946369512
0.8494315444539371
0.44868189725554875
0.6565337116822033
0.19552422729069635
0.6978676524909855
0.18845050649830047
0.595265052839026
0.16094021302166336
0.6959998755521456
0.10737905979017137
0.6188753841940977
0.20960774728045029
0.7453902644919903
0.706155469466732
0.814074868885774
0.11952973415059448
0.21191553223806534
0.553529741052538
0.6285093709429938
0.32913063728575676
0.5422547508074049
0.46313649383806815
0.7585599805221976
0.657347332015464
0.7647246649837762
0.5700190387375232
0.6724920362769544
0.7358376825649996
0.7318515832236765
0.7485254906720151
0.6296821326787374
0.8375132845628098
0.6581515851583757
0.595265052839026
0.5778463845531575
0.8538351099478234
0.5812568723353089
0.14505688179712695
0.32079283223866106
0.6647939452162487
0.5219438487579264
0.6044221434160469
0.17916357923901066
0.25537906536200633
0.5979553818128887
0.16313823866789046
0.6436922079538363
0.5923726577542249
0.13095363489958756
0.14562138051629814
0.6469017454786083
0.549399997218968
0.6528284851818886
0.5792310455086139
0.6286660075028793
0.7774481216456463
0.6515492766736477
0.6296821326787374
0.6097698793776102
0.3975788979838779
0.5979553818128887
0.8817384370616401
0.6469017454786083
0.6308040550338208
0.1866337905782245
0.7318515832236765
0.1774881511691611
0.7276350149918653
0.19639974876506738
0.831360580957164
0.6959215655756684
0.5042235631470149
0.8731511174108528
0.2067467431851864
0.1605895354515492
0.7013716593030366
0.4126228851350807
0.7277424226981515
0.15305344948538357
0.6188753841940977
0.12445267946369512
0.18162411557933691
0.14796546940567168
0.5874192591202397
0.808301388178422
0.6959215655756684
0.1467742572619128
0.6358546813941894
0.20960774728045029
0.6647939452162487
0.5293249348472638
0.6466172003885231
0.7221547410218325
0.7102002486673608
0.7352705591580297
0.5600027989883339
0.18520247900112569
0.8817384370616401
0.4698095304917001
0.45142571564721257
0.5600027989883339
0.17514386948893665
0.5874192591202397
0.4939412852751637
0.6436922079538363
0.6784245607607335
0.5577082888553051
0.17916357923901066
0.6351791429839292
0.2491490052389856
0.6777745834116473
0.2039267867307302
0.1526693878504362
0.7926457707389911
0.22234406687797784
0.5141191214149821
0.14862897640645584
0.2821923485766562
0.45142571564721257
0.6463566807518614
0.10887754331518498
0.559503026701464
0.19552422729069635
0.7418201889678455
0.19033383930613867
0.14528979914397172
0.5149132358670085
0.6178664676238722
0.8789178143841556
0.6581515851583757
0.30113864052793093
0.10737905979017137
0.808301388178422
0.16094021302166336
0.8308964210447669
0.19540192903314374
0.7485254906720151
0.46857607511720395
0.7921959172586863
0.09842720716732628
0.16293418627110345
0.7921959172586863
0.19033383930613867
0.1937174562358245
0.5405538352287933
0.706155469466732
0.26276341556025373
0.6319080342874994
0.3773682425719336
0.8731511174108528
0.5424384285660397
0.7504829020270076
0.1309630294818305
0.1987796729009986
0.6460820225204003
0.7774481216456463
0.16293418627110345
0.32079283223866106
0.7418201889678455
0.22015468809713945
0.549399997218968
0.5254831887224916
0.09857901874512738
0.7705345022489516
0.8308964210447669
0.6515492766736477
0.46857607511720395
0.539446252713812
0.14505688179712695
0.9341384239240978
0.2589894758523871
0.587796326944254
0.5217780619902985
0.587796326944254
0.8984525287400944
0.2589894758523871
0.18248449086172447
0.7358376825649996
0.13771468757649824
0.2821923485766562
0.814074868885774
0.6097486002547363
0.10632150974988558
0.19540192903314374
0.24326444582703252
0.08795481961162395
0.5156052212144968
0.8854718192557902
0.5405538352287933
0.6608269743757818
0.10914883344472366
0.5972368507873729
0.06641981102817507
0.8097572621157842
0.6351791429839292
0.13020160346048187
0.6884503608717055
0.18845050649830047
0.2491490052389856
0.7154216340307874
0.18607204197997457
0.5474618902814062
0.7859197818785149
0.5042235631470149
0.474974626455992
0.29511694247151526
0.18520247900112569
0.5293249348472638
0.15811442100836648
0.2039267867307302
0.22015468809713945
