0.2076371320120904
0.19418524594591585
0.2495410189220619
0.34396400383430575
0.38918202286382203
0.20148855707228286
0.3238235417588956
0.1445776629852781
0.16993917651053117
0.3403098552789966
0.38615532511842654
0.19871057001067766
0.30497076304709253
0.21057119134912067
0.12218978265977275
0.2061069736657626
0.46032114934190416
0.18816140010502583
0.3107781518488519
0.2174235955089847
0.16227466479484634
0.23102963650606453
0.08223131298867682
0.2760707445847367
0.4007411181309653
0.3004697977926739
0.15407132682437463
0.05000364190018641
0.2121809347290664
0.3684805361073026
0.11052422419038836
0.2698909811910127
0.14906302469169
0.12588752660975483
0.11415671605853007
0.16969075640079673
0.34866322389777343
0.1834120613465379
0.3208614931193495
0.3667101198869678
0.28876074117093653
0.22644414242923894
0.1262154088094859
0.17421163262159292
0.26771863529243856
-0.0010461047449966418
-0.18862884803836105
0.24255927199856897
0.26658345537010747
0.24753217106256983
0.35568066746794996
0.1530265107983917
0.31373941373988407
0.40358101281319536
0.150515449551242
0.018651318018997377
0.2366731081286472
0.3302881112264019
0.06995760161708142
0.24913163163942592
0.48174168503793485
0.21991575590737836
0.18995358116167152
0.023917568348706498
0.17490932460606612
0.12837097333122527
0.19400947794698495
0.17980980167464597
0.06524917895352508
0.20567306474370228
0.3013061169465044
0.31628670674649806
0.26523331466859545
0.4871426363556358
0.2215268026966756
0.025546849309488414
0.44058129931541384
0.09741066496819716
0.21363835131764672
0.3302473129871045
0.3170964678677065
0.07941838927551026
0.3150647924489214
0.27946353195580154
0.03826579559104185
0.38352203147506564
0.2733881035133347
0.32404077095061307
0.2851176463816272
0.37325959424114363
0.06931599914586675
0.3422825664875883
0.14144408446468318
0.41976031362935146
0.24813471180229493
-0.01606014497148432
0.21436770392199475
0.2270981603751688
0.2282631786478071
0.34935697808047317
0.29537076453604433
0.19931564202462623
0.15160720387762225
0.10610353741236657
0.3808948752530934
0.34277145103850154
0.17711618323035333
0.26271091951105985
0.3968578486740318
0.21289261020093977
0.26787420633794345
0.19553467008084965
0.14361170597552142
0.24634683106834054
0.09117422723604177
0.17655280276992832
0.12311998128298111
0.14369853341595024
0.2598680844925964
0.16871707012220208
0.25115710534401403
0.25572009495497766
0.23395981185021855
0.22491115708238524
0.18330969752102502
0.22235343889566575
0.3189526153519502
0.18069676839552548
0.23975976375997704
0.10602838927094367
0.19189522089739383
0.33321043380194965
0.22311585159374553
0.35473000152118256
0.27629684718959885
0.15951701658831244
0.06331608334645426
0.24560184700575305
0.15860196514237007
0.3216499263380416
0.22911806256180237
0.23717699851476953
0.3153627193681232
0.13262469932287757
0.21571288467626962
0.3749252963982814
0.25811478248945147
0.09516053358062615
0.36863235574540915
0.19800470214575988
0.22461007864635718
0.17342136665312807
0.02846689921546929
0.13457985680149154
0.30746070281526866
-0.009216557037444485
0.17447084040016614
0.1523705199581077
0.27779870182908606
0.2711546317856622
0.3175531111977462
0.34358757985664623
0.04019107776643921
0.3841449250346955
0.10782972734444563
-0.0691954599675995
0.2982776371399915
0.11090136144972475
0.07618145713218542
0.3231629062636441
0.07398417287549021
0.18781485987462324
0.2347653375009407
0.058231629668952616
0.2553936326703496
0.10107232013943464
0.3495254996590858
-0.024676763263314333
0.2813334057730815
0.13969891526803782
0.16410811693389898
0.1636486579508351
0.23132168964923808
0.2449044418510534
0.07498405997767117
0.022330598330414498
0.23813833276544538
0.09039865973309602
0.2062290757397688
0.10551343497388785
0.2917949055648507
0.3322455745498123
0.27617894493788064
0.1615834247768549
0.24286301385918635
0.3116002383414114
0.05573389993377234
0.22397531994961672
0.10729273392082973
0.2534684883678846
0.23041917716015495
0.2262708446132579
0.03572365368577461
0.23946447491768558
0.1805772156266588
0.09646973400929386
0.11281459167989998
0.0774409273066886
0.2535754890032634
0.17646482153718795
0.3228892207886862
0.1825170540115968
0.1359720718164916
-0.08421919795540385
0.22046778854688526
0.09753937317731615
0.19172102096127813
0.25613624061943935
0.23003087716287393
0.1952095173192461
0.04733438174157547
0.2805766577501509
0.19508774299930845
0.29755645598100133
0.08149160445814722
0.2542379635936564
0.2687415111651476
0.028784360428578275
0.0789335848101537
0.2049388039000118
-0.2012107554155025
0.25182236710082945
0.12403082665325986
0.2140685541364784
0.433104515314383
0.22321763816092724
-0.0038707380954202046
0.18009544413663667
0.10331107957644055
0.29160280018471785
0.22107129911011572
0.0659537030619983
0.16587981275859764
-0.025696963046937044
0.2756427543323281
0.26005959401659035
0.3170056490749749
0.32808497241043183
0.41465330880936657
0.24394224829893454
