0.20364911233892324
0.20364911233892324
0.20364911233892324
0.20364911233892322
0.20364911233892324
0.20364911233892324
0.20364911233892324
0.679844396526788
0.679844396526788
0.679844396526788
0.679844396526788
0.20364911233892324
0.679844396526788
0.679844396526788
0.679844396526788
0.20364911233892322
0.679844396526788
0.20364911233892324
0.679844396526788
0.679844396526788
0.679844396526788
0.679844396526788
0.20364911233892324
0.679844396526788
0.679844396526788
0.679844396526788
0.20364911233892324
0.679844396526788
0.679844396526788
0.679844396526788
0.679844396526788
0.20364911233892324
0.20364911233892324
0.679844396526788
0.20364911233892324
0.679844396526788
0.20364911233892324
0.679844396526788
0.679844396526788
0.20364911233892324
0.679844396526788
0.679844396526788
0.9573782650579638
0.679844396526788
0.679844396526788
0.679844396526788
0.679844396526788
0.679844396526788
0.679844396526788
0.679844396526788
0.679844396526788
0.679844396526788
0.20364911233892324
0.679844396526788
0.20364911233892324
0.20364911233892324
0.679844396526788
0.679844396526788
0.20364911233892324
0.679844396526788
0.679844396526788
0.20364911233892324
0.679844396526788
0.20364911233892322
0.679844396526788
0.20364911233892324
0.20364911233892327
0.20364911233892324
0.20364911233892324
0.679844396526788
0.679844396526788
0.679844396526788
0.679844396526788
0.20364911233892324
0.679844396526788
0.679844396526788
0.679844396526788
0.679844396526788
0.20364911233892324
0.20364911233892324
0.679844396526788
0.20364911233892324
0.20364911233892324
0.679844396526788
0.20364911233892324
0.20364911233892324
0.679844396526788
0.679844396526788
0.20364911233892324
0.20364911233892324
0.679844396526788
0.679844396526788
0.679844396526788
0.20364911233892324
0.679844396526788
0.679844396526788
0.20364911233892324
0.679844396526788
0.679844396526788
0.679844396526788
0.20364911233892308
0.679844396526788
0.20364911233892324
0.20364911233892324
0.20364911233892324
0.20364911233892324
0.679844396526788
0.20364911233892324
0.679844396526788
0.20364911233892327
0.679844396526788
0.679844396526788
0.679844396526788
0.20364911233892324
0.679844396526788
0.679844396526788
0.679844396526788
0.20364911233892324
0.679844396526788
0.679844396526788
0.20364911233892308
0.20364911233892322
0.20364911233892324
0.679844396526788
0.20364911233892324
0.679844396526788
0.679844396526788
0.679844396526788
0.20364911233892327
0.20364911233892324
0.679844396526788
0.679844396526788
0.20364911233892324
0.679844396526788
0.20364911233892324
0.20364911233892322
0.679844396526788
0.679844396526788
0.679844396526788
0.679844396526788
0.679844396526788
0.20364911233892324
0.679844396526788
0.679844396526788
0.20364911233892327
0.20364911233892324
0.679844396526788
0.679844396526788
0.679844396526788
0.679844396526788
0.20364911233892324
0.20364911233892324
0.679844396526788
0.679844396526788
0.679844396526788
0.679844396526788
0.679844396526788
0.679844396526788
0.2036491123389232
0.20364911233892324
0.679844396526788
0.20364911233892324
0.679844396526788
0.679844396526788
0.679844396526788
0.679844396526788
0.679844396526788
0.679844396526788
0.679844396526788
0.20364911233892324
0.679844396526788
0.20364911233892324
0.20364911233892327
0.679844396526788
0.20364911233892324
0.679844396526788
0.20364911233892324
0.679844396526788
0.20364911233892324
0.9600198118807324
0.679844396526788
0.679844396526788
0.20364911233892324
0.20364911233892324
0.679844396526788
0.679844396526788
0.679844396526788
0.20364911233892324
0.679844396526788
0.20364911233892324
0.9540620838634519
0.20364911233892324
0.20364911233892324
0.20364911233892324
0.679844396526788
0.20364911233892324
0.679844396526788
0.679844396526788
0.679844396526788
0.679844396526788
0.679844396526788
0.679844396526788
0.679844396526788
0.679844396526788
0.20364911233892324
0.679844396526788
0.679844396526788
0.20364911233892324
0.679844396526788
0.679844396526788
0.679844396526788
0.05233774453741513
0.679844396526788
0.20364911233892322
0.679844396526788
0.679844396526788
0.20364911233892322
0.679844396526788
0.20364911233892324
0.20364911233892327
0.9355310309877939
0.20364911233892324
0.9465338749699066
0.20364911233892324
0.679844396526788
0.679844396526788
0.20364911233892324
0.20364911233892324
0.20364911233892324
0.679844396526788
0.679844396526788
0.679844396526788
0.679844396526788
0.679844396526788
0.20364911233892324
0.20364911233892324
0.679844396526788
0.679844396526788
0.20364911233892324
0.9427500616423518
0.151978220862086
0.679844396526788
0.679844396526788
0.679844396526788
0.679844396526788
0.679844396526788
0.20364911233892324
0.679844396526788
0.2036491123389233
0.679844396526788
