0.19831826471773584
0.2107532875710556
0.20457796342766316
0.2729798057347457
0.05268297838922509
0.09311851713434179
0.42698287440842153
0.5211943953579229
0.49250642128647026
0.5688372408399383
0.669066652659928
0.13967194179098238
0.5931556707626111
0.9102931914991464
0.779973153498214
0.1550770153854374
0.9663641077435804
0.25549213267189663
0.6534111706673655
0.6130487285907361
0.6838188578596256
0.54871327297437
0.19040062891935394
0.7211829017579485
0.9065432628662788
0.5716163653712132
0.2635499320544702
0.7957230081188496
0.9997000572079107
0.49062338432867714
0.8293924360813448
0.16857361610731558
0.2164714100350899
0.6386027966342219
0.18675603520437234
0.9179125409208727
0.3589774456802365
0.49243792029872235
0.6594257092452985
0.3779131160328097
0.4557739178345315
0.79625636711174
0.9573782650579638
0.9968007907968914
0.6275502643174917
0.587437311404787
0.8982240258151017
0.54871327297437
0.8494005862235818
0.7648957115447248
0.8586919317440028
0.6104209690825433
0.1757558027467665
0.8968052668724354
0.007651125916818158
0.13923632094187857
0.6486689693604832
0.8260092715636382
0.2090596491407276
0.8780210853978136
0.8575397091011092
0.18675603520437234
0.5992454070786893
0.24578924770490215
0.46946297357684486
0.23185077462103865
0.03211162487546948
0.22402563880866508
0.25549213267189663
0.6860634415244118
0.8896384513906183
0.364329775675431
0.6553042155918956
0.12681705688218536
0.6386027966342219
0.8635135549403641
0.6206812725727353
0.5355273704704732
0.41908539950434054
0.434709276008075
0.587437311404787
0.13456290310069233
0.19583279391734365
0.8785355107093307
0.12233780758637082
0.16376874733845734
0.8686632656936764
0.9391714917353433
0.24626676393106817
0.21235273788258874
0.7463286155010295
0.7936914699594317
0.5433815106764481
0.1486169688537946
0.4766917444672094
0.2728856335163306
0.3275566765240264
0.5520217496315546
0.5868994221896136
0.685131181903132
0.30230814133374023
0.9311543600950245
0.10071929409832764
0.06579386627939765
0.10509513177210328
0.22610854831024607
0.7024401382626196
0.09316082157855832
0.79625636711174
0.12233780758637082
0.7703905823687645
0.5387788436649921
0.43195550933399274
0.3130629078095243
0.3304710510812904
0.9092263889682339
0.5211943953579229
0.3261559370658463
0.6857915140775311
0.46036307917810604
0.0476446421244614
0.041501640163113446
0.09307621269012525
0.8494005862235818
0.124773240457146
0.6515613468608475
0.8982240258151017
0.9092263889682339
0.06287247354687486
0.09311851713434179
0.364329775675431
0.5717447982893498
0.017398824881379893
0.49062338432867714
0.32024245619871783
0.11598068014572745
0.6275502643174917
0.5182868379085114
0.8533527249436184
0.5188453457892621
0.5355273704704732
0.14634049631863755
0.6183368435314638
0.9704657727029568
0.10509513177210328
0.26733279520804215
0.4139541782849113
0.9983875978208314
0.6760006012998951
0.6415625031536006
0.2628937178404173
0.16376874733845734
0.6206812725727353
0.6908303078638631
0.8575397091011092
0.4670522844449959
0.5973332503234364
0.7389956301022362
0.16840651210305702
0.34072108809760837
0.7776032776155093
0.26320002005304155
0.7356936959408117
0.9995562486349316
0.6001649404746059
0.8797807386333598
0.48129382197877035
0.6415625031536006
0.687839753962503
0.2540298077812987
0.5282811811718239
0.2337325284181166
0.1362207795947298
0.5182868379085114
0.2729798057347457
0.569145364776916
0.13456290310069233
0.7807300437916191
0.41908539950434054
0.9600198118807324
0.652335889603032
0.5789828550815164
0.06468708350884678
0.3261559370658463
0.9102931914991464
0.8495727122456583
0.5227372967098347
0.5200005884804486
0.5364398234109119
0.20209598935770723
0.9540620838634519
0.04096413817084532
0.08839423599796672
0.24578924770490215
0.6553042155918956
0.16857361610731558
0.7309070053809816
0.8896384513906183
0.6534111706673655
0.7954009580824093
0.7378102276732053
0.6001649404746059
0.7056746919570813
0.5520217496315546
0.3779131160328097
0.8586919317440028
0.669066652659928
0.434709276008075
0.6502935513573531
0.5931556707626111
0.5836626112173613
0.05233774453741513
0.46946297357684486
0.19040062891935394
0.44207540146742685
0.42698287440842153
0.11598068014572745
0.7837535469617892
0.2107532875710556
0.20209598935770723
0.9355310309877939
0.13967194179098238
0.9465338749699066
0.2837566359329058
0.34072108809760837
0.8110100498834367
0.20457796342766316
0.14000166297693617
0.4472196752808455
0.823575328170707
0.5110754266493709
0.5717447982893498
0.949587393320839
0.5926623518341365
0.21235273788258874
0.021758814896916556
0.8755586047063434
0.4502129126649371
0.3480955526833718
0.9427500616423518
0.151978220862086
0.7936914699594317
0.5623440523774988
0.5483273403783204
0.7805560639940708
0.9117947635004865
0.15973607123964417
0.8533527249436184
0.22685938329348787
0.6760006012998951
