0.1150477814782509
0.3973576681785912
0.4054370009126489
0.9905303758470679
0.1841495112105157
0.9832896663780829
0.060922765230114084
0.22990437523381424
0.8905722475357043
0.5254048003964391
0.2273494839382887
0.601076060480764
0.8366594583229551
0.2781943199104062
0.5266817148345949
0.5995493965873735
0.2515108916209997
0.1852341059353404
0.5363226344111247
0.2945202905125722
0.09406198899764784
0.6936544812657973
0.3664785110460498
0.40695566040711384
0.35297257643317625
0.19977588864741735
0.39532061580348854
0.8605660337710824
0.2833319711945699
0.1988156556633086
0.3978316296239772
0.3866824561191682
0.31832909587834035
0.8478620874009878
0.9362611899558596
0.6041929474356375
0.0765864354727972
0.7361491743325995
0.4730265145040953
0.02129791966725214
0.22154499903693026
0.07792475160597467
0.8298036570372245
0.5953114634228418
0.9577723857087341
0.5323825286508972
0.11667167177959614
0.9903029191635797
0.47084104778292024
0.40382853368016924
0.9864672938631233
0.5807004678941224
0.5203323865682994
0.5331731746285814
0.09391221618272039
0.4155551773398044
0.8477401741949209
0.477002726842802
0.2588500111926697
0.07220981100925605
0.33855599675090864
0.7248413192571606
0.013365415742664477
0.4726487053594175
0.290408390641796
0.583805335305568
0.20053824782058594
0.5531144085308006
0.8281498681637419
0.13334331366945051
0.7231243190580985
0.3039199320415322
0.7016236288627085
0.7927119569700318
0.6247444089543497
0.3839500560715957
0.15457632747543137
0.2134128670076374
0.5308773835233337
0.4528220673940062
0.06154724427407621
0.8667340420369256
0.5118726415021121
0.13028203735440602
0.6841616972581405
0.1677978506957668
0.8175707092725574
0.16189854146633087
0.49028727190277577
0.34862592884768384
0.6791320064135229
0.608001256736837
0.47641419423432263
0.24866450505218918
0.10942381180541694
0.7654471845763667
0.28113514124818284
0.6740315780342488
0.36641315345929537
0.8576532950966638
0.4962001919795833
0.3571952515802589
0.30382096630016275
0.8636350617797052
0.7606253289412528
0.302872050212313
0.9110563891424666
0.8756241718825714
0.852239481161413
0.8267709479139044
0.8401323489141789
0.32299693942238183
0.030029827519130747
0.8495558923945014
0.22478913164089998
0.784787457600607
0.35030329310766295
0.5071328277461224
0.5230736592385561
0.2862521188435142
0.07870506836007629
0.6154421582137737
0.9543346726341612
0.8218501909902398
0.6209501504251325
0.22374916980758652
0.20722123270697024
0.4060699390435699
0.9181604023615643
0.30400478836397227
0.9211516342255313
0.6820136653909658
0.37555107228288764
0.4726387676540187
0.8526140867555088
0.4706463476175825
0.03173008097761121
0.3955420708556321
0.09731451942912861
0.4405564426113098
0.5464100147692116
0.9556852644716429
0.4995908059369877
0.2883337941480517
0.44013137867553176
0.3022475684956949
0.38762477018366914
0.4954058491108789
0.44423499477664097
0.11008092738537001
0.5944016359266029
0.8548006525352675
0.6918114006306884
0.9298728804948422
0.2873439577767385
0.09582353257562137
0.6439172292501665
0.4500076434138143
0.20557981017192506
0.3459066331533689
0.11838064110643609
0.41245499201660407
0.5453380564047764
0.11784176608702623
0.8590586841040034
0.27484358692951805
0.7923589460517049
0.8503722197418292
0.1504698182554972
0.49250956056473283
0.72366150288691
0.31833123691616405
0.556319347492154
0.8202710809874588
0.9363153922729998
0.7413283441442509
0.281201879453135
0.798099906342062
0.24602271857869984
0.08667151379795379
0.2517353378324011
0.2679739993809098
0.15960794450027027
0.9976119663000564
0.755984709630121
0.12723758383293282
0.057945792802846396
0.7765453054794058
0.8581372308365345
0.4611538594890233
0.5475996015344019
0.907032777844439
0.8015189770274229
0.21488256209517953
0.5254607227851986
0.8306338848724493
0.4809102755242959
0.8622740563263809
0.5197171763972074
0.7857060820907152
0.7333497142586329
0.32199557561323056
0.04946876629907426
0.7049515468702054
0.13853074734450166
0.22419873616464359
0.4721657718002371
0.43333513381771727
0.09007015290974607
0.09889915579994601
0.7622344104454277
0.9071794912505134
0.26028182325074223
0.11372766601359197
0.9041776833082869
0.0073162232172857555
0.07209409726592164
0.17789695963118346
0.8073875992284354
0.051711845762393405
0.09555295457254909
0.7552072282389387
0.8374336237366652
0.6223325082729946
0.4902807475602383
0.3806145329954519
0.8079796365485137
0.9232511491771233
0.2735726207514012
0.24962820816130804
0.9474366665782745
0.6625632320486311
0.768500773797588
0.06084521840367607
0.3897943544276873
0.48309170953396197
0.3150442400257524
0.0331592871270211
0.645757778015758
0.11745670730624158
0.647021970929022
0.8760038751890926
0.4697367449876081
0.0726272575483754
0.7505933630364882
0.4660138069966142
0.9604735243477933
0.16221211720016115
0.6729924623994206
0.22485846385961583
