0.1943594468185449
0.2037760700355012
0.19841471163943705
0.287643973534243
0.13016715025684156
0.1293408084702401
0.13016715025684156
0.5686578414327919
0.501721594412318
0.501721594412318
0.6169804949275663
0.20091374198980216
0.540232651287254
0.9102931914991464
0.8425766167751126
0.1810173156902839
0.881043557931215
0.33439166310655144
0.6219346280200038
0.5741432348836115
0.5639470918788929
0.49033439115418137
0.1497247321259412
0.5920071269754276
0.8832350181981168
0.5280456287187784
0.19240244290045455
0.8421245309570691
0.9997000572079107
0.5311840913090135
0.7971440738130349
0.1826700624292948
0.13480656228985383
0.5521865784704972
0.2037760700355012
0.8832350181981168
0.36165361067783375
0.49243792029872235
0.7954505524657923
0.37244877491982215
0.540232651287254
0.8607963612556482
0.9573782650579638
0.9968007907968914
0.5871642296069128
0.5741432348836115
0.7496844592773162
0.5704253077578647
0.8136534893037004
0.736572337556465
0.8586919317440028
0.6104209690825433
0.18509084329963552
0.8968052668724354
0.007651125916818158
0.23633741676180292
0.5620322565428939
0.8204552164382666
0.23586887166679263
0.8936237371830238
0.8575397091011092
0.18675603520437234
0.5602199012183061
0.18091577275850995
0.5001798073924797
0.23185077462103865
0.1225802834482729
0.2777600994668247
0.3221687479264823
0.610501123740457
0.8646980171119587
0.5555078596998795
0.6188925893675962
0.12681705688218536
0.5085154217590169
0.8635135549403641
0.6522500652161805
0.5315466036676819
0.3372887660881186
0.3706383618472423
0.5686578414327919
0.13456290310069233
0.21810391253956216
0.8293731185211302
0.09978126190864547
0.26172328012672547
0.8686632656936764
0.9391714917353433
0.27413879805129804
0.22079610486663007
0.7463286155010295
0.7936914699594317
0.5433815106764481
0.17152142635314957
0.5085154217590169
0.338602904766826
0.20933019343753975
0.5215111333016971
0.6033799949010961
0.6186738497285503
0.287643973534243
0.9311543600950245
0.20082069609328262
0.09566053885316499
0.13830827906262644
0.26172328012672547
0.6937856600828758
0.19841471163943705
0.8792421486452056
0.09978126190864547
0.6802384568335971
0.5387788436649921
0.49033439115418137
0.2100914154548465
0.5280456287187784
0.8984747459438629
0.5475789480969482
0.275417285881256
0.6857915140775311
0.556349484390569
0.0476446421244614
0.09999805695042968
0.09307621269012525
0.8136534893037004
0.124773240457146
0.6515613468608475
0.8982240258151017
0.8936237371830238
0.1293408084702401
0.09311851713434179
0.3815699624887805
0.5389811431026736
0.13480656228985383
0.49062338432867714
0.37039859456453517
0.1609757906848103
0.5315466036676819
0.589680539422871
0.8533527249436184
0.6488629762418527
0.5783580095142045
0.2941812127200931
0.6183368435314638
0.8049584273724173
0.1372645293286781
0.285130267386672
0.4139541782849113
0.8187351880230496
0.736572337556465
0.5960949120939535
0.2292394718506714
0.19240244290045455
0.6169804949275663
0.6908303078638631
0.8575397091011092
0.5507113331384822
0.6219346280200038
0.8187351880230496
0.14219359612439222
0.2867086085507354
0.7776032776155093
0.23561563727947032
0.6488629762418527
0.9995562486349316
0.6001649404746059
0.8380185528725499
0.5667719435974754
0.635840339797338
0.6118828946167669
0.2540298077812987
0.5282811811718239
0.2337325284181166
0.1372645293286781
0.589680539422871
0.2729798057347457
0.6253318822957309
0.20082069609328262
0.7803515986449165
0.41908539950434054
0.9600198118807324
0.5960949120939535
0.5856577010312455
0.053141714544617774
0.275417285881256
0.9102931914991464
0.8495727122456583
0.5227372967098347
0.37039859456453517
0.4367598118752899
0.20209598935770723
0.9540620838634519
0.04096413817084532
0.08839423599796672
0.23561563727947032
0.6188925893675962
0.1826700624292948
0.7309070053809816
0.8896384513906183
0.7015478149723409
0.8607963612556482
0.843142498493193
0.6001649404746059
0.8049584273724173
0.5521865784704972
0.27413879805129804
0.8586919317440028
0.7261271424979224
0.338602904766826
0.5555078596998795
0.6118828946167669
0.5836626112173613
0.05233774453741513
0.5001798073924797
0.09566053885316499
0.5403390990508243
0.583042017253099
0.12109582653741095
0.7896020497137908
0.21510454118286637
0.2641259632117767
0.9355310309877939
0.18611077622202063
0.9465338749699066
0.20091374198980216
0.4367598118752899
0.8423505738660908
0.20733468944125483
0.11658124227774724
0.3221687479264823
0.7415005187080028
0.5389811431026736
0.5717447982893498
0.949587393320839
0.611390264137606
0.21510454118286637
0.10706942638293299
0.8293731185211302
0.5475789480969482
0.2941812127200931
0.9427500616423518
0.151978220862086
0.7918839877802359
0.5828620236392974
0.5485203066763452
0.7805560639940708
0.9117947635004865
0.15973607123964417
0.8533527249436184
0.152042049762204
0.6760006012998951
