0.3308032605314295
0.3308032605314295
0.3308032605314295
0.7991445411038052
0.3308032605314295
0.7991445408917293
0.3308032605314295
0.3308032605314295
0.7991445395285721
0.3308032605314295
0.3308032605314295
0.3308032605314295
0.7991445380002431
0.3308032605314295
0.3308032605314295
0.3308032605314295
0.3308032605314295
0.3308032605314295
0.3308032605314295
0.3308032605314295
0.3308032605314295
0.3308032605314295
0.3308032605314295
0.3308032605314295
0.3308032605314295
0.3308032605314295
0.3308032605314295
0.7991445387748277
0.3308032605314295
0.3308032605314295
0.3308032605314295
0.3308032605314295
0.3308032605314295
0.7991445384428617
0.79914453703604
0.3308032605314295
0.3308032605314295
0.3308032605314295
0.3308032605314295
0.3308032605314295
0.3308032605314295
0.3308032605314295
0.7991445395729071
0.3308032605314295
0.7991445440400681
0.7991445392615695
0.3308032605314295
0.7991445413448865
0.799144535925251
0.3308032605314295
0.7991445406360026
0.3308032605314295
0.3308032605314295
0.3308032605314295
0.3308032605314295
0.3308032605314295
0.7991445350652628
0.3308032605314295
0.3308032605314295
0.3308032605314295
0.3308032605314295
0.79914453785906
0.3308032605314295
0.3308032605314295
0.3308032605314295
0.7991445396601673
0.3308032605314295
0.3308032605314295
0.799144544215268
0.3308032605314295
0.7991445365345805
0.3308032605314295
0.7991445403679289
0.7991445374685859
0.3308032605314295
0.3308032605314295
0.3308032605314295
0.3308032605314295
0.3308032605314295
0.3308032605314295
0.3308032605314295
0.7991445401527946
0.3308032605314295
0.3308032605314295
0.3308032605314295
0.3308032605314295
0.7991445398630526
0.3308032605314295
0.3308032605314295
0.3308032605314295
0.7991445355198479
0.79914453785906
0.3308032605314295
0.3308032605314295
0.3308032605314295
0.7991445420631125
0.3308032605314295
0.7991445373507549
0.3308032605314295
0.7991445393355316
0.3308032605314295
0.3308032605314295
0.3308032605314295
0.7991445414327178
0.7991445401536214
0.3308032605314295
0.7991445382587257
0.8756241718825714
0.7991445404956714
0.7991445413448865
0.7991445397083006
0.3308032605314295
0.3308032605314295
0.7991445401230914
0.3308032605314295
0.7991445411292906
0.3308032605314295
0.3308032605314295
0.3308032605314295
0.3308032605314295
0.3308032605314295
0.7991445409259402
0.799144536563189
0.7991445348426458
0.3308032605314295
0.3308032605314295
0.3308032605314295
0.3308032605314295
0.799144535925251
0.3308032605314295
0.7991445410907203
0.7991445380002431
0.3308032605314295
0.3308032605314295
0.7991445396601673
0.7991445350652628
0.3308032605314295
0.3308032605314295
0.3308032605314295
0.3308032605314295
0.3308032605314295
0.9556852644716429
0.3308032605314295
0.3308032605314295
0.3308032605314295
0.3308032605314295
0.3308032605314295
0.3308032605314295
0.3308032605314295
0.3308032605314295
0.3308032605314295
0.7991445421462271
0.7991445393666947
0.799144539897743
0.3308032605314295
0.3308032605314295
0.3308032605314295
0.3308032605314295
0.3308032605314295
0.3308032605314295
0.3308032605314295
0.3308032605314295
0.3308032605314295
0.3308032605314295
0.7991445410756117
0.3308032605314295
0.7991445348426458
0.7991445383937764
0.3308032605314295
0.3308032605314295
0.7991445421704984
0.3308032605314295
0.3308032605314295
0.7991445391884442
0.7991445440400681
0.7991445401527946
0.3308032605314295
0.7991445396587507
0.3308032605314295
0.3308032605314295
0.3308032605314295
0.3308032605314295
0.3308032605314295
0.7991445399067821
0.7991445391884442
0.3308032605314295
0.3308032605314295
0.7991445399270837
0.7991445395285721
0.3308032605314295
0.3308032605314295
0.907032777844439
0.7991445358550675
0.3308032605314295
0.3308032605314295
0.8306338848724493
0.3308032605314295
0.7991445387748277
0.3308032605314295
0.7991445414226626
0.7991445412519691
0.3308032605314295
0.3308032605314295
0.7991445355198479
0.3308032605314295
0.3308032605314295
0.3308032605314295
0.799144541147456
0.3308032605314295
0.3308032605314295
0.7991445365630936
0.7991445408917293
0.3308032605314295
0.3308032605314295
0.7991445385040239
0.0073162232172857555
0.3308032605314295
0.3308032605314295
0.3308032605314295
0.051711845762393405
0.3308032605314295
0.7552072282389387
0.7991445379128448
0.6153836794478278
0.3308032605314295
0.3308032605314295
0.8079796365485137
0.9232511491771233
0.3308032605314295
0.3308032605314295
0.7991445420631125
0.3308032605314295
0.768500773797588
0.3308032605314295
0.3308032605314295
0.3308032605314295
0.3308032605314295
0.0331592871270211
0.3308032605314295
0.3308032605314295
0.3308032605314295
0.7991445390335951
0.3308032605314295
0.3308032605314295
0.7991445419818322
0.3308032605314295
0.9604735243477933
0.3308032605314295
0.7991445392615695
0.3308032605314295
