0.9381889207816211
0.8656443339836389
0.8076550138666196
0.42991031001651137
0.23374486366353406
0.1266067543344067
0.5029987692910997
0.9129621802546484
0.8073943892718565
0.46712717427825184
0.7062877922963017
0.8717483550256088
0.41962202580612573
0.07540046901800222
0.4078708373334711
0.2388894119174602
0.9381889207816211
0.8836618721269229
0.15670649352985147
0.4777210112696285
0.12012605077249391
0.377617377094266
0.7873634767278017
0.6703224615558144
0.19156233376029563
0.7437519344629997
0.678695808249905
0.6187415717569813
0.19338897492665724
0.10729547436901975
0.26121718109427117
0.2941215241450478
0.8223006321989498
0.8197056987948417
0.7827093106611684
0.32921178427405506
0.22515054187867717
0.1675189808405383
0.13377095904817843
0.811332870026042
0.39974813591912806
0.7788548408010715
0.40151121775717535
0.1679284166464743
0.13377095904817843
0.4369938482645198
0.19951789421011276
0.6006008098675761
0.5760825655083295
0.46536568313622517
0.13309321682411768
0.1415622276635638
0.26121718109427117
0.916525244463738
0.9248197723049848
0.8213293557001353
0.9208978957746241
0.4606189729758341
0.21186106774295058
0.5873583669654898
0.39974813591912806
0.3597159147989295
0.46536568313622517
0.5630935274336935
0.8394858434744246
0.7160993348825336
0.07540046901800222
0.9083843201135663
0.10729547436901975
0.4252796279637125
0.37751606686891026
0.07661810812076117
0.22515054187867717
0.2321925748313024
0.1679267595871355
0.861708002646639
0.07512441808697504
0.5802045593978895
0.8385518246704318
0.8031664844409012
0.14999098483115259
0.49491532168628605
0.19156233376029563
0.12012605077249391
0.8213293557001353
0.43798657302767396
0.5436468180473657
0.8077406594969216
0.7160051887637973
0.4777210112696285
0.23374486366353406
0.7827093106611684
0.8131353907909663
0.16290970029516866
0.19951789421011276
0.2851662854858647
0.4078708373334711
0.3822699826093876
0.455935256146935
0.1480106385121756
0.15755177748084076
0.7867019858849359
0.5029987692910997
0.1480106385121756
0.14659719432873036
0.20218169914154338
0.43093621340027743
0.5639499941304105
0.4606189729758341
0.0757308868434533
0.377617377094266
0.8433171753278741
0.41962202580612573
0.1780700744480192
0.33509708713867503
0.9572566206497876
0.7281618598286004
0.36444469472101465
0.2388894119174602
0.7803749123044192
0.8073943892718565
0.40151121775717535
0.1266067543344067
0.5880101835581226
0.6010344617929715
0.3597159147989295
0.5603867989604154
0.5873583669654898
0.8717483550256088
0.9129621802546484
0.07661810812076117
0.3463462931593547
0.9161522942478382
0.2321925748313024
0.32921178427405506
0.7363601079383076
0.916525244463738
0.6767635141864152
0.8449084021898174
0.8305638398433343
0.5880101835581226
0.6445840648456178
0.36069337592819944
0.7788548408010715
0.7614663301308334
0.5630935274336935
0.8223006321989498
0.728790247654769
0.37692966431873354
0.24682277459082955
0.7160051887637973
0.7363601079383076
0.7236177773072394
0.15755177748084076
0.6006008098675761
0.4299149730738699
0.8254795569599136
0.728790247654769
0.6395093473711807
0.36444469472101465
0.5639499941304105
0.6801167700897587
0.8305638398433343
0.4252796279637125
0.14659719432873036
0.1675189808405383
0.6919957182885863
0.24682277459082955
0.464207580010328
0.7528658875834296
0.48677610434204677
0.7477382230442833
0.8254795569599136
0.7160993348825336
0.8076550138666196
0.9548442548333254
0.49491532168628605
0.8131353907909663
0.8385518246704318
0.8974365513656941
0.11450351375888519
0.7437519344629997
0.7349404553642301
0.060114808144667076
0.16793670194316818
0.0815346167659306
0.1780700744480192
0.7867019858849359
0.44305148312876225
0.5865118298276216
0.33661363183113346
0.46712717427825184
0.6796844594048317
0.6801167700897587
0.928584751923741
0.31033173737412906
0.7477180541375846
0.6767635141864152
0.6814373659172916
0.8394858434744246
0.17014477566115868
0.6814373659172916
0.41157173312033435
0.8197056987948417
0.20218169914154338
0.811332870026042
0.79141997642065
0.8066478979470184
0.7062877922963017
0.8937207592458848
0.15670649352985147
0.28090750167919987
0.19338897492665724
0.7873634767278017
0.0860265174407546
0.9311197231517424
0.0815346167659306
0.7605252699037783
0.8963313539654444
0.26080441201195503
0.6796844594048317
0.0860265174407546
0.42991031001651137
0.6187415717569813
0.6395093473711807
0.13203320622419132
0.5295278065101223
0.621652992790075
0.33509708713867503
0.7477382230442833
0.5436468180473657
0.3463462931593547
0.8963313539654444
0.4064016968821794
0.1679284166464743
0.4369938482645198
0.09592295750435217
0.7281618598286004
0.04401712191007934
0.678695808249905
0.41991939684763746
0.17014477566115868
0.8261475399090932
0.14985484015926626
0.48677610434204677
0.8656443339836389
0.7441219967299192
0.8449084021898174
0.861708002646639
0.8383892630236691
