0.7737355615716054
0.769158183252372
0.764654944206238
0.30000914983233906
0.29756276114817914
0.2986410845391112
0.2983398291417255
0.7729494831906977
0.7708065561924007
0.2988619518623976
0.770398148520387
0.7729494831906977
0.30018398532003543
0.24418847269711627
0.3024673980940564
0.2983413514921347
0.7691482165708092
0.7704624291647495
0.2985050479698852
0.2985050479698852
0.3097339571685248
0.298653662949203
0.7700796297179653
0.7712390168521968
0.30181087439317994
0.7759482852855912
0.2992595283360194
0.7705741598646276
0.3000245644584485
0.3040263614450107
0.29592568233727534
0.3003064917285231
0.7754972894927044
0.7720949123641938
0.7692060588738336
0.29517936536272416
0.29801668824615263
0.2894063412385487
0.3019289350222564
0.7643142336271309
0.298722689142232
0.7643142336271309
0.29908511875321553
0.2983398291417255
0.3032236354554121
0.3016984290851394
0.2979679495427676
0.755026383154494
0.7649130721051579
0.2972184801686748
0.2988467110502012
0.3028615831679631
0.29592568233727534
0.7692975853855697
0.7715228378576195
0.7697877845912194
0.7671564481401718
0.30917983909978053
0.31620651932551846
0.3162126946682011
0.3000070841530209
0.29721953409023194
0.2986410845391112
0.28192570069946543
0.7671564481401718
0.7708090451859048
0.31796360683713226
0.9083843201135663
0.3011402681924755
0.3003064917285231
0.2971503935906512
0.298722689142232
0.2572999421795534
0.2967564402164081
0.23996576011321658
0.7740269655649956
0.30000914983233906
0.7680071135074001
0.7696243199471419
0.7754972894927044
0.3040263614450107
0.32347557936827354
0.3019312337010826
0.2997369985237276
0.771020833911567
0.29828579679968664
0.7696243199471419
0.7708015782053925
0.7681632885571786
0.3011936730376309
0.3021673875533624
0.7701148567220265
0.7707403323352445
0.29988900466123936
0.30214996756459284
0.29566501902494335
0.2970943317554045
0.3024673980940564
0.30917983909978053
0.2997080050604525
0.29601279860306506
0.7719077034114767
0.2971435412103294
0.2997080050604525
0.29760714258251364
0.2971435412103294
0.3005925013381836
0.7678738215288531
0.30181087439317994
0.31796360683713226
0.29897162883868833
0.7779980510382476
0.299242663352425
0.29472054713877033
0.29834506473490635
0.7738033268397797
0.7712390168521968
0.2951667832236365
0.2983413514921347
0.7671392615265571
0.770398148520387
0.29908511875321553
0.3019289350222564
0.7676583562398149
0.7705741598646276
0.2978662244933361
0.764654944206238
0.3097339571685248
0.7716580483466503
0.767123027619507
0.29566501902494335
0.2987220343492896
0.7692692335048332
0.24418847269711627
0.298653662949203
0.7521466391278986
0.7676151304524845
0.7714233205676597
0.7704624291647495
0.7722064578631854
0.7676583562398149
0.7673749265679697
0.29920362353199437
0.7692975853855697
0.7698714823522252
0.29452969071885826
0.7721472762475586
0.7737482963084895
0.2963233745774393
0.29128677663655533
0.7681632885571786
0.7638649328309144
0.7738033268397797
0.31620651932551846
0.7708491234129439
0.2975918573684736
0.7722064578631854
0.7737355615716054
0.2979679495427676
0.29840141444070634
0.3068321447723059
0.7709224808252915
0.7708491234129439
0.3007342699075827
0.2968692204301209
0.2894063412385487
0.6919957182885863
0.29128677663655533
0.29988900466123936
0.7735136709802822
0.31476214557846993
0.7715934429079223
0.7698714823522252
0.771333506032772
0.7704556669336777
0.7706238662776731
0.32347557936827354
0.7707403323352445
0.7740269655649956
0.7740287025634726
0.29774184340945115
0.7778448988642017
0.7692692335048332
0.2951667832236365
0.28599895053665547
0.30093707209300563
0.2963687094427109
0.7719077034114767
0.2966770509240183
0.7723418563889297
0.30006368890954754
0.2988619518623976
0.7673749265679697
0.7709224808252915
0.928584751923741
0.29874036963281203
0.7699448076669572
0.7714233205676597
0.7662257910377552
0.7679406625701828
0.29760714258251364
0.7662000530891252
0.2963687094427109
0.7691482165708092
0.29641542131623333
0.7779980510382476
0.7698601051867575
0.7799356908918849
0.7695818170849331
0.8937207592458848
0.3068321447723059
0.29517936536272416
0.3000245644584485
0.7708705889987926
0.23996576011321658
0.7678272543164903
0.29990138422291535
0.7521466391278986
0.7601267999841492
0.29533674747199834
0.7638649328309144
0.23996575817857752
0.2967445754371337
0.7721506700729058
0.2966770509240183
0.30018398532003543
0.7697989541931922
0.755026383154494
0.30004602036497546
0.7732294575684735
0.2987220343492896
0.29801668824615263
0.7732294575684735
0.29721953409023194
0.28599895053665547
0.3005925013381836
0.2997369985237276
0.772363176982367
0.04401712191007934
0.7702985309436994
0.2933214779821263
0.29917973113023905
0.7720949123641938
0.3011402681924755
0.31476214557846993
0.7722501789801597
0.7687900706060501
0.7708090451859048
0.7752978650031199
0.7724353955794524
