0.4212771369062992
0.5466328688034215
0.7010596173845998
0.12464230342673482
0.8743924546046826
0.5127156783183164
0.3202274682734833
0.9537634356137255
0.29039176170468484
0.051466892739258835
0.8986750970606803
0.4887304787925433
0.08913923616867649
0.7013242272460545
0.43154063479609345
0.22566728994683946
0.3014879066565058
0.6871560373763044
0.08919237382542985
0.35931794488696883
0.0003678258163494208
0.2887900208159253
0.6811798138572972
0.5629305642272695
0.9058220122243575
0.10099405332715156
0.9389541185873653
0.16945088411706832
0.7720868358193452
0.22958854729922
0.6233569318622074
0.08908609851192312
0.4326783929863004
0.24119266459041183
0.1265719723939265
0.5466328688034215
0.41272343384018834
0.3045887090847959
0.46215775242737733
0.23967687754636482
0.5127156783183164
0.9150928768500551
0.6943659218064655
0.6458704269017526
0.7720868358193452
0.7904980491280056
0.30627961249072844
0.9389541185873653
0.3210316046766405
0.4807309321078331
0.4675707671823316
0.17723737637075432
0.47843617755439083
0.8900812444730747
0.8743924546046826
0.5854479401311343
0.6965741062181772
0.22134702606167367
0.30796861547508925
0.4167492280408013
0.4872259199494412
0.28325305726340066
0.6089103232224988
0.4807309321078331
0.27140613107126677
0.8443900788419707
0.5152247565449152
0.7256146009481753
0.029068274556844353
0.395017452309439
0.3631888104607517
0.47843617755439083
0.5015267454454939
0.1430216308824016
0.9278060392220515
0.6366966710262726
0.0026868696594808394
0.26112265339837915
0.04468096925014009
0.9150928768500551
0.8143384977171922
0.7206236413587352
0.8766981572339339
0.8566906945519761
0.6200655283359151
0.051466892739258835
0.6351082807152983
0.5173903568048469
0.395017452309439
0.2547814222951492
0.9716846062804941
0.41832736707698304
0.15260412125554285
0.34671807431634827
0.6871560373763044
0.07748629929019192
0.7694049012963997
0.42566668877415126
0.3527859970204676
0.7394528920925135
0.447914517124142
0.0967985827176795
0.6811798138572972
0.10140357739721069
0.4924940329674711
0.46283189465198266
0.4003928498049244
0.047711842688538564
0.9319995751359401
0.9537634356137255
0.3014879066565058
0.8141365386092221
0.9280840634104497
0.5684491733517838
0.6536710456821928
0.2812542980957204
0.5844679762423606
0.3045887090847959
0.2053433645692836
0.8994798885354139
0.6965741062181772
0.15260412125554285
0.6811070735665243
0.1655776676657118
0.6020545150124631
0.1430216308824016
0.6435702815175108
0.35931794488696883
0.4950873162406223
0.8994798885354139
0.2904190379778122
0.6859914586538813
0.6721953828512266
0.12355502434940663
0.5938248589315414
0.40091842679353873
0.07748629929019192
0.8218178907935605
0.34671807431634827
0.447914517124142
0.4326783929863004
0.2887900208159253
0.3336244703176683
0.5173903568048469
0.30736067239241005
0.2507560857643093
0.17683726485339954
0.9406594995693845
0.880131458624556
0.5844679762423606
0.642833786543317
0.12060605725313978
0.06685877820150843
0.00019298507166154444
0.9069777516185344
0.8986750970606803
0.1265719723939265
0.6535702528641854
0.6700382546596192
0.17599343962885644
0.2083768540663814
0.8023173643724217
0.17683726485339954
0.6557799981256807
0.9280840634104497
0.4917885730908281
0.9319995751359401
0.870644106590472
0.7206236413587352
0.4950873162406223
0.9069777516185344
0.6536710456821928
0.4503486695219417
0.45698218328484896
0.5715427519830896
0.385688832448023
0.8147424159331327
0.929282528500309
0.6859914586538813
0.6233569318622074
0.2547814222951492
0.6477308983891783
0.335748716081896
0.06695148534239467
0.10099405332715156
0.4958385871991165
0.5015267454454939
0.3400773935125
0.7148459165219256
0.7894632118971254
0.8978893514298323
0.5854479401311343
0.6429412998221492
0.5694702652099772
0.17723737637075432
0.26797543003503743
0.32331654760656087
0.6943659218064655
0.11808923605542032
0.04647503658787233
0.7186270308791929
0.7053631105257601
0.8141365386092221
0.40091842679353873
0.04647503658787233
0.49422317468914245
0.4797607953673792
0.07783337651378386
0.8218178907935605
0.6721953828512266
0.3210316046766405
0.7186270308791929
0.4917885730908281
0.942601210110066
0.4924940329674711
0.2762237012484239
0.23967687754636482
0.6477308983891783
0.6660267640573393
0.9861077292390106
0.46283189465198266
0.4300301843233397
0.7010596173845998
0.24523336430494236
0.9094491972916791
0.7053631105257601
0.4503486695219417
0.7013242272460545
0.3527859970204676
0.14050865612155095
0.4675707671823316
0.3202274682734833
0.3336244703176683
0.9058220122243575
0.4212771369062992
0.6270750322331883
0.7894632118971254
0.33455301016868344
0.929282528500309
0.7619571182254808
0.2617676949224643
0.24119266459041183
0.9112353150070496
0.2335232010843581
0.6270750322331883
0.4797607953673792
0.21869154954675896
0.9181722600381809
0.29039176170468484
0.4887304787925433
