0.3060039162577688
0.3060039162577688
0.6755350009878645
0.3060039162577688
0.6755350009878645
0.6755350009878645
0.3060039162577688
0.6755350009878645
0.3060039162577688
0.3060039162577688
0.6755350009878645
0.6755350009878645
0.3060039162577688
0.6755350009878645
0.3060039162577688
0.3060039162577688
0.3060039162577688
0.6755350009878645
0.3060039162577688
0.3060039162577688
0.3060039162577688
0.3060039162577688
0.6755350009878645
0.6755350009878645
0.6755350009878645
0.3060039162577688
0.6755350009878645
0.3060039162577688
0.6755350009878645
0.3060039162577688
0.6755350009878645
0.3060039162577688
0.3060039162577688
0.3060039162577688
0.3060039162577688
0.3060039162577688
0.3060039162577688
0.3060039162577688
0.6755350009878645
0.3060039162577688
0.6755350009878645
0.6755350009878645
0.6755350009878645
0.6755350009878645
0.6755350009878645
0.6755350009878645
0.3060039162577688
0.6755350009878645
0.3060039162577688
0.6755350009878645
0.6755350009878645
0.3060039162577688
0.6755350009878645
0.6755350009878645
0.6755350009878645
0.3060039162577688
0.3060039162577688
0.3060039162577688
0.3060039162577688
0.3060039162577688
0.6755350009878645
0.6755350009878645
0.6755350009878645
0.3060039162577688
0.3060039162577688
0.6755350009878645
0.6755350009878645
0.6755350009878645
0.029068274556844353
0.3060039162577688
0.3060039162577688
0.6755350009878645
0.6755350009878645
0.3060039162577688
0.6755350009878645
0.6755350009878645
0.0026868696594808394
0.3060039162577688
0.04468096925014009
0.6755350009878645
0.6755350009878645
0.6755350009878645
0.6755350009878645
0.6755350009878645
0.6755350009878645
0.3060039162577688
0.6755350009878645
0.3060039162577688
0.3060039162577688
0.3060039162577688
0.6755350009878645
0.3060039162577688
0.3060039162577688
0.3060039162577688
0.6755350009878645
0.3060039162577688
0.6755350009878645
0.3060039162577688
0.3060039162577688
0.6755350009878645
0.3060039162577688
0.3060039162577688
0.6755350009878645
0.3060039162577688
0.6755350009878645
0.3060039162577688
0.3060039162577688
0.047711842688538564
0.6755350009878645
0.6755350009878645
0.3060039162577688
0.6755350009878645
0.8985192842235645
0.6755350009878645
0.6755350009878645
0.3060039162577688
0.6755350009878645
0.3060039162577688
0.6755350009878645
0.8994798885354139
0.6755350009878645
0.3060039162577688
0.6755350009878645
0.3060039162577688
0.6755350009878645
0.3060039162577688
0.6755350009878645
0.6755350009878645
0.3060039162577688
0.8994798885354139
0.2904190379778122
0.6755350009878645
0.6755350009878645
0.3060039162577688
0.6755350009878645
0.3060039162577688
0.3060039162577688
0.6755350009878645
0.3060039162577688
0.3060039162577688
0.3060039162577688
0.3060039162577688
0.3060039162577688
0.6755350009878645
0.3060039162577688
0.3060039162577688
0.3060039162577688
0.6755350009878645
0.6755350009878645
0.6755350009878645
0.6755350009878645
0.3060039162577688
0.06685877820150843
0.00019298507166154444
0.9087093473186489
0.6755350009878645
0.3060039162577688
0.3060039162577688
0.6755350009878645
0.3060039162577688
0.3060039162577688
0.6755350009878645
0.3060039162577688
0.6755350009878645
0.8985192842235645
0.6755350009878645
0.6755350009878645
0.6755350009878645
0.6755350009878645
0.3060039162577688
0.9087093473186489
0.6755350009878645
0.3060039162577688
0.3060039162577688
0.6755350009878645
0.6755350009878645
0.6755350009878645
0.6755350009878645
0.6755350009878645
0.6755350009878645
0.3060039162577688
0.6755350009878645
0.3060039162577688
0.3060039162577688
0.3060039162577688
0.6755350009878645
0.6755350009878645
0.3060039162577688
0.6755350009878645
0.6755350009878645
0.8978893514298323
0.3060039162577688
0.6755350009878645
0.3060039162577688
0.3060039162577688
0.3060039162577688
0.3060039162577688
0.6755350009878645
0.3060039162577688
0.04647503658787233
0.6755350009878645
0.6755350009878645
0.6755350009878645
0.3060039162577688
0.04647503658787233
0.6755350009878645
0.6755350009878645
0.3060039162577688
0.6755350009878645
0.6755350009878645
0.3060039162577688
0.6755350009878645
0.6755350009878645
0.6755350009878645
0.6755350009878645
0.3060039162577688
0.3060039162577688
0.6755350009878645
0.6755350009878645
0.9861077292390106
0.3060039162577688
0.3060039162577688
0.6755350009878645
0.3060039162577688
0.6755350009878645
0.6755350009878645
0.3060039162577688
0.6755350009878645
0.3060039162577688
0.3060039162577688
0.6755350009878645
0.3060039162577688
0.3060039162577688
0.9058220122243575
0.6755350009878645
0.6755350009878645
0.6755350009878645
0.3060039162577688
0.6755350009878645
0.6755350009878645
0.3060039162577688
0.3060039162577688
0.6755350009878645
0.3060039162577688
0.6755350009878645
0.6755350009878645
0.3060039162577688
0.9181722600381809
0.3060039162577688
0.6755350009878645
