0.9547414314433157
0.8595238558110132
0.6829213989082132
0.3618161628009027
0.14439140230953662
0.08256938013287837
0.43798657302767396
0.9582919369897704
0.7896585434120322
0.5297862689539672
0.769999917099149
0.9611054006533866
0.47855067568405196
0.06573674590847184
0.5058679229283647
0.19791382828964604
0.8842195654314278
0.8370992022413926
0.2843655973671458
0.4734184595100688
0.16290970029516866
0.3777693424322997
0.8842195654314278
0.5019135340260901
0.23062473732037353
0.7537436678914724
0.6834361901221498
0.6010344617929715
0.1749168821103639
0.06473610857877324
0.27791131091596644
0.31033173737412906
0.8427228549290309
0.8422285216362473
0.7625286766420476
0.30334680154102844
0.22515054187867717
0.12857010866500243
0.20510120841266838
0.7449858219565267
0.4283307119718966
0.8221180418704811
0.4936162218717702
0.13295699685621287
0.13322250395130286
0.5019135340260901
0.3094062136425805
0.5429437636588716
0.6667928969240089
0.46536568313622517
0.13309321682411768
0.1415622276635638
0.27791131091596644
0.8595731637893581
0.9547414314433157
0.857087810442589
0.8568536450783681
0.4465678224891366
0.23062473732037353
0.5873583669654898
0.3961624138027432
0.39859125042477056
0.46536568313622517
0.49042858699298203
0.8568536450783681
0.7160993348825336
0.0815237399361165
0.9083843201135663
0.14998918476602352
0.33661363183113346
0.3773641015308766
0.07761406318691684
0.22515054187867717
0.2321925748313024
0.13295699685621287
0.8483465076166692
0.0708801070534166
0.4936162218717702
0.8585305752179733
0.8427228549290309
0.14999098483115259
0.543488734453729
0.06543598841546527
0.004964306947129349
0.7759345325397657
0.43798657302767396
0.5436468180473657
0.8276330374728491
0.6838328631509667
0.44617233331770906
0.3230983250175315
0.7625286766420476
0.7537436678914724
0.16290970029516866
0.22665646014477825
0.30334680154102844
0.48591264027472025
0.3104896995603208
0.4465678224891366
0.1480106385121756
0.1454656566839584
0.7972330790207892
0.3961624138027432
0.1480106385121756
0.1415622276635638
0.1787143651710228
0.4308975013234075
0.7168915806915901
0.4243583841387206
0.0815237399361165
0.3777693424322997
0.9416485286992216
0.47855067568405196
0.1780700744480192
0.3230983250175315
0.9562213043098047
0.6762249774894458
0.33761864321994894
0.19791382828964604
0.8788177810279063
0.7896585434120322
0.3094062136425805
0.14998918476602352
0.6667928969240089
0.6010344617929715
0.3618161628009027
0.5778298342619592
0.5873583669654898
0.8725271136904602
0.8768606305081372
0.07761406318691684
0.3560955491914322
0.9582919369897704
0.2321925748313024
0.3773641015308766
0.7657050858861956
0.9734773251381178
0.6827319156780058
0.8449084021898174
0.8688272380177063
0.6914042892471151
0.6256833661717038
0.30146735500876143
0.8595731637893581
0.7126659174549821
0.5226451893569619
0.8401467049849659
0.722942513966968
0.31261484990571664
0.33761864321994894
0.6829213989082132
0.6834361901221498
0.742574826037998
0.16963789827772313
0.6838328631509667
0.45562545780270824
0.7907465777363443
0.722942513966968
0.5778298342619592
0.3221230696235829
0.5659261684523552
0.6959060751567907
0.8411008543448135
0.4402268759464624
0.15163216099389693
0.12857010866500243
0.6919957182885863
0.17909681506720745
0.49042858699298203
0.7593983264486877
0.5055795956331841
0.7442893399988065
0.7907465777363443
0.7160993348825336
0.9302245420124533
0.9550405540324349
0.543488734453729
0.8725271136904602
0.8585305752179733
0.7786155730278072
0.08256938013287837
0.7389232295448708
0.7349404553642301
0.060114808144667076
0.16794333018052326
0.0815346167659306
0.1780700744480192
0.769999917099149
0.4914389416154704
0.5295278065101223
0.33661363183113346
0.46809420127071816
0.6634847635195317
0.6959060751567907
0.928584751923741
0.31033173737412906
0.7442893399988065
0.6707951126948247
0.680942688253651
0.8221180418704811
0.12372429633401809
0.680942688253651
0.41157173312033435
0.8204415272422064
0.1787143651710228
0.7449858219565267
0.7972330790207892
0.7705729409650058
0.595931619221506
0.8937207592458848
0.10694513404362882
0.2766487178725351
0.1749168821103639
0.6905073880241756
0.0860265174407546
0.9648028949377907
0.0815346167659306
0.7657050858861956
0.8840057685015162
0.26080441201195503
0.7461335178059412
0.0860265174407546
0.5297862689539672
0.7009081655797105
0.7011888604804022
0.201304471336617
0.5295278065101223
0.5429437636588716
0.32759733719566375
0.7546158202285381
0.5436468180473657
0.3560955491914322
0.9849421464708801
0.39859125042477056
0.16794333018052326
0.4308975013234075
0.14972049555250896
0.7860012581013864
0.04401712191007934
0.6705307231102856
0.2843655973671458
0.12372429633401809
0.857087810442589
0.14972049555250896
0.4140871957801563
0.8595238558110132
0.7441219967299192
0.8449084021898174
0.8565463102483726
0.8577287944434481
