0.36896271803387837
0.16636287833622623
0.2290170354896069
0.17406117318805664
0.1740286001185827
0.16636287833622623
0.26084395002451566
0.1847390689589713
0.5390398362584519
0.46334858472246665
0.570911398686883
0.21550700505960724
0.38441741995943335
0.3618716056611502
0.5672140281477471
0.349397789473908
0.2126012461454218
0.4005491181093606
0.1750965481448199
0.7548377158070378
0.11052511644771208
0.8464995413764029
0.2475526948207308
0.38441741995943335
0.18680017451619968
0.1810492113658937
0.17341554312865126
0.4621034826897608
0.16179118348896765
0.24984531039488764
0.22948698055554076
0.3928452514823612
0.47654818053589737
0.19294924805906377
0.2290170354896069
0.17658450557249306
0.21087430642399924
0.3713896114632827
0.26084395002451566
0.1761045590582428
0.37670953308965205
0.5319542192424949
0.5119481828602725
0.4358813152019003
0.47654818053589737
0.4579463959487197
0.4838830739436747
0.1511633678600792
0.18680017451619968
0.226954786406594
0.19575710655629464
0.1346394504207174
0.3961427022792271
0.2119437681196218
0.11811553298135558
0.2110168921976544
0.8114708047430683
0.29241267474292004
0.4469574784870405
0.45845800201399345
0.6066872222504383
0.19836986628660125
0.7554672738893877
0.1861501824800306
0.3728545141321667
0.6825449395234755
0.23065120745728077
0.20119606470107487
0.820571078639941
0.20016677424862359
0.4579463959487197
0.5207163780089339
0.32046572112879235
0.1268598858988983
0.25569695520878644
0.7313489266804476
0.1761045590582428
0.5691961212279133
0.19667011728549233
0.5390398362584519
0.5672140281477471
0.19592083439196456
0.5261479131376223
0.5093495688801835
0.38571346943379625
0.3728545141321667
0.43570599807205157
0.2846545919789153
0.2110168921976544
0.4579463959487197
0.820571078639941
0.9433837811959275
0.34853850797823765
0.4833579547596343
0.3965118225093628
0.7548377158070378
0.5217296753205162
0.418927253075955
0.36896271803387837
0.35904258703368097
0.32634970618838866
0.30799647162016447
0.36896271803387837
0.5045909090188815
0.26847065864578995
0.8660715397957461
0.2534342927059544
0.21310297579746687
0.11811553298135558
0.7958697909911643
0.23065120745728077
0.6821514842692863
0.5593055265743437
0.2086261662355925
0.48536837266198773
0.90809401789025
0.2846545919789153
0.5015796671542075
0.49268364474801263
0.4621034826897608
0.45036941727417046
0.670777592223355
0.5741618141268542
0.8687943024781347
0.37670953308965205
0.19294924805906377
0.20119606470107487
0.49229624915734493
0.6066872222504383
0.2534342927059544
0.07908868762770083
0.2166072889562939
0.923249257428139
0.2927087424407897
0.1573943213540029
0.418927253075955
0.3928452514823612
0.3025790202862383
0.8234599001436711
0.6347255135911973
0.22948698055554076
0.5058274772164575
0.8565682440511371
0.3518861608146009
0.3618716056611502
0.49819999520130387
0.8483384004344345
0.31753108010991093
0.43570599807205157
0.570911398686883
0.5853775729931103
0.21087430642399924
0.7554672738893877
0.045362776666809324
0.0046508332420648335
0.43216722333561397
0.17329755317157236
0.1810492113658937
0.30799647162016447
0.09254043818722002
0.21903381364967622
0.2002763820348038
0.4203707802033982
0.2119437681196218
0.40567388172002816
0.19943766522945536
0.1677823502580137
0.5084312843923486
0.494341253147976
0.1847390689589713
0.1573943213540029
0.8953381347140219
0.12264037283939383
0.3729175144209213
0.49182698231666067
0.28902824192048704
0.8491192370841831
0.8234599001436711
0.5390398362584519
0.927909891087231
0.8114708047430683
0.3728545141321667
0.1740286001185827
0.4883994274115888
0.46334858472246665
0.17406117318805664
0.1346394504207174
0.25569695520878644
0.20016677424862359
0.7111906860993822
0.8660715397957461
0.4838830739436747
0.1740286001185827
0.45845800201399345
0.6978071802173004
0.34928147302996715
0.7958697909911643
0.4262690017695061
0.16961005578018695
0.6093716936483295
0.0363892932509966
0.21845837241227423
0.1511633678600792
0.993539343443272
0.13696487440572885
0.3825950681028182
0.5119481828602725
0.30144291490552566
0.258394342101962
0.04704807704209524
0.5261479131376223
0.8483384004344345
0.1661481574636669
0.45845800201399345
0.10725757555501737
0.17341554312865126
0.7315204925793102
0.1861501824800306
0.9907272985677801
0.7429758868318908
0.17838632520068914
0.7221158189153616
0.21824194228132215
0.11123837835249029
0.11877094517428373
0.20167955665196813
0.349397789473908
0.17906499029220244
0.8685105332979488
0.8354735403006832
0.17658450557249306
0.32634970618838866
0.3978312616224041
0.4878491211755547
0.5525542551653144
0.17310893986739453
0.8933155298398542
0.6561124286067264
0.4019731909500098
0.21550700505960724
0.6057472193920371
0.13505030825218156
0.19175296168387185
0.20016677424862359
0.2002763820348038
0.21745007091296809
0.35819127457641514
0.9357247846016142
0.6825449395234755
0.5354583042527047
