0.28723063919152303
0.20021861796744111
0.20582885743240295
0.22380755911501338
0.23006475883029118
0.24188076192088714
0.24840871837299203
0.23006475883029118
0.43582471222480496
0.35140088652401197
0.8554186298827274
0.371147570992145
0.30259008845003665
0.176667272111101
0.5672140281477471
0.30768204560127077
0.1919180015017439
0.20582885743240295
0.21247092926985378
0.3263672024877714
0.2158167431024967
0.8464995413764029
0.282680935339622
0.26287851945278395
0.23954613581011408
0.22032683930948083
0.17341554312865126
0.42132969188376035
0.174229453110206
0.1700337763064128
0.22948698055554076
0.3189181195713418
0.4986322792724156
0.4516530227633846
0.5131356691603357
0.174229453110206
0.26332978950590197
0.4487687623004525
0.2523720110906251
0.1275966233429718
0.35140088652401197
0.15898285740885132
0.4516530227633846
0.4358813152019003
0.4822844901448604
0.371147570992145
0.4148759052614912
0.16766151738648702
0.18680017451619968
0.28723063919152303
0.19575710655629464
0.21469780360909524
0.3353936871994618
0.20573458519356558
0.11811553298135558
0.22380755911501338
0.8114708047430683
0.29241267474292004
0.4469574784870405
0.45845800201399345
0.21471442249135753
0.1813661611946304
0.7554672738893877
0.23006475883029118
0.35140088652401197
0.6825449395234755
0.26332978950590197
0.20060993154386839
0.8280223094703121
0.20016677424862359
0.4597471255399687
0.4986322792724156
0.26728774523558585
0.17029499661379396
0.3447149610546488
0.7313489266804476
0.1761045590582428
0.5691961212279133
0.21895866422869636
0.5390398362584519
0.5131356691603357
0.20217117636212278
0.5261479131376223
0.4590573101729244
0.26778871539121224
0.3728545141321667
0.4339719500231254
0.2846545919789153
0.2110168921976544
0.4597471255399687
0.820571078639941
0.9433837811959275
0.34853850797823765
0.5141346586287089
0.1717955637564967
0.7548377158070378
0.5217296753205162
0.43582471222480496
0.27584654297332883
0.26778871539121224
0.20582885743240295
0.3359896808037559
0.27584654297332883
0.5045909090188815
0.2523720110906251
0.8571941148682305
0.16778968408239245
0.21310297579746687
0.11811553298135558
0.7958697909911643
0.26332978950590197
0.6821514842692863
0.5593055265743437
0.200448181174689
0.48536837266198773
0.90809401789025
0.22032683930948083
0.24840871837299203
0.4822844901448604
0.4621034826897608
0.4061205114676603
0.17776311178750798
0.5741618141268542
0.8687943024781347
0.37670953308965205
0.19279513544152335
0.189791194950882
0.17220845968413223
0.5739523203433631
0.21901290015984073
0.1700337763064128
0.2166072889562939
0.923249257428139
0.1846082701041421
0.24188076192088714
0.35581799775837236
0.3928452514823612
0.35140088652401197
0.8234599001436711
0.6347255135911973
0.22948698055554076
0.5058274772164575
0.8565682440511371
0.2158167431024967
0.3618716056611502
0.5360761577723334
0.24188076192088714
0.31753108010991093
0.43570599807205157
0.570911398686883
0.5853775729931103
0.2802552732951896
0.7554672738893877
0.045362776666809324
0.282680935339622
0.45802514863964433
0.17054361862698242
0.2361497971602611
0.30799647162016447
0.26287851945278395
0.21903381364967622
0.21225575194479135
0.4052432959446712
0.19322722810580903
0.40567388172002816
0.20060993154386839
0.18717722036341683
0.1919180015017439
0.494341253147976
0.1847390689589713
0.17054361862698242
0.8953381347140219
0.12264037283939383
0.32010262982825355
0.49182698231666067
0.2617340898317035
0.8491192370841831
0.8554186298827274
0.5390398362584519
0.41622995208633584
0.8114708047430683
0.3728545141321667
0.21895866422869636
0.40102689311529005
0.47701257883967374
0.33201052290814864
0.1346394504207174
0.25569695520878644
0.2659191164570713
0.7111906860993822
0.8571941148682305
0.4093243869096294
0.8571941148682305
0.4273003521466103
0.4516530227633846
0.34928147302996715
0.7958697909911643
0.4052432959446712
0.17018746625805847
0.6093716936483295
0.0363892932509966
0.1993377774843298
0.16766151738648702
0.40102689311529005
0.13696487440572885
0.42132969188376035
0.4611992024366275
0.23775204404679115
0.258394342101962
0.04704807704209524
0.4487687623004525
0.8483384004344345
0.15865576266187303
0.45845800201399345
0.17404625743166616
0.171234756858066
0.7315204925793102
0.18717722036341683
0.19162160102591969
0.7429758868318908
0.189791194950882
0.7221158189153616
0.21159232805326683
0.1946777199203874
0.15599908664004639
0.21323511899054987
0.30768204560127077
0.2361497971602611
0.8685105332979488
0.8280223094703121
0.17658450557249306
0.32634970618838866
0.2802552732951896
0.4878491211755547
0.5525542551653144
0.1846082701041421
0.824076622823446
0.5360761577723334
0.43582471222480496
0.21901290015984073
0.6057472193920371
0.13505030825218156
0.19175296168387185
0.1961076003408897
0.2002763820348038
0.1946777199203874
0.3913578626664967
0.9357247846016142
0.6825449395234755
0.5487818617346762
