0.194807505089706
0.22973947165181463
0.40077169527823975
0.6727897516717304
0.6289369913139594
0.07176374600151214
0.7149463677902282
0.6921250045317165
0.48173523646346483
0.10401975886603032
0.4939018741519674
0.8401885609328761
0.1573672611041892
0.8756212681260933
0.49491457287038254
0.7884590260175263
0.1601923081301817
0.15306503400374638
0.6943354655954604
0.7409602268868225
0.9219478060280636
0.16981416871850974
0.8351794416161021
0.7533155357489859
0.9051132941660339
0.7125613117598066
0.6341450443462743
0.08144899718712217
0.3310167855624676
0.2784782198193768
0.9328900286701377
0.8108980665990166
0.5567577695028794
0.36538688552469945
0.8378139352867481
0.12651565637518525
0.8336566015615989
0.7981234633555974
0.5602005770303837
0.01799400016666053
0.10608854040716098
0.18412229734410102
0.22052660721682893
0.8112294377307568
0.8524804114907636
0.9784730216342697
0.005345856444001096
0.503431935488886
0.06535685987989714
0.6053451269718144
0.07691293087938911
0.8235235168300589
0.8275670484650379
0.19581714351635582
0.8645167241974446
0.1780668555450744
0.18490572113622095
0.8743031162965909
0.3488488085332009
0.36940141408216065
0.7218290747231655
0.039460853745423186
0.2170262928177562
0.693311474497486
0.9831813678232538
0.5330678327627896
0.5904625830977958
0.9302635784521535
0.5892498975821554
0.7486145321798845
0.19275511535877032
0.7018652871687653
0.731161321316522
0.7349219157313477
0.5679037223749391
0.7633026391638355
0.4795383443259442
0.8872147331697543
0.13999035899346168
0.9715079305349048
0.9869457614656301
0.5401531557825249
0.740686314477611
0.506048252461992
0.43970010936299286
0.0373220642529154
0.025612616014562994
0.17051776334554192
0.294035076092389
0.3034071241882137
0.061188767430638946
0.5065123721701359
0.08256628645110808
0.8022272811490673
0.6327285883636903
0.4470705181866814
0.8281133767537905
0.7256771800558514
0.601136338636009
0.017860099124116235
0.215913269361805
0.3106964789633675
0.3004130571974303
0.8977023699586885
0.8138705182272463
0.7202938994849702
0.5504631937562185
0.06935478213629964
0.25607151734621636
0.9243641370681491
0.300261496350019
0.854980034113363
0.18362480168721684
0.6210808506586465
0.9455879380199764
0.8309316576389908
0.20600215049885817
0.20834719027610016
0.9108969819098687
0.5962486846147925
0.4891565981206133
0.7702374458311904
0.9327866153621814
0.6355696952532112
0.6201367950791463
0.6272281747063075
0.6305350881904391
0.7015318426545712
0.5764890979386593
0.042152647502428975
0.8898577112896343
0.9988068197008494
0.3643807621282964
0.9801099713633207
0.6805253655407086
0.5764821294866413
0.19883418305878853
0.9729414170502477
0.5649397152011139
0.4420363462706929
0.9947977692512394
0.4738091057839344
0.7626194384439314
0.6446943928828838
0.9663198875641582
0.7543664366928027
0.21321966225564526
0.08081678495832512
0.5422669627507659
0.15250645933836215
0.8519422400684533
0.28863187521545697
0.9928026721361484
0.7420931848924721
0.8802420482009914
0.09835452100329645
0.6493566918575261
0.7037313793484752
0.4154720240183667
0.26858221796598725
0.8549019726021687
0.178780519875397
0.04935822988682326
0.5718321546951187
0.5907342847564829
0.49310085954898863
0.08110187580786632
0.5311094626822733
0.5712456961987789
0.16132379090648952
0.446359245341476
0.5904696447273544
0.6966438130289136
0.8829031973747884
0.046947331618348964
0.4370835213661126
0.7179523921163257
0.07844168773997495
0.06863731554320018
0.03345295745453425
0.7378324629561387
0.5387346826812088
0.3297627215308808
0.0662448793097018
0.6792113041266448
0.43700712769608707
0.6212784873477541
0.175059892661937
0.0238676890376609
0.1941894397047773
0.41915637606299294
0.16034472674488964
0.2472497302419132
0.46693191703819303
0.7526383332973022
0.1597159860733277
0.021485251169660824
0.7037637866861295
0.9280377518379672
0.4112494852478812
0.2073221433297059
0.4626744009200886
0.8738458684098235
0.6783567458671576
0.6882888245139246
0.6556246482800768
0.412427840167749
0.2652230451149926
0.4826336213630076
0.958019128345711
0.3183228568630049
0.9743029137304567
0.6366007141882316
0.6813117375457846
0.5308177057030803
0.2669861521648057
0.30228995236130574
0.22903254941402895
0.1415196091426476
0.03631538164243919
0.46678220074235977
0.601614459254671
0.0368268891643303
0.3575016446618824
0.33952860162871756
0.9871692900826146
0.3273356930465281
0.22564872329338637
0.6613533247178267
0.6433867097700283
0.013075937907181312
0.5024357338963523
0.25971742354408933
0.6321772408153093
0.329729133831566
0.39563759451035496
0.5905907238137343
0.9152254621172973
0.8658297414026206
0.07015019197769579
0.9663452707328711
0.9374661325960258
0.06831060259951549
0.8131924302284304
0.385030452239981
0.016243820700168055
0.5714690391289896
0.9008891704094927
0.2599836910097999
0.08151874022344063
