0.37922807312068674
0.40916810043547774
0.37866886222217716
0.373087650426127
0.3811154867451405
0.3684005514514364
0.3811154867451405
0.3691999590334244
0.3684647457238049
0.3684005514514364
0.37805530974664125
0.36601227877283143
0.3687760434438151
0.3751453946945397
0.3652021820401907
0.3687374039194667
0.3687374039194667
0.37789258151149174
0.3684647457238049
0.3795044101906014
0.3876820646616721
0.3704671523041899
0.3740640182813795
0.37704139337065984
0.37789258151149174
0.3795044101906014
0.3605758410165371
0.37047460170322527
0.37545977388716717
0.37379420929530843
0.5125055418319704
0.40916810043547774
0.35951629462849316
0.37014101552172435
0.372617694402841
0.369820631859694
0.38093185830745663
0.7818436774045281
0.3691132626677356
0.37757049311803725
0.3720018527105746
0.3691342895715618
0.3691999590334244
0.6719244142312851
0.3751453946945397
0.3843517747224463
0.3730864873745223
0.369085846507166
0.3759310492519223
0.4042701240911922
0.38981261488733854
0.3876820646616721
0.3848610152524385
0.38981261488733854
0.3718853978288452
0.3709418233720816
0.3700654245437861
0.3691542746245264
0.37805530974664125
0.69281184822578
0.3751453946945397
0.3673373917425167
0.3645741873073388
0.7585939280360203
0.369820631859694
0.3730864873745223
0.7818436774045281
0.04493266947026136
0.33592804876701754
0.3452121092937699
0.6741284493416262
0.37819395288646346
0.373087650426127
0.37704139337065984
0.36601227877283143
0.9028254737429866
0.3684647457238049
0.3740640182813795
0.3661687016826528
0.3717581401848222
0.3687760434438151
0.6875323908674216
0.5908243352781679
0.3604052494079478
0.3704671523041899
0.35338695426729405
0.3669381524594037
0.36471746036726393
0.370766692626786
0.6691468253239048
0.3688397262338998
0.04493266947026136
0.369820631859694
0.04493266947026136
0.3720018527105746
0.7562177431554553
0.9633048950631994
0.4184297601582598
0.41279756679526497
0.3566535125893312
0.12178193856314345
0.768960118667029
0.37825267704333665
0.3739414939659474
0.3785167438697439
0.3988760572484099
0.37116380212395705
0.6447196322423648
0.3811154867451405
0.35951629462849316
0.3690295123588059
0.3703746467505882
0.682523166993369
0.37704139337065984
0.36846719462490013
0.4134176688347515
0.3507450742721096
0.36846719462490013
0.3588802494590772
0.39784863232657636
0.6959064523469665
0.6741284493416262
0.3770447717102575
0.3674256021429421
0.3848610152524385
0.3758421907629351
0.3770210262277277
0.07554568728555056
0.3691542746245264
0.7765666442091019
0.37966422509804754
0.3687760434438151
0.3609270497685772
0.6365906368640029
0.34559710631097296
0.35951629462849316
0.11337128002464392
0.8609017090795023
0.6783346090240526
0.3667887883599399
0.7818436774045281
0.3569355893180547
0.6528891616154187
0.37919070824006595
0.367517780468277
0.3134863888805862
0.37534123589453144
0.3192373060190389
0.13882020890442376
0.7470302525085961
0.3573673522768599
0.37966422509804754
0.37159034485899956
0.69281184822578
0.37819395288646346
0.3759310492519223
0.37116380212395705
0.3705575434447217
0.6900636038577806
0.372617694402841
0.7535108653757873
0.40114098183596897
0.6553930200384879
0.7847131694854553
0.36985347690577347
0.3566535125893312
0.6591774408659337
0.06706180387040504
0.3801980167360717
0.38381014892581594
0.3708000583629002
0.6909596668471516
0.6959064523469665
0.7582406048772813
0.3684005514514364
0.3605758410165371
0.9035343863423942
0.686005073923947
0.3628645230313949
0.6205173747277557
0.3811162618368302
0.37866886222217716
0.37825267704333665
0.36162888789448133
0.3720018527105746
0.06613709333408774
0.3770538731214547
0.3758421907629351
0.36889202172471786
0.7641733136439753
0.3741195389727956
0.36093173312657556
0.36392624582409194
0.6741284493416262
0.3628645230313949
0.11481272367270749
0.6949347488473085
0.40000575988418824
0.8508364036301249
0.3609270497685772
0.6768170248142653
0.37922807312068674
0.7765666442091019
0.10259836224246141
0.35338695426729405
0.36065116169471684
0.00342616878922386
0.36585354517435026
0.3871373042737559
0.5125055418319704
0.15776170406805473
0.3800306968732225
0.3843517747224463
0.40916810043547774
0.781685837639399
0.13066963515238572
0.7156849563883896
0.37657812791024065
0.3711234185327282
0.13982045428896533
0.37534123589453144
0.37533515798448885
0.7967562660348834
0.3604052494079478
0.7609658514850857
0.7432533490829019
0.3625445019151589
0.3645741873073388
0.8027275457820036
0.6897909127197379
0.38434852538171005
0.07554568728555056
0.3567199430740762
0.8306591081143821
0.6827694093475131
0.41279756679526497
0.719166960209487
0.38718742247711446
0.5840329237729236
0.34220960928274385
0.7913293704910151
0.38578266464664707
0.06602847347356111
0.3134863888805862
0.36225845183595684
0.373087650426127
0.36469459515733327
0.10791081436098937
0.4122948974869479
0.36487999164799656
