0.3759413689821179
0.37135885813801967
0.3741948379778466
0.37135885813801967
0.3715720051208497
0.3746347525473493
0.3759413689821179
0.3765342409342854
0.781843677404528
0.3849706060479435
0.3739813902051199
0.36761402768434
0.37135885813801967
0.372106360513868
0.3736937219644165
0.3687374039194667
0.38879812844452416
0.3720563820364415
0.37070447198206
0.371014124974522
0.3865402435443706
0.3759104283718407
0.3668465009126332
0.3731689675803232
0.3701151368662834
0.37336852168716794
0.3883483412028578
0.376572359365126
0.3750133354520375
0.39036333809468043
0.392651647123007
0.39068816589997385
0.3668082588757487
0.3883483412028578
0.376572359365126
0.3720563820364415
0.3739813902051199
0.7173664195099734
0.3759104283718407
0.3816765788823422
0.3741948379778466
0.3735864330076915
0.3730995886886279
0.39068816589997385
0.36829074775055304
0.37659575047817306
0.37647961475697306
0.3691314816680707
0.37842795701393134
0.3699628607509091
0.3887473397745053
0.389788276840757
0.3765342409342854
0.38981261488733854
0.3883483412028578
0.3724872929475092
0.36809050330658866
0.36619045538787387
0.3820902034785068
0.36829074775055304
0.3735864330076915
0.3673373917425167
0.36761402768434
0.7016567801391926
0.372106360513868
0.3765342409342854
0.781843677404528
0.04493266947026136
0.3678601308791814
0.35933824737131964
0.6741284493416262
0.04493266947026136
0.373087650426127
0.3786995434387619
0.3851412014320118
0.9028254737429866
0.36367249759144105
0.3701151368662834
0.37593828781732425
0.3720563820364415
0.3687760434438151
0.37082127030808315
0.5908243352781679
0.36809050330658866
0.37439441836916176
0.370221929746946
0.373238952070929
0.36471746036726393
0.359075543257276
0.6691468253239048
0.3734556912512593
0.04493266947026136
0.372106360513868
0.04493266947026136
0.370221929746946
0.37618129209329687
0.9633048950631994
0.39082921390700864
0.38879812844452416
0.3699628607509091
0.12178193856314345
0.37314656648146405
0.3807712791632264
0.3795413476989796
0.373238952070929
0.37655066636114853
0.37116380212395705
0.7016567801391926
0.36752839927603165
0.36686990443669426
0.3690295123588059
0.370892689074011
0.3736937219644165
0.3787148840470542
0.36846719462490013
0.3865402435443706
0.3661900565016696
0.36846719462490013
0.36367249759144105
0.3770979140906092
0.6959064523469665
0.3744319652208378
0.3723293996972987
0.3674256021429421
0.3765699296260075
0.37511753580033735
0.3779919587433456
0.07554568728555056
0.36308085174781163
0.7765666442091019
0.37955595829081296
0.371014124974522
0.36829074775055304
0.716673451449443
0.36335629652805673
0.36686990443669426
0.11337128002464392
0.8609017090795023
0.6783346090240526
0.37070447198206
0.781843677404528
0.35933824737131964
0.7173664195099734
0.37919070824006595
0.368883715246428
0.33275898991836506
0.37534123589453144
0.34874499153118776
0.13882020890442376
0.7148998309280545
0.3668082588757487
0.3803303911167874
0.37159034485899956
0.69281184822578
0.3723702036043283
0.37842795701393134
0.36850867364915363
0.37062632409249696
0.6900636038577806
0.376572359365126
0.7535108653757873
0.40114098183596897
0.6553930200384879
0.3772999557370497
0.37226073756358113
0.3566535125893312
0.6591774408659337
0.06706180387040504
0.37814575191885397
0.38381014892581594
0.38654412796547516
0.6909596668471516
0.6959064523469665
0.3759104283718407
0.3694273449526366
0.36901791505279835
0.37647961475697306
0.686005073923947
0.3752459288683171
0.6022751492503396
0.3746347525473493
0.3786995434387619
0.3761861080080661
0.36162888789448133
0.3720018527105746
0.06613709333408774
0.3702050848247557
0.37422994258288805
0.3731689675803232
0.7641733136439753
0.3761861080080661
0.36093173312657556
0.3688593618515361
0.6754727370779458
0.3803303911167874
0.11481272367270749
0.6949347488473085
0.38517605138369587
0.8508364036301249
0.3668465009126332
0.6754727370779458
0.37922807312068674
0.7765666442091019
0.10259836224246141
0.3661942650014581
0.36065116169471684
0.00342616878922386
0.36850867364915363
0.3871373042737559
0.5125055418319704
0.15776170406805473
0.3800306968732225
0.38517605138369587
0.3887246846769407
0.781685837639399
0.13066963515238572
0.7156849563883896
0.37439441836916176
0.3711234185327282
0.13982045428896533
0.37534123589453144
0.3849706060479435
0.716673451449443
0.3604052494079478
0.7609658514850857
0.3609270497685772
0.3686684321809444
0.37150079697307525
0.8027275457820036
0.6897909127197379
0.3734556912512593
0.07554568728555056
0.3668082588757487
0.8306591081143821
0.7148998309280545
0.38879812844452416
0.719166960209487
0.38718742247711446
0.6022751492503396
0.359075543257276
0.7913293704910151
0.3816765788823422
0.06602847347356111
0.3263347895724388
0.3728255393750812
0.373087650426127
0.37452156026952166
0.10791081436098937
0.37593828781732425
0.33275898991836506
