0.7099810688431087
0.7535108653757873
0.354636058490505
0.776482133668484
0.5846636571601385
0.07972229273263122
0.09036548568081833
0.35125602459034216
0.6996995953776118
0.09460717979354463
0.88882405709039
0.6996995953776118
0.7284904293813415
0.8527694879921294
0.7339590158074298
0.8281266195921558
0.28013987224894576
0.07972229273263122
0.3127435195875558
0.11245169601700318
0.05554647575836738
0.9016498925829886
0.4056841807765609
0.7407831597386063
0.7556154736817812
0.6474061789762293
0.7590709884192876
0.10308076334870356
0.3792546346845117
0.35125602459034216
0.4551539400158483
0.0776502080129331
0.41347539102754105
0.7284904293813415
0.330559960028753
0.3367408836157373
0.36035612243505794
0.04305948491542855
0.5972131538263019
0.523841055962666
0.3012569996668424
0.09460717979354463
0.9673373701489308
0.6164143423494244
0.608955614665281
0.5953485054875506
0.41630872251588613
0.3794493795122994
0.36479827206527243
0.10085120001564649
0.09036548568081833
0.10738982149585063
0.6287173356204161
0.09036548568081833
0.3794493795122994
0.07042414270122388
0.5173872170338818
0.03529209453699583
0.3264243767587752
0.7227932219555864
0.3012569996668424
0.7674492596882655
0.8559949827530335
0.6322968225277261
0.3012058813457266
0.41630872251588613
0.7590709884192876
0.023728245606434977
0.4020121070677486
0.33261928421425363
0.5917330666064324
0.6851445587001077
0.00484771633246428
0.5746750505232571
0.732534151237742
0.8383135773370423
0.6996995953776118
0.5759775136221669
0.8746047506213734
0.2866347609268507
0.09196829396803602
0.09196829396803602
0.5908243352781679
0.231770524285221
0.577101121097529
0.3367408836157373
0.4528251490465015
0.5250239954661431
0.5363963851170986
0.7284904293813415
0.35125602459034216
0.6007314572468249
0.825772983395016
0.023728245606434977
0.3012569996668424
0.6996995953776118
0.9633048950631994
0.62884163595299
0.8527694879921294
0.554143520925314
0.12178193856314345
0.3036111014948213
0.016664024842647174
0.10415843025019345
0.776482133668484
0.2866347609268507
0.20025519206576903
0.5144240891217894
0.35976783063861895
0.20025519206576903
0.13882020890442376
0.3012058813457266
0.6585842829625017
0.8914406561528019
0.448543338999678
0.4975121574494944
0.35534496013670325
0.23580111540347826
0.12237716954162536
0.04233058626431676
0.6585842829625017
0.5759775136221669
0.6302661024358347
0.8491770104424416
0.27670099109689583
0.2955720817841452
0.15776170406805473
0.07538265466994694
0.24712116684734253
0.9212084587262086
0.05554647575836738
0.5682219786518814
0.6899709702293917
0.7908382869752038
0.354636058490505
0.8696991147615183
0.11337128002464392
0.8609017090795023
0.7153522428947775
0.331052090212013
0.7590709884192876
0.883543194069323
0.6437332018042529
0.3757785104500091
0.34166160228302433
0.1835093136753734
0.45020837944263625
0.29533486991846153
0.13882020890442376
0.6595746418219839
0.16137892123225572
0.0351140576659876
0.8792559947276314
0.7075750869565192
0.8333747777355787
0.45055074285530405
0.7362553575225909
0.3429781164705763
0.6752196777374777
0.21383164675659058
0.7535108653757873
0.574650014710155
0.13982045428896533
0.2508662530428717
0.8332080383795462
0.3486661192251955
0.577101121097529
0.025595372799829152
0.05554647575836738
0.9728103783219093
0.5274001441472951
0.7227932219555864
0.7366185556489698
0.3494379792715796
0.17038154963271746
0.2955720817841452
0.9035343863423942
0.6586160310166174
0.24485367383186618
0.5746750505232571
0.5363963851170986
0.8732865813683062
0.3264243767587752
0.27588539538590606
0.2996912920540419
0.011194680384500999
0.8791242493964748
0.6677379465764857
0.8182231141481646
0.25872137412570595
0.7386259537469915
0.32147008328953974
0.17534483404687098
0.6164143423494244
0.4195681406436642
0.212163984349947
0.6287173356204161
0.10308076334870356
0.8508364036301249
0.2508804249441271
0.650779450524766
0.6874116094236855
0.7084749526532506
0.12237716954162536
0.3367408836157373
0.07972229273263122
0.00342616878922386
0.22492276582314452
0.3081179170827887
0.4551539400158483
0.15776170406805473
0.6178158251983586
0.5049252516225046
0.606672264433179
0.8281266195921558
0.1582585069560679
0.6268247606915938
0.503422791670292
0.37753481719792675
0.13982045428896533
0.8489648632705741
0.5846636571601385
0.88882405709039
0.36035612243505794
0.8182231141481646
0.6899709702293917
0.3135484859299381
0.8199569970663058
0.8791242493964748
0.641844115342261
0.33196066025849824
0.07538265466994694
0.24945318731227206
0.8306591081143821
0.31967022708298276
0.8527694879921294
0.782474995898402
0.776482133668484
0.5933907970225901
0.29533486991846153
0.7913293704910151
0.7325768530665606
0.06602847347356111
0.1835093136753734
0.28013987224894576
0.8885493840314312
0.2595561097842993
0.10791081436098937
0.022024419197506973
0.7339590158074298
