0.4396232821200717
0.4487797438541085
0.7847131694854553
0.377158434167107
0.3423598266899334
0.7136992822202749
0.3628348033982476
0.40000575988418824
0.3532588008295207
0.7847131694854553
0.7967562660348834
0.36849200286599526
0.6553930200384879
0.3598636867629108
0.7346488935356118
0.377158434167107
0.8149009286758793
0.768960118667029
0.3811348934102892
0.3422907290750047
0.36936415646078624
0.40000575988418824
0.3628348033982476
0.37581308400991065
0.727612141603176
0.35766319996705437
0.341388395603752
0.3826340655589185
0.35328664201542037
0.3643771246310455
0.6065813235056811
0.350319420204991
0.731545348820019
0.3424529686595264
0.3424529686595264
0.350319420204991
0.33853867552182054
0.04305948491542855
0.7875837337514641
0.4191384758734844
0.3461998936034557
0.07587175251675782
0.5757399822644548
0.6528891616154187
0.39245935677923105
0.709851984941775
0.4021572676756763
0.34888224549161057
0.40432969159054133
0.43782873917100834
0.39332426949861476
0.39332426949861476
0.7239948930093851
0.09270895859287942
0.7383276983220606
0.376030101569813
0.2855977538180989
0.4281719164561326
0.38157039150629024
0.7136992822202749
0.3575874789149308
0.36482956742146455
0.7106742554484075
0.7585939280360203
0.3811348934102892
0.36302914606617076
0.7818436774045281
0.06613709333408774
0.33592804876701754
0.34559710631097296
0.6555047193528325
0.06613709333408774
0.3835331816610984
0.42707575912140056
0.7352450556866422
0.9028254737429866
0.3532588008295207
0.694456608762597
0.709851984941775
0.11481272367270749
0.07587175251675782
0.665212796793068
0.5908243352781679
0.36936415646078624
0.6365906368640029
0.3461998936034557
0.3754815265327585
0.40762988644646
0.8150105215879099
0.6691468253239048
0.7417063319241026
0.023728245606434977
0.3607778755125077
0.5419977879844191
0.3461998936034557
0.7562177431554553
0.9633048950631994
0.41919347025080334
0.41919347025080334
0.3710974158959185
0.12178193856314345
0.768960118667029
0.7639768463434246
0.10415843025019345
0.7073008780997481
0.43905768387019134
0.37581308400991065
0.5757399822644548
0.39629807874881007
0.34708258005648407
0.3710974158959185
0.3811348934102892
0.6518044151274242
0.42707575912140056
0.3435175417153008
0.44128538928518174
0.33853867552182054
0.4207465075673298
0.2855977538180989
0.39245935677923105
0.6585842829625017
0.6585137486485557
0.6570018256825878
0.34869094651636534
0.36209623791148393
0.7678995547561259
0.8218041417966705
0.07538265466994694
0.33299945422853083
0.8734907210606123
0.3967632753341551
0.6186844019878931
0.39245935677923105
0.6365906368640029
0.34559710631097296
0.8696991147615183
0.11337128002464392
0.8609017090795023
0.6783346090240526
0.33789888142104796
0.7818436774045281
0.811291095669679
0.6528891616154187
0.3960436164829476
0.3567504332184872
0.2719327180552157
0.34541491600237556
0.3192373060190389
0.13882020890442376
0.6827694093475131
0.3104976770533178
0.3902785601008565
0.350319420204991
0.7136992822202749
0.6949347488473085
0.39827655858543237
0.377158434167107
0.3628348033982476
0.6585137486485557
0.21383164675659058
0.7535108653757873
0.45024218928822
0.6553930200384879
0.7847131694854553
0.3598636867629108
0.34220960928274385
0.665212796793068
0.06010127629668689
0.3967632753341551
0.4267266385154498
0.6685938784409118
0.740733613669737
0.7366185556489698
0.7562177431554553
0.8691035832922298
0.3501592094825336
0.9035343863423942
0.686005073923947
0.719266561614004
0.5746750505232571
0.4267266385154498
0.8150105215879099
0.38157039150629024
0.3195980635170118
0.3822585077318042
0.06613709333408774
0.39629807874881007
0.6677379465764857
0.3643771246310455
0.7641733136439753
0.7443532438871999
0.3423598266899334
0.7158106580020103
0.694456608762597
0.4195681406436642
0.11481272367270749
0.6949347488473085
0.40000575988418824
0.8508364036301249
0.3666354534177434
0.6531420849387992
0.7092835899241879
0.6796425673575917
0.10259836224246141
0.32816947356637455
0.35766319996705437
0.00342616878922386
0.3133257058762582
0.3804715330646451
0.4770892965644671
0.15776170406805473
0.7101126257978038
0.40780818080766845
0.6376330714370454
0.781685837639399
0.13066963515238572
0.6930422144547185
0.39668293970395646
0.36849200286599526
0.13982045428896533
0.831987692429242
0.373015628594093
0.7967562660348834
0.33853867552182054
0.7609658514850857
0.7175465794987748
0.3551157128169473
0.3306801125166431
0.8508553879661392
0.644932931903864
0.36302914606617076
0.07570871990115419
0.3104976770533178
0.8306591081143821
0.6827694093475131
0.8149009286758793
0.719166960209487
0.776482133668484
0.5933907970225901
0.34220960928274385
0.7913293704910151
0.7417063319241026
0.06602847347356111
0.33299945422853083
0.3873558015103878
0.754599703597868
0.3567504332184872
0.10791081436098937
0.4122948974869479
0.7312247225943856
