0.3740761634125599
0.37407616423719864
0.3740761636299028
0.3740761632716601
0.3740761636001136
0.3740761638075563
0.37407616345365846
0.3740761636001136
0.37407616333192156
0.37407616333192156
0.3740761631621185
0.3740761635994081
0.37407616323806636
0.374076163304222
0.3740761630098294
0.3740761633052721
0.37407616373549135
0.37407616374951697
0.37407616349709333
0.3740761635994081
0.3740761633390182
0.3740761637226114
0.37407616353732065
0.3740761630516421
0.3740761636614372
0.374076163219002
0.37407616335629695
0.37407616312843145
0.3740761630893617
0.37407616336308536
0.3740761633977167
0.3740761633390182
0.3740761633561258
0.37407616379544867
0.37407616379544867
0.37407616375744807
0.3740761631621185
0.3740761632547
0.3740761639249186
0.37407616408597266
0.3740761638011867
0.3740761633536852
0.37407616291330703
0.3740761635526241
0.3740761633191685
0.37407616302428554
0.3740761631863898
0.3740761635902922
0.3740761637236414
0.37407616318728903
0.3740761637226114
0.3740761637122272
0.37407616434111496
0.37407616348663003
0.3740761636908307
0.37407616291330703
0.37407616348663003
0.37407616359625706
0.3740761633356446
0.37407616348896683
0.3740761633536852
0.3740761631789884
0.3740761639726832
0.7016567801391926
0.3740761630948979
0.3740761632917626
0.37407616359625706
0.37407616427812856
0.37407616323806636
0.3740761633513225
0.3740761631829776
0.3740761639726832
0.37407616342194866
0.37407616386136194
0.3740761633052721
0.9028254737429866
0.37407616388943254
0.37407616338199623
0.3740761635048664
0.3740761634112099
0.37407616355501633
0.3740761641106579
0.636392008154425
0.37407616305581304
0.37407616293182483
0.3740761634000789
0.37407616375744807
0.3740761652953368
0.37407616352418116
0.3740761633983677
0.3740761632716601
0.374076164937819
0.37407616319509335
0.37407616356704515
0.3740761638663091
0.3740761633425503
0.9633048950631994
0.3740761635663406
0.3740761635419019
0.3740761632849326
0.12178193856314345
0.37407616335681965
0.3740761633055113
0.37407616328179305
0.37407616375744807
0.37407616434111496
0.3740761634912415
0.374076162245499
0.3740761634699129
0.3740761638011867
0.3740761632849326
0.37407616272606653
0.37407616302428554
0.37407616353965223
0.37407616428814716
0.3740761632281546
0.37407616319441245
0.3740761634834784
0.37407616388943254
0.3740761633422569
0.37407616309229985
0.3740761630592914
0.3740761641149867
0.37407616344905326
0.37407616353965223
0.37407616379379305
0.3740761630209972
0.37407616337697647
0.3740761634493946
0.7765666442091019
0.3740761639598533
0.37407616344905326
0.37407616313863623
0.716673451449443
0.37407616353748196
0.3740761631808164
0.11337128002464392
0.8609017090795023
0.6783346090240526
0.3740761630315923
0.37407616432789215
0.37407616411086764
0.7389100549230534
0.3740761631783671
0.37407616361843954
0.3740761626691563
0.3740761635523
0.3740761639943781
0.3740761632281546
0.7148998309280545
0.374076163444897
0.37407616352310447
0.3740761613858974
0.37407616335629695
0.37407616393749515
0.37407616353748196
0.37407616423719864
0.37407616345365846
0.6900636038577806
0.37407616471575056
0.3740761630969041
0.3740761638589996
0.3740761626776956
0.37407616396837806
0.3740761634912415
0.37407616336308536
0.6673250889719398
0.0559972366703332
0.37407616523841614
0.37407616354688705
0.3740761642919536
0.3740761630315923
0.6959064523469665
0.37407616398448185
0.37407616333192156
0.37407616353533346
0.3740761629944893
0.37407616374838115
0.3740761621845776
0.6022751492503396
0.37407616354688705
0.3740761631261668
0.3740761631097663
0.37407616373549135
0.37407616349709333
0.3740761639359925
0.37407616306785346
0.37407616570029556
0.3740761635902922
0.37407616342593514
0.3740761631097663
0.37407616524936405
0.3740761638075563
0.37407616317288506
0.3740761637592631
0.3740761625360983
0.6949347488473085
0.3740761628758751
0.8508364036301249
0.37407616326935755
0.37407616317288506
0.37407616787710385
0.7765666442091019
0.10259836224246141
0.3740761634000789
0.3740761622616109
0.00342616878922386
0.3740761634689909
0.37407616309229985
0.3740761637122272
0.15776170406805473
0.37407616316385106
0.37407616271804367
0.37407616352418116
0.781685837639399
0.13066963515238572
0.3740761634386761
0.3740761629417604
0.3740761633400384
0.13982045428896533
0.3740761660452748
0.37407616297329827
0.716673451449443
0.3740761631621185
0.7606585547957143
0.37407616300882013
0.37407616352586537
0.37407616341910055
0.3740761632370867
0.681959681030682
0.3740761632917626
0.07554568728555056
0.374076163444897
0.8306591081143821
0.3740761642919536
0.3740761638963268
0.37407616328254534
0.3740761634699129
0.6022751492503396
0.37407616318064596
0.7913293704910151
0.37407616665954285
0.06602847347356111
0.3740761634313068
0.3740761633824128
0.374076163219002
0.37407616361843954
0.10791081436098937
0.3740761635048664
0.3740761626691563
