0.3740761635288836
0.3740761635288836
0.3740761635288836
0.3740761635288836
0.3740761635288836
0.3740761635288836
0.3740761635288836
0.3740761635288836
0.3740761635288836
0.3740761635288836
0.3740761635288836
0.3740761635288836
0.3740761635288836
0.3740761635288836
0.3740761635288836
0.3740761635288836
0.3740761635288836
0.3740761635288836
0.3740761635288836
0.3740761635288836
0.3740761635288836
0.3740761635288836
0.3740761635288836
0.3740761635288836
0.3740761635288836
0.3740761635288836
0.3740761635288836
0.3740761635288836
0.3740761635288836
0.3740761635288836
0.3740761635288836
0.3740761635288836
0.3740761635288836
0.3740761635288836
0.3740761635288836
0.3740761635288836
0.3740761635288836
0.3740761635288836
0.3740761635288836
0.3740761635288836
0.3740761635288836
0.3740761635288836
0.3740761635288836
0.3740761635288836
0.3740761635288836
0.3740761635288836
0.3740761635288836
0.3740761635288836
0.3740761635288836
0.3740761635288836
0.3740761635288836
0.3740761635288836
0.3740761635288836
0.3740761635288836
0.3740761635288836
0.3740761635288836
0.3740761635288836
0.3740761635288836
0.3740761635288836
0.3740761635288836
0.3740761635288836
0.3740761635288836
0.3740761635288836
0.7016567801391926
0.3740761635288836
0.3740761635288836
0.3740761635288836
0.3740761635288836
0.3740761635288836
0.3740761635288836
0.3740761635288836
0.3740761635288836
0.3740761635288836
0.3740761635288836
0.3740761635288836
0.9028254737429866
0.3740761635288836
0.3740761635288836
0.3740761635288836
0.3740761635288836
0.3740761635288836
0.3740761635288836
0.636392008154425
0.3740761635288836
0.3740761635288836
0.3740761635288836
0.3740761635288836
0.3740761635288836
0.3740761635288836
0.3740761635288836
0.3740761635288836
0.3740761635288836
0.3740761635288836
0.3740761635288836
0.3740761635288836
0.3740761635288836
0.9633048950631994
0.3740761635288836
0.3740761635288836
0.3740761635288836
0.12178193856314345
0.3740761635288836
0.3740761635288836
0.3740761635288836
0.3740761635288836
0.3740761635288836
0.3740761635288836
0.3740761635288836
0.3740761635288836
0.3740761635288836
0.3740761635288836
0.3740761635288836
0.3740761635288836
0.3740761635288836
0.3740761635288836
0.3740761635288836
0.3740761635288836
0.3740761635288836
0.3740761635288836
0.3740761635288836
0.3740761635288836
0.3740761635288836
0.3740761635288836
0.3740761635288836
0.3740761635288836
0.3740761635288836
0.3740761635288836
0.3740761635288836
0.3740761635288836
0.7765666442091019
0.3740761635288836
0.3740761635288836
0.3740761635288836
0.716673451449443
0.3740761635288836
0.3740761635288836
0.3740761635288836
0.8609017090795023
0.6783346090240526
0.3740761635288836
0.3740761635288836
0.3740761635288836
0.7389100549230534
0.3740761635288836
0.3740761635288836
0.3740761635288836
0.3740761635288836
0.3740761635288836
0.3740761635288836
0.7148998309280545
0.3740761635288836
0.3740761635288836
0.3740761635288836
0.3740761635288836
0.3740761635288836
0.3740761635288836
0.3740761635288836
0.3740761635288836
0.6900636038577806
0.3740761635288836
0.3740761635288836
0.3740761635288836
0.3740761635288836
0.3740761635288836
0.3740761635288836
0.3740761635288836
0.6673250889719398
0.0559972366703332
0.3740761635288836
0.3740761635288836
0.3740761635288836
0.3740761635288836
0.6959064523469665
0.3740761635288836
0.3740761635288836
0.3740761635288836
0.3740761635288836
0.3740761635288836
0.3740761635288836
0.6022751492503396
0.3740761635288836
0.3740761635288836
0.3740761635288836
0.3740761635288836
0.3740761635288836
0.3740761635288836
0.3740761635288836
0.3740761635288836
0.3740761635288836
0.3740761635288836
0.3740761635288836
0.3740761635288836
0.3740761635288836
0.3740761635288836
0.3740761635288836
0.3740761635288836
0.6949347488473085
0.3740761635288836
0.8508364036301249
0.3740761635288836
0.3740761635288836
0.3740761635288836
0.7765666442091019
0.10259836224246141
0.3740761635288836
0.3740761635288836
0.00342616878922386
0.3740761635288836
0.3740761635288836
0.3740761635288836
0.15776170406805473
0.3740761635288836
0.3740761635288836
0.3740761635288836
0.781685837639399
0.13066963515238572
0.3740761635288836
0.3740761635288836
0.3740761635288836
0.13982045428896533
0.3740761635288836
0.3740761635288836
0.716673451449443
0.3740761635288836
0.7606585547957143
0.3740761635288836
0.3740761635288836
0.3740761635288836
0.3740761635288836
0.681959681030682
0.3740761635288836
0.07554568728555056
0.3740761635288836
0.8306591081143821
0.3740761635288836
0.3740761635288836
0.3740761635288836
0.3740761635288836
0.6022751492503396
0.3740761635288836
0.7913293704910151
0.3740761635288836
0.06602847347356111
0.3740761635288836
0.3740761635288836
0.3740761635288836
0.3740761635288836
0.10791081436098937
0.3740761635288836
0.3740761635288836
