0.3313692946942131
0.7719891771599997
0.49004873826864537
0.7451185010962605
0.2210168970409323
0.8750814006026966
0.7206495777415508
0.3737252242149987
0.7807129968228252
0.07527234849443482
0.16997993236809703
0.15028252375782164
0.09068720698156718
0.16074635974401813
0.7348159938732101
0.7807129968228252
0.07812248628212343
0.41701130852392737
0.15028252375782164
0.40249018027951566
0.9190907290852576
0.19985212651275236
0.32330573705824933
0.07812248628212343
0.7807129968228252
0.24902111753237657
0.7807129968228252
0.6565407306337208
0.6120748026918055
0.8973548952958599
0.8939629495259545
0.043651598347135015
0.46366028925112174
0.20668125451335917
0.026626930768763914
0.07527234849443482
0.4769102381499567
0.6565407306337208
0.7710703928146294
0.404873348689226
0.11266309790683945
0.6652952002444906
0.9190907290852576
0.8939629495259545
0.18481157976477142
0.9769588721547657
0.9141979348103539
0.6121332990706652
0.6178712715276259
0.6121332990706652
0.7673732108810554
0.49004873826864537
0.3021804075051474
0.4724778777548368
0.3237022518658108
0.16029428930843664
0.372607953359628
0.22968809929396183
0.42683303098820885
0.07527234849443482
0.6254989569003775
0.08743080332337397
0.3021804075051474
0.9147831991461983
0.7589472947760061
0.327703502636092
0.658839257697927
0.643131682295561
0.6886820267093259
0.5797543854886935
0.11266309790683945
0.4362797831045201
0.6572002640695169
0.163139703250491
0.32330573705824933
0.404873348689226
0.16029428930843664
0.2322798347140806
0.6572002640695169
0.5741848938846967
0.16335689121990388
0.5633125856091483
0.18481157976477142
0.3902961066174601
0.8361179625667293
0.6234079385331031
0.3021804075051474
0.31239118994631865
0.8053559587745812
0.5501424169507545
0.5070896854418937
0.8973548952958599
0.3737252242149987
0.4135443990196448
0.8221644491063504
0.5078853899576197
0.5797543854886935
0.46718465743866555
0.7328942880281932
0.5939913650237674
0.7273341272260198
0.16335689121990388
0.11266309790683945
0.5801717644592039
0.6178712715276259
0.7662282674650829
0.054973054985846356
0.5741848938846967
0.6255004897809833
0.3990887656569385
0.7710703928146294
0.24902111753237657
0.4724778777548368
0.24517005652619167
0.16335689121990388
0.4362797831045201
0.8866046752961001
0.9141979348103539
0.19507797727524429
0.7348159938732101
0.24517005652619167
0.9342681486919631
0.4769102381499567
0.40249018027951566
0.9245766115457634
0.19985212651275236
0.232331594349464
0.10169166859780512
0.2322798347140806
0.05020167547815921
0.31239118994631865
0.41701130852392737
0.7673732108810554
0.8033566522814117
0.5948072517334274
0.46160038104839785
0.054973054985846356
0.638673733444632
0.16997993236809703
0.46718465743866555
0.8361179625667293
0.22968809929396183
0.3313692946942131
0.8033566522814117
0.7662282674650829
0.6886820267093259
0.6234079385331031
0.20690104010496546
0.46366028925112174
0.5610655995008739
0.43015298746691644
0.2712508140132188
0.6254989569003775
0.658839257697927
0.6120748026918055
0.5610655995008739
0.9534046368858857
0.8590363840286567
0.8033566522814117
0.8053559587745812
0.7513874492545072
0.44568834334527935
0.3902961066174601
0.09068720698156718
0.8750814006026966
0.5633125856091483
0.3083246161772312
0.31239118994631865
0.9263356685729882
0.5939913650237674
0.05020167547815921
0.42683303098820885
0.6254620947715245
0.7589472947760061
0.2712508140132188
0.44568834334527935
0.7451185009465991
0.19507797727524429
0.7777511417640577
0.8221644491063504
0.8866046752961001
0.46160038104839785
0.7451185010962605
0.163139703250491
0.5501424169507545
0.5078853899576197
0.859036384028651
0.7273341272260198
0.9263356685729882
0.3237022518658108
0.43015298746691644
0.638673733444632
0.8781726011039315
0.08743080332337397
0.5070896854418937
0.3990887656569385
0.20690104010496546
0.7451185009465991
0.7328942880281932
0.2210168970409323
0.6035310372362026
0.5948072517334274
0.054973054985846356
0.327703502636092
0.8918146867817783
0.9342681486919631
0.9342681491236368
0.026626930768763914
0.6886820267093259
0.8781726011039315
0.47360695339968417
0.8973548952958599
0.16074635974401813
0.043651598347135015
0.24096356440784755
0.232331594349464
0.372607953359628
0.8918146867817783
0.47360695339968417
0.6035310372362026
0.9147831991461983
0.043651598347135015
0.18481157976477142
0.20668125451335917
0.09068720698156718
0.404873348689226
0.9141979348103539
0.10169166859780512
0.043651598347135015
0.6158202398006013
0.026626930768763914
0.4362797831045201
0.4135443990196448
0.7513874492545072
0.3659101639188702
0.7777511417640577
0.7206495777415508
0.9769588721547657
0.6158202398006013
0.643131682295561
0.3083246161772312
0.9534046368858857
0.3659101639188702
0.7719891771599997
0.24096356440784755
0.9245766115457634
0.8590363840286567
0.6652952002444906
0.5801717644592039
0.20668125451335917
