0.24273981671349207
0.267514142034103
0.3044360239015154
0.40813800375455
0.2959693402753133
0.14211191625750383
0.12928919738665784
0.20531937136289835
0.1748296960418426
0.1615938991658147
0.3161128644553581
0.10793265694695924
0.2424927040462657
0.24138051035738178
0.21086546041373103
0.11989375183909487
0.542228965012716
0.2752290952488665
0.03427108490321148
0.3127779645797023
0.15701661366871814
0.2511813467715089
0.1268922055069967
0.15586495775338532
0.3384264809534386
0.2783203104206666
0.10170799295485991
0.15443551418173507
0.20092362163143904
0.3980144648628381
0.039632005221567554
0.16893109837872108
0.16066242872182418
0.14119807233527665
0.04813064019520066
0.04950093348364485
0.24431794341329427
0.2047094617979941
0.3940661057669869
0.13391786693586114
0.3074663284485663
0.298125494113928
0.17385625565957386
0.05500316680094344
0.14888438157703182
-0.04053502110000056
-0.12462580051696882
0.32397246027979765
0.19536637733678808
0.2834824216087623
0.3693275695673806
0.08547732925231653
0.322368958138605
0.2736542453883396
0.2574127578112059
0.10239025417203673
0.2111388992504974
0.2788061292998119
0.12617470907364495
0.04716494109239983
0.3665854465307193
0.14820676378959027
0.2270957133690262
0.12097247340419416
0.22791935709798053
0.13085739254282627
0.2773639153418307
0.3239042951337681
0.17445157318289825
0.16504817264438723
0.29276709858695943
0.3188398880695267
0.28267504270925614
0.3866113209541627
0.21055813913150398
0.08389254931874039
0.41379805004946424
0.0111182547864139
0.10846573051674327
0.32215161254696223
0.29727004798346396
-0.003939841982271703
0.3286748083684716
0.24321971683918028
0.14169728181440622
0.35148686158336295
0.23385092466217675
0.19842038967075196
0.23930383803512964
0.2120357125063937
0.3476236791140898
0.13017191692160685
0.15436679791343694
0.2541992658938359
0.3768096849264014
0.4806500821493727
0.12171933125216938
0.24100791308937733
0.3343824794953222
0.20251075636114316
0.33081083299203395
0.15489363070432913
0.2643974362432906
0.16328723145392385
0.3849084942561676
0.4727052358606361
0.14080412384785318
0.30455900377912654
0.424836758373833
0.17755856593885128
0.3943585954269392
0.23104528830772625
0.19477677220069
0.23278120172259528
0.19205166563447928
0.27772108372721094
0.3309785667538232
0.0309089455820873
0.3175838768279695
0.23077643144416457
0.2435142675750221
0.2681754076053945
0.22102273206718312
0.28993755350345957
0.06770415690996115
0.26839741773133313
0.32510734150225923
0.2338547877407659
0.1656556486840815
0.09434565515682057
0.13554401587108775
0.06969709867154981
0.2943533336069262
0.35651404338250486
0.1548679336825373
0.012379555294104363
-0.10382582084756665
0.28992135975471967
0.1427414155264558
0.15847467543150165
0.24546352574075775
0.1893354253457655
0.2662745764188338
0.22249521032802647
0.40603228447126993
0.24286368710160422
0.2417055685664031
-0.0056068791451209105
0.2694302976546568
0.1953862017135725
0.32291567977738445
0.16754454634676252
0.0629583881911343
0.3639146215595589
0.3144993268883314
0.1234768359971208
0.10953878649052602
0.19079964651621356
0.4048842349447223
0.318144190863061
0.31940889035400083
0.2836762666160332
0.03292363737966476
0.3794091346730801
0.18248508308401915
0.1690893992052549
0.27646734656870914
0.31656374778380986
0.22976787250896705
0.23317693305497375
0.02267844851785198
0.08144574912301875
0.0968217164655975
0.1106822293909369
0.1880856929042833
0.062402227904623415
0.23651513057743886
-0.08144330627641051
0.23467608196084433
0.07990008103780259
0.31783953945500765
0.18602878572971415
0.14911697474713415
0.19699916983531626
0.09680931545675762
0.15269657756035884
0.2979690753818809
0.14173135000119833
0.26386566332441974
0.09755262392144205
0.28204542472975225
0.24386978912854618
0.23080620233124402
0.1938016986483488
0.25364036592031297
0.313658996539986
0.24107157282191904
0.1414048129065461
0.12687553504258745
0.40709170615155466
0.30291077038636094
0.12573212323159172
0.19590562165758074
0.16349537395851707
0.3240825573311379
0.16172657203038915
0.19907784572723242
0.023237445311387123
0.4156436285728609
0.07180258654359434
0.12692540865124693
0.22051415813829284
0.056498867256015384
-0.07661288016144832
0.33623693027660123
0.09942641292018227
0.19201532935331625
0.3890194125277706
0.22228806111010327
0.21840265924180796
-0.030383621612062598
0.15657655335372742
0.1790493715004299
0.24642313304161184
-0.06839830157231074
0.222976989690253
0.047796936663687756
0.02271970242108997
-0.08176762140181687
0.096885106680964
-0.24931667982320482
0.21896240516405713
0.23737178149338936
0.18278755777624855
0.3312243938863505
0.22111883428735335
-0.031653639789648934
0.0461484325562954
0.034637009391656745
0.29890288440403207
0.2038948166258694
0.01782459304627811
0.24779035189110063
-0.0037422356960458724
0.43221054639133777
0.1894863319829613
0.26460799378154615
0.2916058426353104
0.2893594563527619
0.22649907775769487
