0.3313692946942131
0.6786177681043668
0.4727182332882355
0.7579905227225363
0.22261754607471707
0.8750814006026966
0.7206495777415508
0.3737252242149987
0.8601317556777814
0.07527234849443482
0.16997993236809703
0.15028252375782164
0.09068720698156718
0.16074635974401813
0.7508105701976
0.7792320692934414
0.10114956069860079
0.4901619470665378
0.15028252375782164
0.3984254890588306
0.9190907290852576
0.19985212651275236
0.32330573705824933
0.07698928697867943
0.7792320692934414
0.24677466527876868
0.701706812099268
0.6577239548337221
0.6120748026918055
0.8973548952958599
0.8939629495259545
0.05503636973820315
0.46366028925112174
0.20010112215847808
0.026626930768763914
0.07527234849443482
0.4769102381499567
0.6417208458391992
0.7579905227225363
0.404873348689226
0.13389576420860444
0.6652952002444906
0.9190907290852576
0.8939629495259545
0.18174691845772956
0.9769588721547657
0.9141979348103539
0.6133622793139772
0.6216806980579708
0.6133622793139772
0.7859463388666724
0.4727182332882355
0.3021804075051474
0.4724778777548368
0.3237022518658108
0.16642361192252034
0.372607953359628
0.21203103469501797
0.42683303098820885
0.07527234849443482
0.6819725209726861
0.13389576420860444
0.3021804075051474
0.9147831991461983
0.7589472947760061
0.3633961341465153
0.6577239548337221
0.7052524465883081
0.6886820267093259
0.564948401219724
0.10114956069860079
0.37433548652541937
0.6577239548337221
0.163139703250491
0.32330573705824933
0.404873348689226
0.16642361192252034
0.22746163030324468
0.6577239548337221
0.5741848938846967
0.16335689121990388
0.4901619470665378
0.24401233716828463
0.3946924361371993
0.8361179625667293
0.6234079385331031
0.3021804075051474
0.32004734629120535
0.8053559587745812
0.5082744635761653
0.49378800944081735
0.8973548952958599
0.3737252242149987
0.4147000355210724
0.8221644491063504
0.5082744635761653
0.513961247233484
0.49378800944081735
0.7328942880281932
0.5939913650237674
0.7412800258339853
0.16335689121990388
0.10114956069860079
0.5801717644592039
0.6216806980579708
0.7467811973455514
0.05503636973820315
0.5741848938846967
0.6216806980579708
0.3946924361371993
0.7859463388666724
0.19455898145136186
0.4724778777548368
0.24677466527876868
0.16335689121990388
0.513961247233484
0.8601317556777814
0.9141979348103539
0.19455898145136186
0.7683332492354062
0.24677466527876868
0.9342681488358544
0.4769102381499567
0.3984254890588306
0.9245766115457634
0.19985212651275236
0.23474073480941837
0.10169166859780512
0.2341996191921637
0.05020167547815921
0.37433548652541937
0.4147000355210724
0.7052524465883081
0.8033566522814117
0.5869335852023576
0.46160038104839785
0.05503636973820315
0.638673733444632
0.16997993236809703
0.5082744635761653
0.8361179625667293
0.22261754607471707
0.3313692946942131
0.8033566522814117
0.7508105701976
0.6819725209726861
0.6234079385331031
0.21498930988944565
0.46366028925112174
0.5610655995008739
0.43015298746691644
0.2712508140132188
0.6216806980579708
0.6577239548337221
0.6120748026918055
0.5610655995008739
0.9534046368858857
0.8590363840286548
0.8033566522814117
0.8053559587745812
0.7412800258339853
0.44568834334527935
0.3984254890588306
0.09068720698156718
0.8750814006026966
0.701706812099268
0.3083246161772312
0.24401233716828463
0.9263356685729882
0.5939913650237674
0.05020167547815921
0.42683303098820885
0.6417208458391992
0.7589472947760061
0.2712508140132188
0.44568834334527935
0.7579905227225363
0.19455898145136186
0.7792320692934414
0.8221644491063504
0.7683332492354062
0.46160038104839785
0.6786177681043668
0.163139703250491
0.564948401219724
0.5082744635761653
0.8590363840286548
0.7467811973455514
0.9263356685729882
0.3237022518658108
0.43015298746691644
0.638673733444632
0.8781726011039315
0.07698928697867943
0.49378800944081735
0.3633961341465153
0.21498930988944565
0.7412800258339853
0.7328942880281932
0.22746163030324468
0.6028453426375426
0.5869335852023576
0.05503636973820315
0.32004734629120535
0.8918146867817783
0.9342681488358544
0.9342681488358544
0.026626930768763914
0.6886820267093259
0.8781726011039315
0.4727182332882355
0.8973548952958599
0.16074635974401813
0.043651598347135015
0.24401233716828463
0.23474073480941837
0.372607953359628
0.8918146867817783
0.4727182332882355
0.6028453426375426
0.9147831991461983
0.043651598347135015
0.18174691845772956
0.20010112215847808
0.09068720698156718
0.404873348689226
0.9141979348103539
0.10169166859780512
0.043651598347135015
0.6028453426375426
0.026626930768763914
0.4727182332882355
0.4147000355210724
0.7508105701976
0.3659101639188702
0.7792320692934414
0.7206495777415508
0.9769588721547657
0.6819725209726861
0.6417208458391992
0.3083246161772312
0.9534046368858857
0.3659101639188702
0.7579905227225363
0.2341996191921637
0.9245766115457634
0.8590363840286548
0.6652952002444906
0.5801717644592039
0.21203103469501797
