0.2789190463953717
0.37741836539747853
0.550740511384896
0.5001216621408381
0.33394282257978053
0.2763257520849405
0.23245371143075744
0.19327720258826964
0.34126970707779086
0.4052029681875024
0.39232816684145755
0.34745409975181496
0.24734145206624517
0.3312079805435473
0.2733844379071656
0.35551879753955595
0.6061756662115956
0.4290299844775591
0.317840909631178
0.35556870950891406
0.3752979041228399
0.3211575748183508
0.1319015388164893
0.3881355376178802
0.4326444906092192
0.4231717206960063
0.2552967248876275
0.235517798265281
0.30482970372871054
0.4910125972250395
0.30185717055064626
0.4377395248101497
0.24141235664579638
0.15627162854175655
0.197186483377241
0.1941589143790425
0.26217221681817243
0.16432956255701092
0.4273561808284276
0.3833575798206179
0.48931866142120517
0.35830303462636753
0.3294890141975547
0.3695558585713368
0.25603133586183036
-0.0037861002512722805
0.05048998180513409
0.29926236926826705
0.30689020369922915
0.38696440876941085
0.4696329408092628
0.1615472971767108
0.5044705603971545
0.2917274441831081
0.3111082183469737
0.21637103057842147
0.2583648591777138
0.4029534875082617
0.5052458728767169
0.35291885578252385
0.5990326638731736
0.39445851309563323
0.39896273786217323
0.3617938920448777
0.3822864165897141
0.3457435174713031
0.19209082336974967
0.4765285145118592
0.24892904293553286
0.22785564187005772
0.4249220890639263
0.31321727564491253
0.3698735215098156
0.5050774491913363
0.33404248687016436
0.16648535400753348
0.5031588626092212
0.176020834160399
0.1981014250655655
0.25917407812119875
0.4060512410778734
0.3015760343958403
0.42180002921357046
0.40554424730472216
0.1998759056011277
0.27747484121221055
0.42824745753776966
0.14955772846684137
0.2697889637764014
0.2788485291262307
0.49104105465200404
0.40488338574526633
0.2591509045263934
0.38439338271383017
0.4619957457247271
0.6452391818544856
0.19128668194842371
0.3069290108130872
0.3042872580045957
0.41249647786203997
0.2838150774506911
0.3011184478831001
0.2985560187235183
0.32876608047535033
0.47582472667360276
0.5638499298843481
0.38227390770932634
0.47860268711752324
0.5636164677884234
0.29574092593858214
0.4890185547064565
0.3428040173118567
0.16102256715915717
0.3218504576657015
0.2731408109387513
0.3373646695310537
0.3967850599010141
0.2690465094615525
0.3462148820323127
0.3389682147661649
0.3210113619917164
0.3776287894363989
0.49202243435086573
0.35966249569516834
0.2896292739734644
0.3066118542503505
0.4092070131604356
0.3148854734451548
0.327259054789322
0.2407456755953038
0.3523169797291847
0.3298407351274246
0.3847509323601441
0.46498607985220947
0.2905774446618649
0.18047358197305524
0.12793107112983593
0.37243094713977454
0.22668378595162092
0.1932633577331652
0.39576732941614673
0.2571640275055039
0.32327361866506943
0.3189628368326369
0.39571336463250256
0.5975978674918974
0.43403629032739166
0.08387964398125845
0.28142670746693343
0.11693434257613547
0.4796921411348573
0.25931015388139445
0.1939368270497332
0.37700057135641946
0.4257159579806714
0.2590230662028381
0.04962103104262358
0.3491711081333197
0.44542200145495436
0.5172724568764248
0.4179947654117058
0.3545818022131544
0.1367901326778592
0.47581422360967507
0.3019236478641733
0.3024697327322361
0.3555638509290645
0.3120216663584559
0.43822766714039246
0.4730407980410557
0.18415133987154259
0.34818499777668105
0.2939482872101128
0.18492867049519857
0.32991971480623306
0.2618042660360896
0.4561025471020382
0.07230979646568442
0.392539997313947
0.1498496040689373
0.4500122975693305
0.1972477366655923
0.30198933982832205
0.2890561209887823
0.2771982676815987
0.28283568032273165
0.33803725556740943
0.13875186102817125
0.3847540001679091
0.28324066256964253
0.22182704174853668
0.25325938718016694
0.36185232070386647
0.29260717284039944
0.13874027394171443
0.4486163754451595
0.37083961622149364
0.3349324156316915
0.13059927522275336
0.5525367328575416
0.4133451458881261
0.15253065163124435
0.3007207008105562
0.25893727536115274
0.4433064967392905
0.40241943043555634
0.31705564720110047
0.2399718908471485
0.4830644647190321
0.12002847353003603
0.11088681348991229
0.3382781026871971
0.11735778219717607
0.10436669488189497
0.33798231920928246
0.25181855152132226
0.3189722627974396
0.46457761698045885
0.3385386507479144
0.24433086574958146
0.2826869190495267
0.2500765663504298
0.3116133317176417
0.22637428704367624
0.17675187485556168
0.3300343329329167
0.14880502225096673
0.19772603953307782
0.06365461644491287
0.23851828980805018
-0.06045790703552882
0.38005184620063653
0.31572107585414144
0.32431074898997647
0.6019325866696567
0.3157913463820907
0.09307019396744885
0.00954450300051135
0.25576092065646966
0.38930204626112
0.3515643002679642
0.005661194894545036
0.21061425727370794
0.2113832022993588
0.37949920529805464
0.43117918097200053
0.45189128707917875
0.3038517709363056
0.6319743986523015
0.29182945668191546
