0.3313692946942131
0.7719223411268975
0.49004873826864537
0.7452126000725467
0.2210168970409323
0.8774774475235516
0.6977583342878928
0.3737252242149987
0.7797706368334291
0.07609952107073256
0.16997993236809703
0.15028252375782164
0.09182190696650178
0.23037966838287727
0.7348159938732101
0.779778818494496
0.07812248628212343
0.41701130852392737
0.15028252375782164
0.40249018027951566
0.8701752092885645
0.19985212651275236
0.32330573705824933
0.07812248628212343
0.7835237134688808
0.2492855456159303
0.779778818494496
0.6366678286993017
0.6120748026918055
0.8969238582764407
0.8939629495259545
0.041144413492278736
0.46366028925112174
0.20658076237154432
0.026692783384198133
0.07361800334183936
0.4769102381499567
0.6366678286993017
0.7719223411268975
0.4048619773369436
0.1126218191812073
0.6652952002444906
0.9708198848445009
0.8939629495259545
0.1849117853271084
0.9769588721547657
0.9146768991554345
0.6121329118044403
0.5985874338121948
0.6121329118044403
0.7701576844722685
0.49004873826864537
0.3022602027420626
0.4724778777548368
0.3237022518658108
0.16029428930843664
0.372607953359628
0.22968809929396183
0.42683303098820885
0.07609952107073256
0.623775461785124
0.08743080332337397
0.30214050988668983
0.9147831991461983
0.7589472947760061
0.327703502636092
0.6500872644279299
0.6240064738257143
0.6977583342878928
0.5797543854886935
0.11274565535810385
0.4361993237732628
0.6767569092330654
0.163139703250491
0.32330573705824933
0.4048790343653673
0.16029428930843664
0.23203264414052946
0.6500872644279299
0.5741848938846967
0.1633974644706997
0.5937155013416426
0.1849117853271084
0.3902961066174601
0.9076471878436163
0.6234079385331031
0.30214050988668983
0.3124226886362268
0.7719785700592345
0.5501424169507545
0.5070896854418937
0.8982169693346977
0.3737252242149987
0.4135443990196448
0.8221644491063504
0.5078853899576197
0.5797543854886935
0.46718465743866555
0.7435408211952088
0.5940833195844757
0.7273341272260198
0.16327574471831233
0.1126218191812073
0.5801717644592039
0.5985874338121948
0.7662282674650829
0.05600967947671383
0.5741848938846967
0.6240064738257143
0.3990887656569385
0.7701576844722685
0.24851630028195576
0.4724778777548368
0.2492855456159303
0.1633974644706997
0.43632001277014876
0.8866046752961001
0.9139584526378135
0.19507797727524429
0.7348159938732101
0.23037966838287727
0.907372791046983
0.4769102381499567
0.40249018027951566
0.9245766115457634
0.19985212651275236
0.24538013531890995
0.10169166859780512
0.23203264414052946
0.05020167547815921
0.3123281925665025
0.41701130852392737
0.7645887372898423
0.80555572827359
0.5948072517334274
0.46160038104839785
0.05445474274041262
0.6767569092330654
0.16997993236809703
0.46718465743866555
0.7645887372898423
0.22968809929396183
0.3313692946942131
0.8022571142853225
0.7662282674650829
0.6841438729200424
0.6234079385331031
0.20690104010496546
0.46366028925112174
0.5610655995008739
0.43015298746691644
0.2712508140132188
0.6749282881091663
0.6627627258278577
0.6120748026918055
0.5610655995008739
0.9534046368858857
0.8548737893799752
0.8022571142853225
0.8387333474899279
0.7513874492545072
0.44568834334527935
0.3902961066174601
0.09182190696650178
0.8774774475235516
0.5327257607552376
0.3083246161772312
0.3124226886362268
0.9349551583575362
0.5940833195844757
0.05020167547815921
0.42683303098820885
0.623775461785124
0.7589472947760061
0.2712508140132188
0.44568834334527935
0.7450244019703129
0.19507797727524429
0.7719785700592345
0.8221644491063504
0.8866046752961001
0.46160038104839785
0.7452126000725467
0.163139703250491
0.5501424169507545
0.5078853899576197
0.8548737893799752
0.7273341272260198
0.9349551583575362
0.3237022518658108
0.43015298746691644
0.612134092044364
0.8781726011039315
0.08743080332337397
0.5070896854418937
0.3990887656569385
0.20690104010496546
0.7450244019703129
0.7222477548611776
0.2210168970409323
0.6035310372362026
0.5948072517334274
0.05445474274041262
0.327703502636092
0.9238735300418028
0.907372791046983
0.9708198848445009
0.026495225537895482
0.6841438729200424
0.8781726011039315
0.47360695339968417
0.8969238582764407
0.08892380148609003
0.04327680118738877
0.27087573288994893
0.24538013531890995
0.372607953359628
0.8597558435217538
0.47360695339968417
0.6035310372362026
0.9147831991461983
0.04509258935443633
0.18461116864009755
0.2067315005842665
0.08841780701169799
0.4048790343653673
0.9139584526378135
0.10169166859780512
0.04509258935443633
0.6158202398006013
0.026692783384198133
0.43632001277014876
0.4135443990196448
0.7513874492545072
0.3659101639188702
0.7835237134688808
0.7435408211952088
0.9769588721547657
0.6158202398006013
0.6768873026756317
0.3083246161772312
0.9534046368858857
0.3659101639188702
0.7721167732231948
0.19855323297346816
0.9245766115457634
0.8597558435217538
0.6652952002444906
0.5801717644592039
0.2067315005842665
