0.2505720271385146
0.19979353160160052
0.09477138299116372
0.37683692422586096
0.29469167197536267
0.02822724376734902
0.11779916529196743
0.1611719388030194
0.05233876057469042
0.13881924192702716
0.21891417267736887
0.17988550827055436
0.07366760750409262
0.17114216353192158
0.18947601506262882
0.13376060951721316
0.4656158401098637
0.052719489052727865
0.09247845984572131
0.2836003520877691
0.051781949884176795
0.1557095921557339
0.09868558481478855
0.11790434375594105
0.3099601332801237
0.2966272310907294
0.1556550625249144
0.0735832984606396
0.11355145026631469
0.25865170112253416
0.07324930668523374
0.1427988210640513
0.056225943347316815
0.06771668586604883
0.006158427463629125
0.06879106729704378
0.15696950500482668
0.16282050458632863
0.32120399961707324
0.12252439134538073
0.3430563639382997
0.2823589231178531
0.09452890322296578
0.08644499535849458
0.1544197804344253
-0.14905609181803822
-0.18730930177127805
0.32371140093638384
0.14593498894422996
0.1840349477524024
0.3519052922307309
0.042954712855191986
0.35530243203438633
0.22018588367285266
0.17087555395599646
0.07153880702272546
0.1567319897082557
0.22671678405778725
0.11108486133149138
0.018675061345585782
0.3640083140847144
0.11403643225925601
0.1539891678648374
0.04294193840713827
0.20192997155311243
0.049090792095405435
0.2289191489746573
0.34245135957473244
0.12434324994830749
0.15147584256553062
0.13250422589762018
0.26860329894072427
0.23511861621765018
0.26517791167369437
0.20238244614125553
0.002296971680235536
0.32830468341065394
0.013934897541187173
0.12440730346738868
0.2321332405113851
0.2530490882964695
-0.07589148057948689
0.24370226611350634
0.24886125351894128
0.06358707980536146
0.3246841791805712
0.20349587087267235
0.171109248052969
0.1632298378084602
0.28659416445749464
0.02219113465624731
0.13479206293117482
0.15000510262755562
0.25113439025569273
0.22407812965997975
0.0400540501856099
-0.0162872982321219
0.10440038501565725
0.27040746497930696
0.22660925200099608
0.19894818438404463
0.08449495470021964
0.054166557585217864
0.0635965241791885
0.34228713922270976
0.41907724134500646
0.10693463878887582
0.08225275661592346
0.36061921834023986
0.11468835426187682
0.32238773175169705
0.2084354471416498
0.07356186450216597
0.2405554587850195
0.053708873483439515
0.15425121801186462
0.09997649782939536
-0.02831654265822582
0.2838800917409422
0.1737666911758623
0.21160050636500816
0.07604701606927128
0.10794043370917934
0.2546444437220711
1.7993014233509264e-05
0.2316394727819563
0.3232157424707745
0.07893415354296196
0.18858324434831314
0.08992478986219757
0.2366243479611637
0.1435123515723428
0.19784316106108268
0.31353374910879706
0.16340243401566407
-0.07015095805095625
-0.08335440248172918
0.11639138584844609
0.052476031329477466
0.08423571842807405
0.12681168665928977
0.15848975088723885
0.29870758402220987
0.11055429048280108
0.38363741799522544
0.3776590173166688
0.1916689220112073
-0.13501902072525837
0.28338454212867387
-0.0331955649058917
0.1871122035780424
0.12117279671290855
0.04785475132206006
0.31298413864655333
0.3132224526486956
0.08814029525318681
0.17073347434252073
0.09192096607080434
0.3100621360505115
0.1658914104921075
0.32445239612705823
0.1280083501054104
0.06686422822950007
0.25060292942363444
0.10502305265775261
0.06537892856669804
0.26166752483522937
0.30955394580628715
0.08307094866898002
0.15907464884614606
0.015955343918607846
0.09250055170715545
0.17191637376625854
0.037475818152495705
0.12973119111839204
0.03439653284172645
0.2383324266197057
-0.144601536033975
0.1651829474390959
-0.034886885682623624
0.3058071897814408
0.14415668246790472
0.2286425650966695
0.21162755757941265
0.00661556320636495
0.10883520528252606
0.24178821677052262
0.07534866686207468
0.13865693507191706
0.07402633411122553
0.299142731251666
0.21675948809642137
0.11913664106819664
0.17513327551242278
0.13765385445087297
0.2937982715500458
0.20173624346735458
0.14357910738581273
0.05866364472018173
0.3775194553783187
0.08102869653633439
0.03983613967327917
0.13620830310974263
0.23009352372665515
0.18624737046789147
0.10042249502687678
0.02089946125156905
-0.029012164135042505
0.32806910729378047
-0.043897136729592084
0.15343085597770625
0.0842133040018745
0.09872834833621559
-0.15728154443588183
0.1914473027062605
0.08383292287167451
0.21745845893821117
0.24874282700703645
0.1725437228685642
0.10436110091206499
-0.12015371036576283
0.12346807695499179
0.13110553711505443
0.2227072312982009
-0.056800706081782844
0.1932657666796305
-0.05845012182685031
-0.06652331719898885
-0.02641946146691674
0.15347047446839374
-0.26681493950477325
0.12672668296213
0.135986935870312
0.1676181583864746
0.2805457614193179
0.21032782398774938
-0.11659937143054547
-0.0002550145066179399
0.07862197700398932
0.24294845769189438
0.14549043971661674
-0.029494002173927232
0.17033618902675315
-0.04598659117704473
0.302394646043712
0.045676396509624496
0.19071374407278224
0.1967628802543871
0.24685301978463842
0.20698230154683492
