0.27089953625641094
0.1957751983267233
-0.011699068876796469
0.3587639389646295
0.3059318592177537
0.0385767537857563
0.07871962234483865
0.14625766526016556
0.13901223115524905
0.1404136655858784
0.23264040073449435
0.15098550963634552
0.051718332174242036
0.1857876526718819
0.18022525622844052
0.11613233605878949
0.36843505896906703
0.21594403990187216
0.15109960749553353
0.2659425452086587
0.06960708045567107
0.17954454262957134
0.089545915040976
0.10735806023805487
0.29212587220863
0.2931800057008581
0.1378615868609333
0.04154742783326069
0.1466247704083304
0.2499553813632099
0.055269058455381256
0.13075660072285364
0.02189380181767148
0.040384749533015886
0.012965152920920977
0.04233876547578379
0.13887496069795774
0.1544051669073682
0.28397152466214476
0.12704214091249352
0.3011279532523307
0.28804953847704334
0.02718023837460093
0.08211548029796396
0.15147882593004675
-0.1603398508005395
-0.21106154809115588
0.29425846105252307
0.1088095965890394
0.17262905509983387
0.3149123893371395
0.054136182638395786
0.33864422504222325
0.2092489693042395
0.16944194726284595
0.07748486911895393
0.1659522832396462
0.25209555805515166
0.10399976779887332
0.016823506306308817
0.30915348838060414
0.04888068337793149
0.0992957424882031
0.05460884371680504
0.19174643096294766
0.03148878536972666
0.22721343282571166
0.2778002421271192
0.12630346975994203
0.17133662161849086
0.14220214182997482
0.2748842278074519
0.2315494809511486
0.2732310245313416
0.2068735729154291
-0.004330359517268486
0.3511738786539284
0.025151462461485634
0.14099172718945546
0.2374772792657857
0.25733913258876223
0.05980187055965738
0.20502066430240237
0.24769962484948402
-0.04882881964079652
0.2903099108509093
0.1658419347304868
0.16396834886698056
0.1765469996196452
0.3478471435312065
-0.004205736875491684
0.14819764049418757
0.14488557091771095
0.2385841256353772
0.259143013887736
-0.0016184395171647103
0.03800845900680903
0.1683233207271155
0.23357410510442148
0.25779477060417094
0.2154660530729103
0.07455752464905156
0.058079167133013226
0.06511896619414341
0.31520387219627444
0.37381521038771554
0.12135651603770928
0.10598457602260927
0.25219264125059165
0.09338384471568376
0.26885883093770757
0.20727801098441517
0.08072946112600227
0.24473228667794192
0.03817413250953935
0.2729179279619959
0.12045833247939144
-0.04362714227824888
0.2923250335935214
0.16518171092551026
0.1850627927424087
0.10359723157429948
0.1334226998155086
0.2864670802697098
-0.021992531163938563
0.22235654072392408
0.3166726159377525
0.09919655534739812
0.17374054337275407
0.1006105910360219
0.2106528567240659
0.1515384032495274
0.11695624831073846
0.3145540788785766
0.16484583538362865
-0.07620649995330483
-0.049760806943355586
0.1312855378642152
0.056268818360847114
0.1383633406596493
0.20887362680139224
0.14188486754719093
0.31363752320842686
0.11006774981737644
0.3740390910031543
0.37687236397737794
0.1978307581038285
-0.11026475737992038
0.2955613514016413
-0.04401491600573251
0.1427469958937232
0.11872036351512963
0.033006160763329205
0.26077047689213856
0.3155792761314256
0.06462324532314365
0.17740340841397342
0.06710956497312412
0.25717454504721854
0.12829213813797272
0.26552982204085757
0.12629416163508042
0.06591440739351681
0.2183365238187811
0.07788665081580144
-0.15243051662651988
0.24677761197089124
0.32003977168706155
0.09772921840586289
0.18194566501277182
-0.007047512832549754
0.08240625853982418
0.1540191689019438
0.08229584586491712
0.16340746544596393
0.041396594592638974
0.2132422503324172
-0.18181012660985427
0.18654919501470002
-0.15953322549486518
0.1250962979331796
0.16869168806347734
0.22073516339028282
0.1525197316829091
-0.04005187108718163
0.04771651803595576
0.22565678793155938
0.061311250591558245
0.155211143099626
0.06808582543637741
0.3239218315963632
0.24012740038119484
0.10311757973732143
0.1891535154580547
0.13837855263921317
0.2738359018999764
0.15533856404251617
0.1254136879000503
0.06686355366278927
0.35102576562169235
0.17767534041198568
0.025268471236107322
0.1076715210942743
0.2447336730092902
0.1586500367590904
0.09639881768262723
-0.005206776194524154
-0.03674962079919253
0.31191280038241803
-0.03183465514165969
0.13174471044263236
0.04164040913667465
0.020356108775399794
-0.18041657851398052
0.185723877091726
0.049905696691810005
0.17930115890847032
0.27747315056971483
0.1056044422503328
0.07803988785098372
-0.12858612197160038
0.1334900497631921
0.15676716877350605
0.25204883299965114
-0.0846467564427804
0.18340772474292422
-0.05902223251565498
-0.07836873509027459
-0.036981276689211286
0.13568481687003206
-0.27925305985106125
0.18619654317176063
0.08235960237718758
0.17756741748283356
0.2792462427654582
0.18555656271163096
-0.13431027103216694
0.016626735973009593
0.06642873810896192
0.23286374466550258
0.13801573473119372
-0.00870927098902431
0.1446034526776741
-0.06832841453333044
0.2626548039072266
0.050896703023940976
0.20493080586828957
0.19265309658187485
0.26884431783363577
0.18656930198298738
