0.3315280733953653
0.7796888202227589
0.49004873826864537
0.7263144473007553
0.23387113308348167
0.8774774475235516
0.6728279047116191
0.3737252242149987
0.7796888202227589
0.07858103879962577
0.19876238704073007
0.15028252375782164
0.09522600692130556
0.2352542712613125
0.6379902878997867
0.699348460883017
0.0708862505824846
0.41701130852392737
0.15028252375782164
0.40296832570267577
0.8750312631171804
0.1667842850947886
0.32330573705824933
0.0708862505824846
0.7835237134688808
0.2992441127757802
0.8602909927166456
0.6366678286993017
0.6406284766304818
0.8087965491791942
0.9281240230151669
0.04341905802650241
0.46366028925112174
0.20507338024432248
0.027680572615711385
0.06865496788405295
0.4769102381499567
0.6366678286993017
0.7709501806454108
0.40469140705270706
0.11002125946637961
0.6397654702718567
0.9708198848445009
0.8598939410667182
0.181605001769989
0.9769588721547657
0.9218613643316451
0.6121081267660444
0.6027237297970809
0.6121458944436001
0.7688703947096591
0.49004873826864537
0.3034571312957906
0.4724778777548368
0.3237022518658108
0.1656766773295169
0.372607953359628
0.23387113308348167
0.4375606134179121
0.07858103879962577
0.623775461785124
0.08950288466498568
0.3015420456098258
0.9147831991461983
0.7719397678243449
0.327703502636092
0.6470130069326376
0.6788040789716248
0.7226887638641666
0.5675590731462714
0.11794677478775922
0.4359579457794909
0.6601298562175388
0.16603418999646685
0.32330573705824933
0.40523723196226413
0.14295890675429213
0.2559902925865757
0.6470130069326376
0.6027237297970809
0.16205854719443846
0.6088255891664193
0.1912247357543363
0.3902961066174601
0.9076471878436163
0.6379902878997867
0.3015420456098258
0.3144071061004359
0.6741376613794754
0.5718284531738262
0.5070896854418937
0.9953276675492875
0.3737252242149987
0.4135443990196448
0.6397654702718567
0.5078853899576197
0.5919496978311155
0.4094567615216962
0.7435408211952088
0.5944511378273087
0.7466426626499082
0.16205854719443846
0.11002125946637961
0.5801717644592039
0.5944511378273087
0.7934159930610221
0.04341905802650241
0.5456460579723125
0.5730846595422624
0.39616549645752147
0.7709501806454108
0.2184686787922907
0.4724778777548368
0.23163528248301132
0.1656766773295169
0.43644070176703476
0.8438462112813375
0.9103662200497081
0.19507797727524429
0.8316416998466334
0.2352542712613125
0.9307410935325247
0.4769102381499567
0.40296832570267577
0.9146772199892546
0.23291996793071612
0.19855323297346816
0.10169166859780512
0.2558149619787763
0.0005721575752785091
0.3113832318692601
0.41701130852392737
0.8274850471488269
0.6992617686122046
0.5948072517334274
0.47898158755729836
0.045864971798498466
0.6601298562175388
0.14119747769546398
0.4901501403378338
0.6914666998480387
0.21123449467303962
0.33121051599306095
0.8716025532933545
0.7390405418691437
0.6788040789716248
0.6088255891664193
0.2534587180975728
0.46366028925112174
0.5610655995008739
0.4641404784763114
0.21675132608500292
0.6684686366717355
0.6653955954381766
0.5582166683398387
0.5610655995008739
0.9534046368858857
0.8905571327426421
0.8840044885614413
0.8438462112813375
0.7637343566398707
0.44568834334527935
0.3902961066174601
0.09522600692130556
0.8774774475235516
0.4936230683366488
0.3083246161772312
0.3113832318692601
0.9552330967258178
0.6039098739301563
0.0998311933810399
0.4161054485585056
0.623775461785124
0.7460938847675633
0.32575030194143473
0.44568834334527935
0.7263144473007553
0.19507797727524429
0.8653191554599486
0.9220811433515231
0.9344760031022723
0.47898158755729836
0.6914666998480387
0.16603418999646685
0.5675590731462714
0.5078853899576197
0.8191904460173083
0.7358707911756651
0.9146772199892546
0.3237022518658108
0.39616549645752147
0.6121458944436001
0.8316416998466334
0.0998311933810399
0.5070896854418937
0.4010557440100354
0.1667842850947886
0.7637343566398707
0.7934159930610221
0.1604226947140899
0.6035310372362026
0.5948072517334274
0.08888971628335596
0.327703502636092
0.9238735300418028
0.8840044885614413
0.9708198848445009
0.024519647074868978
0.7226887638641666
0.9247035023612296
0.47360695339968417
0.8956307472181837
0.08892380148609003
0.03837350066773092
0.27087573288994893
0.29220703766435174
0.372607953359628
0.8595256809468131
0.47360695339968417
0.6035310372362026
0.9147831991461983
0.04118575287575815
0.181605001769989
0.2184686787922907
0.08160960710209042
0.40469140705270706
0.9103662200497081
0.10169166859780512
0.03837350066773092
0.6158202398006013
0.027680572615711385
0.43644070176703476
0.4135443990196448
0.7390405418691437
0.27087573288994893
0.7835237134688808
0.7435408211952088
0.9769588721547657
0.6158202398006013
0.6768873026756317
0.3083246161772312
0.9534046368858857
0.46094459494779155
0.7653224546088201
0.19855323297346816
0.9344760031022723
0.8598939410667182
0.7005972135380996
0.5801717644592039
0.19876238704073007
