0.16964751825590055
0.16964751825590055
0.1697770656523789
0.17079987849094916
0.17127183310122077
0.16963437316032773
0.1697770656523789
0.1710080990843444
0.17085851259010387
0.17055308984494935
0.1714758718412559
0.16892543764302184
0.17382511099964712
0.174687420304487
0.17201023688076625
0.17109678695983907
0.1720592757355777
0.16923451699060285
0.174687420304487
0.1704916207268947
0.16816368787456257
0.17004935895796633
0.17783240588941335
0.15655422660816962
0.1697447830495805
0.16963437316032773
0.17127183310122077
0.17184754490386836
0.16411050095497431
0.1709088223217778
0.16964751825590055
0.17127183310122077
0.174367557154045
0.17035744995195415
0.1713958957154617
0.16963437316032773
0.17101596270183897
0.1702581174564144
0.5643666258165991
0.16837158999358673
0.17196693548976982
0.16943710454650174
0.16710450725777762
0.17313547835233276
0.16898007739178597
0.17538784205539978
0.17016836839676608
0.1684095270261919
0.17115331241579446
0.16911066447130843
0.16943710454650174
0.17052336940750204
0.171048854754327
0.174367557154045
0.17115331241579446
0.16956162967254995
0.17016360935751756
0.17148886685895526
0.17118344284579742
0.16825685718815253
0.17378946738082277
0.17534203400778367
0.17230241854519504
0.1682092413907265
0.5704374596850144
0.17004935895796633
0.1723639614449186
0.17184754490386836
0.17172409929967844
0.17070148874802973
0.17130562430167123
0.17051640411918914
0.1781779449896972
0.15655422660816962
0.1698106006849361
0.1709088223217778
0.18033262121249902
0.17923171599885976
0.17019450961811983
0.8780304298985198
0.1717336068530669
0.17168939512889048
0.17552505669780855
0.1720592757355777
0.1661188080742694
0.174687420304487
0.16758056673782276
0.17379741641036128
0.1693626081305112
0.17130562430167123
0.16263291280217707
0.1701328474738573
0.1794195132169611
0.17121156604004828
0.17923171599885976
0.626376192132611
0.17076114527701036
0.16710450725777762
0.16990824499576043
0.9322943761632173
0.16381710125942694
0.16834468446728504
0.1697447830495805
0.17167525488987384
0.17100891227330398
0.1686287849500714
0.1693864258578043
0.5437908291807733
0.17085851259010387
0.16533233243979154
0.9042077467449019
0.1736084783860655
0.1684095270261919
0.17121156604004828
0.8514626165618328
0.17201023688076625
0.1779199495501454
0.17052955525539057
0.8895269954498042
0.18831908765491479
0.17895278874408954
0.1629090856132697
0.1725227785444621
0.9042077467449019
0.16516018027762477
0.5643666258165991
0.5728955708850563
0.8952615998572695
0.17154615133119935
0.8780304298985198
0.17176659447388642
0.16888929498591063
0.16896967369575944
0.17515337740864634
0.5643666258165991
0.17447285730615575
0.5726586975435782
0.8780304298985198
0.5084233724752617
0.17073297476492813
0.17055308984494935
0.1711596069961879
0.17125892776844692
0.1713958957154617
0.5763318089945271
0.557395918803419
0.16745102557901764
0.5392682388500804
0.16695534523403832
0.1689191661105181
0.16970474005507472
0.1697770656523789
0.5728955708850563
0.16923451699060285
0.5557438064148001
0.1710080990843444
0.17286932825988388
0.16896967369575944
0.5646818133472428
0.1708342146345989
0.16381710125942694
0.1661188080742694
0.17534203400778367
0.16930235850072436
0.9287366028835357
0.16580607408070147
0.17285289980177684
0.17201023688076625
0.1678771579609631
0.17286932825988388
0.16850344915936977
0.18706904164440066
0.9342590480337123
0.17030548726406614
0.169449144093191
0.16786489576301966
0.17035744995195415
0.17484701692294974
0.16642406147671715
0.16843535897274184
0.16240720253689014
0.5629635226970781
0.171048854754327
0.9013657833171822
0.17388199505279822
0.1702445017484058
0.9287366028835357
0.17538784205539978
0.17040178365452285
0.16991367653125541
0.40905472746019444
0.5629635226970781
0.17160314951899805
0.1779199495501454
0.17813764638068347
0.16411050095497431
0.17936656336110124
0.594943622134292
0.16427533208983372
0.17167525488987384
0.17515337740864634
0.17040178365452285
0.16892543764302184
0.17056602794443762
0.9022455557390108
0.17315476880954192
0.5281661569417018
0.17258248956736422
0.9061699377507931
0.1736617309325773
0.8895543521861581
0.8381265148433796
0.17100891227330398
0.16627981572161138
0.5256149534138362
0.1684075589628239
0.5624556748782827
0.17285289980177684
0.169449144093191
0.16913657279709238
0.5715786728832124
0.17303591189324719
0.9392221443130118
0.17271576330886568
0.16893951324459264
0.16965166382515945
0.8895269954498042
0.16816368787456257
0.17573544804164098
0.17184754490386836
0.17101596270183897
0.15946529298925263
0.44537492805724765
0.17100891227330398
0.1781779449896972
0.626376192132611
0.17118344284579742
0.16970474005507472
0.9392221443130118
0.5281661569417018
0.17292152188253485
0.15920718459726246
0.17056602794443762
0.16263291280217707
0.5660647570051803
0.6174893237591786
0.5577378077012622
0.17109678695983907
0.5726586975435782
0.570183238979356
