0.1389248321973766
0.14213891951528382
0.11796495347988421
0.1710514965533304
0.18412893465585162
0.5852395376868922
0.17418167758655226
0.13737272919137283
0.5852395376868922
0.17230953048834047
0.2606100823472803
0.20563045985864498
0.5852395376868922
0.1710514965533304
0.16248476477281792
0.17230953048834047
0.48417737730168786
0.17418167758655226
0.1565281222129017
0.1375923486281811
0.8778040956875479
0.6099956904038939
0.15048219290934672
0.9445112750604252
0.17444217479006596
0.15999172340092863
0.19280732875467196
0.17230953048834047
0.16309840573289183
0.8514626165618328
0.14136642179768572
0.18140237731116124
0.1742595129019392
0.18862354599957132
0.15935203833469624
0.16391084547220627
0.18194200133814045
0.5186481673529628
0.5186481673529628
0.6062708099462576
0.5686320083318898
0.11796058017287897
0.15707035527973617
0.5186481673529628
0.16689856358169014
0.17208856993451468
0.17230953048834047
0.16048540496135164
0.5686320083318898
0.14213891951528382
0.11796058017287897
0.8738733988266246
0.19443625252120497
0.49175977395333825
0.8099341748739384
0.8327813736863208
0.16142948242481067
0.22988147371001252
0.2996642509604127
0.17917354899670562
0.16391084547220627
0.17230953048834047
0.243467405444226
0.6377133843209202
0.5953867752702319
0.1471012923212296
0.15546374861983492
0.18862354599957132
0.5556033395580672
0.11994307174051998
0.5211298532741654
0.1501449630138996
0.16386994435990504
0.09343807034387408
0.547553789624046
0.609516850688407
0.2606100823472803
0.17208856993451468
0.8693719090183183
0.1710514965533304
0.21305608213810445
0.1768210058856623
0.19715244109740643
0.5907680442922008
0.1512707206559608
0.22988147371001252
0.1405390485884354
0.1471012923212296
0.17418167758655226
0.503059808092362
0.1505308110259649
0.17583991566863905
0.1973386455250623
0.14213891951528382
0.2994631615257728
0.648948648578266
0.7207163672676956
0.09799695127440476
0.6062708099462576
0.12973698597770889
0.13111542822105063
0.8931548228855491
0.5541826119241359
0.5256585006203822
0.5575016727715062
0.17186292815860724
0.13737272919137283
0.48417737730168786
0.5646818133472428
0.15048219290934672
0.18862354599957132
0.5226095614431769
0.6077309969712102
0.20933832082537263
0.8514626165618328
0.8565287706688864
0.5493270098024803
0.21589661008533048
0.9030337573941012
0.34355154320577674
0.32153767826273016
0.15723903985837245
0.5291650212238856
0.9445112750604252
0.624581820927223
0.5283701905931102
0.5881937227527785
0.89235803237253
0.4968214286633001
0.6099956904038939
0.15722411708348324
0.84752396149986
0.14559685043231893
0.17583991566863905
0.5143681452841671
0.18213429620386304
0.5493270098024803
0.858364964913724
0.5084233724752617
0.18272636027227432
0.1293592133896174
0.16010972000646032
0.14037236485913662
0.14619065419450392
0.6092729796568414
0.5800141904496952
0.14684956999289206
0.2110660245001399
0.8600745302433676
0.8514222369911173
0.17094389113625644
0.47911309835980104
0.5575016727715062
0.16048540496135164
0.612795819689007
0.5274333155403484
0.20563045985864498
0.1505308110259649
0.5646818133472428
0.9654263376790063
0.09636588234232489
0.15999172340092863
0.5914185437903834
0.14136642179768572
0.9368491985490675
0.12973698597770889
0.18194200133814045
0.16248476477281792
0.11487184550071403
0.4171552229253974
0.5226095614431769
0.5143681452841671
0.9342590480337123
0.6905495545940123
0.1512707206559608
0.11796495347988421
0.5684326169961709
0.49175977395333825
0.1582153458055619
0.5685946123215239
0.13683054259594743
0.4968214286633001
0.15723903985837245
0.865882368085297
0.20563045985864498
0.945435016149883
0.940805147021544
0.17112377650101876
0.17112377650101876
0.13791491578679824
0.37273452686314124
0.5921169004601115
0.16309840573289183
0.20024895904283863
0.18942235762002463
0.1389248321973766
0.1562409369338415
0.6465937208123964
0.1445824399691337
0.8339083374056323
0.5541826119241359
0.185750617291322
0.1768210058856623
0.17136027431788
0.8376626619574081
0.243467405444226
0.590570754258184
0.18412893465585162
0.9368491985490675
0.5211298532741654
0.906911969057512
0.84752396149986
0.5945687504798601
0.1292707772031871
0.5256149534138362
0.5360836477149125
0.5692603366071896
0.22776691579072206
0.1405390485884354
0.46345856939363855
0.5684326169961709
0.5319601006434278
0.9568114643730798
0.593596679166048
0.12860831257374652
0.2212853819305658
0.89235803237253
0.14374102006359016
0.17094389113625644
0.22178334337930772
0.438039517768533
0.13111542822105063
0.4272912867208567
0.5945687504798601
0.1828265970355037
0.648948648578266
0.5462996721413526
0.609967819988389
0.9568114643730798
0.46956206420386204
0.9073841121727485
0.28312876575422874
0.1471012923212296
0.1293592133896174
0.5800141904496952
0.6174893237591786
0.5511002299809147
0.8972833149238131
0.6544277635799515
0.5211298532741654
