0.16372339838688998
0.18101419288077095
0.17413012631643823
0.15863132204793823
0.14814802447670178
0.16335731603774883
0.16602246835543483
0.152155197747975
0.15874123959219558
0.17258645040241402
0.17413012631643823
0.5715841180000143
0.15863132204793823
0.15785098597292793
0.18101419288077095
0.17258645040241402
0.5520070621042267
0.16160401518726783
0.16342736544225997
0.15863132204793823
0.15607494455058468
0.16866995012508815
0.17969098757921223
0.9445112750604252
0.15622368445500895
0.16335731603774883
0.17532915736379995
0.19423880662240647
0.17611614956597121
0.1669874204362648
0.14136642179768572
0.18140237731116124
0.15647062624171962
0.19072265539991096
0.15935203833469624
0.23257801982239956
0.17579041342339008
0.5583613582947987
0.17510444555486296
0.5520070621042267
0.5686320083318898
0.11796058017287897
0.16372339838688998
0.1807498977778539
0.16689856358169014
0.17160617321776672
0.17258645040241402
0.1767093205367857
0.5436400878424263
0.14213891951528382
0.14814802447670178
0.16473413407653448
0.16867418958172478
0.49175977395333825
0.16335731603774883
0.8354539442648502
0.16142948242481067
0.20765520998041784
0.2033153634423333
0.16840281961342565
0.17666660154611546
0.17566748521611428
0.20753678933099634
0.5715841180000143
0.5704374596850144
0.16840281961342565
0.15953531552111674
0.17413012631643823
0.22283715453415942
0.16585098127578035
0.5715841180000143
0.16160401518726783
0.17624674517973818
0.09343807034387408
0.16605998911562386
0.609516850688407
0.19467740148137583
0.17208856993451468
0.9069415920393717
0.15482994645691095
0.17833546878052461
0.15421750405532741
0.18473098579287345
0.20753678933099634
0.16275687421668236
0.1855583584913453
0.15622368445500895
0.15421750405532741
0.17579041342339008
0.18844649143184614
0.1562076852057176
0.17583991566863905
0.1973386455250623
0.17782495210068727
0.22283715453415942
0.6563586332591307
0.15607494455058468
0.09799695127440476
0.5520070621042267
0.1434892879392396
0.16282281763631967
0.17700817859315765
0.16397026976009138
0.17579041342339008
0.5728955708850563
0.17186292815860724
0.13737272919137283
0.5054548516791085
0.16492124081812667
0.16492124081812667
0.18101419288077095
0.5226095614431769
0.6088494084797996
0.17782495210068727
0.8514626165618328
0.19528434888272778
0.5760487160718065
0.1807498977778539
0.8976958948833156
0.34355154320577674
0.23257801982239956
0.1461096831485138
0.5291650212238856
0.9069415920393717
0.6049106793070576
0.5213691679386386
0.5728955708850563
0.89235803237253
0.4968214286633001
0.6099956904038939
0.15823553208929145
0.8354539442648502
0.15953531552111674
0.17583991566863905
0.5213691679386386
0.18213429620386304
0.5760487160718065
0.858364964913724
0.5084233724752617
0.16372339838688998
0.15631375682555113
0.23122147100746987
0.14045570672378602
0.2033153634423333
0.5999218669575126
0.5800141904496952
0.15342064669691036
0.17109072636059525
0.8600745302433676
0.16840281961342565
0.16397026976009138
0.47911309835980104
0.5728955708850563
0.1767093205367857
0.5583613582947987
0.5274333155403484
0.20563045985864498
0.1521519914385699
0.5646818133472428
0.16246900301292938
0.13587202378091678
0.15953531552111674
0.5914185437903834
0.152155197747975
0.9368491985490675
0.1434892879392396
0.18844649143184614
0.16248476477281792
0.14584642569318818
0.516093588867819
0.1602974027023909
0.19398520665471697
0.9342590480337123
0.6563586332591307
0.20137806480890696
0.16072004261756873
0.5684326169961709
0.1715015945250089
0.1582153458055619
0.5685946123215239
0.152155197747975
0.4968214286633001
0.1461096831485138
0.865882368085297
0.18147074768724814
0.945435016149883
0.940805147021544
0.5520070621042267
0.1602974027023909
0.16605998911562386
0.37273452686314124
0.5921169004601115
0.18844649143184614
0.19734260578202178
0.17666660154611546
0.1389248321973766
0.18827000207917383
0.6465937208123964
0.1445824399691337
0.8339083374056323
0.5541826119241359
0.1613790623311549
0.16133371578942524
0.15647062624171962
0.8376626619574081
0.19528434888272778
0.5999218669575126
0.24189659280813217
0.9368491985490675
0.19103679578744762
0.906911969057512
0.8381265148433796
0.5945687504798601
0.13587202378091678
0.5256149534138362
0.5360836477149125
0.5746372635284424
0.18827000207917383
0.15731103551585132
0.44537492805724765
0.5684326169961709
0.19072265539991096
0.9568114643730798
0.14621114754254602
0.12860831257374652
0.20137806480890696
0.8976958948833156
0.14374102006359016
0.17094389113625644
0.19423880662240647
0.438039517768533
0.16072004261756873
0.44537492805724765
0.5945687504798601
0.1828265970355037
0.648948648578266
0.5462996721413526
0.16397026976009138
0.9568114643730798
0.46956206420386204
0.16602246835543483
0.23122147100746987
0.1471012923212296
0.1293592133896174
0.5746372635284424
0.6174893237591786
0.5511002299809147
0.8972833149238131
0.6018773866912159
0.5211298532741654
