0.20161260617803717
0.5796520607955793
0.17668659108603846
0.16457506310294337
0.21852142071197347
0.624581820927223
0.16279935627131245
0.21852142071197347
0.16279935627131245
0.21852142071197347
0.16124237360147692
0.12563057692673044
0.5897442209204865
0.19213080857059997
0.5796520607955793
0.6465937208123964
0.5953867752702319
0.17668659108603846
0.16559292642619017
0.5672431577374937
0.8778040956875479
0.12731237407150453
0.47959408362786043
0.9521733515717831
0.1646633832756687
0.5599269691240081
0.16279935627131245
0.5907095092696346
0.16457506310294337
0.56318819058753
0.128843309156059
0.12459760042854391
0.18759894678233746
0.6116056316225749
0.09822616079236404
0.1575555679431675
0.4480566562725623
0.128843309156059
0.5599269691240081
0.5942406427018133
0.21064698883204458
0.0234840248879441
0.21621868212401096
0.22513784960039565
0.8339083374056323
0.5796520607955793
0.5712593233988408
0.16790836301723
0.0933640341532147
0.105104290033862
0.8738733988266246
0.8738733988266246
0.1558631932782844
0.36965133126318395
0.8099341748739384
0.8327813736863208
0.18605279077396786
0.22595732777380811
0.2996642509604127
0.40886704365736054
0.11482187925957775
0.6110131062789924
0.11482187925957775
0.68000818476969
0.5953867752702319
0.9073841121727485
0.16394732400380063
0.24679378383634812
0.6058307280704116
0.15367069110054676
0.5202530936312849
0.17668659108603846
0.5202530936312849
0.09343807034387408
0.1883468856056365
0.5462944797341579
0.32841283593988857
0.27882749561838505
0.8693719090183183
0.12830135404972826
0.21305608213810445
0.8699041926953277
0.8948100205690351
0.6001470244557572
0.5349403520270984
0.2565431840528925
0.105104290033862
0.9073841121727485
0.11850453309505289
0.40890805461873747
0.5443050610436777
0.128843309156059
0.19749871804756003
0.5685946123215239
0.2994631615257728
0.6905495545940123
0.7207163672676956
0.06715059339275053
0.8668016501982757
0.1431747330478536
0.14100420046911177
0.8931548228855491
0.6468986193543665
0.4480566562725623
0.6060526965788959
0.21621868212401096
0.16457506310294337
0.3272078942405199
0.5596869114281425
0.3593386766647407
0.9258507221852217
0.16559292642619017
0.7654350302129515
0.23592568687878068
0.843874221302799
0.8141097954090826
0.603352779815221
0.21064698883204458
0.9030337573941012
0.34355154320577674
0.32153767826273016
0.822865745562922
0.195633100483709
0.5398118836406636
0.624581820927223
0.5283701905931102
0.6060526965788959
0.8778040956875479
0.47959408362786043
0.6465937208123964
0.8436241430801585
0.84752396149986
0.15106897205224215
0.17808736275567866
0.5434416868585065
0.19443060131761825
0.5598069402760752
0.858364964913724
0.5084233724752617
0.18272636027227432
0.0642299374017431
0.180029008129589
0.35585076802671
0.09822616079236404
0.6092729796568414
0.6001470244557572
0.09181985819158944
0.27490988697056556
0.8600745302433676
0.839997782514115
0.5558443288902062
0.0367076602299346
0.6060526965788959
0.603352779815221
0.612795819689007
0.5202530936312849
0.4102097517616382
0.12563057692673044
0.5596869114281425
0.9654263376790063
0.09636588234232489
0.5349403520270984
0.5733202368923597
0.12381047678850211
0.9258507221852217
0.09832231052876367
0.21621868212401096
0.1646633832756687
0.010095898499796863
0.4102097517616382
0.49321160928275654
0.5022801853020772
0.9342590480337123
0.6905495545940123
0.1407057323177342
0.12685164671924487
0.6563355239573213
0.15318164472170293
0.1582153458055619
0.5685946123215239
0.12563057692673044
0.6058307280704116
0.103412055216605
0.9088989906076718
0.16559292642619017
0.9650193101145443
0.9707139966941886
0.03824052505434387
0.1925232902211237
0.5602916807874527
0.37273452686314124
0.6200255354926962
0.21621868212401096
0.25993109181883
0.2565431840528925
0.0811320588418295
0.14212926433955536
0.6465937208123964
0.16170865559648612
0.8339083374056323
0.12958701237365344
0.22701759451108372
0.18912871436229173
0.14100420046911177
0.8376626619574081
0.2757472968564849
0.47122053515441786
0.30755314880435636
0.9258507221852217
0.6266789919284077
0.906911969057512
0.84752396149986
0.5684557499109304
0.1292707772031871
0.5558443288902062
0.5398118836406636
0.5459904545556657
0.22776691579072206
0.1407057323177342
0.37273452686314124
0.5462944797341579
0.5922464137665677
0.9877722065609379
0.5829668776165824
0.1646693456392481
0.3710702442471434
0.906911969057512
0.8600745302433676
0.23023132504657873
0.24679378383634812
0.3964849519092056
0.05793408398474198
0.4272912867208567
0.6990894360876909
0.5415356280415002
0.6073477425625196
0.2996642509604127
0.6468986193543665
0.9258507221852217
0.4679035932533062
0.9073841121727485
0.28312876575422874
0.2406820213219801
0.15106897205224215
0.5459904545556657
0.6174893237591786
0.5626311038015317
0.8972833149238131
0.6544277635799515
0.6266789919284077
