0.17021045462555867
0.17054333783028974
0.17002653792250869
0.16932574096874506
0.1716309731458988
0.16814358303419408
0.17079198135826434
0.17109778240207937
0.17155086960857613
0.17050394471429828
0.17089349987208527
0.17108756280200102
0.1716309731458988
0.170667347845831
0.17050394471429828
0.169775120087348
0.1709279343830554
0.17076287394588255
0.17135727617970012
0.17085108154187886
0.16816368787456257
0.17082777381535108
0.17051670823016343
0.1709279343830554
0.1707995294923606
0.17035041435159262
0.17079198135826434
0.1716868216089824
0.1706896000408104
0.17140072081400348
0.16722526454933717
0.17079198135826434
0.17108756280200102
0.17061248833114284
0.17072628118650574
0.1704845974119479
0.17076608158684503
0.170667347845831
0.17035041435159262
0.16918568132687056
0.17072628118650574
0.1706208358347114
0.17109778240207937
0.1725490873622786
0.17035166270316537
0.17061942361588253
0.17050394471429828
0.17135727617970012
0.17256887856703215
0.17019782522040972
0.1706208358347114
0.16948243941642904
0.17002653792250869
0.17241152818276717
0.17019625860885354
0.17007626474480145
0.17000570853043503
0.17231638949723777
0.17070181916698368
0.16883613851936152
0.17112293652062643
0.1725147258198164
0.17174326007811175
0.17019625860885354
0.1697575039939524
0.1728647861365255
0.17061248833114284
0.17103463443557942
0.17164533257748182
0.17121967622577317
0.17195567157475883
0.17080174981798427
0.1718146500311165
0.16814358303419408
0.170667347845831
0.17220761502712853
0.17108368599746582
0.17333685186876424
0.17019450961811983
0.16959940701677745
0.1717336068530669
0.17050410330218735
0.17091826059157866
0.17298557767677247
0.1698216641370707
0.17231638949723777
0.1703913527333291
0.17177158591806096
0.17076608158684503
0.1686278570671014
0.17067688794653568
0.17089543408724595
0.17437153434156594
0.16992072325894747
0.17256887856703215
0.626376192132611
0.1704917221940018
0.16993335558304962
0.16990824499576043
0.16900146168296526
0.16164119712433977
0.1693583366095546
0.17112293652062643
0.17076608158684503
0.1712304538143883
0.1703766918133319
0.17058364798894085
0.17107548532300632
0.17070120015408397
0.17123477412415467
0.17153178212629688
0.17025293966907598
0.16938695874976073
0.1713888139985734
0.8514626165618328
0.1728647861365255
0.1735772332703741
0.1714581420466767
0.89271005511415
0.17536279981255615
0.17088543512201265
0.16951865861546317
0.1711121275276609
0.9042077467449019
0.16904085108007982
0.17220823934506702
0.5462892914056832
0.8666940573503246
0.1729734302667656
0.170802186908592
0.17109778240207937
0.17070120015408397
0.16932333093397245
0.17241152818276717
0.17155086960857613
0.17239456049037216
0.17035041435159262
0.8780304298985198
0.5354395236767722
0.17248117626442394
0.16932333093397245
0.17073337213949663
0.17108446317537615
0.17070181916698368
0.5744952532690526
0.5464177212400956
0.16935713769063082
0.5392682388500804
0.16993335558304962
0.17177158591806096
0.16957694207413287
0.17140072081400348
0.5462892914056832
0.17168090492883165
0.5593536645559392
0.1718146500311165
0.1708719908849764
0.17107548532300632
0.5646818133472428
0.17027646617346825
0.16905117754982538
0.17017765681115016
0.17536279981255615
0.16722526454933717
0.9170651370274991
0.16952711777458587
0.1714581420466767
0.1707995294923606
0.1696772828963119
0.17251866915968703
0.17117999877836457
0.17312343147374237
0.9342590480337123
0.17126483050947186
0.16935713769063082
0.16612216667470145
0.17035744995195415
0.17484701692294974
0.16642406147671715
0.17054333783028974
0.16900146168296526
0.5631871425186992
0.17002653792250869
0.9013657833171822
0.17388199505279822
0.17019782522040972
0.9299225273100963
0.17051670823016343
0.17117999877836457
0.1716309731458988
0.40905472746019444
0.5631871425186992
0.1706896000408104
0.1744644309117247
0.1759635568807531
0.16678589653310566
0.1721245986765924
0.170802186908592
0.16722526454933717
0.1716868216089824
0.1722559116177398
0.17050087085450596
0.1698104389937246
0.17054798342283414
0.895893114778496
0.17174326007811175
0.17536279981255615
0.17119199518095107
0.9061699377507931
0.1718472900080354
0.8895406738179812
0.8666940573503246
0.17142955299937426
0.16875671862817887
0.5256149534138362
0.16983717791592592
0.5464177212400956
0.1703766918133319
0.16946567146299124
0.1680077912012649
0.5715786728832124
0.17310540914742795
0.9392221443130118
0.17271576330886568
0.16992072325894747
0.1716826912528692
0.89271005511415
0.17198993715154232
0.16918568132687056
0.171698388328091
0.1729734302667656
0.169775120087348
0.509135249471152
0.17142955299937426
0.17198993715154232
0.626376192132611
0.17091826059157866
0.17088008998401089
0.9392221443130118
0.5281661569417018
0.16975636743263936
0.17044863993780335
0.17054798342283414
0.16884668513749945
0.5627092107805598
0.6174893237591786
0.17123362153474636
0.16996511097476508
0.5744952532690526
0.17195567157475883
