0.1703713776329558
0.17065852332564183
0.16995022987874409
0.17089728052814582
0.1703538663060188
0.1706362501968588
0.1709534958955792
0.1707859016584459
0.17089728052814582
0.17089564745462157
0.17119267043039865
0.17065852332564183
0.17103562838003972
0.17082260697411264
0.17107522088969818
0.17053872538384543
0.1703538663060188
0.8853702425063349
0.17069359373897938
0.17174576497909094
0.16967246483727325
0.17107522088969818
0.17068584567006728
0.17050002013396506
0.1706840893981071
0.17104450130302035
0.1710520648147199
0.17123966991961395
0.17068584567006728
0.1705742593581924
0.1706051828466098
0.17082260697411264
0.17097764280175398
0.17125924401322254
0.17040929356934237
0.17083391484603414
0.171230890464772
0.17063220274500068
0.1707320364996583
0.17053872538384543
0.17056534728429673
0.1704927824144418
0.17071403158909013
0.1705742593581924
0.17077964429776762
0.17103915306138118
0.17050394471429828
0.17081055452804383
0.17089729748184804
0.17028490031055876
0.17041651512224482
0.1702471868988101
0.17122062296261903
0.17130981303183748
0.17061050118512452
0.17053872538384543
0.17079241840928527
0.17078910701693137
0.17106842146225948
0.1711130316322372
0.17228217771168342
0.17121398676956556
0.1708804796954032
0.17071403158909013
0.1703538663060188
0.17107522088969818
0.17068079378856602
0.17097058733357082
0.17104450130302035
0.17091820295315316
0.1712653964236396
0.17081055452804383
0.17091634269684375
0.1680756871177295
0.17121843267603037
0.17110500598684453
0.17042331060481858
0.171230890464772
0.17019450961811983
0.1700023969465605
0.17109477592974875
0.17050410330218735
0.17056042717825562
0.1709308800983606
0.17022799492021493
0.1716283824968505
0.17047834920965724
0.17156062411845655
0.17166647890019626
0.17056725875981252
0.1702569786236191
0.16968757262735612
0.1715720096024763
0.17028490031055876
0.17111730493918031
0.626376192132611
0.17124136406220905
0.1703003517144403
0.17218633795374255
0.1702471868988101
0.1682315480103669
0.17089728052814582
0.17228217771168342
0.1709439202955422
0.17158404632199356
0.1707904600272047
0.17089564745462157
0.17086656904350828
0.1707859016584459
0.1707859016584459
0.17097058733357082
0.17073389375515932
0.17000869037920868
0.17116093230938959
0.8514626165618328
0.17146514757893438
0.17103562838003972
0.1712357106096492
0.8853702425063349
0.17153800076292625
0.17060221770327175
0.1707574989805256
0.17088566137539418
0.9154024818422529
0.17047600612071634
0.17051287368388585
0.17155302784423876
0.8666940573503246
0.17100505840947164
0.17056725875981252
0.17077964429776762
0.1706504034354722
0.17052575249701998
0.17078908502096524
0.1712390902855483
0.17038967409874933
0.1708475263434978
0.8853702425063349
0.5354395236767722
0.17166647890019626
0.17052575249701998
0.17070243462005424
0.1705010568119792
0.17128446468061084
0.5744952532690526
0.5464177212400956
0.1703467102352649
0.1701078841537137
0.17023519298111706
0.1711130316322372
0.16850009361523935
0.17140072081400348
0.17155302784423876
0.17111570325312872
0.5593536645559392
0.1712653964236396
0.17121398676956556
0.17086656904350828
0.5646818133472428
0.1709308800983606
0.17051287368388585
0.1703713776329558
0.17183769423787906
0.1683669775113822
0.9154024818422529
0.1696657313113285
0.1707904600272047
0.1708973099007048
0.17003821504021077
0.17133852543772166
0.171119882537063
0.17227969914010016
0.1700279795197532
0.1712390902855483
0.17022799492021493
0.16782464222464366
0.17125924401322254
0.1712653964236396
0.17069359373897938
0.17065852332564183
0.1695506440265701
0.5788605704199473
0.1707574989805256
0.91384677872066
0.17120616404340583
0.17060044161879273
0.9260933173873602
0.17103915306138118
0.17083391484603414
0.1708356314805913
0.40905472746019444
0.576762687828819
0.1707904600272047
0.17227969914010016
0.17120616404340583
0.16873774828695803
0.17124126322628494
0.170802186908592
0.16850009361523935
0.17085420250077055
0.17118124179998392
0.1705033394290605
0.17089103198007316
0.17097764280175398
0.894301584946323
0.17146514757893438
0.17536279981255615
0.17073389375515932
0.9154024818422529
0.17220854605555694
0.8895406738179812
0.8666940573503246
0.17154830794816475
0.16875671862817887
0.5256149534138362
0.1703169406582259
0.5464177212400956
0.1703766918133319
0.17036416403541246
0.16968007589917017
0.5809584530110756
0.17220854605555694
0.9392221443130118
0.1709207314897776
0.16992072325894747
0.1709125086050803
0.894301584946323
0.17053148314825875
0.16977492268114153
0.17134801952670783
0.17280934559931838
0.169775120087348
0.5277122704384176
0.17190451356645783
0.17198993715154232
0.626376192132611
0.17078695949233202
0.17111570325312872
0.9260933173873602
0.5281661569417018
0.17045788559635164
0.17089564745462157
0.17059963690506033
0.17058726164367397
0.5686022320248062
0.5788605704199473
0.1712298333468344
0.1707320364996583
0.5686022320248062
0.1717276575751133
