0.19968042040533518
0.18378313699560567
0.6659872473414301
0.6709126739194106
0.667381935109109
0.7127001199902538
0.24866671800828144
0.6672417232993121
0.6666930136066228
0.669092920076281
0.6487687156145989
0.6686622635627585
0.17941874641780808
0.3701056030480039
0.6715174123853312
0.6705894070364109
0.6649358872363593
0.6689590162501875
0.18763344052379777
0.1798283410018216
0.6681636754198099
0.6682196742417367
0.19005750693741877
0.6655616338280637
0.6694321932278949
0.6698579337664516
0.18378313699560567
0.666869735598318
0.18612731887726824
0.18391339341247215
0.6686224322537829
0.17968784455872855
0.6690258921902705
0.6709770731643988
0.17913953407064837
0.1936471317905698
0.6680209042380567
0.6709770731643988
0.18533799214126137
0.6758567897942119
0.6712298038452622
0.6701457622269491
0.18896615529308927
0.6705007333207675
0.18612731887726824
0.6725969456070112
0.18201424400993543
0.6607566924341659
0.17998917223734612
0.675654089489957
0.3806283635167963
0.693531974135431
0.6657155866500606
0.7355664118183076
0.18675151268211543
0.18872563392233213
0.3071961184147344
0.6693761571230902
0.1779466831077372
0.6487687156145989
0.712700119990254
0.6708397449964782
0.6693761571230902
0.6691720285298219
0.6749321798610115
0.44587678080964477
0.6701457622269491
0.6374428809537278
0.6598517543038449
0.6691880616880777
0.6707403362915969
0.6683071729002344
0.6694758538338816
0.6694407463334111
0.6723247447507609
0.6622318050446396
0.19968042040533518
0.6708397449964782
0.6675067430572452
0.6767147195760337
0.6692157796431254
0.1792193359418025
0.1936471317905698
0.6704156607807792
0.1792287132637182
0.6607566924341659
0.6665208440754434
0.18357286422333635
0.18391339341247215
0.6665208440754434
0.1798283410018216
0.6709267764714173
0.662686180959869
0.6674855977183329
0.6704159112493308
0.41172866841954003
0.745309868743488
0.6702407296784505
0.23862123937088162
0.6704159112493308
0.6709187972653685
0.6721372342359336
0.6698579337664516
0.18896611677988334
0.6702407296784505
0.1846794206315906
0.6633507389003825
0.18099281095814684
0.6708724904610304
0.6690806712423066
0.7733827437337131
0.6724898763220621
0.1888055252824078
0.23204271263779774
0.6679481446289024
0.6682196742417367
0.6744019519581435
0.18091414601491973
0.6649690124878772
0.20032345233749604
0.18201424400993543
0.17946018495498664
0.6703835301836887
0.6378945879583728
0.6623716782842051
0.1825164637189734
0.20032345233749604
0.17867321176835493
0.6749321798610115
0.5939615094766382
0.6758567897942119
0.6625771569120622
0.6701527933651258
0.8866438681344345
0.6649461365906371
0.1985925019943243
0.6740278537025645
0.26145509300992237
0.6607255330950124
0.5939615094766382
0.23204271263779774
0.6646659410450058
0.6689590162501875
0.6740278537025645
0.6724073105364115
0.6374428809537278
0.17926832361109424
0.6756541730778991
0.6689813082302152
0.6691720285298219
0.17842218343449495
0.18085857845438244
0.8866438681344345
0.1792287132637182
0.6715174123853312
0.21004839656141988
0.18675151268211543
0.3071959200418723
0.6756541730778991
0.17842218343449495
0.667381935109109
0.18357286422333635
0.666869735598318
0.18091414601491973
0.1825164637189734
0.17902529474675422
0.6378945879583728
0.6742266912832475
0.6663395696232325
0.17968784455872855
0.18058195686570108
0.6767147195760337
0.18316966395705545
0.6714256201728644
0.18763344052379777
0.6516826043696331
0.18896611677988334
0.6649690124878772
0.1784061510666103
0.26145509300992237
0.7733827437337131
0.17867321176835493
0.18255297327303874
0.6725969456070112
0.6701527933651258
0.41172866841954003
0.3071959200418723
0.1779466831077372
0.6693885326219082
0.7127001199902538
0.6724073105364115
0.1866978241662941
0.19005750693741877
0.6655616338280637
0.6679481446289024
0.21004839656141988
0.6682126733905214
0.669092920076281
0.18533799214126137
0.6378945877068481
0.6828575972502069
0.1813911869740713
0.6691880616880777
0.6686622635627585
0.6742266912832475
0.662686180959869
0.6657155866500606
0.17913953407064837
0.6721372342359336
0.18072067391977764
0.693531974135431
0.6709267764714173
0.3701056030480039
0.745309868743488
0.1813911869740713
0.18099281095814684
0.6714256237868301
0.18058195686570108
0.25888663742017987
0.6711717458237646
0.6625771569120622
0.1784061510666103
0.17898395446570192
0.17946018495498664
0.1831699095654884
0.6622318050446396
0.6722278252387364
0.6659872473414301
0.6828575972502069
0.17941874641780808
0.6705894070364109
0.18105526686846654
0.6674855977183329
0.7355664118183076
0.18105526686846654
0.6694321932278949
0.23862123937088162
0.1985925019943243
0.6649461365906371
0.25888663742017987
0.6694407463334111
0.6712298038452622
0.3806283635167963
0.6623716782842051
0.41172866841954003
0.18872563392233213
0.6598517543038449
0.1846794206315906
0.1866978241662941
0.17926832361109424
