0.2491199847073371
0.15600029798049353
0.38964893893416563
0.8319415836879527
0.6126336307522604
0.8905932990801342
0.32971313525041335
0.49658801896133586
0.7319375437459299
0.6198986367755048
0.5944310511167139
0.7122512304671151
0.0989677873028102
0.318852671704458
0.4374991359000452
0.4668111948665755
0.7102569887455643
0.4320165107016164
0.22972024067278676
0.14707281154169372
0.43492888084946724
0.4823761303294625
0.12217498141887509
0.8319415836879527
0.8671925186840613
0.5125772851876841
0.21741985278021966
0.7102569887455643
0.055153484601235925
0.23908928645824212
0.7067810509962928
0.01269962107490763
0.8788785845214985
0.8444363173315044
0.03389483479062645
0.12301132397516423
0.7771865474760142
0.7790225254353127
0.11979237752634753
0.9083605072834003
0.5184524879850446
0.7789538878942686
0.0989677873028102
0.8406778241230048
0.22345699693209423
0.4432922594203855
0.18597830461822573
0.4823761303294625
0.14201834021663495
0.8406778241230048
0.34647703430415067
0.9450528987529243
0.8554103599775675
0.7188750927565398
0.043821979131872774
0.12581923215804258
0.4432922594203855
0.7319375437459299
0.2952540020049583
0.47056687134883696
0.5607123953953184
0.8550177459087633
0.5184524879850446
0.5125772851876841
0.7406976594769106
0.4126586381578712
0.3612811304273144
0.8481003793849611
0.716736945923664
0.5716311553650317
0.8905932990801342
0.6093432982524976
0.540402629857923
0.5530901238351442
0.8481003793849611
0.42694499333640185
0.12639532487313665
0.4661085277959951
0.6093680226360414
0.6705817275443992
0.5472315907446428
0.12217498141887509
0.2093997995452231
0.8723662744757653
0.1612587042897371
0.8648903537482543
0.6198986367755048
0.10931338283609948
0.21741985278021966
0.7173393324469429
0.3806715223304413
0.829545135695748
0.540402629857923
0.7771865474760142
0.4320165107016164
0.49409873157657547
0.5336060645436089
0.8396701151602532
0.46177426965695145
0.6770738632312531
0.6026663775488325
0.757834116001612
0.6770738632312531
0.01269962107490763
0.7188750927565398
0.1241481177943715
0.8882051725070601
0.34014181863134707
0.829545135695748
0.6705817275443992
0.7916939835160419
0.8396701151602532
0.19965978391839706
0.12907556336481982
0.6121370800495769
0.5336060645436089
0.8782346411800794
0.18597830461822573
0.42694499333640185
0.020720260748016056
0.27122355768919404
0.23588869160462894
0.5944310511167139
0.6051989122188487
0.8717871004089436
0.11945034940197197
0.6126336307522604
0.23588869160462894
0.7062505105973349
0.4161714061065602
0.767331351257354
0.6121370800495769
0.7769793126868452
0.9143113792419811
0.4126586381578712
0.04780424856834385
0.9590111858332079
0.318852671704458
0.562123128747389
0.5530901238351442
0.12907556336481982
0.5754921951885934
0.6791442835681443
0.49787386506308173
0.6151910880924456
0.49409873157657547
0.2945045382504878
0.6186653026123444
0.43630544030986235
0.7789538878942686
0.4161714061065602
0.34014181863134707
0.9255695626535263
0.00860681775022587
0.4374991359000452
0.055153484601235925
0.3773122773950768
0.38964893893416563
0.7916939835160419
0.07745339993358791
0.6327790953817407
0.46540586072541473
0.7790225254353127
0.16485614789882264
0.10273545888699348
0.33366522494709694
0.5716311553650317
0.8817160530756789
0.7062505105973349
0.12301865072479079
0.10607301058260987
0.8882051725070601
0.22972024067278676
0.7426637083224372
0.22345699693209423
0.4661085277959951
0.3684239185484969
0.8603607772478977
0.03293189904510152
0.20463656921686763
0.8788785845214985
0.04780424856834385
0.23307591935099736
0.6012773537891158
0.6097698595273554
0.296268846497445
0.3684239185484969
0.2954890647982921
0.8446698146081356
0.43630544030986235
0.734231354136566
0.16490284436507877
0.2093997995452231
0.6191213261077652
0.6186653026123444
0.20463656921686763
0.2954890647982921
0.7555523026004992
0.23908928645824212
0.5292610068435297
0.6148891819709352
0.027940211683247507
0.46177426965695145
0.9083605072834003
0.7406976594769106
0.5108979645558287
0.6587973968040235
0.03389483479062645
0.9785264664158707
0.27122355768919404
0.5607123953953184
0.5292610068435297
0.41236639173925116
0.8782346411800794
0.2945045382504878
0.12581923215804258
0.9995233484240581
0.10607301058260987
0.3773122773950768
0.8723662744757653
0.4409338088650526
0.19083650263136043
0.31017167030979936
0.33366522494709694
0.03344730082258929
0.562123128747389
0.9143113792419811
0.7067810509962928
0.6148891819709352
0.02790044220102572
0.6587973968040235
0.043821979131872774
0.8817160530756789
0.9450528987529243
0.03479114406879273
0.8446698146081356
0.32971313525041335
0.16490284436507877
0.6191213261077652
0.19083650263136043
0.6093680226360414
0.7769793126868452
0.34647703430415067
0.5754921951885934
0.39336883985902127
0.1241481177943715
0.6406451330509009
0.3612811304273144
0.14707281154169372
0.03479114406879273
