0.5579911256673117
0.17619249874435347
0.1922182557094254
0.7771696745410944
0.238766993031725
0.7050265540039046
0.9648266015803701
0.11151678834416055
0.5322515556010796
0.7194162979946557
0.6759615599386506
0.9289452304352979
0.838022491006698
0.43462260797121116
0.797377541760983
0.49669750637052157
0.7871263263305865
0.5004830138178917
0.1636836222396943
0.9113439069195897
0.8338978487359123
0.8133160648233042
0.12446802797640619
0.18436317283565812
0.3038274431447025
0.8500567481058974
0.11952292725859132
0.2100086099676417
0.22113077018041172
0.8075019290903763
0.28075848615635957
0.2878024080074789
0.7050265540039046
0.1718742173520226
0.8457488288429345
0.11346442369971461
0.6926957038222012
0.9045638354405785
0.07826087283096438
0.559746705360457
0.21910391595555334
0.43462260797121116
0.866003995309006
0.17229475788386733
0.6436528865952785
0.38214300331036644
0.37992944660655636
0.9121660026863972
0.6071380705480831
0.3756878910193612
0.49562163928185854
0.5579911256673117
0.8357853621993259
0.4580978355253249
0.18024555872071119
0.3177583262383026
0.9117444190620421
0.8491473558543938
0.38739707068371776
0.838022491006698
0.5239920387272028
0.8707652570697879
0.6071380705480831
0.6926957038222012
0.11151678834416055
0.7278335807243372
0.2100086099676417
0.7078391980547456
0.36093826295466924
0.8032136104693632
0.11164984720907403
0.559746705360457
0.9117444190620421
0.8026784553742304
0.4880470790886053
0.21910391595555334
0.3038274431447025
0.41710854199190284
0.12331153877419872
0.28075848615635957
0.5262942688097105
0.8334141830021519
0.7489018022806887
0.7489018022806887
0.11346442369971461
0.37992944660655636
0.7973239461822148
0.36464054245871985
0.5924019734692292
0.08105374404399374
0.37771213785869817
0.4329972794561768
0.8635614756594295
0.5539583886420392
0.4880470790886053
0.09829943098208795
0.6132673126941603
0.11789415625120506
0.8378301461590605
0.1922182557094254
0.818459404133046
0.9528975913217328
0.5903108039192285
0.282345634699138
0.5118611380683501
0.17392516090985444
0.41710854199190284
0.6812590002786966
0.7418773003621355
0.7941463075308284
0.6986206551161804
0.07822162298417966
0.8133160648233042
0.6990120039472528
0.13080084299043138
0.19394741480774128
0.866488360071592
0.5896319549531047
0.49669750637052157
0.45493065444346437
0.9113439069195897
0.9121660026863972
0.5129700619075452
0.2685779351349999
0.1636836222396943
0.8530072612027572
0.5654366430295051
0.44853953875896924
0.6986206551161804
0.12372712939323077
0.38214300331036644
0.6990120039472528
0.12331153877419872
0.44853953875896924
0.04301597344568786
0.8707652570697879
0.4218098651387685
0.3682575406184522
0.8789753702991192
0.30310871278999474
0.37771213785869817
0.4269077839059446
0.3756878910193612
0.5004830138178917
0.8080307676977978
0.8367926551559955
0.7088848479570887
0.9262744906754481
0.3682575406184522
0.7798184078050161
0.5924019734692292
0.23405445297908425
0.1801940718947216
0.18021123417005147
0.45651424498439463
0.41986650298368344
0.36093826295466924
0.19444599796918569
0.04301597344568786
0.797377541760983
0.34580721907164264
0.7979530667604391
0.4640785483670883
0.5322515556010796
0.8026784553742304
0.19790431616581744
0.12743058197227375
0.282345634699138
0.1801940718947216
0.31883430614452835
0.557244903072379
0.8789753702991192
0.12379961660986542
0.30310871278999474
0.8454638570541005
0.28462029587299364
0.12379961660986542
0.7771272400555199
0.17805966753142935
0.8378301461590605
0.8491473558543938
0.6812590002786966
0.4666804684614311
0.8765633451320487
0.9289452304352979
0.8080307676977978
0.7798184078050161
0.8106665079582467
0.49515981727799985
0.4666804684614311
0.13080084299043138
0.5539583886420392
0.11163575877963106
0.8635614756594295
0.19394741480774128
0.9014622380541941
0.5937124705114265
0.5262942688097105
0.09943507687841709
0.818459404133046
0.6603032815140886
0.2581511327422585
0.2685779351349999
0.3008428722974342
0.7979530667604391
0.867283636423736
0.8334141830021519
0.5960742926350264
0.5654366430295051
0.7583701220884352
0.3177583262383026
0.8334141830021519
0.3629187515631434
0.4218098651387685
0.8315487276856481
0.1480734797803196
0.1870449694241394
0.1870449694241394
0.07822162298417966
0.20760446453282677
0.5118611380683501
0.4997302374094974
0.8896983746493302
0.7434652934144088
0.38739707068371776
0.8367926551559955
0.12372712939323077
0.6823307860423113
0.7583701220884352
0.7750305199051636
0.2878024080074789
0.19790041204519093
0.18436317283565812
0.36464054245871985
0.866488360071592
0.8106665079582467
0.3008428722974342
0.8338978487359123
0.21959015956687955
0.8354472925409449
0.19790041204519093
0.11767659806095784
0.17805966753142935
0.13476103112054055
0.6603032815140886
0.5937124705114265
0.31883430614452835
0.8197503240395676
0.8315487276856481
0.8500567481058974
