0.44169978429280315
0.3287276472137184
0.27624858200800556
0.8054371712973799
0.31520745505821507
0.7772318603176664
0.8029899683720438
0.2913662088484331
0.28974273731924205
0.7810039468342027
0.7771669041215424
0.782310506712124
0.7810039468342027
0.775995320564268
0.8065389718843907
0.3418196117231225
0.7756445258557296
0.2898289602827751
0.29722832914834507
0.8049258947581079
0.7813288007791657
0.7865795522090436
0.2885185174484406
0.3186801963456014
0.29240120391909075
0.7828622121122885
0.29124124127398987
0.2756404753104767
0.5246113870195963
0.775100142527869
0.3091129578381855
0.3218142354162602
0.7788822279981041
0.3028639579643032
0.7758618870070669
0.2871619500496202
0.743581584399267
0.792550678371916
0.3077670148929037
0.2883966615153086
0.3051450198533698
0.2804707092491625
0.8073630936763633
0.2867807286197094
0.2867807286197094
0.3020654671330048
0.28558085598298777
0.8028754127940887
0.7909171218766868
0.2898392041228879
0.30954926808983513
0.44169978429280315
0.8082885283230616
0.29450626594002605
0.31360947172080755
0.28625427155980154
0.8025460843293015
0.8062031696273471
0.29293787479284783
0.7801405450974805
0.3201742197989657
0.8042207913966924
0.778958830959285
0.6198928658119678
0.2877037663795733
0.7780938911813382
0.3296390918258206
0.7723376868378036
0.2877037663795733
0.7772613256597919
0.3023001307222346
0.34151106847158996
0.8062031696273471
0.8047607406902142
0.777280480166094
0.2756404753104767
0.2784918486344558
0.294515547731333
0.3022577525876379
0.29124124127398987
0.3186801963456014
0.8032910418051605
0.7749807134843125
0.7774117566581114
0.28420233724178756
0.3410588780084022
0.7775513964763207
0.3060970612896877
0.37078549910698805
0.3091129578381855
0.3022847773925934
0.3302427102174744
0.7755239893934978
0.3010600688878593
0.2978184916441113
0.28213539810061794
0.806676335782293
0.29081109437376523
0.7772483110091248
0.3056804682942923
0.8004005475099814
0.792550678371916
0.5452814449421721
0.3833587670216213
0.5385352525280221
0.2762023137970847
0.3020654671330048
0.7778276093461491
0.7761446969860524
0.8091290717638379
0.7755152599551906
0.2873035082064789
0.7790564868073259
0.7882253638924241
0.29081109437376523
0.3070315475337986
0.7885136818842313
0.42859786294186947
0.27594658400889355
0.3287276472137184
0.8016125987556886
0.8072046982992254
0.3250125277563266
0.2790138026736441
0.27624858200800556
0.8065389718843907
0.8041322217848887
0.31360947172080755
0.7750351993461131
0.3035479271318504
0.28998151082867923
0.8103235918313785
0.2978184916441113
0.3011845426129997
0.29787259778022523
0.8082268775078139
0.2931590282917994
0.3023001307222346
0.8071864264088175
0.29787259778022523
0.31157651635318756
0.5106875215111706
0.2983379746214426
0.2898289602827751
0.8026861429196961
0.7749807134843125
0.7790564868073259
0.8053887792301945
0.294515547731333
0.7756445258557296
0.31550364153539817
0.2745434632107746
0.30093559516271895
0.3444822732656365
0.3250125277563266
0.3410588780084022
0.2891922964021488
0.3014599825972503
0.31550364153539817
0.7882253638924241
0.2891922964021488
0.8057071986472889
0.30231180219754894
0.3296390918258206
0.8041322217848887
0.2856846419176484
0.3006865685476201
0.3256090877571173
0.28213539810061794
0.28625427155980154
0.31157651635318756
0.7909171218766868
0.3404897801298119
0.2770211427287784
0.7771669041215424
0.29240120391909075
0.2927805902854641
0.7865795522090436
0.3165035689979505
0.7718267255655229
0.8027019645678151
0.7769797799000857
0.3100582902600896
0.8091756122917811
0.7771839726951866
0.8045621612542708
0.7774117566581114
0.8007272947479805
0.5283703246244489
0.5426195675143229
0.2871619500496202
0.3010600688878593
0.2804707092491625
0.7755152599551906
0.27581646623734457
0.8070993875742521
0.3070315475337986
0.7723376868378036
0.3056804682942923
0.8027019645678151
0.8091756122917811
0.3005830071341592
0.2790138026736441
0.3077670148929037
0.8032747101224822
0.8054371712973799
0.8047607406902142
0.28966038310688025
0.30954926808983513
0.7755244160280674
0.29293787479284783
0.5283703246244489
0.3418196117231225
0.2898392041228879
0.8029899683720438
0.4021244457439428
0.3405661475264104
0.29722832914834507
0.2968989024565961
0.3444822732656365
0.5452814449421721
0.5246113870195963
0.805043245578331
0.8065988998125528
0.340743196175971
0.7780938911813382
0.2867121345919029
0.7775513964763207
0.777280480166094
0.7985905267344202
0.3833587670216213
0.30028155360044995
0.29653304206662456
0.28985450613299474
0.7985905267344202
0.8025460843293015
0.2770211427287784
0.779795389446043
0.28558085598298777
0.8082268775078139
0.3014599825972503
0.3060970612896877
0.30496874259173534
0.42859786294186947
0.30028155360044995
0.7788822279981041
0.2871911729222705
0.8072046982992254
0.6198928658119678
0.7758618870070669
