0.20104609334543772
0.1429677680272585
0.5975346134499429
0.425569984546628
0.22077475007227296
0.045707963475065255
0.39951371561545385
0.7546642180244021
0.6528667294006243
0.7754476552312779
0.8750327692907883
0.9064152944117693
0.8816937717492317
0.10584375879779258
0.167760857693573
0.12380148420060663
0.9066263725230645
0.32552176063534044
0.7920082061775897
0.1429677680272585
0.8480408804480335
0.3438837144542748
0.5152613966704694
0.8017598104741781
0.06598806691096665
0.5949559198914065
0.19890104501912942
0.7104957227600737
0.12429412204131107
0.3632989779791331
0.034698907346500635
0.3889313315502835
0.7037946756804635
0.40019785826644527
0.07871342950000723
0.33439716001736175
0.2442907817864134
0.7882336636955397
0.33439716001736175
0.4097951642068925
0.5728889528522605
0.3567837420322821
0.7838517806509355
0.8299570531976307
0.6086085788890675
0.8653809547581202
0.20104609334543772
0.8318622035792236
0.9436061073155588
0.32423302889127587
0.39955447763340735
0.9551439382129633
0.8530800285082565
0.5332928349398217
0.7689839759189627
0.8466336651040806
0.809062649753157
0.24612425474696295
0.386416843072815
0.4211219122858519
0.5838268842495938
0.20619340492263236
0.9486930809378573
0.034698907346500635
0.8612478444296804
0.06082935061320305
0.9185757123769906
0.7590855987390477
0.04993141241915202
0.2765650574829947
0.7757544783785195
0.05028498576872764
0.08745184805146894
0.809062649753157
0.0016462291603789314
0.44221438386837386
0.9389063611804618
0.7972665788476534
0.12429412204131107
0.39434400431067684
0.3889313315502835
0.5873305839200057
0.899400239179811
0.10532982221662389
0.779420023132334
0.9539656412385763
0.43409945843720066
0.8045014863811462
0.3567837420322821
0.433510799120875
0.6528667294006243
0.08695490913552743
0.7689839759189627
0.16370107159338007
0.5325981658616881
0.4713072964906514
0.24765176004682599
0.7905899168032561
0.9133795137995404
0.1632502578850518
0.038045347256197265
0.8996761256083671
0.40721917283592535
0.579195853943303
0.4418391593174198
0.5351001436274215
0.4367265049983231
0.899400239179811
0.6261649799202748
0.5534846884690402
0.4145636851214338
0.08447376692024454
0.84932924634109
0.2665989487823615
0.010971471062240001
0.4427314993436867
0.5534846884690402
0.34263891396853174
0.6105395434159745
0.7838517806509355
0.6618956335729684
0.8466336651040806
0.7882336636955397
0.5140232255355175
0.17021462051332878
0.3156778702953045
0.2529773929751886
0.15356583271058533
0.08447376692024454
0.8941114821859626
0.4156333880197009
0.4712780803045071
0.2670488932016219
0.8318622035792236
0.8996590846265713
0.4156333880197009
0.03646362511272838
0.5152613966704694
0.05756600419053684
0.045707963475065255
0.9551439382129633
0.8816937717492317
0.9486930809378573
0.5332928349398217
0.2406692179211205
0.2765650574829947
0.2839056454812296
0.32552176063534044
0.10532982221662389
0.7757544783785195
0.7590855987390477
0.16123638024014977
0.9436061073155588
0.6247657623390398
0.12380148420060663
0.579195853943303
0.7452064088852824
0.36727677542484843
0.1834001865371097
0.4427314993436867
0.21499654649551103
0.8653809547581202
0.5558443142333115
0.9595560935601267
0.5531071190952909
0.6293046368874593
0.9064152944117693
0.07871342950000723
0.15356583271058533
0.24917190971009545
0.9192295539464171
0.3510619585366737
0.796844738732637
0.8195476632746483
0.7573028674226787
0.84932924634109
0.3349131991667289
0.681530736720362
0.09209791275756485
0.4959534238891856
0.48259956188804476
0.2670488932016219
0.24917190971009545
0.2665989487823615
0.16370107159338007
0.977993738153335
0.21499654649551103
0.8299570531976307
0.4107853264875184
0.1632502578850518
0.5533588320111238
0.19890104501912942
0.4712780803045071
0.5558443142333115
0.00764408331637173
0.977993738153335
0.7052073381597028
0.39951371561545385
0.4097951642068925
0.03646362511272838
0.8341732761574621
0.866045889328737
0.433510799120875
0.3438837144542748
0.167760857693573
0.0431773092608789
0.6361009880784948
0.07461779904643401
0.5838268842495938
0.22077475007227296
0.825804856625185
0.269494098973078
0.9185757123769906
0.07957472523623553
0.10584375879779258
0.825804856625185
0.7920082061775897
0.40019785826644527
0.44622067846327407
0.6105395434159745
0.05756600419053684
0.9517949809228641
0.6086085788890675
0.8692355819764148
0.7387742124843836
0.7573028674226787
0.24612425474696295
0.3471291615423994
0.8996590846265713
0.42892420864208747
0.269494098973078
0.010971471062240001
0.386416843072815
0.6618956335729684
0.06082935061320305
0.6293046368874593
0.4016003049235627
0.17021462051332878
0.4016003049235627
0.5873305839200057
0.681530736720362
0.06598806691096665
0.9066263725230645
0.07957472523623553
0.710896470181791
0.1031835889303534
0.41899768619414657
0.7163155235882809
0.42892420864208747
0.3471291615423994
