0.5579911256673117
0.17619249874435347
0.22301812899127188
0.7771696745410944
0.20621167570109705
0.7418773003621355
0.9648266015803701
0.11166393563851701
0.5322515556010796
0.7088848479570887
0.6759615599386506
0.9021180340152455
0.838022491006698
0.43462260797121116
0.797377541760983
0.468878833753612
0.7871263263305865
0.5004830138178917
0.155493027127366
0.9181239783986007
0.8338978487359123
0.8124876495656468
0.12479518822203305
0.18453429755311
0.37326642846936137
0.8530072612027572
0.11952292725859132
0.2100086099676417
0.22113077018041172
0.8075019290903763
0.28075848615635957
0.21959015956687955
0.6681758076456736
0.1882554075766792
0.8457488288429345
0.11554511792018216
0.6926957038222012
0.9045638354405785
0.07826087283096438
0.559746705360457
0.21910391595555334
0.43462260797121116
0.8663149068985639
0.17229475788386733
0.6436528865952785
0.38214300331036644
0.38412874822832443
0.9228697673186004
0.6071380705480831
0.37573014498478824
0.49562163928185854
0.5579911256673117
0.8357853621993259
0.4644821031692502
0.17229475788386733
0.23405445297908425
0.9574848428150782
0.8334141830021519
0.3295147466101656
0.838022491006698
0.5239920387272028
0.8725962419811868
0.6071380705480831
0.6926957038222012
0.12414086773077933
0.7278335807243372
0.2100086099676417
0.7078391980547456
0.28561227776141357
0.8032136104693632
0.11163575877963106
0.559746705360457
0.9414752899894854
0.8026784553742304
0.5470985066269114
0.21910391595555334
0.23438845782004367
0.40522143243350656
0.12710015028980612
0.28075848615635957
0.46458191412965877
0.8342505776259301
0.7489018022806887
0.7489018022806887
0.11554511792018216
0.37573014498478824
0.7927785455809817
0.36464054245871985
0.5924019734692292
0.08105374404399374
0.49515981727799985
0.4329972794561768
0.8635614756594295
0.5903108039192285
0.4289956515502992
0.08105374404399374
0.6369026704352161
0.11789415625120506
0.8454638570541005
0.17619249874435347
0.818459404133046
0.9528975913217328
0.5903108039192285
0.282345634699138
0.5118611380683501
0.17392516090985444
0.4289956515502992
0.6681758076456736
0.7418773003621355
0.7941463075308284
0.6759615599386506
0.07822162298417966
0.8141444800809616
0.7899108774494108
0.07045568574434388
0.20378852815497678
0.867283636423736
0.5896319549531047
0.5245161789874312
0.44527939475726996
0.9045638354405785
0.8766499854329401
0.5129700619075452
0.2685779351349999
0.155493027127366
0.8530072612027572
0.5176059733648499
0.44853953875896924
0.7212797502937104
0.12372712939323077
0.38214300331036644
0.6081131304450949
0.11952292725859132
0.44853953875896924
0.04301597344568786
0.8766499854329401
0.4218098651387685
0.3682575406184522
0.8682523659489081
0.20378852815497678
0.291345727350308
0.4269077839059446
0.3756456370539341
0.5004830138178917
0.8725962419811868
0.8367926551559955
0.7088848479570887
0.9262744906754481
0.3682575406184522
0.7798184078050161
0.5924019734692292
0.23405445297908425
0.1882554075766792
0.18819635955755507
0.45171356788139955
0.41986650298368344
0.43626424814792497
0.1658738669470995
0.04301597344568786
0.797377541760983
0.34580721907164264
0.8208756136157147
0.4329972794561768
0.5322515556010796
0.8026784553742304
0.13476103112054055
0.1766002911135831
0.282345634699138
0.17209841166210432
0.31883430614452835
0.557244903072379
0.8896983746493302
0.1201686512474571
0.40242889742501264
0.8454638570541005
0.28462029587299364
0.07826087283096438
0.7771272400555199
0.18402092340075438
0.9021180340152455
0.8571648154320848
0.6801872145150818
0.468878833753612
0.8765633451320487
0.9557724268553504
0.7434652934144088
0.7798184078050161
0.8357853621993259
0.49515981727799985
0.4644821031692502
0.1911460002365189
0.5176059733648499
0.11163575877963106
0.8635614756594295
0.2610476012110943
0.9262744906754481
0.5437330306823589
0.5960742926350264
0.09943507687841709
0.818459404133046
0.6603032815140886
0.2581511327422585
0.2685779351349999
0.27132231036235294
0.7078391980547456
0.867283636423736
0.8334141830021519
0.5960742926350264
0.5896319549531047
0.7299477480322225
0.40146219949752093
0.8325777883783736
0.3295147466101656
0.4218098651387685
0.8208756136157147
0.1480734797803196
0.1870449694241394
0.1870449694241394
0.07822162298417966
0.20760446453282677
0.5118611380683501
0.4997302374094974
0.8896983746493302
0.7434652934144088
0.44527939475726996
0.8367926551559955
0.12372712939323077
0.696485764438949
0.7299477480322225
0.8422218417555816
0.35601465644807834
0.18819635955755507
0.18419204811820625
0.36464054245871985
0.7899108774494108
0.7855476537171675
0.3963227565161212
0.8338978487359123
0.21959015956687955
0.8354472925409449
0.20760446453282677
0.11767659806095784
0.17209841166210432
0.13476103112054055
0.6603032815140886
0.6436919103404942
0.31883430614452835
0.8197503240395676
0.8422218417555816
0.8471062350090376
