0.4675071645760188
0.22955410741527743
0.26916974047255177
0.815141653723859
0.29811432534977284
0.720020456895424
0.8528127999288291
0.19182740990906313
0.508605476730779
0.7580559081673208
0.7787906282216215
0.8199705493360786
0.7787906282216215
0.8048805751867529
0.8007164194319568
0.46933260210706784
0.7388158072909258
0.2858790880630976
0.20999791942708185
0.8290223345953329
0.8126568548452675
0.7922989829850706
0.13146527962343316
0.22634480987984457
0.19410339731197934
0.8118951241213528
0.2217694126053342
0.1806670958969608
0.210636774705259
0.8112545737152909
0.3572497994096053
0.2833007400089237
0.6326874444274478
0.22309627355853884
0.7746249086174429
0.2455827119421532
0.6850502814680645
0.8586818446742923
0.23690658421840408
0.39184701463661953
0.22634480987984457
0.33604393496630114
0.8494702139288328
0.2448727995781383
0.4693390373797609
0.19467613776880505
0.35369038591518787
0.8088191677481973
0.7541736854772256
0.37719274544091475
0.40887632512094785
0.5553516328581451
0.8294212804716293
0.508011893216179
0.2448727995781383
0.21572400237208345
0.8280489394718553
0.808791673230569
0.4076599455019678
0.7551906975059248
0.5740301249279066
0.8417084704108295
0.7748701638202941
0.6850502814680645
0.17380147367918902
0.7527019097279772
0.20106649423851142
0.5740301249279066
0.38546603532265444
0.7580540194245671
0.23628221919183923
0.38451988003876714
0.8350625290665712
0.8261421107741755
0.8082327766433883
0.2795246369960708
0.265867845508427
0.37632699480215626
0.12044577150116093
0.3572497994096053
0.45057409821547
0.8297950585150322
0.7356547346979176
0.7534765559000148
0.17380147367918902
0.38456612200107243
0.7626796031236021
0.27025785188019735
0.5936620201791858
0.13104584858923488
0.2833007400089237
0.47436619056875184
0.7502781494722999
0.631117464459306
0.14260782780385017
0.19467613776880505
0.8024807100809113
0.14240305409840334
0.81530082575152
0.21627941215273896
0.8586818446742923
0.8358044096822355
0.508605476730779
0.4645583249910905
0.5210446021007324
0.3048369389560743
0.36908501899743434
0.6554641333002975
0.7981043097380789
0.8299218364901226
0.7442795179167427
0.24554222223417382
0.7688365143628644
0.7435103616620414
0.13178548485136754
0.24868440501501038
0.8494702139288328
0.5338057422406525
0.43078795548315607
0.210636774705259
0.8064767851309885
0.8491319962245988
0.4171547031362711
0.3428641513953006
0.21081996468781464
0.8163499411525668
0.5917335093218936
0.5214855001370475
0.7442795179167427
0.14363169633108427
0.38456612200107243
0.7819973029193628
0.12044577150116093
0.36494688010938275
0.20256671813149946
0.8528127999288291
0.24554222223417382
0.45057409821547
0.815141653723859
0.22955410741527743
0.2645524194275517
0.46933260210706784
0.41112645845994755
0.43418741864709176
0.8316668108739281
0.8112545737152909
0.8199705493360786
0.8611578216549847
0.45263196190479127
0.7580559081673208
0.5936620201791858
0.27416997542533933
0.17622486796192072
0.19819369326489006
0.5313043251682442
0.4122515251294474
0.41351379649272596
0.22309627355853884
0.16207360884269215
0.7435103616620414
0.3845753703935335
0.8369733943126203
0.22315163928450113
0.5338057422406525
0.8007164194319568
0.18317212852506246
0.17375902345352595
0.4171547031362711
0.24868440501501038
0.4675071645760188
0.6411861511552372
0.8518246930807412
0.17613928863093903
0.3482292834454415
0.7747475362188685
0.36908501899743434
0.15132868575830682
0.8118951241213528
0.18317212852506246
0.7503750803314171
0.8417084704108295
0.7551906975059248
0.3885226352151822
0.7819973029193628
0.81530082575152
0.8517524205589595
0.7747475362188685
0.808791673230569
0.5798720501621055
0.3482292834454415
0.13178548485136754
0.5210446021007324
0.15059565855377538
0.8358044096822355
0.24890100472766682
0.8437167781158407
0.43078795548315607
0.7335699717646766
0.21627941215273896
0.8064767851309885
0.850273967138375
0.23628221919183923
0.14260782780385017
0.23690658421840408
0.8297950585150322
0.8163499411525668
0.8495212271959183
0.38381776515348903
0.38775180924789665
0.7854400184029601
0.4122515251294474
0.631117464459306
0.38775180924789665
0.38546603532265444
0.8369733943126203
0.38381776515348903
0.29811432534977284
0.19324174755196943
0.15059565855377538
0.19819369326489006
0.5205391984362477
0.5215500057652173
0.8518246930807412
0.8437167781158407
0.27025785188019735
0.7527019097279772
0.11714929674298319
0.6554641333002975
0.7688365143628644
0.8280489394718553
0.2786080741626659
0.17375902345352595
0.26894346966613136
0.4076599455019678
0.8639044216736209
0.8261760424535879
0.265867845508427
0.8261421107741755
0.2786080741626659
0.8082327766433883
0.20038020569819476
0.19324174755196943
0.20038020569819476
0.20106649423851142
0.5798720501621055
0.6303877231073752
0.33604393496630114
0.8539724531086132
0.7335699717646766
0.7315697237587462
