0.5587373482622444
0.12936686849743506
0.22301812899127188
0.7771696745410944
0.20621167570109705
0.7418773003621355
0.9648266015803701
0.11194570422737651
0.5322515556010796
0.8141444800809616
0.7212797502937104
0.9586472623889679
0.838022491006698
0.43462260797121116
0.8092074298047984
0.468878833753612
0.7601081725802115
0.5810995246521001
0.155493027127366
0.9265981518665871
0.8338978487359123
0.8124876495656468
0.12479518822203305
0.18453429755311
0.37326642846936137
0.8501228883026979
0.11952292725859132
0.20843813728854158
0.22113077018041172
0.8075019290903763
0.28075848615635957
0.16785800877140614
0.6398658508523981
0.1882554075766792
0.8457488288429345
0.11789415625120506
0.6926957038222012
0.9096498049306143
0.07826087283096438
0.559746705360457
0.2013653806088565
0.43462260797121116
0.8680482611067928
0.17229475788386733
0.6436528865952785
0.3573073820547795
0.3888558644108614
0.9228697673186004
0.6436528865952785
0.4009259547153969
0.4965452832895759
0.557244903072379
0.8357853621993259
0.4269077839059446
0.17229475788386733
0.23405445297908425
0.9574848428150782
0.8342505776259301
0.2566005957953186
0.838022491006698
0.5239920387272028
0.8725962419811868
0.5706232545008878
0.6926957038222012
0.1303875792103536
0.7278335807243372
0.21157908264674186
0.7078391980547456
0.28561227776141357
0.8032136104693632
0.11149487448520129
0.559746705360457
0.9648266015803701
0.769909618207516
0.5470985066269114
0.23684245130225018
0.23438845782004367
0.40522143243350656
0.12710015028980612
0.28075848615635957
0.5341010167741793
0.8342505776259301
0.7927785455809817
0.7050250589803957
0.03994423560384541
0.34580721907164264
0.7927785455809817
0.37326642846936137
0.6602877679510271
0.08105374404399374
0.49469799527414116
0.4329972794561768
0.8635614756594295
0.5903108039192285
0.4289956515502992
0.08105374404399374
0.6369026704352161
0.11789415625120506
0.8454638570541005
0.22301812899127188
0.8670091900585758
0.9528975913217328
0.5903108039192285
0.282345634699138
0.5239920387272028
0.17392516090985444
0.4289956515502992
0.696485764438949
0.7418773003621355
0.7941463075308284
0.6306433695835909
0.07822162298417966
0.8141444800809616
0.7899108774494108
0.07045568574434388
0.20621167570109705
0.8645815526903351
0.5423612394709934
0.5129700619075452
0.4813676867501595
0.8994778659505428
0.8767366257338317
0.5129700619075452
0.2685779351349999
0.155493027127366
0.8558916341028164
0.4928507072587064
0.44853953875896924
0.7212797502937104
0.12372712939323077
0.4069786245659533
0.6081131304450949
0.11952292725859132
0.44853953875896924
0.04301597344568786
0.8765633451320487
0.4218098651387685
0.4049765837624144
0.8694955418392403
0.2013653806088565
0.291345727350308
0.4269077839059446
0.3756456370539341
0.41986650298368344
0.8725962419811868
0.8264790753029535
0.6306433695835909
0.9110736913614107
0.33153849747448993
0.7601081725802115
0.5360622960673171
0.23405445297908425
0.1882554075766792
0.18419204811820625
0.3950628114851382
0.41986650298368344
0.43626424814792497
0.1201686512474571
0.04301597344568786
0.7855476537171675
0.34580721907164264
0.8645815526903351
0.4329972794561768
0.5322515556010796
0.8354472925409449
0.09943507687841709
0.1766002911135831
0.282345634699138
0.17417325990043925
0.4069786245659533
0.557244903072379
0.9228697673186004
0.1201686512474571
0.40242889742501264
0.8454638570541005
0.28462029587299364
0.07826087283096438
0.7941463075308284
0.1838497986833025
0.8484636411751407
0.8571648154320848
0.6801872145150818
0.468878833753612
0.8765633451320487
0.9528975913217328
0.7434652934144088
0.7825095755545122
0.8357853621993259
0.49469799527414116
0.5020564224325559
0.2581511327422585
0.5423612394709934
0.11149487448520129
0.8635614756594295
0.2610476012110943
0.9096498049306143
0.5437330306823589
0.5960742926350264
0.09943507687841709
0.769909618207516
0.6603032815140886
0.2581511327422585
0.2685779351349999
0.27132231036235294
0.7078391980547456
0.8670091900585758
0.8325777883783736
0.5960742926350264
0.6369026704352161
0.6490143045996003
0.40146219949752093
0.8325777883783736
0.40242889742501264
0.4218098651387685
0.7771696745410944
0.1480734797803196
0.1870449694241394
0.1870449694241394
0.07822162298417966
0.2228371333512978
0.4997302374094974
0.4997302374094974
0.85652698198006
0.7434652934144088
0.3963227565161212
0.8457488288429345
0.12372712939323077
0.696485764438949
0.8108811914648448
0.8422218417555816
0.35601465644807834
0.2147200280049421
0.18419204811820625
0.35601465644807834
0.7899108774494108
0.7855476537171675
0.3963227565161212
0.8338978487359123
0.27132231036235294
0.8354472925409449
0.21157908264674186
0.11767659806095784
0.17417325990043925
0.17008698536266403
0.6603032815140886
0.6436919103404942
0.23068998772310337
0.8197503240395676
0.8422218417555816
0.8484636411751407
