0.11738453925473213
0.29323867855245245
0.6742313685948924
0.5507577028418494
0.22336978228174276
0.07699678828929646
0.35095076009395854
0.7993209421323655
0.6836096797655555
0.8828771681790255
0.8970878939884817
0.9499337169367084
0.9854639548103489
0.01392739097782214
0.12655684671369882
0.17946637253678377
0.9133029748476393
0.26132269045082723
0.6516443393764842
0.08946833833975187
0.8805468860214575
0.3982485780717533
0.5214522523452291
0.7861936968484455
0.2212758813726019
0.5673342476805486
0.09431951179155229
0.6627046478562397
0.16086384176950808
0.4078717926584948
0.10238292138265848
0.22895331336373625
0.7291177113691447
0.3716872616037761
0.010361576316988419
0.301517544609875
0.340361252739813
0.9124753694205708
0.4298331883845312
0.42881343693769547
0.661114076039972
0.38906026598574284
0.8258724077492234
0.7608953936871196
0.6281676821346178
0.9666322727020161
0.18237882647428028
0.7454293253574731
0.8239216001130752
0.3444581682379373
0.360046291320974
0.9507283427815827
0.9347494732300764
0.4391418172946068
0.7099270851863209
0.8171049757148038
0.9522168608343436
0.26940155336933325
0.4575066637438463
0.43318994920531473
0.4116800921137076
0.2403347997446279
0.9897565851294742
0.013025565843177822
0.8241518456969122
0.11280219176223216
0.8169119465562652
0.8480668803847218
0.07674715751355077
0.27673713387640886
0.7010932588600128
0.06098128448073359
0.11700691987156664
0.7077714579293699
0.0016462291603789314
0.40182920584870296
0.9327943322705836
0.9280789376703746
0.08598046628647626
0.3573642668865492
0.3321111622534919
0.6963426997654966
0.8691106816261335
0.1558180442813496
0.7970613466009953
0.9539656412385763
0.4333120737071544
0.7237883284065219
0.238891532263507
0.46354077178741593
0.6237341552300312
0.06342589825189815
0.8087219649590507
0.11462572434414187
0.46704628686590344
0.4713072964906514
0.3451531901022191
0.7355587911087181
0.8980556043095147
0.14164596277364816
0.059544811473914105
0.8996761256083671
0.45011419658323293
0.5802546385715719
0.4365639212615384
0.5351001436274215
0.4644881667673998
0.9618834928753878
0.6046794402735248
0.5878972531647464
0.49701620798937574
0.05199710211661446
0.8311955436691655
0.30400788954461444
0.011374863199133278
0.45394625043423875
0.6609575250511224
0.3342158694003897
0.484663829664549
0.6661422467278652
0.7378212685199056
0.8735636106996575
0.7150528527110019
0.47221613545265695
0.28469804456202596
0.31122956639437505
0.135235265494835
0.07016772973330077
0.05609466621166681
0.8597497059927366
0.3448268713704882
0.4869932250675666
0.41915952324018746
0.8881728565750749
0.9138954024310323
0.49606628982776324
0.066381828910822
0.5508776310785705
0.02773417545081358
0.004278076635197969
0.9669173996123265
0.8559468375616553
0.8731008610754379
0.6476505195670247
0.12281741191824147
0.19127519172467544
0.29107415708605033
0.3479687403600231
0.012906701886827077
0.6042910470396403
0.7374683266622243
0.29431354417093203
0.9679826606847006
0.6213638425434618
0.02341202473973958
0.631920674026283
0.7300897453266366
0.30472036246516565
0.2042346171489492
0.5385379826370169
0.1980080277343509
0.7455120508088015
0.5586570267098705
0.9910644264054423
0.42136023829964786
0.5602414918302717
0.96224504293568
0.10105461015019102
0.23367422179774489
0.3471737472448442
0.94501839009034
0.44711439737330116
0.8925962186052611
0.821990350834493
0.6625577867637553
0.7968995811034255
0.3349131991667289
0.77879489386087
0.09209791275756485
0.4765419965484946
0.5247086354700762
0.21144678941459583
0.29679337605499245
0.2105476964397196
0.07718194051868099
0.9920923179026525
0.27217235184937316
0.8999818211067689
0.4107853264875184
0.2711531175935854
0.48284980384264375
0.10553955426479333
0.47727527807588155
0.5530316017567525
0.011010089997545491
0.9638951584040176
0.7004875911330849
0.41531296134889417
0.5335768462742031
0.04463341953742739
0.9200089230278077
0.8646589733220673
0.35900621844725733
0.2895188508367963
0.29691688924230186
0.02145075494039772
0.7419491393434322
0.031158548085437165
0.6772584424921391
0.03400621532575143
0.7402358819789451
0.25372101582830253
0.9990403969426705
0.06628077623980111
0.19110752594999803
0.7903618688206897
0.9320997239997416
0.37237909916281275
0.44622067846327407
0.6000375681938803
0.05569297802502127
0.9417064689703403
0.6145993263173445
0.8707936960060223
0.7610667025133704
0.719181184152429
0.16922083171088032
0.2660639335251772
0.9052066870671801
0.4166738400250758
0.28166576483029127
0.010568078925346724
0.354716639006873
0.5853347026497125
0.008856509464173934
0.7021909754271195
0.3201261741962339
0.0880593770119289
0.4875227395518209
0.49598636076775326
0.6084404796254806
0.03986493783202394
0.8580961241353076
0.05460419156069196
0.701580385934363
0.11046334542929537
0.46418625958505744
0.7754565535601998
0.34610893725720304
0.4313237417348045
