0.2117627342432543
0.1429677680272585
0.5975346134499429
0.425569984546628
0.19725871835813252
0.05028498576872764
0.39947295359750035
0.8045014863811462
0.6528667294006243
0.7586394043919628
0.8750327692907883
0.9133795137995404
0.895140681706907
0.029749940964577865
0.12655684671369882
0.12380148420060663
0.9316183458921738
0.32552176063534044
0.7023820132012242
0.1429677680272585
0.8508553111359394
0.3438837144542748
0.5152613966704694
0.7342840389719415
0.06598806691096665
0.5949559198914065
0.19890104501912942
0.7104957227600737
0.12429412204131107
0.3632989779791331
0.034698907346500635
0.3632989779791331
0.7023820132012242
0.3813980303387439
0.07871342950000723
0.33439716001736175
0.2442907817864134
0.8716403777234214
0.33439716001736175
0.428154672606899
0.5728889528522605
0.3567837420322821
0.8258724077492234
0.8299570531976307
0.5975346134499429
0.8653809547581202
0.1834001865371097
0.7454293253574731
0.8995527467123725
0.32423302889127587
0.3996360016693143
0.9551439382129633
0.8530800285082565
0.44221438386837386
0.7052073381597028
0.8452264497601276
0.9076295767462403
0.24612425474696295
0.386416843072815
0.425569984546628
0.5838268842495938
0.20619340492263236
0.9486930809378573
0.034698907346500635
0.8508553111359394
0.06082935061320305
0.8381110278113109
0.7590855987390477
0.04993141241915202
0.2765650574829947
0.796844738732637
0.05028498576872764
0.08745184805146894
0.7104957227600737
0.0016462291603789314
0.44221438386837386
0.9389063611804618
0.7972665788476534
0.12429412204131107
0.39434400431067684
0.4145636851214338
0.6481901339796885
0.8993494033356239
0.10532982221662389
0.813410720907195
0.9539656412385763
0.43409945843720066
0.8045014863811462
0.3567837420322821
0.45874351111082734
0.6528667294006243
0.08695490913552743
0.8341732761574621
0.16370107159338007
0.5325981658616881
0.4713072964906514
0.24765176004682599
0.8692355819764148
0.9133795137995404
0.1632502578850518
0.038045347256197265
0.8996761256083671
0.40721917283592535
0.5264710338603229
0.4418391593174198
0.5351001436274215
0.43409945843720066
0.8993494033356239
0.6261649799202748
0.5531071190952909
0.4145636851214338
0.08447376692024454
0.8530800285082565
0.32423302889127587
0.010971471062240001
0.44610944712792794
0.6243712860112696
0.34263891396853174
0.6105395434159745
0.7586394043919628
0.6618956335729684
0.8452264497601276
0.7384565644962242
0.5140232255355175
0.17021462051332878
0.3156778702953045
0.2529773929751886
0.15356583271058533
0.08447376692024454
0.8941114821859626
0.4156333880197009
0.4652808825331326
0.2670488932016219
0.8731344903551912
0.8941114821859626
0.4156333880197009
0.0431773092608789
0.5152613966704694
0.05756600419053684
0.04113094118140287
0.9551439382129633
0.8682468617915564
0.9486930809378573
0.6243712860112696
0.2406692179211205
0.2765650574829947
0.2839056454812296
0.32552176063534044
0.10532982221662389
0.6708796868509324
0.7590855987390477
0.16123638024014977
0.9679826606847006
0.6247657623390398
0.12380148420060663
0.631920674026283
0.7452064088852824
0.36727677542484843
0.1834001865371097
0.5325981658616881
0.16123638024014977
0.8653809547581202
0.5558443142333115
0.9595560935601267
0.5531071190952909
0.6407542092194769
0.8995527467123725
0.07871342950000723
0.15356583271058533
0.19725871835813252
0.9389063611804618
0.3510619585366737
0.796844738732637
0.8195476632746483
0.8037092646635664
0.8455784641739235
0.3349131991667289
0.7452064088852824
0.09209791275756485
0.4959534238891856
0.48259956188804476
0.2670488932016219
0.3080143669725698
0.1772605194257738
0.16370107159338007
0.977993738153335
0.2687567127508723
0.8299570531976307
0.4107853264875184
0.1632502578850518
0.48284980384264375
0.19890104501912942
0.47727527807588155
0.5558443142333115
0.00764408331637173
0.977993738153335
0.7052073381597028
0.39947295359750035
0.391435655806886
0.029749940964577865
0.8341732761574621
0.866045889328737
0.4082780871309226
0.3438837144542748
0.2406692179211205
0.0431773092608789
0.6361009880784948
0.07461779904643401
0.5838268842495938
0.2442907817864134
0.8716403777234214
0.269494098973078
0.9990403969426705
0.07957472523623553
0.1819375766310073
0.7903618688206897
0.8816343991539551
0.41899768619414657
0.44622067846327407
0.6105395434159745
0.05756600419053684
0.9517949809228641
0.6196825443281921
0.8692355819764148
0.7390918604725429
0.710896470181791
0.24612425474696295
0.2870391502488735
0.9052066870671801
0.4166738400250758
0.269494098973078
0.010971471062240001
0.386416843072815
0.6618956335729684
0.06082935061320305
0.6407542092194769
0.4016003049235627
0.17021462051332878
0.4016003049235627
0.5264710338603229
0.5949559198914065
0.06598806691096665
0.8816343991539551
0.07957472523623553
0.710896470181791
0.1031835889303534
0.41899768619414657
0.7163155235882809
0.34610893725720304
0.40721917283592535
