0.4659596078070025
0.4659596078070025
0.4659596078070025
0.4659596078070025
0.4659596078070025
0.4659596078070025
0.4659596078070025
0.4659596078070025
0.4659596078070025
0.4659596078070025
0.4659596078070025
0.4659596078070025
0.4659596078070025
0.4659596078070025
0.4659596078070025
0.4659596078070025
0.4659596078070025
0.4659596078070025
0.4659596078070025
0.4659596078070025
0.4659596078070025
0.4659596078070025
0.4659596078070025
0.4659596078070025
0.4659596078070025
0.4659596078070025
0.4659596078070025
0.4659596078070025
0.4659596078070025
0.4659596078070025
0.4659596078070025
0.4659596078070025
0.4659596078070025
0.4659596078070025
0.4659596078070025
0.4659596078070025
0.4659596078070025
0.4659596078070025
0.4659596078070025
0.4659596078070025
0.4659596078070025
0.4659596078070025
0.4659596078070025
0.4659596078070025
0.4659596078070025
0.4659596078070025
0.4659596078070025
0.4659596078070025
0.4659596078070025
0.4659596078070025
0.4659596078070025
0.4659596078070025
0.4659596078070025
0.4659596078070025
0.4659596078070025
0.4659596078070025
0.4659596078070025
0.4659596078070025
0.4659596078070025
0.4659596078070025
0.4659596078070025
0.4659596078070025
0.4659596078070025
0.4659596078070025
0.4659596078070025
0.4659596078070025
0.4659596078070025
0.4659596078070025
0.4659596078070025
0.4659596078070025
0.4659596078070025
0.4659596078070025
0.4659596078070025
0.8548027540659495
0.4659596078070025
0.4659596078070025
0.4659596078070025
0.4659596078070025
0.4659596078070025
0.4659596078070025
0.4659596078070025
0.4659596078070025
0.4659596078070025
0.4659596078070025
0.4659596078070025
0.4659596078070025
0.4659596078070025
0.4659596078070025
0.4659596078070025
0.4659596078070025
0.4659596078070025
0.4659596078070025
0.4659596078070025
0.4659596078070025
0.4659596078070025
0.4659596078070025
0.4659596078070025
0.4659596078070025
0.4659596078070025
0.4659596078070025
0.4659596078070025
0.4659596078070025
0.4659596078070025
0.4659596078070025
0.4659596078070025
0.4659596078070025
0.4659596078070025
0.4659596078070025
0.4659596078070025
0.4659596078070025
0.4659596078070025
0.4659596078070025
0.4659596078070025
0.4659596078070025
0.4659596078070025
0.4659596078070025
0.4659596078070025
0.4659596078070025
0.4659596078070025
0.4659596078070025
0.4659596078070025
0.4659596078070025
0.4659596078070025
0.4659596078070025
0.9099058951554642
0.4659596078070025
0.4659596078070025
0.4659596078070025
0.4659596078070025
0.4659596078070025
0.4659596078070025
0.4659596078070025
0.4659596078070025
0.4659596078070025
0.4659596078070025
0.4659596078070025
0.4659596078070025
0.4659596078070025
0.4659596078070025
0.4659596078070025
0.4659596078070025
0.4659596078070025
0.4659596078070025
0.4659596078070025
0.4659596078070025
0.4659596078070025
0.4659596078070025
0.7761631784377008
0.4659596078070025
0.4659596078070025
0.4659596078070025
0.4659596078070025
0.4659596078070025
0.4659596078070025
0.4659596078070025
0.4659596078070025
0.4659596078070025
0.4659596078070025
0.4659596078070025
0.4659596078070025
0.4659596078070025
0.3542988306558579
0.4659596078070025
0.4659596078070025
0.4659596078070025
0.4659596078070025
0.4659596078070025
0.4659596078070025
0.3542988306558579
0.4659596078070025
0.4659596078070025
0.4659596078070025
0.4659596078070025
0.4659596078070025
0.4659596078070025
0.4659596078070025
0.4659596078070025
0.4659596078070025
0.4659596078070025
0.4659596078070025
0.4659596078070025
0.4659596078070025
0.4659596078070025
0.4659596078070025
0.4659596078070025
0.1666320134069434
0.4659596078070025
0.4659596078070025
0.4659596078070025
0.4659596078070025
0.4659596078070025
0.4659596078070025
0.4659596078070025
0.4659596078070025
0.1666320134069434
0.4659596078070025
0.4659596078070025
0.4659596078070025
0.8548027540659495
0.7761631784377008
0.4659596078070025
0.4659596078070025
0.4659596078070025
0.4659596078070025
0.4659596078070025
0.4659596078070025
0.9099058951554642
0.4659596078070025
0.4659596078070025
0.4659596078070025
0.4659596078070025
0.4659596078070025
0.4659596078070025
0.4659596078070025
0.4659596078070025
0.4659596078070025
0.4659596078070025
0.4659596078070025
0.4659596078070025
0.4659596078070025
0.4659596078070025
0.4659596078070025
0.4659596078070025
0.4659596078070025
0.4659596078070025
0.4659596078070025
0.4659596078070025
0.4659596078070025
0.4659596078070025
0.4659596078070025
0.4659596078070025
0.4659596078070025
0.4659596078070025
0.9099058951554642
0.4659596078070025
0.4659596078070025
0.4659596078070025
0.4659596078070025
0.4659596078070025
0.4659596078070025
0.4659596078070025
0.4659596078070025
0.4659596078070025
0.4659596078070025
0.4659596078070025
0.4659596078070025
0.9099058951554642
0.4659596078070025
0.4659596078070025
0.4659596078070025
