0.46371679391498316
0.46371678865781235
0.4637167881562271
0.46371678887942464
0.4637167897233084
0.4637168294239578
0.4637167884454932
0.4637167889955866
0.4637167896709336
0.4637167888355986
0.46371679092117035
0.4637167889116263
0.46371678922582
0.46371678978678776
0.4637167889780076
0.46371678872969097
0.46371678986817966
0.46371678897503243
0.46371678924615783
0.46371678865781235
0.4637167932070334
0.4637167900006635
0.4637167902867786
0.46371678892037
0.46371678865781235
0.4637167902921118
0.46371678859480264
0.4637167896709336
0.4637167898304118
0.4637167880834332
0.46371678979811376
0.46371679014389433
0.46371679053736137
0.46371678978678776
0.4637167904519015
0.46371678940828526
0.46371679063768617
0.4637167888139668
0.4637167905387352
0.4637167889448882
0.4637168054735051
0.4637167895556371
0.46371678944852435
0.4637167890018197
0.4637167886340042
0.46371679023159595
0.4637167896709336
0.46371679063768617
0.4637167975147171
0.46371678996393995
0.4637167902768243
0.4637167879345206
0.46371678944852435
0.4637167890868363
0.46371678919281417
0.46371678931073523
0.4637167911113403
0.46371679391498316
0.46371678832213065
0.46371679014389433
0.4637167889397476
0.4637167895374609
0.46371680210343824
0.46371678671420613
0.46371678924615783
0.46371678978678776
0.46371678973019376
0.463716790586808
0.4637167886080495
0.4637167889955866
0.46371678991376536
0.4637167907161581
0.46371679063470606
0.8791428697739633
0.4637167883659618
0.4637167904519015
0.46371678894370416
0.4637169074967258
0.4637167898304118
0.46371678872969097
0.4637167932070334
0.46371678973019376
0.4637167899464655
0.46371678940828526
0.4637167884550373
0.4637167899513776
0.4637167890018197
0.4637167897752921
0.46371679064558996
0.4637167899625159
0.4637167893236458
0.4637167899625159
0.4637167889955866
0.463716790586808
0.46371678885322337
0.4637170328802327
0.46371678981337433
0.4637167880875739
0.463716795952171
0.46371678855745313
0.4637167888898149
0.46371679084175027
0.46371678916176995
0.4637167891662481
0.4637167889104712
0.463716787483595
0.46371680396600645
0.46371679238087804
0.46371678979811376
0.463716788900892
0.4637167877165243
0.4637167897752921
0.4637167887920877
0.4637167920612633
0.4637167898212118
0.46371678828168755
0.46371678506724195
0.4637167893427181
0.4637167873201282
0.4637167894204442
0.4637167895556371
0.4637167871860092
0.4637167892315488
0.46371679092117035
0.8791428697739632
0.4637167917919296
0.4637167919472101
0.46371678944852435
0.4637167899464655
0.4637167895524803
0.4637167881024965
0.4637167898918402
0.4637167906459499
0.46371678849137027
0.4637167917940992
0.4637167888139668
0.46371678857043824
0.4637168596537698
0.46371680473933413
0.4637167893971875
0.4637167891662481
0.46371678841190556
0.4637167892315488
0.4637167927220934
0.46371678916176995
0.46371678917747144
0.46371678898992597
0.8791428697739633
0.4637167896067116
0.4637167891192526
0.4637167838528198
0.463716795952171
0.46371678690902995
0.4637167879345206
0.4637167881239006
0.4637167902337462
0.4637167898212118
0.4637167891192526
0.46371678955594375
0.4637167897233084
0.46371678864571514
0.46371678860373733
0.4637167902112223
0.4637167917984445
0.4637167895826233
0.4637167893054728
0.4637167886340042
0.4637167890299491
0.4637167899299364
0.46371678430423907
0.46371678786760007
0.4637167900006635
0.4637167911113403
0.463716789799606
0.463716792364867
0.8791428697739633
0.4637168294239578
0.463716792282429
0.4637167907115909
0.46371678981337433
0.46371680396600645
0.46371679372579555
0.463716788900892
0.46371678825985896
0.4637167891810168
0.3622512450635269
0.4637167889448882
0.463716790566658
0.46371678922582
0.46371678529251226
0.4637168054735051
0.46371678821061524
0.46371678991376536
0.4637167895979015
0.3622512450635269
0.46371678821220685
0.4637170328802327
0.4637167980996022
0.8791428697739633
0.8791428697739633
0.4637167890449161
0.46371679038757385
0.4637167902921118
0.46371678849137027
0.46371679063470606
0.4637167876966697
0.8791428697739632
0.46371678940828526
0.46371678912327263
0.46371678892037
0.4637168054735051
0.46371678430423907
0.46371679049504727
0.4637167911684132
0.46371680210343824
0.4637167887920877
0.4637167881684707
0.4637167894413472
0.4637167893473635
0.46371679008408584
0.46371678916524894
0.46371678872969097
0.46371678916524894
0.46371678998251437
0.4637167897986619
0.4637167871860092
0.4637167887910645
0.4637167905387352
0.4637167866918462
0.46371679053736137
0.4637167917984445
0.4637167906919974
0.46371679018200895
0.8791428697739633
0.4637167927568618
0.4637167889397476
0.463716790127197
0.46371679054662085
0.463716787483595
0.463716792364867
0.46371678996393995
0.4637167887910645
0.4637167881024965
0.4637167879345206
0.4637167884076142
0.46371679407307714
0.8791428697739633
0.4637168290835984
0.4637167902835155
0.46371678644466086
