0.4652754960383987
0.4652754960383987
0.4652754960383987
0.4652754960383987
0.4652754960383987
0.4652754960383987
0.8791593776826231
0.4652754960383987
0.4652754960383987
0.4652754960383987
0.4652754960383987
0.4652754960383987
0.4652754960383987
0.4652754960383987
0.4652754960383987
0.4652754960383987
0.4652754960383987
0.4652754960383987
0.4652754960383987
0.4652754960383987
0.4652754960383987
0.4652754960383987
0.4652754960383987
0.4652754960383987
0.4652754960383987
0.4652754960383987
0.4652754960383987
0.4652754960383987
0.4652754960383987
0.4652754960383987
0.4652754960383987
0.4652754960383987
0.4652754960383987
0.4652754960383987
0.4652754960383987
0.4652754960383987
0.4652754960383987
0.4652754960383987
0.4652754960383987
0.4652754960383987
0.4652754960383987
0.4652754960383987
0.4652754960383987
0.4652754960383987
0.4652754960383987
0.4652754960383987
0.4652754960383987
0.4652754960383987
0.4652754960383987
0.4652754960383987
0.4652754960383987
0.4652754960383987
0.4652754960383987
0.4652754960383987
0.4652754960383987
0.4652754960383987
0.4652754960383987
0.4652754960383987
0.4652754960383987
0.4652754960383987
0.4652754960383987
0.4652754960383987
0.4652754960383987
0.4652754960383987
0.4652754960383987
0.4652754960383987
0.4652754960383987
0.4652754960383987
0.4652754960383987
0.4652754960383987
0.4652754960383987
0.4652754960383987
0.4652754960383987
0.8783239638454288
0.4652754960383987
0.4652754960383987
0.4652754960383987
0.4652754960383987
0.4652754960383987
0.4652754960383987
0.4652754960383987
0.4652754960383987
0.4652754960383987
0.4652754960383987
0.4652754960383987
0.4652754960383987
0.4652754960383987
0.4652754960383987
0.4652754960383987
0.4652754960383987
0.4652754960383987
0.4652754960383987
0.4652754960383987
0.4652754960383987
0.4652754960383987
0.4652754960383987
0.4652754960383987
0.4652754960383987
0.4652754960383987
0.4652754960383987
0.4652754960383987
0.4652754960383987
0.4652754960383987
0.4652754960383987
0.4652754960383987
0.4652754960383987
0.4652754960383987
0.4652754960383987
0.4652754960383987
0.4652754960383987
0.4652754960383987
0.4652754960383987
0.4652754960383987
0.4652754960383987
0.4652754960383987
0.4652754960383987
0.4652754960383987
0.4652754960383987
0.4652754960383987
0.4652754960383987
0.4652754960383987
0.4652754960383987
0.4652754960383987
0.4652754960383987
0.8804126552382034
0.4652754960383987
0.4652754960383987
0.4652754960383987
0.4652754960383987
0.4652754960383987
0.4652754960383987
0.4652754960383987
0.4652754960383987
0.4652754960383987
0.4652754960383987
0.4652754960383987
0.4652754960383987
0.4652754960383987
0.4652754960383987
0.4652754960383987
0.4652754960383987
0.4652754960383987
0.4652754960383987
0.4652754960383987
0.4652754960383987
0.4652754960383987
0.4652754960383987
0.8791593776826231
0.4652754960383987
0.4652754960383987
0.4652754960383987
0.4652754960383987
0.4652754960383987
0.4652754960383987
0.4652754960383987
0.4652754960383987
0.4652754960383987
0.4652754960383987
0.4652754960383987
0.4652754960383987
0.4652754960383987
0.4652754960383987
0.4652754960383987
0.4652754960383987
0.4652754960383987
0.4652754960383987
0.4652754960383987
0.4652754960383987
0.4652754960383987
0.4652754960383987
0.4652754960383987
0.4652754960383987
0.4652754960383987
0.4652754960383987
0.4652754960383987
0.4652754960383987
0.4652754960383987
0.4652754960383987
0.4652754960383987
0.4652754960383987
0.4652754960383987
0.4652754960383987
0.4652754960383987
0.4652754960383987
0.4652754960383987
0.1666320134069434
0.4652754960383987
0.4652754960383987
0.4652754960383987
0.4652754960383987
0.4652754960383987
0.4652754960383987
0.4652754960383987
0.4652754960383987
0.1666320134069434
0.4652754960383987
0.4652754960383987
0.4652754960383987
0.8783239638454288
0.8791593776826231
0.4652754960383987
0.4652754960383987
0.4652754960383987
0.4652754960383987
0.4652754960383987
0.4652754960383987
0.8804126552382034
0.4652754960383987
0.4652754960383987
0.4652754960383987
0.4652754960383987
0.4652754960383987
0.4652754960383987
0.4652754960383987
0.4652754960383987
0.4652754960383987
0.4652754960383987
0.4652754960383987
0.4652754960383987
0.4652754960383987
0.4652754960383987
0.4652754960383987
0.4652754960383987
0.4652754960383987
0.4652754960383987
0.4652754960383987
0.4652754960383987
0.4652754960383987
0.4652754960383987
0.4652754960383987
0.4652754960383987
0.4652754960383987
0.4652754960383987
0.8798776128654234
0.4652754960383987
0.4652754960383987
0.4652754960383987
0.4652754960383987
0.4652754960383987
0.4652754960383987
0.4652754960383987
0.4652754960383987
0.4652754960383987
0.4652754960383987
0.4652754960383987
0.4652754960383987
0.8798776128654234
0.4652754960383987
0.4652754960383987
0.4652754960383987
