0.4652754960383987
0.4652754960383987
0.4652754960383987
0.4652754960383987
0.4652754960383987
0.4652754960383987
0.4652754960383987
0.4652754960383987
0.4652754960383987
0.4652754960383987
0.4652754960383987
0.4652754960383987
0.4652754960383987
0.4652754960383987
0.4652754960383987
0.4652754960383987
0.4652754960383987
0.4652754960383987
0.4652754960383987
0.4652754960383987
0.4652754960383987
0.4652754960383987
0.4652754960383987
0.4652754960383987
0.4652754960383987
0.4652754960383987
0.4652754960383987
0.4652754960383987
0.4652754960383987
0.4652754960383987
0.4652754960383987
0.4652754960383987
0.4652754960383987
0.4652754960383987
0.4652754960383987
0.4652754960383987
0.4652754960383987
0.4652754960383987
0.4652754960383987
0.4652754960383987
0.4652754960383987
0.4652754960383987
0.4652754960383987
0.4652754960383987
0.4652754960383987
0.4652754960383987
0.4652754960383987
0.4652754960383987
0.4652754960383987
0.4652754960383987
0.4652754960383987
0.4652754960383987
0.4652754960383987
0.4652754960383987
0.4652754960383987
0.4652754960383987
0.4652754960383987
0.4652754960383987
0.4652754960383987
0.4652754960383987
0.4652754960383987
0.4652754960383987
0.4652754960383987
0.4652754960383987
0.4652754960383987
0.4652754960383987
0.4652754960383987
0.4652754960383987
0.4652754960383987
0.4652754960383987
0.4652754960383987
0.4652754960383987
0.4652754960383987
0.8791046345804027
0.4652754960383987
0.4652754960383987
0.4652754960383987
0.4652754960383987
0.4652754960383987
0.4652754960383987
0.4652754960383987
0.4652754960383987
0.4652754960383987
0.4652754960383987
0.4652754960383987
0.4652754960383987
0.4652754960383987
0.4652754960383987
0.4652754960383987
0.4652754960383987
0.4652754960383987
0.4652754960383987
0.4652754960383987
0.4652754960383987
0.4652754960383987
0.4652754960383987
0.4652754960383987
0.4652754960383987
0.4652754960383987
0.4652754960383987
0.4652754960383987
0.4652754960383987
0.4652754960383987
0.4652754960383987
0.4652754960383987
0.4652754960383987
0.4652754960383987
0.4652754960383987
0.4652754960383987
0.4652754960383987
0.4652754960383987
0.4652754960383987
0.4652754960383987
0.4652754960383987
0.4652754960383987
0.4652754960383987
0.4652754960383987
0.4652754960383987
0.4652754960383987
0.4652754960383987
0.4652754960383987
0.4652754960383987
0.4652754960383987
0.4652754960383987
0.8793486374885794
0.4652754960383987
0.4652754960383987
0.4652754960383987
0.4652754960383987
0.4652754960383987
0.4652754960383987
0.4652754960383987
0.4652754960383987
0.4652754960383987
0.4652754960383987
0.4652754960383987
0.4652754960383987
0.4652754960383987
0.4652754960383987
0.4652754960383987
0.4652754960383987
0.4652754960383987
0.4652754960383987
0.4652754960383987
0.4652754960383987
0.4652754960383987
0.4652754960383987
0.8791060123236939
0.4652754960383987
0.4652754960383987
0.4652754960383987
0.4652754960383987
0.4652754960383987
0.4652754960383987
0.4652754960383987
0.4652754960383987
0.4652754960383987
0.4652754960383987
0.4652754960383987
0.4652754960383987
0.4652754960383987
0.4652754960383987
0.4652754960383987
0.4652754960383987
0.4652754960383987
0.4652754960383987
0.4652754960383987
0.4652754960383987
0.4652754960383987
0.4652754960383987
0.4652754960383987
0.4652754960383987
0.4652754960383987
0.4652754960383987
0.4652754960383987
0.8793486374794194
0.4652754960383987
0.4652754960383987
0.4652754960383987
0.4652754960383987
0.4652754960383987
0.4652754960383987
0.4652754960383987
0.4652754960383987
0.4652754960383987
0.1666320134069434
0.4652754960383987
0.4652754960383987
0.4652754960383987
0.4652754960383987
0.4652754960383987
0.4652754960383987
0.4652754960383987
0.4652754960383987
0.1666320134069434
0.4652754960383987
0.4652754960383987
0.4652754960383987
0.8791046345804027
0.8791060123236939
0.4652754960383987
0.4652754960383987
0.4652754960383987
0.4652754960383987
0.4652754960383987
0.4652754960383987
0.8793486374885794
0.4652754960383987
0.4652754960383987
0.4652754960383987
0.4652754960383987
0.4652754960383987
0.4652754960383987
0.4652754960383987
0.4652754960383987
0.4652754960383987
0.4652754960383987
0.4652754960383987
0.4652754960383987
0.4652754960383987
0.4652754960383987
0.4652754960383987
0.4652754960383987
0.4652754960383987
0.4652754960383987
0.4652754960383987
0.4652754960383987
0.4652754960383987
0.4652754960383987
0.4652754960383987
0.4652754960383987
0.4652754960383987
0.4652754960383987
0.8793486374794194
0.4652754960383987
0.4652754960383987
0.4652754960383987
0.4652754960383987
0.4652754960383987
0.4652754960383987
0.4652754960383987
0.4652754960383987
0.4652754960383987
0.4652754960383987
0.4652754960383987
0.4652754960383987
0.8793486374794194
0.4652754960383987
0.4652754960383987
0.4652754960383987
