0.5677281539360528
0.38354768433755804
0.6727673430352216
0.8144639198506682
0.5247289620185722
0.15168538099302542
0.5475084070773784
0.4915593313006773
0.4610123678287168
0.5299779132213015
0.6440049961274478
0.8075346756065008
0.04230516349230451
0.3192927189519543
0.9799994294016413
0.5661925629117238
0.9446017352608385
0.11536918540176466
0.0838016329322705
0.8676098457987838
0.7512278328912773
0.7589169946117263
0.3427539384411429
0.34427679349540896
0.5562075259507209
0.6434939099629996
0.2817077649921572
0.562355433240921
0.6724711106641821
0.377494452508927
0.9118344969360871
0.8846018035178519
0.5669337261872243
0.1575212643582945
0.9317361960974565
0.8043571566778015
0.38272423000406464
0.4933167415635513
0.7973802529488099
0.34623030977860403
0.901246898774713
0.8693265604142191
0.45654121586481267
0.5803131149904582
0.5336687946765509
0.11123760113426395
0.6667662484044423
0.3860135507278414
0.25563591405840524
0.48594432040189905
0.72460081294277
0.5349324448147522
0.8437729484094303
0.1510397970727766
0.3245097484335865
0.13528934200353981
0.8007255104921981
0.7453393735076995
0.8628581035672878
0.7340009209775722
0.9043953695771068
0.1801490670903645
0.2909380156384316
0.5008753910689719
0.6316494449600888
0.7965119526595217
0.8448019663879555
0.29692662374666523
0.030328934027980092
0.27220319094878953
0.35603257492914153
0.8329951079382935
0.07554117786163062
0.8608267317313321
0.7545830095710868
0.5119291620785748
0.7687000782190638
0.011146161805625665
0.11874714060748726
0.2913551039793907
0.30781747046555274
0.9962158512779468
0.044311744546438936
0.7125026170439607
0.807848158481038
0.17398325890846567
0.4328319917800295
0.8157229037240331
0.8061166386813383
0.07283823098069753
0.15859021872791534
0.025579206065337035
0.533199924704605
0.5134506676748385
0.8333872427917092
0.34449925109591084
0.99221171987861
0.1681078182864817
0.13482168053831567
0.4981560232586384
0.2527254797231373
0.13775730766362226
0.9557462250786468
0.8690493441261434
0.2338039351777691
0.16151825037453793
0.4075608083115235
0.9022230144028525
0.74492298596071
0.8862087386777286
0.5199692099604688
0.08476917788828542
0.26265158138792255
0.7222284132119067
0.7852224688284399
0.7685586984095616
0.46298115148601204
0.7090752867166532
0.06318994582915793
0.8274675512687028
0.06769532516729604
0.2895808550289001
0.3201705143316098
0.3359781956593815
0.9378122590690793
0.07561238201380338
0.3506858965383274
0.05384965462656077
0.7029194326251639
0.5096018489495595
0.08814012717683051
0.5741889311043182
0.5359086826301214
0.6702209808519813
0.8918133419937094
0.3735340935345185
0.9888352423644347
0.7694161461473069
0.7627840020132831
0.3614630773639472
0.34359394353938877
0.474501989082628
0.7896235367968308
0.07043113627160957
0.8279070147994748
0.43803419018546963
0.685270506711254
0.8147834722954208
0.820068652935299
0.07729393104437954
0.10709986298998653
0.03144636843459181
0.5417370521741814
0.049291494100581756
0.27809429994629264
0.5352343069675691
0.3391819758050282
0.505120345616581
0.6417178270245093
0.504406584434269
0.3661459545368356
0.24020334546287436
0.05335429534878844
0.7557904220625926
0.41087716553444287
0.20148174565679577
0.2693348084543674
0.5807702463022264
0.2423164075537697
0.6235646117453902
0.8579510229594015
0.07888085872498785
0.08683022438384325
0.8844636586367575
0.8240892713477287
0.5669689072065341
0.6244555780209371
0.16001611987813202
0.15735029430785707
0.27411614652129535
0.6495890068388369
0.7348595573902981
0.657762285173435
0.5101633191923254
0.90726294506385
0.08511519858938532
0.7321744628912161
0.38981259865065276
0.9446810878073396
0.22333660120492593
0.2754118885230096
0.2196638654734454
0.26882543838173034
0.038593938688086804
0.09885772088834743
0.5051569197100014
0.34737770205861473
0.5312414348653699
0.9939137973728638
0.3044948864492736
0.7644814312442774
0.23225316895894743
0.5394362138469554
0.020551286759671328
0.23147032718741567
0.5589258020311864
0.8202147576622182
0.5342274008648793
0.3542141540811734
0.3740955059689396
0.8978049047259136
0.8003245029959698
0.7740531039752002
0.6986075140031002
0.16732138698403154
0.20245375185158787
0.7776298277617346
0.20163348905259604
0.42314595079037765
0.6745965145000777
0.001291078785988331
0.41484212170793744
0.07844035233091007
0.24804624100536032
0.4823792164599574
0.7513138003649639
0.5593134387255497
0.5406019282394117
0.507234399860065
0.6828226616671528
0.25690795978701897
0.01666929549060936
0.8072075084109335
0.42525310152820084
0.16911265214044047
0.6951191982857194
0.7582067025730701
0.24408917576113887
0.4455009209209566
0.9239183048297436
0.11290326935966333
0.6568815230799283
0.79298258676699
0.5850012465469934
0.687833831787564
0.2519253290493443
0.9099201901147531
0.9663216629282187
0.37097483805733156
0.0076583917947364855
