0.46698473183204103
0.46698473183204103
0.46698473183204103
0.46698473183204103
0.46698473183204103
0.46698473183204103
0.46698473183204103
0.46698473183204103
0.46698473183204103
0.46698473183204103
0.46698473183204103
0.46698473183204103
0.46698473183204103
0.46698473183204103
0.46698473183204103
0.46698473183204103
0.46698473183204103
0.46698473183204103
0.46698473183204103
0.46698473183204103
0.46698473183204103
0.46698473183204103
0.46698473183204103
0.46698473183204103
0.46698473183204103
0.46698473183204103
0.46698473183204103
0.46698473183204103
0.46698473183204103
0.46698473183204103
0.46698473183204103
0.46698473183204103
0.46698473183204103
0.46698473183204103
0.46698473183204103
0.46698473183204103
0.46698473183204103
0.46698473183204103
0.46698473183204103
0.46698473183204103
0.46698473183204103
0.46698473183204103
0.46698473183204103
0.46698473183204103
0.46698473183204103
0.46698473183204103
0.46698473183204103
0.46698473183204103
0.46698473183204103
0.46698473183204103
0.46698473183204103
0.46698473183204103
0.46698473183204103
0.46698473183204103
0.46698473183204103
0.46698473183204103
0.46698473183204103
0.46698473183204103
0.46698473183204103
0.46698473183204103
0.46698473183204103
0.46698473183204103
0.46698473183204103
0.46698473183204103
0.46698473183204103
0.46698473183204103
0.46698473183204103
0.4203968344969362
0.46698473183204103
0.46698473183204103
0.46698473183204103
0.46698473183204103
0.09776310087312044
0.8548027540659495
0.46698473183204103
0.46698473183204103
0.46698473183204103
0.46698473183204103
0.46698473183204103
0.46698473183204103
0.46698473183204103
0.46698473183204103
0.9099201901147532
0.46698473183204103
0.46698473183204103
0.46698473183204103
0.46698473183204103
0.46698473183204103
0.46698473183204103
0.46698473183204103
0.46698473183204103
0.46698473183204103
0.46698473183204103
0.46698473183204103
0.46698473183204103
0.46698473183204103
0.46698473183204103
0.46698473183204103
0.46698473183204103
0.46698473183204103
0.46698473183204103
0.46698473183204103
0.46698473183204103
0.46698473183204103
0.46698473183204103
0.46698473183204103
0.46698473183204103
0.46698473183204103
0.46698473183204103
0.46698473183204103
0.46698473183204103
0.46698473183204103
0.46698473183204103
0.46698473183204103
0.46698473183204103
0.46698473183204103
0.46698473183204103
0.46698473183204103
0.46698473183204103
0.46698473183204103
0.46698473183204103
0.46698473183204103
0.46698473183204103
0.46698473183204103
0.9097604674451664
0.09062597330917346
0.46698473183204103
0.46698473183204103
0.46698473183204103
0.46698473183204103
0.46698473183204103
0.46698473183204103
0.46698473183204103
0.46698473183204103
0.46698473183204103
0.46698473183204103
0.46698473183204103
0.46698473183204103
0.46698473183204103
0.46698473183204103
0.46698473183204103
0.46698473183204103
0.46698473183204103
0.46698473183204103
0.46698473183204103
0.46698473183204103
0.46698473183204103
0.7761631784377008
0.46698473183204103
0.46698473183204103
0.46698473183204103
0.46698473183204103
0.46698473183204103
0.46698473183204103
0.46698473183204103
0.46698473183204103
0.46698473183204103
0.46698473183204103
0.46698473183204103
0.46698473183204103
0.46698473183204103
0.2426380535047133
0.46698473183204103
0.46698473183204103
0.46698473183204103
0.46698473183204103
0.46698473183204103
0.46698473183204103
0.46698473183204103
0.46698473183204103
0.46698473183204103
0.46698473183204103
0.46698473183204103
0.46698473183204103
0.46698473183204103
0.46698473183204103
0.46698473183204103
0.46698473183204103
0.46698473183204103
0.46698473183204103
0.46698473183204103
0.46698473183204103
0.46698473183204103
0.46698473183204103
0.46698473183204103
0.2426380535047133
0.46698473183204103
0.09776310087312044
0.46698473183204103
0.46698473183204103
0.46698473183204103
0.46698473183204103
0.46698473183204103
0.46698473183204103
0.09062597330917346
0.46698473183204103
0.46698473183204103
0.46698473183204103
0.8548027540659495
0.7761631784377008
0.46698473183204103
0.46698473183204103
0.46698473183204103
0.46698473183204103
0.46698473183204103
0.46698473183204103
0.9097604674451664
0.46698473183204103
0.46698473183204103
0.46698473183204103
0.8367144643243737
0.46698473183204103
0.8367144643243737
0.46698473183204103
0.46698473183204103
0.46698473183204103
0.3971028858293838
0.46698473183204103
0.46698473183204103
0.46698473183204103
0.46698473183204103
0.46698473183204103
0.4203968344969362
0.46698473183204103
0.46698473183204103
0.46698473183204103
0.46698473183204103
0.46698473183204103
0.46698473183204103
0.46698473183204103
0.46698473183204103
0.46698473183204103
0.46698473183204103
0.9099201901147532
0.46698473183204103
0.46698473183204103
0.46698473183204103
0.46698473183204103
0.46698473183204103
0.46698473183204103
0.46698473183204103
0.46698473183204103
0.46698473183204103
0.46698473183204103
0.3971028858293838
0.46698473183204103
0.9099201901147532
0.46698473183204103
0.46698473183204103
0.46698473183204103
