0.47198279444551683
0.47198279444551683
0.5285373003371677
0.47198279444551683
0.47198279444551683
0.47198279444551683
0.47198279444551683
0.47198279444551683
0.47198279444551683
0.47198279444551683
0.47198279444551683
0.47198279444551683
0.47198279444551683
0.47198279444551683
0.47198279444551683
0.47198279444551683
0.47198279444551683
0.47198279444551683
0.47198279444551683
0.47198279444551683
0.47198279444551683
0.47198279444551683
0.47198279444551683
0.47198279444551683
0.47198279444551683
0.47198279444551683
0.47198279444551683
0.47198279444551683
0.47198279444551683
0.47198279444551683
0.47198279444551683
0.47198279444551683
0.47198279444551683
0.47198279444551683
0.47198279444551683
0.47198279444551683
0.47198279444551683
0.47198279444551683
0.47198279444551683
0.47198279444551683
0.47198279444551683
0.47198279444551683
0.47198279444551683
0.47198279444551683
0.47198279444551683
0.47198279444551683
0.47198279444551683
0.47198279444551683
0.47198279444551683
0.47198279444551683
0.47198279444551683
0.47198279444551683
0.47198279444551683
0.47198279444551683
0.47198279444551683
0.47198279444551683
0.47198279444551683
0.47198279444551683
0.47198279444551683
0.47198279444551683
0.47198279444551683
0.47198279444551683
0.47198279444551683
0.47198279444551683
0.47198279444551683
0.47198279444551683
0.47198279444551683
0.47198279444551683
0.19683308739560518
0.47198279444551683
0.47198279444551683
0.47198279444551683
0.09776310087312044
0.8548027540659495
0.47198279444551683
0.47198279444551683
0.47198279444551683
0.47198279444551683
0.47198279444551683
0.47198279444551683
0.47198279444551683
0.47198279444551683
0.9099201901147532
0.47198279444551683
0.5923955756551209
0.47198279444551683
0.1808544088654046
0.47198279444551683
0.47198279444551683
0.47198279444551683
0.47198279444551683
0.47198279444551683
0.47198279444551683
0.47198279444551683
0.47198279444551683
0.4719827944455169
0.47198279444551683
0.47198279444551683
0.47198279444551683
0.47198279444551683
0.47198279444551683
0.47198279444551683
0.47198279444551683
0.47198279444551683
0.47198279444551683
0.47198279444551683
0.47198279444551683
0.47198279444551683
0.47198279444551683
0.47198279444551683
0.47198279444551683
0.47198279444551683
0.47198279444551683
0.47198279444551683
0.47198279444551683
0.47198279444551683
0.47198279444551683
0.47198279444551683
0.47198279444551683
0.47198279444551683
0.47198279444551683
0.47198279444551683
0.47198279444551683
0.47198279444551683
0.8790135083656487
0.09062597330917346
0.47198279444551683
0.47198279444551683
0.47198279444551683
0.47198279444551683
0.47198279444551683
0.47198279444551683
0.47198279444551683
0.47198279444551683
0.47198279444551683
0.47198279444551683
0.47198279444551683
0.47198279444551683
0.47198279444551683
0.47198279444551683
0.47198279444551683
0.47198279444551683
0.47198279444551683
0.47198279444551683
0.47198279444551683
0.47198279444551683
0.47198279444551683
0.7761631784377008
0.47198279444551683
0.47198279444551683
0.47198279444551683
0.47198279444551683
0.47198279444551683
0.47198279444551683
0.47198279444551683
0.47198279444551683
0.47198279444551683
0.47198279444551683
0.47198279444551683
0.47198279444551683
0.47198279444551683
0.1808544088654046
0.47198279444551683
0.47198279444551683
0.47198279444551683
0.47198279444551683
0.5285373003371677
0.47198279444551683
0.47198279444551683
0.47198279444551683
0.47198279444551683
0.47198279444551683
0.47198279444551683
0.47198279444551683
0.47198279444551683
0.47198279444551683
0.4719827944455169
0.47198279444551683
0.47198279444551683
0.16647615414474135
0.47198279444551683
0.47198279444551683
0.47198279444551683
0.47198279444551683
0.47198279444551683
0.1808544088654046
0.47198279444551683
0.09776310087312044
0.47198279444551683
0.47198279444551683
0.47198279444551683
0.47198279444551683
0.47198279444551683
0.3589647129424869
0.09062597330917346
0.3766015803576809
0.47198279444551694
0.47198279444551683
0.8548027540659495
0.7761631784377008
0.47198279444551683
0.47198279444551683
0.47198279444551683
0.16647615414474135
0.47198279444551683
0.47198279444551683
0.8790135083656487
0.47198279444551683
0.47198279444551683
0.47198279444551683
0.8367144643243737
0.47198279444551683
0.8367144643243737
0.47198279444551683
0.47198279444551683
0.47198279444551683
0.47198279444551683
0.47198279444551683
0.47198279444551683
0.5923955756551209
0.47198279444551683
0.47198279444551683
0.19683308739560518
0.3766015803576809
0.47198279444551683
0.47198279444551683
0.47198279444551683
0.47198279444551683
0.47198279444551683
0.47198279444551683
0.47198279444551683
0.19683308739560518
0.47198279444551683
0.9099201901147532
0.47198279444551683
0.47198279444551683
0.47198279444551683
0.47198279444551683
0.3589647129424869
0.47198279444551683
0.47198279444551683
0.47198279444551683
0.47198279444551683
0.47198279444551683
0.47198279444551683
0.47198279444551683
0.9099201901147532
0.47198279444551683
0.47198279444551683
0.47198279444551683
