0.35289416473652624
0.35289416473652624
0.35289416473652624
0.806734007577302
0.806734007577302
0.35289416473652624
0.35289416473652624
0.35289416473652624
0.35289416473652624
0.35289416473652624
0.806734007577302
0.35289416473652624
0.806734007577302
0.806734007577302
0.806734007577302
0.35289416473652624
0.806734007577302
0.806734007577302
0.806734007577302
0.35289416473652624
0.35289416473652624
0.35289416473652624
0.35289416473652624
0.35289416473652624
0.35289416473652624
0.806734007577302
0.35289416473652624
0.35289416473652624
0.35289416473652624
0.806734007577302
0.806734007577302
0.35289416473652624
0.35289416473652624
0.806734007577302
0.35289416473652624
0.806734007577302
0.806734007577302
0.35289416473652624
0.806734007577302
0.35289416473652624
0.10212820742663005
0.35289416473652624
0.806734007577302
0.806734007577302
0.806734007577302
0.35289416473652624
0.806734007577302
0.10212820742663005
0.806734007577302
0.806734007577302
0.35289416473652624
0.35289416473652624
0.35289416473652624
0.806734007577302
0.806734007577302
0.35289416473652624
0.806734007577302
0.35289416473652624
0.35289416473652624
0.35289416473652624
0.806734007577302
0.35289416473652624
0.35289416473652624
0.806734007577302
0.35289416473652624
0.35289416473652624
0.806734007577302
0.806734007577302
0.10212820742663005
0.35289416473652624
0.35289416473652624
0.35289416473652624
0.35289416473652624
0.806734007577302
0.35289416473652624
0.806734007577302
0.806734007577302
0.35289416473652624
0.35289416473652624
0.35289416473652624
0.35289416473652624
0.35289416473652624
0.35289416473652624
0.806734007577302
0.10212820742663005
0.35289416473652624
0.35289416473652624
0.35289416473652624
0.35289416473652624
0.806734007577302
0.35289416473652624
0.806734007577302
0.806734007577302
0.806734007577302
0.35289416473652624
0.730449459759715
0.806734007577302
0.806734007577302
0.35289416473652624
0.806734007577302
0.35289416473652624
0.35289416473652624
0.806734007577302
0.35289416473652624
0.35289416473652624
0.806734007577302
0.35289416473652624
0.35289416473652624
0.35289416473652624
0.806734007577302
0.35289416473652624
0.35289416473652624
0.7602832886055978
0.35289416473652624
0.8575262373630411
0.806734007577302
0.35289416473652624
0.35289416473652624
0.806734007577302
0.35289416473652624
0.806734007577302
0.35289416473652624
0.806734007577302
0.35289416473652624
0.35289416473652624
0.35289416473652624
0.806734007577302
0.35289416473652624
0.35289416473652624
0.806734007577302
0.35289416473652624
0.35289416473652624
0.806734007577302
0.35289416473652624
0.35289416473652624
0.10212820742663005
0.35289416473652624
0.10212820742663005
0.10212820742663005
0.35289416473652624
0.10212820742663005
0.806734007577302
0.35289416473652624
0.35289416473652624
0.35289416473652624
0.35289416473652624
0.35289416473652624
0.35289416473652624
0.35289416473652624
0.35289416473652624
0.10212820742663005
0.35289416473652624
0.8575262373630411
0.35289416473652624
0.35289416473652624
0.806734007577302
0.35289416473652624
0.806734007577302
0.35289416473652624
0.35289416473652624
0.35289416473652624
0.35289416473652624
0.35289416473652624
0.806734007577302
0.806734007577302
0.806734007577302
0.806734007577302
0.806734007577302
0.35289416473652624
0.35289416473652624
0.35289416473652624
0.35289416473652624
0.35289416473652624
0.7602832886055978
0.806734007577302
0.35289416473652624
0.806734007577302
0.35289416473652624
0.35289416473652624
0.35289416473652624
0.35289416473652624
0.806734007577302
0.806734007577302
0.806734007577302
0.35289416473652624
0.730449459759715
0.35289416473652624
0.35289416473652624
0.35289416473652624
0.806734007577302
0.806734007577302
0.35289416473652624
0.35289416473652624
0.35289416473652624
0.35289416473652624
0.35289416473652624
0.35289416473652624
0.806734007577302
0.35289416473652624
0.806734007577302
0.35289416473652624
0.35289416473652624
0.35289416473652624
0.806734007577302
0.35289416473652624
0.35289416473652624
0.806734007577302
0.806734007577302
0.35289416473652624
0.35289416473652624
0.35289416473652624
0.806734007577302
0.806734007577302
0.35289416473652624
0.35289416473652624
0.35289416473652624
0.35289416473652624
0.806734007577302
0.806734007577302
0.806734007577302
0.35289416473652624
0.35289416473652624
0.35289416473652624
0.806734007577302
0.806734007577302
0.35289416473652624
0.806734007577302
0.806734007577302
0.35289416473652624
0.10212820742663005
0.35289416473652624
0.806734007577302
0.806734007577302
0.806734007577302
0.35289416473652624
0.35289416473652624
0.806734007577302
0.35289416473652624
0.35289416473652624
0.806734007577302
0.806734007577302
0.35289416473652624
0.806734007577302
0.35289416473652624
0.35289416473652624
0.806734007577302
0.35289416473652624
0.35289416473652624
0.806734007577302
0.806734007577302
