0.10194243710522966
0.7956766231551923
0.12472893019076554
0.09931229035137518
0.46007469542136836
0.126608447845004
0.48538834079113674
0.49152356945172443
0.7956766231551923
0.3111734413081987
0.22464339117231066
0.3951022275506929
0.6270714642061799
0.4186901410927033
0.3377228494766813
0.19449993538220198
0.5682648532249508
0.6673481792618685
0.8264803516664059
0.2334231422197722
0.12472893019076554
0.32592497687264416
0.39260498170758473
0.46007469542136836
0.3310440391629479
0.3377228494766813
0.34806302786750387
0.8016687189051593
0.5062888861689894
0.5479339407510037
0.2759455878491422
0.5682648532249508
0.7734680249242725
0.8154520128152445
0.2566091064665093
0.7956766231551923
0.5623173145889406
0.8154520128152445
0.8580701068669333
0.45808718174926266
0.8630535083031765
0.23444031342963106
0.7882640776638753
0.5217518613734536
0.2853454910422099
0.3310440391629479
0.1011908669791956
0.2566091064665093
0.37503377165754126
0.38875000308268765
0.6084522237860304
0.3056332717145273
0.8013174941836206
0.6270714642061799
0.8080720600946487
0.3572440787360613
0.3951022275506929
0.2853454910422099
0.2417761369583067
0.22464339117231066
0.2657501748276949
0.48538834079113674
0.04403806100245272
0.8748334128496907
0.8264803516664059
0.38875000308268765
0.7320874039769448
0.16941570045791876
0.8277160921449255
0.5771185893950588
0.1012589647411759
0.2566091064665093
0.3310440391629479
0.04408068977860599
0.16941570045791876
0.9510405108206186
0.07267820957587466
0.280765092940539
0.8743717318415286
0.6351714307359874
0.24493025838107738
0.25114708648207945
0.3987990266710195
0.7156133948964309
0.8080720600946487
0.17054759367484404
0.5062888861689894
0.5329656970614061
0.37190390419318
0.4776145209280941
0.6084522237860304
0.9510405108206186
0.49152356945172443
0.5682648532249508
0.2759455878491422
0.6909457500840224
0.5682648532249508
0.7807376608508382
0.27448782559100704
0.6313132859552151
0.39260498170758473
0.423091129519835
0.8565753697686452
0.2334231422197722
0.12472893019076554
0.8265111565848029
0.031535132044654864
0.8201008257229621
0.031535132044654864
0.7318437656667749
0.8410448679123088
0.34806302786750387
0.6909457500840224
0.3377228494766813
0.8575262373630411
0.7869387562363073
0.0760240334068512
0.5075884749682802
0.8148926101941383
0.27309926583309363
0.1011908669791956
0.5600751925168633
0.8265111565848029
0.6262934028384175
0.18353930447199118
0.23532707516966841
0.8412623382771779
0.503452218316668
0.4582984419821259
0.7882640776638753
0.6673481792618685
0.39260498170758473
0.8748334128496907
0.4793344962252716
0.12456027301984066
0.09931229035137518
0.19342095807501902
0.09931229035137518
0.22464339117231066
0.34806302786750387
0.054293964847490175
0.8272706533261038
0.27448782559100704
0.17219324764757937
0.3613711609578387
0.44132112061150525
0.33982626648792325
0.4276542108387457
0.3111734413081987
0.37069147859835216
0.060275155039852674
0.48437065341268953
0.8575262373630411
0.4582984419821259
0.49152356945172443
0.8261406404114519
0.8378295037083916
0.5756756863528166
0.2417761369583067
0.23444031342963106
0.3987990266710195
0.3528795642359629
0.026803971861813186
0.8630535083031765
0.054293964847490175
0.8542164874541436
0.7833208368983041
0.6084522237860304
0.46007469542136836
0.5623173145889406
0.36391152869391696
0.5089714440215356
0.4985445349491416
0.8542164874541436
0.8565753697686452
0.6154449666938799
0.9191097155598759
0.126608447845004
0.49475684723903385
0.5089714440215356
0.4684159317341546
0.7975849616439342
0.8201008257229621
0.8748334128496907
0.46007469542136836
0.6154449666938799
0.4793344962252716
0.33574658100451454
0.24610712427878195
0.9494131105483161
0.8023314086739807
0.12472893019076554
0.35717691644465815
0.24610712427878195
0.4641578671551524
0.3111734413081987
0.2657501748276949
0.8378295037083916
0.4276542108387457
0.7882640776638753
0.23444031342963106
0.22464339117231066
0.3492476167833037
0.7956766231551923
0.19449993538220198
0.44132112061150525
0.8520204419124716
0.8651253639313534
0.45808718174926266
0.23302359335126366
0.3056332717145273
0.9199620563163724
0.8013174941836206
0.32592497687264416
0.4641578671551524
0.6311214474710836
0.3951022275506929
0.9199620563163724
0.8261406404114519
0.8080720600946487
0.252326833430571
0.026803971861813186
0.46288449928266884
0.8272706533261038
0.12456027301984066
0.05965291150699864
0.9191097155598759
0.8277160921449255
0.32592497687264416
0.10194243710522966
0.25114708648207945
0.8833297184891309
0.8236150600769233
0.6270714642061799
0.48538834079113674
0.2344345330777592
0.5329656970614061
0.35717691644465815
0.4186901410927033
0.8264803516664059
0.5853667378723276
0.126608447845004
0.8833297184891309
0.3528795642359629
0.5613564018909286
0.8667634730601934
0.27520160070605115
0.07267820957587466
0.8023314086739807
0.829794709346436
