0.3149272764978605
0.31492650322096466
0.24378524604462612
0.31492611322663683
0.31492582532256785
0.3149253974860436
0.31492575301647574
0.31492589874596316
0.31492669348591396
0.31492603778751005
0.7856220480787918
0.31492662864297466
0.3149268469989255
0.3149259413839447
0.314925659215304
0.7856220712191337
0.7856220391519575
0.3149263317623893
0.3149269276821435
0.3149263779215162
0.31492568214138283
0.3149258589252872
0.31492579539568194
0.31492567455118015
0.3149259175084996
0.31492575339197115
0.31492579539568194
0.7856220674033901
0.31492593050842727
0.3149252752806381
0.3149258231494358
0.31492589874596316
0.31492640851984405
0.31492568214138283
0.31492586313739457
0.3149268469989255
0.31492593050842727
0.31492575301647574
0.31492685945362836
0.3149256139388348
0.3149259175084996
0.31492752540743296
0.3149259493334018
0.3149263317623893
0.31492687290291865
0.3149257737159385
0.31492589539438065
0.3149246482718338
0.31492539396123803
0.785622052163218
0.31492570755416016
0.7856220714060991
0.3149258089308641
0.7856220570432891
0.31492558173625174
0.3149302221818121
0.7856220663605417
0.3149252403063445
0.24993934465604425
0.31492563892674785
0.3149259363348389
0.31492567772658653
0.7856220570432891
0.314926283127948
0.7856220552615513
0.3149256602674137
0.3149258589252872
0.3149269901044458
0.3149261889768405
0.31492593050842727
0.31492566274010314
0.3149253879458115
0.3149255874913536
0.7825657458293626
0.3149253879458115
0.31492586313739457
0.3149258231494358
0.3149255092884005
0.3149271943738392
0.3149263779215162
0.3149258089308641
0.31492603778751005
0.7856220552615513
0.31492517918048013
0.3149268469989255
0.31492567455118015
0.3149259493334018
0.3149273548009828
0.3149256602674137
0.31492615675563757
0.7856220464280261
0.7856220612522624
0.3149261072171576
0.314926283127948
0.31492502718327114
0.3150143487568282
0.31492650322096466
0.5754502766232168
0.31492562441473076
0.31492567859250165
0.7856220624865569
0.3149258908909979
0.31492585179542215
0.3149259556048855
0.31492553125776074
0.3149256984987401
0.31492535538154626
0.3149263271930962
0.0561983926914226
0.7856220322239669
0.31492543176607407
0.3149241595544658
0.3149254765196009
0.31492650322096466
0.31492536460292864
0.27578804655932654
0.8804433923241453
0.3149265172881316
0.31492611322663683
0.3149255190342436
0.7856220481755527
0.7856220717056727
0.31492575301647574
0.3149272764978605
0.31492567772658653
0.3149261951310154
0.31492583972949895
0.3149259266616209
0.7856220464280261
0.3149260341432263
0.3149252650484288
0.07791339274161005
0.3149261266123167
0.3149256984987401
0.3149257746296525
0.31492569526313474
0.3149257895017381
0.3149257319953647
0.31492827491918
0.31492621710066193
0.3149259556048855
0.3149256463824558
0.31492617769560804
0.314927794013609
0.31492621710066193
0.31492717723637703
0.3149258589252872
0.2915168306800074
0.31492583972949895
0.3149259760939556
0.3149253511408967
0.31492519612992353
0.31492669348591396
0.7856220712173737
0.31492583156244136
0.31492517918048013
0.31492536460292864
0.7856220663605417
0.31492570755416016
0.3149255612349373
0.7856220516993886
0.31492570064602354
0.3149257611430068
0.7856220612522624
0.7856220712191337
0.31492547764231654
0.31492626793458817
0.3149259413839447
0.3149255612349373
0.3149255869478115
0.31492570064602354
0.3149250423111229
0.3149246482718338
0.31492551991168954
0.3149249660163997
0.7856219460650283
0.3149251527161862
0.31492563892674785
0.3149256828069977
0.3149257294467631
0.31492562441473076
0.31492541160228504
0.7856220322239669
0.3149252752806381
0.8804433923241453
0.24993934465604425
0.31492539396123803
0.31492562312382244
0.3149261743733653
0.7856220516993886
0.3149251374074146
0.31492752540743296
0.3149261951310154
0.7856220714060991
0.2514513561482016
0.3150143487568282
0.31503232273006676
0.31492523070367323
0.7825657458293626
0.3149249660163997
0.31492524872460076
0.7856220712191337
0.27578804655932654
0.3149331940758645
0.3149255874913536
0.31492543210681756
0.3149286933307056
0.7856220446804996
0.31492563519517014
0.3149257202931831
0.8804433923241453
0.3149255869478115
0.3149255637409008
0.3149248124981477
0.0561983926914226
0.3149254765196009
0.31492592598170976
0.3149252650484288
0.3149258231494358
0.5754502766232168
0.31492617769560804
0.3149256463824558
0.31492667251304085
0.24378524604462612
0.3149257699718538
0.10798111311930964
0.3149257708468894
0.31492653270116383
0.785622070462472
0.3149274738664964
0.8804433923241453
0.2915168306800074
0.31492615675563757
0.78562199821872
0.3149246482718338
0.314927715783957
0.3149257611430068
0.31492528502493283
0.3149331940758645
0.07791339274161005
0.3149256139388348
0.3149253430150591
0.3149259363348389
0.31492687290291865
0.3149252108068275
0.7856219460650283
0.7856219721418741
0.7856220688417981
0.31492475663852804
0.10798111311930964
