0.3128733996829449
0.3128733996829449
0.3128733996829449
0.7878143496050116
0.7878143496050116
0.3128733996829449
0.3128733996829449
0.7878143496050116
0.3128733996829449
0.3128733996829449
0.7878143496050116
0.3128733996829449
0.3128733996829449
0.7878143496050116
0.3128733996829449
0.3128733996829449
0.3128733996829449
0.7878143496050116
0.3128733996829449
0.3128733996829449
0.3128733996829449
0.3128733996829449
0.3128733996829449
0.3128733996829449
0.3128733996829449
0.3128733996829449
0.3128733996829449
0.3128733996829449
0.3128733996829449
0.3128733996829449
0.3128733996829449
0.3128733996829449
0.3128733996829449
0.3128733996829449
0.3128733996829449
0.3128733996829449
0.3128733996829449
0.3128733996829449
0.3128733996829449
0.3128733996829449
0.3128733996829449
0.3128733996829449
0.3128733996829449
0.3128733996829449
0.3128733996829449
0.3128733996829449
0.3128733996829449
0.3128733996829449
0.3128733996829449
0.7878143496050116
0.3128733996829449
0.7878143496050116
0.3128733996829449
0.7878143496050116
0.3128733996829449
0.3128733996829449
0.7878143496050116
0.3128733996829449
0.3128733996829449
0.3128733996829449
0.3128733996829449
0.3128733996829449
0.7878143496050116
0.3128733996829449
0.7878143496050116
0.3128733996829449
0.3128733996829449
0.3128733996829449
0.3128733996829449
0.3128733996829449
0.3128733996829449
0.3128733996829449
0.3128733996829449
0.7878143496050116
0.3128733996829449
0.3128733996829449
0.3128733996829449
0.3128733996829449
0.3128733996829449
0.3128733996829449
0.7878143496050116
0.3128733996829449
0.7878143496050116
0.3128733996829449
0.3128733996829449
0.3128733996829449
0.3128733996829449
0.3128733996829449
0.3128733996829449
0.3128733996829449
0.7878143496050116
0.7878143496050116
0.3128733996829449
0.3128733996829449
0.3128733996829449
0.3128733996829449
0.3128733996829449
0.5754502766232168
0.3128733996829449
0.3128733996829449
0.7878143496050116
0.3128733996829449
0.3128733996829449
0.3128733996829449
0.3128733996829449
0.3128733996829449
0.3128733996829449
0.3128733996829449
0.3128733996829449
0.7878143496050116
0.3128733996829449
0.3128733996829449
0.3128733996829449
0.3128733996829449
0.3128733996829449
0.3128733996829449
0.8313035192375265
0.3128733996829449
0.3128733996829449
0.3128733996829449
0.7878143496050116
0.7878143496050116
0.3128733996829449
0.3128733996829449
0.3128733996829449
0.3128733996829449
0.3128733996829449
0.3128733996829449
0.7878143496050116
0.3128733996829449
0.3128733996829449
0.07791339274161005
0.3128733996829449
0.3128733996829449
0.3128733996829449
0.3128733996829449
0.3128733996829449
0.3128733996829449
0.3128733996829449
0.3128733996829449
0.3128733996829449
0.3128733996829449
0.3128733996829449
0.3128733996829449
0.3128733996829449
0.3128733996829449
0.3128733996829449
0.3128733996829449
0.3128733996829449
0.3128733996829449
0.3128733996829449
0.3128733996829449
0.3128733996829449
0.7878143496050116
0.3128733996829449
0.3128733996829449
0.3128733996829449
0.7878143496050116
0.3128733996829449
0.3128733996829449
0.7878143496050116
0.3128733996829449
0.3128733996829449
0.7878143496050116
0.7878143496050116
0.3128733996829449
0.3128733996829449
0.3128733996829449
0.3128733996829449
0.3128733996829449
0.3128733996829449
0.3128733996829449
0.3128733996829449
0.3128733996829449
0.3128733996829449
0.7878143496050116
0.3128733996829449
0.3128733996829449
0.3128733996829449
0.3128733996829449
0.3128733996829449
0.3128733996829449
0.7878143496050116
0.3128733996829449
0.8313084032978146
0.3128733996829449
0.3128733996829449
0.3128733996829449
0.3128733996829449
0.8313004666998467
0.3128733996829449
0.3128733996829449
0.3128733996829449
0.7878143496050116
0.3128733996829449
0.3128733996829449
0.3128733996829449
0.3128733996829449
0.7878143496050116
0.3128733996829449
0.3128733996829449
0.7878143496050116
0.3128733996829449
0.3128733996829449
0.7878143496050116
0.3128733996829449
0.3128733996829449
0.7878143496050116
0.3128733996829449
0.3128733996829449
0.8313035192375265
0.3128733996829449
0.3128733996829449
0.3128733996829449
0.3128733996829449
0.3128733996829449
0.3128733996829449
0.3128733996829449
0.3128733996829449
0.5754502766232168
0.3128733996829449
0.3128733996829449
0.3128733996829449
0.3128733996829449
0.3128733996829449
0.10798111311930964
0.3128733996829449
0.3128733996829449
0.7878143496050116
0.3128733996829449
0.8313004666998467
0.3128733996829449
0.3128733996829449
0.7878143496050116
0.3128733996829449
0.3128733996829449
0.3128733996829449
0.3128733996829449
0.3128733996829449
0.07791339274161005
0.3128733996829449
0.3128733996829449
0.3128733996829449
0.3128733996829449
0.3128733996829449
0.7878143496050116
0.7878143496050116
0.3128733996829449
0.3128733996829449
0.10798111311930964
