0.3128733996829449
0.3128733996829449
0.3128733996829449
0.3128733996829449
0.3128733996829449
0.3128733996829449
0.3128733996829449
0.3128733996829449
0.3128733996829449
0.3128733996829449
0.3128733996829449
0.3128733996829449
0.3128733996829449
0.3128733996829449
0.3128733996829449
0.3128733996829449
0.3128733996829449
0.3128733996829449
0.3128733996829449
0.3128733996829449
0.3128733996829449
0.3128733996829449
0.3128733996829449
0.3128733996829449
0.3128733996829449
0.3128733996829449
0.3128733996829449
0.3128733996829449
0.3128733996829449
0.3128733996829449
0.3128733996829449
0.3128733996829449
0.3128733996829449
0.3128733996829449
0.3128733996829449
0.3128733996829449
0.3128733996829449
0.3128733996829449
0.3128733996829449
0.3128733996829449
0.3128733996829449
0.3128733996829449
0.3128733996829449
0.3128733996829449
0.3128733996829449
0.3128733996829449
0.3128733996829449
0.3128733996829449
0.3128733996829449
0.7905356182426362
0.3128733996829449
0.3128733996829449
0.3128733996829449
0.3128733996829449
0.3128733996829449
0.3128733996829449
0.7905356182426362
0.3128733996829449
0.3128733996829449
0.3128733996829449
0.3128733996829449
0.3128733996829449
0.3128733996829449
0.3128733996829449
0.3128733996829449
0.3128733996829449
0.3128733996829449
0.3128733996829449
0.3128733996829449
0.3128733996829449
0.3128733996829449
0.3128733996829449
0.3128733996829449
0.7905356182358476
0.3128733996829449
0.3128733996829449
0.3128733996829449
0.3128733996829449
0.3128733996829449
0.3128733996829449
0.7905356182426326
0.3128733996829449
0.3128733996829449
0.3128733996829449
0.3128733996829449
0.3128733996829449
0.3128733996829449
0.3128733996829449
0.3128733996829449
0.3128733996829449
0.7905356182426364
0.790535618242638
0.3128733996829449
0.3128733996829449
0.3128733996829449
0.3128733996829449
0.3128733996829449
0.5754502766232168
0.3128733996829449
0.3128733996829449
0.3128733996829449
0.3128733996829449
0.3128733996829449
0.3128733996829449
0.3128733996829449
0.3128733996829449
0.3128733996829449
0.3128733996829449
0.3128733996829449
0.3128733996829449
0.3128733996829449
0.3128733996829449
0.3128733996829449
0.3128733996829449
0.3128733996829449
0.3128733996829449
0.790535618242624
0.3128733996829449
0.3128733996829449
0.3128733996829449
0.3128733996829449
0.7905356182426391
0.3128733996829449
0.3128733996829449
0.3128733996829449
0.3128733996829449
0.3128733996829449
0.3128733996829449
0.7905356182426364
0.3128733996829449
0.3128733996829449
0.3128733996829449
0.3128733996829449
0.3128733996829449
0.3128733996829449
0.3128733996829449
0.3128733996829449
0.3128733996829449
0.3128733996829449
0.3128733996829449
0.3128733996829449
0.3128733996829449
0.3128733996829449
0.3128733996829449
0.3128733996829449
0.3128733996829449
0.3128733996829449
0.3128733996829449
0.3128733996829449
0.3128733996829449
0.3128733996829449
0.3128733996829449
0.3128733996829449
0.3128733996829449
0.3128733996829449
0.3128733996829449
0.3128733996829449
0.3128733996829449
0.3128733996829449
0.3128733996829449
0.7905356182426326
0.3128733996829449
0.3128733996829449
0.790535618242638
0.7905356182426391
0.3128733996829449
0.3128733996829449
0.3128733996829449
0.3128733996829449
0.3128733996829449
0.3128733996829449
0.3128733996829449
0.3128733996829449
0.3128733996829449
0.3128733996829449
0.7905356182426381
0.3128733996829449
0.3128733996829449
0.3128733996829449
0.3128733996829449
0.3128733996829449
0.3128733996829449
0.3128733996829449
0.3128733996829449
0.7905356182426219
0.3128733996829449
0.3128733996829449
0.3128733996829449
0.3128733996829449
0.7905356182426262
0.3128733996829449
0.3128733996829449
0.3128733996829449
0.7905356182426382
0.3128733996829449
0.3128733996829449
0.3128733996829449
0.3128733996829449
0.7905356182358476
0.3128733996829449
0.3128733996829449
0.7905356182426391
0.3128733996829449
0.3128733996829449
0.3128733996829449
0.3128733996829449
0.3128733996829449
0.7905356182426354
0.3128733996829449
0.3128733996829449
0.7905356182426219
0.3128733996829449
0.3128733996829449
0.3128733996829449
0.3128733996829449
0.3128733996829449
0.3128733996829449
0.3128733996829449
0.3128733996829449
0.5754502766232168
0.3128733996829449
0.3128733996829449
0.3128733996829449
0.3128733996829449
0.3128733996829449
0.10798111311930964
0.3128733996829449
0.3128733996829449
0.3128733996829449
0.3128733996829449
0.790535618242624
0.3128733996829449
0.3128733996829449
0.7905356182426381
0.3128733996829449
0.3128733996829449
0.3128733996829449
0.3128733996829449
0.3128733996829449
0.3128733996829449
0.3128733996829449
0.3128733996829449
0.3128733996829449
0.3128733996829449
0.3128733996829449
0.3128733996829449
0.7905356182426381
0.3128733996829449
0.3128733996829449
0.10798111311930964
