0.3817616356807435
0.5712640282812769
0.4142743919481202
0.8842709502441535
0.8381373298303822
0.8012585428527088
0.13853190186984454
0.24493860361450648
0.2240229729537716
0.04464868973752567
0.8377611283968306
0.34193849565853274
0.6945347137941371
0.40075791170625885
0.7146596843602739
0.8494891741089122
0.9090092985646768
0.8191367659906249
0.429877502648623
0.7846462092695908
0.39674321964630865
0.7014575561336308
0.10561923263316031
0.6915023051876227
0.7421351423184787
0.6479374027589441
0.43968628999127635
0.5048342043033966
0.15305583062468286
0.9944567801593804
0.5215962948618151
0.13586646669519464
0.5991998875433318
0.32156903955002325
0.4529510357465527
0.46446050875200784
0.2801483281459106
0.2275719875508203
0.9506922254402168
0.14987266530644328
0.452346695748424
0.0884276997328991
0.28496167944877493
0.8363614001317324
0.12248010689134814
0.413437787990502
0.807776205917167
0.7012226196598159
0.8442015264463842
0.5519664607251431
0.7522023138882236
0.8674423636994727
0.416587810785659
0.7892623087566485
0.9490166659388535
0.08572038721099129
0.434018029888107
0.0942545916202785
0.20678124215682037
0.3090538175751524
0.15992688608290573
0.036321181066479524
0.9619353007302621
0.5922214128239605
0.33562605375432164
0.6795723567785649
0.16203861841354994
0.5974759532741809
0.2848804351905615
0.5820518145530058
0.017012162839162515
0.7586690847798206
0.36637329444161293
0.32529775717346776
0.7129561787507945
0.8057114821697429
0.7595225686928437
0.5710670342800663
0.8034418180072888
0.6727987061242865
0.4301973337650431
0.9787838501131678
0.4931611238716982
0.6094204595178047
0.5807956626760835
0.7592854429948094
0.6281267385863598
0.19438410723805133
0.6716583051951577
0.9859307576410119
0.8291755247253763
0.5306533889474823
0.49187141780805566
0.0835510900788824
0.952427676042334
0.21414180119138004
0.5346412833334593
0.6920634448863494
0.4212665920890267
0.6693211497129112
0.3761735465994621
0.3682850715654512
0.8840017244525417
0.7453983996421552
0.7868984152069222
0.0622745756362465
0.793559316806777
0.7626059068247478
0.9665845703142989
0.6887141014883679
0.2825647815775123
0.6373683740560963
0.0876941232649795
0.6129163634808458
0.4420196595411048
0.37931015086978115
0.1355575760728448
0.8890567177410393
0.8405277757441897
0.38232130543073783
0.2572468591710185
0.17409102974161306
0.8390592986656583
0.8182830360246479
0.8861938452433917
0.3802252170146716
0.9626661753705325
0.9024731184207643
0.8816146532590279
0.9684218701160253
0.9054187011715594
0.037807663350904464
0.7043927938396475
0.9566348719994962
0.6835575406351897
0.9554528840430749
0.8576500048382585
0.911235937073306
0.7452787170478599
0.7853214789938466
0.3443027770005609
0.7174747804634594
0.3680319115412708
0.3742683950449982
0.808190255676355
0.491991797863645
0.24336950131816626
0.4816574332645759
0.605476813164979
0.2607196248157472
0.6864344112173287
0.37505462357045394
0.31451645936185557
0.5644143607263599
0.318096108025801
0.5890832897222962
0.49667855795603044
0.4010309294242065
0.3372279824382385
0.4929810455941599
0.4037661359048139
0.40645051801561893
0.05484769587767124
0.7707938828587951
0.3100335470228194
0.7783629353233301
0.7693987135026888
0.24933770842703518
0.3548344388982696
0.041841443286560254
0.9298065618096899
0.7318948474211715
0.11893779468035803
0.7063719457403423
0.19919397634391156
0.8903607538722319
0.7366242720347973
0.5540226968095336
0.013389958630619203
0.06411505118669436
0.2734549161008225
0.057834332910025044
0.7803062863802984
0.7321118189563899
0.1697493659290472
0.8474708644351936
0.01002150173420957
0.26843017340031994
0.8123916232663494
0.4897591558467461
0.5490098694136125
0.764095917576694
0.27708025671004166
0.782835534239628
0.1868230677918885
0.1647089443894958
0.9788100433315059
0.9446078461621679
0.05027884844285857
0.3915069619187761
0.35123782693582006
0.21273356980114144
0.21057986603783985
0.16048291291445316
0.123201984597064
0.31046497349092383
0.42367659743263764
0.4667181452266169
0.4722390230247049
0.3099203705194433
0.4178024825185477
0.4839975100101813
0.64283246569176
0.5985746826266244
0.15890613556730337
0.2550077753156773
0.19538580571960562
0.9104661405164391
0.37680404264150325
0.18173986184277768
0.6916105383745105
0.7682400604209622
0.9289435257181942
0.7746198070104213
0.36865921400964585
0.008618696354318445
0.7339738720290715
0.2408188481298521
0.8823652397040178
0.1890693325883055
0.7292265433534919
0.8070451955105088
0.8304592749916768
0.23911210000146788
0.15274239619056185
0.763980996373364
0.847334042776547
0.7172846467689392
0.6489642748648364
0.7259875774164362
0.2202447632822051
0.08711885365848404
0.43595078314170455
0.7293752598047644
0.4248874097559092
0.9057360862383562
0.1716474994890702
0.5631429638674196
0.1549186398618102
0.6608334548807253
