0.7395655474633479
0.7356013568295395
0.7470070513751835
0.7372234568510952
0.742269120056887
0.7381777261726917
0.745446048117325
0.7395655474633479
0.7373119320993208
0.7373033670875643
0.7353543366577466
0.7379175032286122
0.7418030499040963
0.7321677329247543
0.73729721249759
0.7381072315247614
0.7359301404988718
0.7406747150169362
0.7392612616424766
0.7374231585255556
0.7448222127079951
0.7370676133483967
0.7381595149291477
0.7400170624617547
0.7300217786717499
0.7389759007740911
0.7315353519231551
0.737144458590805
0.7373590160061944
0.7375048539774314
0.7331480347590486
0.7387784019434935
0.7416685872761938
0.7306892585571738
0.7388272572045453
0.7387818638846335
0.7411908836706068
0.7362994700294642
0.7333444989499974
0.7404851087621519
0.7381829387489479
0.7411908836706068
0.7418386300426615
0.7406747150169362
0.7409836196466927
0.7383468502179595
0.7354911233836572
0.7376298272506516
0.7341225478119574
0.7331119913407164
0.7536838060510137
0.7374336373316894
0.7376076675816069
0.7209813598909172
0.7373590160061944
0.7308367465274553
0.7415036756896358
0.7412164239969267
0.7419793950145447
0.7367737374715024
0.7415624021012976
0.7334259552053508
0.7374566755717561
0.7369360038789301
0.7331119913407164
0.7359301404988718
0.7465887908417228
0.7438171149177948
0.7325045657092689
0.7379175032286122
0.7359905279838921
0.7363777383995123
0.7340609355332502
0.7353543366577466
0.7398819515672246
0.7418386300426615
0.7348959809648375
0.7374094927775743
0.7470175041031237
0.740704533615064
0.7412164239969267
0.742269120056887
0.7578826284532902
0.7443344859232985
0.7362071531630011
0.7387784019434935
0.7420949920845302
0.7351508866844672
0.7290477080752363
0.7412680614124841
0.7470070513751835
0.7307913945012912
0.7413201368480177
0.7247615456028761
0.7364297662392516
0.7381072315247614
0.7359905279838921
0.7415624021012976
0.7405857017787012
0.7305018991539834
0.7354713875512617
0.20921340871335298
0.7337644655703617
0.7695011631656355
0.743164795624012
0.7446980326387166
0.7304615806570046
0.739565538678507
0.7331119913407164
0.7408254996947958
0.7388898818393859
0.7425747522614592
0.7400170624617547
0.7334259552053508
0.7359707505931227
0.7389937581105251
0.7365544239074948
0.7341225478119574
0.745446048117325
0.7411908836706068
0.7355498750448678
0.7366584662342253
0.731833830134641
0.7498469202115153
0.742264493721798
0.7370628175904156
0.7443344859232985
0.7258195797984661
0.7395734338963801
0.7315353519231551
0.7373590160061944
0.7468829729489855
0.7386754443505168
0.7437370321884892
0.7399695962519107
0.7284686358134621
0.7364297662392516
0.7379175032286122
0.7402020527400336
0.7505617864846574
0.7260409437505829
0.7461694878695369
0.7387818638846335
0.742269120056887
0.7338626017595214
0.7425747522614592
0.737467800835346
0.7434341946773375
0.7359251401443196
0.7494747524888655
0.7315552289810686
0.7381777261726917
0.73729721249759
0.7387057238025058
0.7374094927775743
0.7372234568510952
0.7306892585571738
0.7408254996947958
0.737827368163476
0.7431261602628689
0.7390972670266556
0.7188445729731875
0.7400116400179604
0.7394099786621764
0.7359301404988718
0.7370462219114207
0.7469641284097994
0.7386948241544253
0.7356013568295395
0.7376173262843287
0.7487437951584326
0.7261829758228596
0.7363316093073218
0.7333444989499974
0.7391618970105464
0.738881667177349
0.738881667177349
0.7470070513751835
0.7371726554317308
0.7336635691248059
0.73729721249759
0.7372234568510952
0.7386239293613848
0.7373119320993208
0.7369734025936059
0.7421305258985091
0.7403797153367216
0.7392612616424766
0.7404851087621519
0.7333444989499974
0.7400116400179604
0.7331480347590486
0.7602533156336899
0.7378710675137152
0.7369195587908886
0.7362994700294642
0.7388898818393859
0.7370676133483967
0.7341537906715566
0.7369360038789301
0.7389759007740911
0.7191142889020664
0.7376298272506516
0.7453119133666473
0.7282086985331964
0.7366476018710234
0.7261829758228596
0.7379639420795551
0.7395655474633479
0.7400170624617547
0.744828637114479
0.7374231585255556
0.7367737374715024
0.7356013568295395
0.7340609355332502
0.7423477989563517
0.7365368720613448
0.7328079332830534
0.7298062398855085
0.7386948241544253
0.7431261602628689
0.7480935207872957
0.7321677329247543
0.7348452213401835
0.7381595149291477
0.7360209027194751
0.7370676133483967
0.7356785741002817
0.7432451359724213
0.29570449862908654
0.7375048539774314
0.7373033670875643
0.7400792125874127
0.7354911233836572
0.731833830134641
0.7373033670875643
0.7378710675137152
0.7484991272073832
0.744828637114479
0.7383580417141052
0.7495324212986846
0.31070121269092144
0.7390972670266556
0.7361263465532987
0.7331480347590486
0.7306892585571738
0.7209813598909172
0.7387784019434935
0.7321677329247543
0.7432451359724213
