0.34813904752129954
0.325140050050347
0.7989903122815325
0.7653931210059407
0.2515905169629847
0.3094215006707851
0.4330390303104776
0.7341421028813024
0.7196843891621753
0.709374214839031
0.32784796394566307
0.7188456555046178
0.30028951773421175
0.7653931210059407
0.7588528743946448
0.7693195655827916
0.32495936195433534
0.27610153350636263
0.7519600362843253
0.8890058206645843
0.8275114024827611
0.6816810813502946
0.12074284966417748
0.6685255567454029
0.33140716696974387
0.3489885185054389
0.18609254603994252
0.7291458341819157
0.7791263154924397
0.6731260124432502
0.7173797378604354
0.7173797378604354
0.7239641170468153
0.7643497624522982
0.7188456555046178
0.2820123962603175
0.7501689273167473
0.7558968645303942
0.5726477417672313
0.4207253931467668
0.7893137824339806
0.3192469000820828
0.7951098555209671
0.7167819301204652
0.12248010689134814
0.3434331856551991
0.7478340757982759
0.31070121269092144
0.3002744868569525
0.5435321686393143
0.7341421028813024
0.7588528743946448
0.7501689273167473
0.3228486865417868
0.7891025028827872
0.08572038721099129
0.3831273670948837
0.17851073219073577
0.7517899276165264
0.7886795876045092
0.7162073213964304
0.036321181066479524
0.33140716696974387
0.18627905553766413
0.762277938963569
0.7383384221485572
0.12074284966417748
0.6685255567454029
0.2321721919816602
0.7519600362843253
0.7167819301204652
0.33369352155624765
0.3578942829644576
0.22903839747385915
0.7478340757982759
0.7697604148670832
0.7395751602166248
0.7766906382939076
0.3781079796802402
0.2439231540063071
0.7581065429041093
0.8464538152124182
0.41829715476344864
0.7791263154924397
0.7091393329956597
0.771192020451579
0.5826841660972812
0.41829715476344864
0.629034611383573
0.9859307576410119
0.30028951773421175
0.23374188322646614
0.8190991448282887
0.7209286226626052
0.952427676042334
0.7701295125468077
0.7766906382939076
0.587019455494685
0.4885429569486838
0.7893137824339806
0.4207253931467668
0.762277938963569
0.661426435384054
0.7265860462000916
0.7343275513170162
0.18627905553766413
0.27610153350636263
0.7608484221674919
0.7341421028813024
0.3638231624860182
0.7934570017611009
0.34813904752129954
0.672589400694128
0.6129163634808458
0.7167819301204652
0.37931015086978115
0.32103186149295004
0.7196843891621753
0.8464538152124182
0.4330390303104776
0.2129180350305123
0.8364689360848301
0.6800141329414893
0.7475127293233313
0.732282186813724
0.7836912189375117
0.7539845289846542
0.8272165773525448
0.48682650244174697
0.17851073219073577
0.35053095938186507
0.33223670430166036
0.8029480188103597
0.2129180350305123
0.34181127312010867
0.8347453917342893
0.10848961237023313
0.7244630384427927
0.7697604148670832
0.4207253931467668
0.33140716696974387
0.8272165773525448
0.29461561599602026
0.33603786688091786
0.6816810813502946
0.32103186149295004
0.2959467105353578
0.25925787991966226
0.6224839653119876
0.3781079796802402
0.7836912189375117
0.8275114024827611
0.34813904752129954
0.44269120658904193
0.3002744868569525
0.8101660394040566
0.7096260341761893
0.22798692563971712
0.8351240759056755
0.38250800268839646
0.771192020451579
0.7364676169578316
0.7545986626492392
0.7096260341761893
0.28488217552225875
0.7802841509644637
0.7643497624522982
0.7188456555046178
0.34913381227673435
0.041841443286560254
0.8824653188576828
0.3228486865417868
0.6584689810927156
0.4330390303104776
0.24828129548837297
0.8132382067212424
0.7738733521776598
0.7545986626492392
0.06673885541815547
0.7177824945791578
0.3546242838517866
0.2439231540063071
0.7517899276165264
0.2959467105353578
0.2221005218645661
0.7357586481779266
0.7704643713817846
0.4362188825351181
0.7791263154924397
0.5726477417672313
0.6224839653119876
0.5771878514810996
0.8275114024827611
0.8132382067212424
0.2766104613095372
0.28488217552225875
0.7934570017611009
0.6685255567454029
0.7244630384427927
0.250082147950607
0.587019455494685
0.7499291309656796
0.23889442269344638
0.4113964319249802
0.5472846838004914
0.5188587026351363
0.308474877331971
0.6935743108814353
0.5383218605801962
0.32784796394566307
0.23919254449439734
0.7042557855823968
0.6681590507053679
0.701430932721338
0.44269120658904193
0.4285536699117648
0.6835329558796447
0.4054374876712513
0.3612730305304235
0.27610153350636263
0.2515905169629847
0.7539845289846542
0.2703319409555701
0.3831273670948837
0.7738733521776598
0.7541517386152492
0.7588528743946448
0.6835329558796447
0.8195286746230322
0.2432699497368735
0.7177824945791578
0.6971841137960979
0.7893137824339806
0.23911210000146788
0.6800141329414893
0.661426435384054
0.8029480188103597
0.7989903122815325
0.6731260124432502
0.7306948189793581
0.7274565543489113
0.31070121269092144
0.32784796394566307
0.325140050050347
0.3995779024004537
0.6816810813502946
0.709374214839031
0.7760472643792823
0.325140050050347
0.7265860462000916
