0.43736059721541504
0.43592926521033853
0.4362402530107346
0.4363943673232595
0.43737767721450554
0.4376967603028219
0.4363341250207087
0.4365873085258794
0.4358438978330126
0.43590025350134987
0.43572631089343744
0.43520820352371564
0.4364261111759991
0.4363899989756795
0.43656611757062436
0.4370698717142927
0.43592910123344186
0.43539885082948926
0.43490771419964336
0.4370698717142927
0.436186934953775
0.43133740739856274
0.43724632633873634
0.43676801664952397
0.43539885082948926
0.436166786426633
0.4356662441129879
0.43642214919982397
0.43557782720345584
0.44281169182999847
0.4364286508536824
0.4363899989756795
0.4375040829825083
0.43585375363491935
0.4362820073766079
0.4361325399073876
0.4363899989756795
0.4362135827888763
0.4367372556303877
0.43572631089343744
0.4361008641798528
0.43615534382782445
0.4352212840588488
0.4364286508536824
0.4353170962210498
0.43558816846025167
0.43578116340161566
0.4322534775913671
0.4362081220513891
0.4366296284066864
0.4357173751132452
0.437174768325731
0.4376850088400044
0.43393236408099906
0.43699119735030945
0.43618491910878426
0.43591354764771717
0.4365873085258794
0.4366773811865879
0.43568341757756746
0.437174768325731
0.43631366424996687
0.4357253196961039
0.4357173751132452
0.43637022123576047
0.43375738612666276
0.4358981090830443
0.43763423787613687
0.4356438507159381
0.4352009756615654
0.4372306109240131
0.4355937964135942
0.43688633244957176
0.4364261111759991
0.4366773811865879
0.43621199179145465
0.43133740739856274
0.43613646877802914
0.436166786426633
0.435320231385979
0.43699119735030945
0.43557782720345584
0.4351477384550291
0.4380500002398115
0.43590025350134987
0.43709430012918676
0.4296917288797157
0.43813809951447896
0.43615534382782445
0.44060531643379003
0.43839674626399305
0.4376967603028219
0.43638594728372276
0.4349749348736733
0.4352936376142467
0.43466721630071947
0.4363369280440843
0.43524944489051437
0.4369803163148971
0.4349897448000506
0.4363614055639234
0.435206261621774
0.43656611757062436
0.43656611757062436
0.4357082148684015
0.4382429651228606
0.43652240595540553
0.43721989015963003
0.436186934953775
0.439871809985328
0.4318289006874067
0.43737767721450554
0.4362081220513891
0.4322534775913671
0.43490771419964336
0.43752969151612703
0.435263200495521
0.4316659528432796
0.4358815610305615
0.4363341250207087
0.4376819768755413
0.4367024159646022
0.43657975847903135
0.43393236408099906
0.43651467851322473
0.4353178268352948
0.43592926521033853
0.435320231385979
0.4358076016531875
0.4349749348736733
0.4358147497146609
0.4352049540923118
0.43588425398912684
0.43520820352371564
0.44723176657902
0.4358438978330126
0.4357253196961039
0.4358773737465223
0.4363837596846538
0.43594700977034256
0.43568392289876906
0.4356093999349709
0.43677651965186737
0.43597282196298254
0.4365104729545832
0.4363943673232595
0.43574867983473103
0.4354481817004332
0.4358076016531875
0.435240162602814
0.43568392289876906
0.43724632633873634
0.4366359074201734
0.43620453974967677
0.43871714631234754
0.43674201887419756
0.4380084196135352
0.4346902579545629
0.4344981160693692
0.4360405621295305
0.4356031991974813
0.436186934953775
0.437863526899303
0.4354475808435538
0.43659277268969204
0.4347335486719642
0.4377247007360375
0.4354193634828715
0.4367309483553783
0.43736059721541504
0.43539780576712844
0.43572631089343744
0.43787053341651844
0.43490771419964336
0.43874677019033026
0.4363837596846538
0.43655466970163265
0.4360405621295305
0.43607730041896653
0.43520820352371564
0.43803634388363255
0.4365104729545832
0.44281169182999847
0.43631366424996687
0.4364356492483503
0.4356312399843442
0.43607730041896653
0.43642214919982397
0.4435449404909597
0.4363341250207087
0.4323674894460376
0.4362729726832211
0.43488595699476634
0.43609542338909363
0.4328612701442421
0.4352757162963623
0.4356232217276827
0.43601670367974665
0.4356312399843442
0.4365040669853985
0.43592926521033853
0.4369803163148971
0.4354481817004332
0.43133740739856274
0.4367372556303877
0.43587242231267287
0.4380084196135352
0.43737767721450554
0.4363272305380142
0.43638594728372276
0.43504856077325543
0.4370698717142927
0.4361595465676105
0.4357173751132452
0.43559950541519454
0.4372567987676547
0.4353872790715912
0.43649690417329373
0.436166786426633
0.4376967603028219
0.43539780576712844
0.43752969151612703
0.43562978475045583
0.4350053819542607
0.4354475808435538
0.4358753393563988
0.43489690760788585
0.4339066723503871
0.43321160557652205
0.43539298342546734
0.4369220440250658
0.43649088106513234
0.43521366030503766
0.4370537692208487
0.4358747934737884
0.4345564252821343
0.4365182661964908
0.4370537692208487
0.43631133785285453
0.4366296284066864
0.43573228260760694
0.43601670367974665
0.4365873085258794
0.43590025350134987
0.4366296284066864
0.4370434805601966
0.43613646877802914
0.4362402530107346
0.435206261621774
0.43783117623542905
