0.6583170491771735
0.6583170491771735
0.6583170491771735
0.6583170491771735
0.27380378650119813
0.2737979255843115
0.6583170491771735
0.6583170491771735
0.6583170491771735
0.6583170491771735
0.6583170491771735
0.2738006130542988
0.6583170491771735
0.2738026284347991
0.27379874117469005
0.6583170491771735
0.2738045987312291
0.27380350147336685
0.6583170491771735
0.27379767918993164
0.6583170491771735
0.6583170491771735
0.6583170491771735
0.2738078752620254
0.6583170491771735
0.6583170491771735
0.6583170491771735
0.6583170491771735
0.27380146459470855
0.27379808428316993
0.2738045987312291
0.27380475208669963
0.6583170491771735
0.6583170491771735
0.27384672680347405
0.2738167695258944
0.27379861509062103
0.6583170491771735
0.6583170491771735
0.6583170491771735
0.27379874117469005
0.6583170491771735
0.6583170491771735
0.6583170491771735
0.6583170491771735
0.6583170491771735
0.6583170491771735
0.6583170491771735
0.6583170491771735
0.2737993878969287
0.6583170491771735
0.6583170491771735
0.6583170491771735
0.6583170491771735
0.6583170491771735
0.2738026284347991
0.6583170491771735
0.6583170491771735
0.6583170491771735
0.6583170491771735
0.2738095849900748
0.2738003914622412
0.27380163257400936
0.6583170491771735
0.2738467561497745
0.6583170491771735
0.2737982023702814
0.27380349419904737
0.6583170491771735
0.6583170491771735
0.6583170491771735
0.6583170491771735
0.6583170491771735
0.2738004703122002
0.2754802056391162
0.6583170491771735
0.6583170491771735
0.2742171604594027
0.6583170491771735
0.2737989384618124
0.27379745514995424
0.2742171604594027
0.6583170491771735
0.6583170491771735
0.6583170491771735
0.6583170491771735
0.6583170491771735
0.6583170491771735
0.6583170491771735
0.2738005998091878
0.6583170491771735
0.6583170491771735
0.6583170491771735
0.6583170491771735
0.2738462593575505
0.2750582434552001
0.6583170491771735
0.6583170491771735
0.6583170491771735
0.6583170491771735
0.6583170491771735
0.2737976623383002
0.6583170491771735
0.27380350147336685
0.6583170491771735
0.6583170491771735
0.6583170491771735
0.6583170491771735
0.6583170491771735
0.2750582434552001
0.6583170491771735
0.6583170491771735
0.6583170491771735
0.6583170491771735
0.6583170491771735
0.27380383132965597
0.6583170491771735
0.2738006130542988
0.6583170491771735
0.2737975263853706
0.6583170491771735
0.27379861509062103
0.6583170491771735
0.27379971827821326
0.6583170491771735
0.27379724796160826
0.6583170491771735
0.2738016620398579
0.6583170491771735
0.6583170491771735
0.6583170491771735
0.2737979255843115
0.6583170491771735
0.6583170491771735
0.6583170491771735
0.2738017143798336
0.6583170491771735
0.6583170491771735
0.27379778391112997
0.6583170491771735
0.27379684075156374
0.27380146459470855
0.2737977037692967
0.2737977037692967
0.6583170491771735
0.6583170491771735
0.27380539178311913
0.6583170491771735
0.6583170491771735
0.6583170491771735
0.2772207317889958
0.6583170491771735
0.6583170491771735
0.6583170491771735
0.6583170491771735
0.6583170491771735
0.27380280896485365
0.6583170491771735
0.6583170491771735
0.6583170491771735
0.27380166493965774
0.2738060637291938
0.6583170491771735
0.2809356746275353
0.6583170491771735
0.6583170491771735
0.6583170491771735
0.6583170491771735
0.27384672680347405
0.27379912840744147
0.6583170491771735
0.6583170491771735
0.6583170491771735
0.6583170491771735
0.2809356746275353
0.6583170491771735
0.6583170491771735
0.6583170491771735
0.27381061226548986
0.6583170491771735
0.273807665902047
0.6583170491771735
0.2737987485944315
0.6583170491771735
0.2737983687814215
0.6583170491771735
0.2738034726938607
0.6583170491771735
0.2772207317889958
0.6583170491771735
0.27379778391112997
0.6583170491771735
0.6583170491771735
0.6583170491771735
0.6583170491771735
0.6583170491771735
0.6583170491771735
0.2754802056391162
0.6583170491771735
0.6583170491771735
0.6583170491771735
0.2738030695647785
0.6583170491771735
0.27379912572444765
0.6583170491771735
0.27379960746623055
0.6583170491771735
0.6583170491771735
0.2737997782867564
0.27381003969469275
0.6583170491771735
0.6583170491771735
0.6583170491771735
0.6583170491771735
0.6583170491771735
0.2738462593575505
0.6583170491771735
0.6583170491771735
0.6583170491771735
0.2738083103236222
0.2809356746275353
0.2738017143798336
0.6583170491771735
0.27380150884409055
0.6583170491771735
0.6583170491771735
0.27380313896785474
0.6583170491771735
0.6583170491771735
0.27384403928144985
0.27382319506245684
0.2738490494757838
0.2737968298374913
0.6583170491771735
0.6583170491771735
0.6583170491771735
0.27380166493965774
0.6583170491771735
0.6583170491771735
0.6583170491771735
0.2738005998091878
0.6583170491771735
0.6583170491771735
0.6583170491771735
0.6583170491771735
0.6583170491771735
0.6583170491771735
0.6583170491771735
0.6583170491771735
0.2738083103236222
