0.6747278589356457
0.6749251679686994
0.6697971577161506
0.6771439623364277
0.2859861866571859
0.15744297620645364
0.6778104108102883
0.6774640395995639
0.6631939328142986
0.6741238865345414
0.6624540929407282
0.26960958539723257
0.6725920035163984
0.28616851168549073
0.2350255931666304
0.6676282886924857
0.20904036968411827
0.6263487871310254
0.6602909552276035
0.2752295541227079
0.43813401477934144
0.5077485248130722
0.6703429029522903
0.27521371133559475
0.645891307515224
0.677694578021901
0.6429864092813493
0.6748234211693924
0.272317594469127
0.2446501222664201
0.2350255931666304
0.2632158482292616
0.6192294551088532
0.6526797661801103
0.2520466291637228
0.2520466291637228
0.2773571252789583
0.6631939328142986
0.7037203085910126
0.6698351946566019
0.2070146110499259
0.6729002125386464
0.6485453985123709
0.6739470090978816
0.6631939328142693
0.6717433621411963
0.6270745188546444
0.6414803914952152
0.6748627166844974
0.23892818179738456
0.6817369945404199
0.6022642994071314
0.6625542703638636
0.7037203085910126
0.6495064349088258
0.31700930744802464
0.6727402816191929
0.6386839312822727
0.6949160396474874
0.6721920480201173
0.3163000457256118
0.28616851168549073
0.24900249102820676
0.6624540929407282
0.28522435938257185
0.6754467479114136
0.32234679935886923
0.24779397852327167
0.6700705534368177
0.6739470060808113
0.6746095557690033
0.6600573028633088
0.6495064349088258
0.338101963609334
0.2859597662170218
0.677624366125552
0.655939023595503
0.15744297620645364
0.6725920035163984
0.1624407592116902
0.2070146110499259
0.20904036968474665
0.6414803914952152
0.6700086612157279
0.6656022004550005
0.6263487871310254
0.6817369945404199
0.6771439623364277
0.6777194909277061
0.359516852270121
0.5829544542377247
0.6332546210663824
0.6704152777840338
0.6022642994071314
0.29495616713999107
0.26960958539723257
0.6414803918259303
0.6607377304324
0.6734104050135692
0.565529918044792
0.6656022004550005
0.2696543643283996
0.6748698336380836
0.30739349476917566
0.6703828578980771
0.6734104050135692
0.6721920480201173
0.6911058327334159
0.5829544542377247
0.359516852270121
0.5862073518355246
0.8546884758138307
0.6765638018976406
0.6911058327334159
0.680812822044069
0.338101963609334
0.6777194909277061
0.1624407592116902
0.6739470060808113
0.2438668842075652
0.5077485248130722
0.15744297620645364
0.6988387070784687
0.31700930744802464
0.6746601232041173
0.2438668842075652
0.6414803913114846
0.2933646633415822
0.655939023595503
0.6741238865345414
0.634698701857302
0.15744297620645364
0.6765638018976406
0.7593751102748962
0.6612686399363272
0.2913052725340973
0.6774640395995639
0.6704152777840338
0.24465012304970937
0.6600573028633088
0.24900249102820676
0.1624407592116902
0.235036363745505
0.235036363745505
0.6988387070784687
0.6703828578980771
0.3742087870711941
0.6988387070784687
0.6899902697814074
0.672432646775696
0.2752295541227079
0.6717433621411963
0.6137104354395795
0.6137104354395795
0.6270745188546444
0.43813401477934144
0.2933646633415822
0.6748627166844974
0.6748234211693924
0.6722316254566771
0.2446501222664201
0.3163000457256118
0.680812822044069
0.565529918044792
0.6748656075210442
0.6485453985123709
0.6625542703638636
0.6697971577161506
0.26213649076534473
0.23892818179738456
0.5862073518355246
0.6700705534368177
0.6594843869255982
0.6748050354850621
0.2859597662170218
0.6602909552276035
0.586207221963783
0.6749251679686994
0.3742087870711941
0.6582791667316671
0.2913052725340973
0.6700086612157279
0.20701461104992602
0.6625542703638636
0.20701461104992602
0.634698701857302
0.2621996815452522
0.6745838736355956
0.2752295541227079
0.6676282886924857
0.24465012304970937
0.6775787452335138
0.6729002125386464
0.6698351946566019
0.5829544542377247
0.6754467479114136
0.6708893732619654
0.20904036968411827
0.6386839312822727
0.6192294551088532
0.6526797661801103
0.15744297620645364
0.6612686399363272
0.32234679935886923
0.586207221963783
0.2621996815452522
0.8546884758138307
0.6582791667316671
0.272317594469127
0.2852243656700557
0.6607377304324
0.677624366125552
0.6748708206298775
0.672432646775696
0.6346135066664498
0.29495616713999107
0.6748719466966033
0.5862076657715084
0.645891307515224
0.2800871714022315
0.2632158482292616
0.2773571252789583
0.6332546210663824
0.27521371133559475
0.7593751102748962
0.6703429029522903
0.2859861866571859
0.6429864092813493
0.6949160396474874
0.28522435938257185
0.30739349476917566
0.26213649076534473
0.2696543643283996
0.6777447617317478
0.6748708206298775
0.6727402816191929
0.359516852270121
0.6710006044525008
0.6778070826376786
0.6765893713965123
0.24779397852327167
0.680812822044069
0.6346135066664498
0.6747278589356457
0.6899902697814074
0.6765893713965123
0.6711118356430361
0.677694578021901
0.6777447617317478
0.2800871714022315
