0.6583170491771735
0.6583170491771735
0.6583170491771735
0.6583170491771735
0.27305005061128096
0.27600652336201376
0.6583170491771735
0.6583170491771735
0.6583170491771735
0.6583170491771735
0.6583170491771735
0.2723688248264344
0.6583170491771735
0.27239953776687825
0.2723340174377575
0.6583170491771735
0.2721215071694657
0.273747360781367
0.6583170491771735
0.27210585403825926
0.6583170491771735
0.6583170491771735
0.6583170491771735
0.2725382216479627
0.6583170491771735
0.6583170491771735
0.6583170491771735
0.6583170491771735
0.27257806930845463
0.27401058718006877
0.2719757104773773
0.272260522468172
0.6583170491771735
0.6583170491771735
0.2718824373009194
0.27183677637841414
0.2721116364171825
0.6583170491771735
0.6583170491771735
0.6583170491771735
0.27216815088445767
0.6583170491771735
0.6583170491771735
0.6583170491771735
0.6583170491771735
0.6583170491771735
0.6583170491771735
0.6583170491771735
0.6583170491771735
0.2721313307209738
0.6583170491771735
0.6583170491771735
0.6583170491771735
0.6583170491771735
0.6583170491771735
0.272260522468172
0.6583170491771735
0.6583170491771735
0.6583170491771735
0.6583170491771735
0.27210581276934953
0.2723340174377575
0.2721061480206531
0.6583170491771735
0.27190522168353193
0.6583170491771735
0.2721753196436554
0.27255463811250036
0.6583170491771735
0.6583170491771735
0.6583170491771735
0.6583170491771735
0.6583170491771735
0.27401058718006877
0.2725515373335924
0.6583170491771735
0.6583170491771735
0.27242822355895496
0.6583170491771735
0.2728464681079129
0.27227811794961543
0.27257413412974
0.6583170491771735
0.6583170491771735
0.6583170491771735
0.6583170491771735
0.6583170491771735
0.6583170491771735
0.6583170491771735
0.2721493932570933
0.6583170491771735
0.6583170491771735
0.6583170491771735
0.6583170491771735
0.2965450574120998
0.27242822355895496
0.6583170491771735
0.6583170491771735
0.6583170491771735
0.6583170491771735
0.6583170491771735
0.27255463811250036
0.6583170491771735
0.2965450574120998
0.6583170491771735
0.6583170491771735
0.6583170491771735
0.6583170491771735
0.6583170491771735
0.27224505896726386
0.6583170491771735
0.6583170491771735
0.6583170491771735
0.6583170491771735
0.6583170491771735
0.27600652336954445
0.6583170491771735
0.2723688248264344
0.6583170491771735
0.27257806930845463
0.6583170491771735
0.2721116364171825
0.6583170491771735
0.2721899576923828
0.6583170491771735
0.2724678205931019
0.6583170491771735
0.2726234580973868
0.6583170491771735
0.6583170491771735
0.6583170491771735
0.27600652336201376
0.6583170491771735
0.6583170491771735
0.6583170491771735
0.27286067010060194
0.6583170491771735
0.6583170491771735
0.2722405477411991
0.6583170491771735
0.2721061480206531
0.2728464681079129
0.27227811794961543
0.27220573077645027
0.6583170491771735
0.6583170491771735
0.2786973247021309
0.6583170491771735
0.6583170491771735
0.6583170491771735
0.28407271900222664
0.6583170491771735
0.6583170491771735
0.6583170491771735
0.6583170491771735
0.6583170491771735
0.2726234580973868
0.6583170491771735
0.6583170491771735
0.6583170491771735
0.2719757104773773
0.27210581276934953
0.6583170491771735
0.28444705908196577
0.6583170491771735
0.6583170491771735
0.6583170491771735
0.6583170491771735
0.2712873366567583
0.2721606442066783
0.6583170491771735
0.6583170491771735
0.6583170491771735
0.6583170491771735
0.28444705908196577
0.6583170491771735
0.6583170491771735
0.6583170491771735
0.2786973247021309
0.6583170491771735
0.2725478860606225
0.6583170491771735
0.27215208649891537
0.6583170491771735
0.27213170027928224
0.6583170491771735
0.2723424797542763
0.6583170491771735
0.28407271900222664
0.6583170491771735
0.27224505896726386
0.6583170491771735
0.6583170491771735
0.6583170491771735
0.6583170491771735
0.6583170491771735
0.6583170491771735
0.27254020383051053
0.6583170491771735
0.6583170491771735
0.6583170491771735
0.27250856109842747
0.6583170491771735
0.2721753196436554
0.6583170491771735
0.2721132919136615
0.6583170491771735
0.6583170491771735
0.27220573077645027
0.2725391002309318
0.6583170491771735
0.6583170491771735
0.6583170491771735
0.6583170491771735
0.6583170491771735
0.2965450574120998
0.6583170491771735
0.6583170491771735
0.6583170491771735
0.27338806250033887
0.28444705908196577
0.27286067010060194
0.6583170491771735
0.27250856109842747
0.6583170491771735
0.6583170491771735
0.273747360781367
0.6583170491771735
0.6583170491771735
0.27190522168353193
0.27183677637841414
0.2712873366567583
0.27255445984374205
0.6583170491771735
0.6583170491771735
0.6583170491771735
0.2720075734836685
0.6583170491771735
0.6583170491771735
0.6583170491771735
0.2725382216479627
0.6583170491771735
0.6583170491771735
0.6583170491771735
0.6583170491771735
0.6583170491771735
0.6583170491771735
0.6583170491771735
0.6583170491771735
0.27338806250033887
