0.6583170491771735
0.6583170491771735
0.6583170491771735
0.6583170491771735
0.27324106147330207
0.2732410614727836
0.6583170491771735
0.6583170491771735
0.6583170491771735
0.6583170491771735
0.6583170491771735
0.27324106147589544
0.6583170491771735
0.2732410614731382
0.2732410614664784
0.6583170491771735
0.27324106147778354
0.27324106147215343
0.6583170491771735
0.27324106147394167
0.6583170491771735
0.6583170491771735
0.6583170491771735
0.27492955127159946
0.6583170491771735
0.6583170491771735
0.6583170491771735
0.6583170491771735
0.2732410614781308
0.2732410614724346
0.27324106147453175
0.2732410614745538
0.6583170491771735
0.6583170491771735
0.27324106144458804
0.27324106146034777
0.27324106147681543
0.6583170491771735
0.6583170491771735
0.6583170491771735
0.27324106148503025
0.6583170491771735
0.6583170491771735
0.6583170491771735
0.6583170491771735
0.6583170491771735
0.6583170491771735
0.6583170491771735
0.6583170491771735
0.27324106147976435
0.6583170491771735
0.6583170491771735
0.6583170491771735
0.6583170491771735
0.6583170491771735
0.2732410614669857
0.6583170491771735
0.6583170491771735
0.6583170491771735
0.6583170491771735
0.27324106146509475
0.27324106146925475
0.27324106147215343
0.6583170491771735
0.27885600236767083
0.6583170491771735
0.27324106147759
0.27324106146795
0.6583170491771735
0.6583170491771735
0.6583170491771735
0.6583170491771735
0.6583170491771735
0.2732410614762526
0.27324106147787697
0.6583170491771735
0.6583170491771735
0.27324106147589544
0.6583170491771735
0.2732410614823339
0.2732410614828448
0.27324106148210714
0.6583170491771735
0.6583170491771735
0.6583170491771735
0.6583170491771735
0.6583170491771735
0.6583170491771735
0.6583170491771735
0.2732410614772631
0.6583170491771735
0.6583170491771735
0.6583170491771735
0.6583170491771735
0.2732410614700998
0.2732410614778604
0.6583170491771735
0.6583170491771735
0.6583170491771735
0.6583170491771735
0.6583170491771735
0.2732410614761213
0.6583170491771735
0.2732410614622225
0.6583170491771735
0.6583170491771735
0.6583170491771735
0.6583170491771735
0.6583170491771735
0.27324106147787697
0.6583170491771735
0.6583170491771735
0.6583170491771735
0.6583170491771735
0.6583170491771735
0.2732410614762526
0.6583170491771735
0.27324106147976435
0.6583170491771735
0.2732410614731382
0.6583170491771735
0.27324106148184046
0.6583170491771735
0.27324106147330207
0.6583170491771735
0.27324106148503025
0.6583170491771735
0.2732410614643458
0.6583170491771735
0.6583170491771735
0.6583170491771735
0.2732410614818815
0.6583170491771735
0.6583170491771735
0.6583170491771735
0.27324106147085303
0.6583170491771735
0.6583170491771735
0.2732410614778604
0.6583170491771735
0.2732410614772352
0.2732410614823339
0.27324106148210714
0.2732410614811917
0.6583170491771735
0.6583170491771735
0.275267249231654
0.6583170491771735
0.6583170491771735
0.6583170491771735
0.2843198860004992
0.6583170491771735
0.6583170491771735
0.6583170491771735
0.6583170491771735
0.6583170491771735
0.27324106146844945
0.6583170491771735
0.6583170491771735
0.6583170491771735
0.2732410614724346
0.2732410614691762
0.6583170491771735
0.28444705908196577
0.6583170491771735
0.6583170491771735
0.6583170491771735
0.6583170491771735
0.27324106144458804
0.2732410614791167
0.6583170491771735
0.6583170491771735
0.6583170491771735
0.6583170491771735
0.28444705908196577
0.6583170491771735
0.6583170491771735
0.6583170491771735
0.27492955127159946
0.6583170491771735
0.27324106146509475
0.6583170491771735
0.2732410614803566
0.6583170491771735
0.27324106147394167
0.6583170491771735
0.2732410614745538
0.6583170491771735
0.2843198860004992
0.6583170491771735
0.2732410614723161
0.6583170491771735
0.6583170491771735
0.6583170491771735
0.6583170491771735
0.6583170491771735
0.6583170491771735
0.27324106148041105
0.6583170491771735
0.6583170491771735
0.6583170491771735
0.27324106148163263
0.6583170491771735
0.2732410614745924
0.6583170491771735
0.2732410614791167
0.6583170491771735
0.6583170491771735
0.2732410614811917
0.27324106146856175
0.6583170491771735
0.6583170491771735
0.6583170491771735
0.6583170491771735
0.6583170491771735
0.2843198860004992
0.6583170491771735
0.6583170491771735
0.6583170491771735
0.2732410614708232
0.28444705908196577
0.27324106147085303
0.6583170491771735
0.27324106148163263
0.6583170491771735
0.6583170491771735
0.27324106147251614
0.6583170491771735
0.6583170491771735
0.27885600236767083
0.27324106146034777
0.2732410614347529
0.2732410614761213
0.6583170491771735
0.6583170491771735
0.6583170491771735
0.27324106147601696
0.6583170491771735
0.6583170491771735
0.6583170491771735
0.27324106146795
0.6583170491771735
0.6583170491771735
0.6583170491771735
0.6583170491771735
0.6583170491771735
0.6583170491771735
0.6583170491771735
0.6583170491771735
0.27324106146856175
