0.7355051709713992
0.6908297258812881
0.7035172208818874
0.704050047166764
0.31934392118130095
0.15215230378451305
0.7077490775518505
0.704050047166764
0.6538971475675088
0.6807936947212971
0.6154917292834672
0.40786139012241496
0.6883389179280999
0.2446996076348188
0.3110261175302053
0.6983747258531163
0.24469960758225737
0.7025108297884703
0.6538971472927739
0.2545004708917874
0.2925898681578748
0.36678282157712255
0.6986502858804875
0.2417128051789854
0.6908303693342344
0.7043896282926041
0.2699570889034655
0.6996531689342491
0.23329811754370092
0.40786139012241496
0.10380064172610512
0.24115503776637415
0.6147899854169594
0.6147899854169594
0.26393264727601473
0.2639322721611001
0.2978845963412221
0.7079665378404689
0.7481592798330449
0.6953364271761058
0.1437841725722942
0.5859344912913002
0.5653025098123547
0.8000283354369497
0.5903351244916809
0.6259614589624465
0.7135420322427118
0.6894287420874409
0.7106782301399898
0.23656696114897005
0.7247618658638597
0.5400129848319797
0.6413365161031548
0.7035172208818874
0.7077490775518505
0.24469960760574228
0.612074649342072
0.5644188369277535
0.7135420322427118
0.6413846263193926
0.4329248372670126
0.3439132459042181
0.27360022037442844
0.7106782301399898
0.3110261175302053
0.6496806532950683
0.32740264067895
0.10380064172610512
0.6259614589624465
0.7555985809910439
0.6953821875100368
0.6996531689342491
0.711089019697938
0.338101963609334
0.3132407301373298
0.7621746901688617
0.711089019697938
0.16182616469498723
0.7247885376215162
0.1437841725722942
0.1437841725722942
0.24728676277485107
0.6987002938418527
0.3439132459042181
0.7247618638767932
0.5651056858354528
0.7481592798330461
0.650512123154236
0.7094188673425199
0.2925898681578748
0.5585134986598052
0.6952475103699174
0.7462587458623507
0.531099596123846
0.26393264727601473
0.23329811754370092
0.6894287420874409
0.6972462094934659
0.612074649342072
0.4658695980006108
0.7259872097188289
0.3235519935535225
0.7165717066216186
0.23538465493991195
0.6770708366520855
0.5651056858354528
0.6154917292834672
0.6315045799090948
0.5816406087051031
0.38420035568237243
0.4673470199232189
0.8546884758138307
0.7203420218794077
0.7807159056161415
0.6504454138940688
0.338101963609334
0.7807180627696717
0.13061203331608914
0.7555985809910439
0.1783894342905349
0.36678282157712255
0.16182616469498723
0.7463697268340694
0.32740264067895
0.7613418928538844
0.1783894342905349
0.6987002938418527
0.2717446054066161
0.6994427202587092
0.7025108297884703
0.650512123154236
0.15215230378451305
0.7203420218794077
0.7807205204423431
0.7061761725171487
0.35491973683769884
0.7259872097188289
0.7462809499071537
0.15341395290204285
0.6978331741601258
0.27360022037442844
0.13061203331608914
0.15341395290204285
0.1783894342905349
0.7463697268340694
0.6770708366520855
0.3958967826312787
0.746369744005714
0.6994427202587092
0.7283534959163962
0.2545004708917874
0.6925626252341756
0.6504961601544371
0.6504961601544371
0.6503946676342676
0.2978845963412221
0.2717446054066161
0.7247885376215162
0.5644188369277535
0.6978331741601258
0.10380064172610512
0.4329248372670126
0.7203420218794077
0.4658695980006108
0.7165717066216186
0.5653025098123547
0.5816406087051031
0.7247885376215162
0.2634128697726106
0.23656696114897005
0.6504454138940688
0.6848024665434614
0.5400129848319797
0.6952475103699174
0.3132407301373298
0.6986502858807208
0.6315045799090948
0.7462543050533881
0.3958967826312787
0.669390989611973
0.35491973683769884
0.7613418928538844
0.1437841725722942
0.6807936947212971
0.2699570889034655
0.6413846263193926
0.24728676277485107
0.7167802327101302
0.2699570412157076
0.6538971475675088
0.15341395290204285
0.7247618658638597
0.7481592798330449
0.6848024665434614
0.5816406087051031
0.6496806532950683
0.6883389179280999
0.24469960758225737
0.7807180627696717
0.531099596123846
0.669390989611973
0.15215230378451305
0.7061761725171487
0.32740264067895
0.3958967826312787
0.297884596354779
0.8546884758138307
0.6691351801625264
0.2417128051789854
0.2428577984800771
0.6972462094934659
0.7621746901688617
0.7167802327101302
0.7283534959163962
0.38420035568237243
0.2699570412157076
0.7094188673425199
0.4673470199232189
0.5585134986598052
0.31934392118130095
0.24115503776637415
0.29788459616431184
0.6413365161031548
0.1783894342905349
0.7807182130292423
0.6925626252341756
0.3193439189844694
0.4329248372670126
0.6995311194960523
0.26393304269851764
0.23538465493991195
0.2634128697726106
0.3235519935535225
0.7355051709713992
0.7108896955777204
0.5859344912913002
0.38420035568237243
0.6908297258812881
0.7462587458623507
0.6953821875100368
0.24171304432099977
0.8000283354369497
0.6986502858804875
0.6983747258531163
0.6315045799090948
0.695391339576823
0.5903351244916809
0.7043896282926041
0.6894285047229485
0.2428577984800771
