0.6704358256134655
0.6844277037498616
0.7087684359566672
0.8200875725974761
0.3092834915132652
0.1050899294958324
0.613857175383355
0.6889746276584994
0.7087684359566672
0.7402075854392176
0.7041374019530484
0.3186189055364913
0.7961240281549972
0.3114957565822072
0.2586560428215907
0.6704358256134655
0.1863342442236935
0.8053143218815676
0.7528712888428979
0.2522255913886543
0.27918463865576404
0.10972050900211659
0.6838758634863005
0.27660199249429207
0.6449738408825954
0.2845467523856078
0.27331503193411266
0.695391971631622
0.24334299354974032
0.32180004534408657
0.10380064172610512
0.1890400607750652
0.5098918420304155
0.5098918420304155
0.19050606915939106
0.4187626222143248
0.3186189055364913
0.8493918510943117
0.8024066040503741
0.5432006787673473
0.18386087937828552
0.7488057193846407
0.48911660570710563
0.8493918510943117
0.37851076703856446
0.8493918510943117
0.7420041949958982
0.7253415696394403
0.7933604867962689
0.10676159811863473
0.8278990043593994
0.5793995690475258
0.6771692715785844
0.825135881444547
0.6897564605717654
0.12831073756264613
0.7312241560234993
0.42831127381021544
0.6564534290989434
0.7042088155635615
0.39656058084569484
0.3114957565822072
0.2757386347332697
0.5452967976080272
0.3097697000512407
0.8784237078771873
0.42831127381021544
0.10380064172610512
0.6697830878078801
0.7840296694072544
0.7052154810592559
0.7037836546748151
0.6889746276584994
0.338101963609334
0.31670881359317105
0.8784237078771873
0.8784237078771873
0.17101899897716305
0.6628020544962614
0.10161262150479353
0.10972050900211659
0.1863342442236935
0.7253415696394403
0.2586560428215907
0.8504182109288654
0.28740070986457417
0.8278990043593994
0.8303787029433018
0.754782771267912
0.27918463865576404
0.5595973526405917
0.4187626222143248
0.8303787029433018
0.3887171363264238
0.12831073756264613
0.17101899897716305
0.7048433248284778
0.626977117176388
0.5904908917773908
0.5801918721480892
0.7087675424806363
0.31670881359317105
0.695391971631622
0.24545172953411548
0.5793995690475258
0.5904908917773908
0.7041374019530484
0.6819424512440053
0.4418549269990314
0.38194196536034697
0.43827009311780696
0.8835065681778851
0.6307766005395048
0.7799245169327043
0.8423260940666615
0.338101963609334
0.8784237078771873
0.10676159811863473
0.801696259453726
0.13871606224257077
0.4541383786940918
0.17101899897716305
0.7952378638512387
0.3092834915132652
0.7087657555285746
0.13871606224257077
0.6838864867512688
0.23710101116307103
0.5556497079230868
0.7402075854392176
0.7933604867962689
0.1050899294958324
0.7420041986807597
0.7877730826368476
0.7657981729250489
0.35515458813546713
0.7961240281549972
0.7840296694320319
0.14989294368701878
0.7037836546748151
0.2757386347332697
0.10161262150479353
0.14989294368701878
0.13871606224257077
0.7952378638512387
0.6844277037498616
0.39995561087194753
0.825135881444547
0.613857175383355
0.626977117176388
0.2522255913886543
0.5620866069173892
0.6321181310180124
0.6321181310180124
0.7420041949958982
0.3097697000512407
0.23710101116307103
0.6628020544962614
0.5556497079230868
0.754782771267912
0.10380064172610512
0.5688651347788265
0.7420041986807597
0.5801918721480892
0.6213541305726995
0.6449738408825954
0.5620866069173892
0.7488057193846407
0.48911660570710563
0.4310347931464277
0.43827009311780696
0.5688651347788265
0.5432006787673473
0.6004099768651712
0.31670881359884545
0.7840296694320319
0.4140032068274736
0.7914725414067121
0.39995561087194753
0.5098918420300569
0.35515458813546713
0.7877730826368476
0.18386087937828552
0.6771692715785844
0.27331503193411266
0.39656058084569484
0.3211350690241368
0.6710885634190508
0.2746125647909603
0.8504182109288654
0.14989294368701878
0.8278990043594032
0.8024066040503741
0.5688651347788265
0.4418549269990314
0.6004099768651712
0.7312241560234993
0.1863342442236935
0.8200875725974761
0.5098918420307741
0.7657981729250489
0.1050899294958324
0.7657981729250489
0.1890400607750652
0.4140032068274736
0.3211350690241368
0.8835065681778851
0.5452967976080272
0.24334299354974032
0.27660199249429207
0.7952378638512387
0.8784237078771873
0.7467095622873631
0.7914725414067121
0.3887171363264238
0.2746125647909603
0.8053143218815676
0.6838864867512688
0.5595973526405917
0.28740070986457417
0.1890400607750652
0.31543776572889604
0.7420041917034564
0.13871606224257077
0.805314321881959
0.6838843550328542
0.3092834915132652
0.4310347931464277
0.6564534290989434
0.19050606915939106
0.24545172953411548
0.2845467523856078
0.4541383786940918
0.801696259453726
0.7467095622873631
0.37851076703856446
0.38194196536034697
0.5205863457428788
0.7799245169327043
0.7052154810592559
0.27918083000387905
0.8423260940666615
0.6838758634863005
0.6307766005395048
0.6819424512440053
0.7047358882861066
0.5205863457428788
0.7087697810554399
0.7048433248284778
0.37851076703856446
