0.6599711858670656
0.6599711858670656
0.6599711858670656
0.6599711858670656
0.26633624356260754
0.27186972294700196
0.6599711858670656
0.6599711858670656
0.6599711858670656
0.6599711858670656
0.6599711858670656
0.26707634480301723
0.6599711858670656
0.2659692957226062
0.266065674893992
0.6599711858670656
0.2660006083760781
0.42160127044237244
0.6599711858670656
0.26707634480301723
0.6599711858670656
0.6599711858670656
0.6599711858670656
0.2671934221542738
0.6599711858670656
0.5982456643816105
0.5982456643816105
0.6599711858670656
0.2665477964300371
0.2672168548133426
0.266067869348855
0.34845457669505564
0.6599711858670656
0.6599711858670656
0.26623000077222986
0.2662471284717166
0.26607282158550144
0.6599711858670656
0.6462568015509962
0.6599711858670656
0.26601463231427425
0.6599711858670656
0.6599711858670656
0.6599711858670656
0.6599711858670656
0.6599711858670656
0.6599711858670656
0.6599711858670656
0.6599711858670656
0.2656415394130982
0.6599711858670656
0.6599711858670656
0.6599711858670656
0.6462568015509962
0.6599711858670656
0.2663949480902249
0.6599711858670656
0.6599711858670656
0.6599711858670656
0.6599711858670656
0.2661305691502767
0.26597065891508226
0.2660427023702282
0.6599711858670656
0.26700386698276224
0.6599711858670656
0.26618661173893077
0.26601642914550283
0.6599711858670656
0.6599711858670656
0.6599711858670656
0.6599711858670656
0.6599711858670656
0.28931936862605867
0.2865169872589709
0.6599711858670656
0.6599711858670656
0.2660729767717983
0.6599711858670656
0.26583429626222915
0.26601463231427425
0.2660607242080436
0.6599711858670656
0.6599711858670656
0.6599711858670656
0.6599711858670656
0.6599711858670656
0.6599711858670656
0.6599711858670656
0.266065674893992
0.6599711858670656
0.6599711858670656
0.6599711858670656
0.6599711858670656
0.2662297604804186
0.2661305691502767
0.6599711858670656
0.6599711858670656
0.6599711858670656
0.6599711858670656
0.6599711858670656
0.266015886144768
0.6599711858670656
0.34845457669505564
0.6599711858670656
0.6599711858670656
0.6599711858670656
0.6298715344822466
0.6599711858670656
0.2660671368045508
0.6599711858670656
0.6599711858670656
0.6599711858670656
0.6599711858670656
0.6599711858670656
0.28931936862605867
0.6599711858670656
0.26716185662458125
0.6599711858670656
0.2660166134011358
0.6599711858670656
0.2660729767717983
0.6599711858670656
0.2663949480902249
0.6599711858670656
0.26601683964096656
0.6599711858670656
0.2661682394506611
0.6599711858670656
0.6599711858670656
0.6599711858670656
0.27186972294700196
0.6599711858670656
0.6599711858670656
0.6599711858670656
0.2663341145667324
0.6599711858670656
0.6599711858670656
0.26605581203245654
0.6599711858670656
0.2660427023702282
0.26720788850353583
0.2660324215131241
0.26601683964096656
0.6599711858670656
0.6599711858670656
0.2812774709943664
0.6599711858670656
0.6599711858670656
0.6599711858670656
0.26611415320786497
0.6599711858670656
0.6599711858670656
0.6599711858670656
0.6599711858670656
0.6599711858670656
0.2663341145667324
0.6599711858670656
0.6599711858670656
0.6599711858670656
0.2672168548133426
0.26606924880102756
0.6599711858670656
0.3039537797772726
0.6599711858670656
0.6599711858670656
0.6599711858670656
0.6599711858670656
0.2662405365276805
0.2659692957226062
0.6298715344822466
0.6599711858670656
0.6599711858670656
0.6599711858670656
0.2865169872589709
0.6599711858670656
0.6298715344822466
0.6599711858670656
0.2812774709943664
0.6599711858670656
0.26813837531730217
0.6599711858670656
0.26578500218864237
0.6599711858670656
0.26578500218864237
0.6599711858670656
0.2660667728967725
0.6599711858670656
0.26611415320786497
0.6599711858670656
0.26605581203245654
0.6599711858670656
0.6599711858670656
0.6599711858670656
0.6599711858670656
0.6599711858670656
0.6599711858670656
0.2660006083760781
0.6599711858670656
0.6599711858670656
0.6599711858670656
0.26720788850353583
0.6599711858670656
0.26618661173893077
0.6298715344822466
0.2660667728967725
0.6599711858670656
0.6599711858670656
0.2671934221542738
0.26813837531730217
0.6599711858670656
0.6599711858670656
0.6599711858670656
0.6599711858670656
0.6599711858670656
0.2662297604804186
0.6599711858670656
0.6599711858670656
0.6599711858670656
0.2668463438563081
0.3039537797772726
0.26633624356260754
0.6599711858670656
0.266015886144768
0.6599711858670656
0.6599711858670656
0.42160127044237244
0.6599711858670656
0.6599711858670656
0.26700386698276224
0.2662473956456647
0.2662405365276805
0.2660324215131241
0.6599711858670656
0.6599711858670656
0.6599711858670656
0.2660671368045508
0.6599711858670656
0.6599711858670656
0.6599711858670656
0.2661682394506611
0.6599711858670656
0.6599711858670656
0.6599711858670656
0.6599711858670656
0.6599711858670656
0.6599711858670656
0.6599711858670656
0.6599711858670656
0.2668463438563081
