0.7340007216063875
0.31566978887090413
0.7340007216063875
0.7340007216063875
0.31566978887090413
0.7340007216063875
0.31566978887090413
0.31566978887090413
0.7340007216063875
0.31566978887090413
0.31566978887090413
0.31566978887090413
0.31566978887090413
0.31566978887090413
0.31566978887090413
0.31566978887090413
0.7340007216063875
0.7340007216063875
0.31566978887090413
0.31566978887090413
0.31566978887090413
0.7340007216063875
0.7340007216063875
0.31566978887090413
0.31566978887090413
0.31566978887090413
0.31566978887090413
0.31566978887090413
0.7340007216063875
0.7340007216063875
0.31566978887090413
0.31566978887090413
0.7340007216063875
0.31566978887090413
0.31566978887090413
0.7340007216063875
0.31566978887090413
0.31566978887090413
0.31566978887090413
0.7340007216063875
0.7340007216063875
0.7340007216063875
0.31566978887090413
0.31566978887090413
0.31566978887090413
0.7340007216063875
0.7340007216063875
0.31566978887090413
0.31566978887090413
0.31566978887090413
0.31566978887090413
0.31566978887090413
0.7340007216063875
0.7340007216063875
0.31566978887090413
0.31566978887090413
0.31566978887090413
0.7340007216063875
0.31566978887090413
0.31566978887090413
0.31566978887090413
0.31566978887090413
0.7340007216063875
0.7340007216063875
0.31566978887090413
0.31566978887090413
0.7340007216063875
0.31566978887090413
0.31566978887090413
0.31566978887090413
0.31566978887090413
0.7340007216063875
0.31566978887090413
0.2603914385679831
0.31566978887090413
0.31566978887090413
0.31566978887090413
0.7340007216063875
0.7340007216063875
0.31566978887090413
0.31566978887090413
0.31566978887090413
0.31566978887090413
0.31566978887090413
0.31566978887090413
0.31566978887090413
0.7340007216063875
0.7340007216063875
0.31566978887090413
0.7340007216063875
0.31566978887090413
0.31566978887090413
0.7340007216063875
0.31566978887090413
0.7340007216063875
0.7340007216063875
0.31566978887090413
0.7340007216063875
0.31566978887090413
0.31566978887090413
0.31566978887090413
0.31566978887090413
0.7340007216063875
0.31566978887090413
0.7340007216063875
0.31566978887090413
0.7340007216063875
0.31566978887090413
0.31566978887090413
0.31566978887090413
0.31566978887090413
0.31566978887090413
0.7340007216063875
0.31566978887090413
0.31566978887090413
0.7340007216063875
0.31566978887090413
0.31566978887090413
0.7340007216063875
0.31566978887090413
0.31566978887090413
0.8425468039324504
0.31566978887090413
0.7340007216063875
0.389644900248036
0.7340007216063875
0.31566978887090413
0.31566978887090413
0.31566978887090413
0.5114010366801576
0.928688973794391
0.7340007216063875
0.7340007216063875
0.7340007216063875
0.7340007216063875
0.31566978887090413
0.31566978887090413
0.31566978887090413
0.7340007216063875
0.31566978887090413
0.31566978887090413
0.3121712570992606
0.31566978887090413
0.9779555587659111
0.7340007216063875
0.31566978887090413
0.7340007216063875
0.31566978887090413
0.31566978887090413
0.31566978887090413
0.9779555587659111
0.31566978887090413
0.31566978887090413
0.31566978887090413
0.31566978887090413
0.31566978887090413
0.31566978887090413
0.31566978887090413
0.31566978887090413
0.7340007216063875
0.31566978887090413
0.7340007216063875
0.7340007216063875
0.31566978887090413
0.31566978887090413
0.31566978887090413
0.7340007216063875
0.3121712570992606
0.7340007216063875
0.31566978887090413
0.31566978887090413
0.7340007216063875
0.31566978887090413
0.31566978887090413
0.31566978887090413
0.1615215440419857
0.7340007216063875
0.31566978887090413
0.31566978887090413
0.8967452408023373
0.31566978887090413
0.7340007216063875
0.31566978887090413
0.8967452408023373
0.31566978887090413
0.2603914385679831
0.7340007216063875
0.31566978887090413
0.7340007216063875
0.7340007216063875
0.7340007216063875
0.31566978887090413
0.31566978887090413
0.31566978887090413
0.7340007216063875
0.31566978887090413
0.7340007216063875
0.31566978887090413
0.2603914385679831
0.31566978887090413
0.31566978887090413
0.31566978887090413
0.7340007216063875
0.8967452408023373
0.7340007216063875
0.928688973794391
0.389644900248036
0.5114010366801576
0.7340007216063875
0.31566978887090413
0.31566978887090413
0.31566978887090413
0.31566978887090413
0.31566978887090413
0.31566978887090413
0.31566978887090413
0.7572291390105079
0.7340007216063875
0.31566978887090413
0.31566978887090413
0.31566978887090413
0.31566978887090413
0.31566978887090413
0.5079322655714776
0.31566978887090413
0.8425468039324504
0.7340007216063875
0.31566978887090413
0.31566978887090413
0.7340007216063875
0.31566978887090413
0.31566978887090413
0.7340007216063875
0.7340007216063875
0.31566978887090413
0.31566978887090413
0.7340007216063875
0.7340007216063875
0.31566978887090413
0.7340007216063875
0.31566978887090413
0.7340007216063875
0.31566978887090413
0.31566978887090413
0.7572291390105079
0.1615215440419857
0.7340007216063875
0.31566978887090413
0.31566978887090413
0.8425468039324504
