0.7340007216063875
0.3149742853405681
0.7340007216063875
0.31497428534025573
0.3149742853405316
0.31497428534072336
0.31497428534319877
0.31497428534051974
0.3149742853409294
0.3149742853404134
0.31497428534051974
0.7340007216063875
0.31497428533976346
0.7340007216063875
0.3149742853405341
0.31497428534085925
0.31497428534008715
0.3149742853405755
0.31497428534049515
0.3149742853415058
0.3149742853405316
0.31497428534138355
0.31497428533994704
0.31497428534012967
0.31497428534050603
0.31497428534051974
0.31497428534051164
0.31497428534023525
0.7340007216063875
0.7340007216063875
0.31497428534162714
0.3149742853407052
0.7340007216063875
0.31497428534027755
0.3149742853400692
0.31497428533984595
0.7340007216063875
0.3149742853400429
0.31497428534045974
0.31497428534111954
0.31497428534138355
0.31497428534012967
0.3149742853406845
0.3149742853415058
0.3149742853405341
0.31497428534049515
0.7340007216063875
0.3149742853400138
0.31497428534043787
0.3149742853404711
0.31497428533983673
0.31497428533924343
0.31497428534014493
0.7340007216063875
0.31497428534045974
0.31497428534045974
0.31497428533984595
0.7340007216063875
0.3149742853404567
0.3149742853406569
0.3149742853401904
0.31497428534016303
0.7340007216063875
0.7340007216063875
0.3149742853475421
0.3149742853395952
0.3149742853407475
0.3149742853397932
0.31497428533885774
0.31497428534748706
0.7340007216063875
0.7340007216063875
0.3149742853388406
0.30556734246697725
0.31497428534009336
0.3149742853375572
0.3149742853411764
0.7340007216063875
0.3149742853395674
0.3149742853415058
0.3149742853405401
0.31497428534156713
0.7340007216063875
0.31497428533847144
0.3149742853407182
0.3149742853397842
0.7340007216063875
0.7340007216063875
0.31497428534061384
0.7340007216063875
0.3149742853405681
0.31497428533978017
0.7340007216063875
0.3149742853397932
0.7340007216063875
0.7340007216063875
0.31497428534004906
0.7340007216063875
0.31497428534156713
0.314974285340759
0.3149742853401599
0.31497428534044253
0.7340007216063875
0.31497428534064165
0.7340007216063875
0.3149742853397421
0.7340007216063875
0.3149742853418833
0.3149742853404468
0.3149742853400429
0.3149742853389319
0.31497428534071975
0.3149742853402273
0.31497428534056454
0.31497428533851435
0.7340007216063875
0.3149742853491084
0.31497428533976346
0.3149742853401893
0.3149742853397842
0.31497428534004906
0.8425468039324504
0.31497428534006144
0.7340007216063875
0.389644900248036
0.7340007216063875
0.31497428534027755
0.3149742853401641
0.3149742853405681
0.5114010366801576
0.928688973794391
0.7340007216063875
0.3149742853409294
0.3149742853375572
0.7340007216063875
0.31497428534038013
0.31497428534051164
0.3149742853400692
0.7340007216063875
0.31497428534047184
0.3149742853406221
0.3149742853400231
0.31497428533783656
0.9779555587659111
0.7340007216063875
0.7340007216063875
0.3149742853433602
0.31497428534319877
0.31497428534129357
0.3149742853390794
0.9779555587659111
0.3149742853405469
0.3149742853394141
0.3149742853401599
0.3149742853375572
0.3149742853404134
0.3149742853402273
0.3149742853400396
0.3149742853400692
0.7340007216063875
0.3149742853405401
0.7340007216063875
0.7340007216063875
0.3149742853577232
0.31497428533862976
0.31497428534009336
0.31497428534025573
0.3149742853400231
0.7340007216063875
0.31497428534269795
0.3149742853403955
0.3149742853418377
0.3149742853418833
0.3149742853400798
0.3149742853405104
0.1615215440419857
0.7340007216063875
0.3149742853432251
0.3149742853406989
0.8967452408023373
0.31497428534055777
0.7340007216063875
0.31497428534008715
0.8967452408023373
0.3149742853389444
0.30556734246697725
0.7340007216063875
0.3149742853391988
0.7340007216063875
0.31497428535909794
0.3149742853491084
0.31497428534017835
0.31497428534044697
0.31497428534078453
0.7340007216063875
0.3149742853391533
0.7340007216063875
0.3149742853405104
0.30556734246697725
0.31497428534319877
0.31497428533978017
0.31497428533958177
0.7340007216063875
0.8967452408023373
0.7340007216063875
0.928688973794391
0.389644900248036
0.5114010366801576
0.7340007216063875
0.3149742853393516
0.3149742853491084
0.31497428534269795
0.3149742853409762
0.31497428534036465
0.31497428534009336
0.3149742853389319
0.7514220346594778
0.7340007216063875
0.3149742853411764
0.31497428534078453
0.31497428533890875
0.31497428534044697
0.31497428533991517
0.5079322655714776
0.3149742853407884
0.8425468039324504
0.7340007216063875
0.3149742853402439
0.31497428533924343
0.7340007216063875
0.3149742853475421
0.3149742853335733
0.7340007216063875
0.7340007216063875
0.31497428534190575
0.31497428533984595
0.7340007216063875
0.7340007216063875
0.3149742853411402
0.7340007216063875
0.3149742853393516
0.7340007216063875
0.3149742853401641
0.3149742853401996
0.7514220346594778
0.1615215440419857
0.7340007216063875
0.31497428534082106
0.3149742853410149
0.8425468039324504
