0.7366541353539691
0.3177933944371542
0.7366541353539691
0.31779339196840517
0.3177933935355148
0.7366541353539691
0.3177934081851537
0.3177934141548914
0.3177934227044071
0.7366541353539691
0.7366541353539691
0.3177933913233922
0.3177934227044071
0.31779339962950304
0.7366541353539691
0.31779345329114644
0.3177934018986459
0.7366541353539691
0.31779339283905017
0.7366541353539691
0.3177933706193859
0.7366541353539691
0.31779337869348057
0.7366541353539691
0.3177934075938742
0.31779340499915176
0.7366541353539691
0.3177934014546725
0.3177934280510318
0.7366541353539691
0.3177934076879887
0.7366541353539691
0.7366541353539691
0.31779339085571934
0.3177934280510318
0.7366541353539691
0.7366541353539691
0.3177934051405626
0.3177934141548914
0.7366541353539691
0.31779347528467905
0.31779338711221033
0.3177934141548914
0.31779339635849696
0.3177933903924558
0.3177934094738824
0.7366541353539691
0.3177933864342251
0.31779339400761564
0.7366541353539691
0.31779338847548216
0.31779338359049253
0.3177934028109171
0.7366541353539691
0.31779340499915176
0.3177934079988705
0.3177934132171794
0.7366541353539691
0.317793385544284
0.7366541353539691
0.3177934201294411
0.317793370266441
0.7366541353539691
0.7366541353539691
0.3177934066865189
0.31779339400761564
0.7366541353539691
0.3177933895983926
0.3177934157978919
0.7366541353539691
0.7366541353539691
0.7366541353539691
0.31779335283714893
0.2603914385679831
0.3177934111463741
0.3177933895983926
0.31779339649219646
0.7366541353539691
0.7328312681835554
0.3177934201156477
0.317793406907595
0.3177934014546725
0.7366541353539691
0.3177933928889501
0.3177934521154803
0.31779340561923175
0.7366541353539691
0.7366541353539691
0.3177933935355148
0.7366541353539691
0.3177933947454288
0.23646807611038934
0.7366541353539691
0.31779338925641454
0.6920743211577172
0.7366541353539691
0.3177934081851537
0.7366541353539691
0.31779339737037093
0.3177934023155503
0.31779337912876626
0.7366541353539691
0.7366541353539691
0.31779340951939444
0.7366541353539691
0.3177933791666991
0.31779340308758997
0.317793385544284
0.31779339962950304
0.31779336229536703
0.2673534193141297
0.3177933706193859
0.7366541353539691
0.3177933913233922
0.31779339123636396
0.7366541353539691
0.31779347528467905
0.3177934076879887
0.31779339196840517
0.3177933927682986
0.31779338970748955
0.8425468039324504
0.3177933926874064
0.7366541353539691
0.389644900248036
0.6248217656859535
0.3177934048536624
0.3177933935355148
0.31779339363820464
0.5114010366801576
0.928688973794391
0.7366541353539691
0.31779339887450764
0.31779336865370755
0.7366541353539691
0.7366541353539691
0.3177934023155503
0.3177933987335756
0.7366541353539691
0.31779339796277384
0.3177934376914033
0.26441630619936607
0.31779338353852404
0.9779555587659111
0.7366541353539691
0.3177933992115398
0.31779345329114644
0.3177932287087281
0.31779340063240513
0.31779339123636396
0.9779555587659111
0.3177934183769951
0.317793375746109
0.3177933692240142
0.3177933966443178
0.31779336865370755
0.3177934067970569
0.3177934367680792
0.3177934065071786
0.7366541353539691
0.317793406907595
0.7366541353539691
0.7366541353539691
0.23646807611038934
0.3177934225891421
0.3177934081851537
0.3177933903924558
0.26441630619936607
0.7366541353539691
0.31779347226699545
0.3177934005451988
0.3177935746069062
0.31779334754099886
0.3177934132171794
0.31779337869348057
0.1615215440419857
0.7366541353539691
0.3177933961007029
0.3177933709257315
0.8967452408023373
0.317793419120743
0.7366541353539691
0.3177933761020466
0.8967452408023373
0.317793251096246
0.2603914385679831
0.7366541353539691
0.31779339372248105
0.6920743211577172
0.7366541353539691
0.31779347528467905
0.3177933987335756
0.3177934598639874
0.30771538673807086
0.6248217656859535
0.31779350963266695
0.7366541353539691
0.3177934058409637
0.2603914385679831
0.3177933087698335
0.3177934336036596
0.31779338359049253
0.7366541353539691
0.8967452408023373
0.7366541353539691
0.928688973794391
0.389644900248036
0.5114010366801576
0.7366541353539691
0.3177933761020466
0.31779351332124867
0.31779347226699545
0.31779339085571934
0.3177934174397648
0.31779340438962767
0.2673534193141297
0.7810121513530233
0.7366541353539691
0.31779339649219646
0.31779346233007116
0.31779338656845835
0.3177934598639874
0.31779338656845835
0.5079322655714776
0.3177934058409637
0.8425468039324504
0.7366541353539691
0.3177934127058137
0.3177933692240142
0.7328312681835554
0.3177935041305449
0.2673534193141297
0.7366541353539691
0.7366541353539691
0.3177933087698335
0.3177933891879108
0.7366541353539691
0.7366541353539691
0.30771538673807086
0.7366541353539691
0.31779335283714893
0.7366541353539691
0.3177934125150159
0.31779339509780546
0.7810121513530233
0.1615215440419857
0.7366541353539691
0.3177933971223948
0.317793370266441
0.8425468039324504
