0.734132951194288
0.3164865285022207
0.734132951194288
0.734132951194288
0.3164865285022207
0.3164865285022207
0.734132951194288
0.734132951194288
0.734132951194288
0.3164865285022207
0.734132951194288
0.3164865285022207
0.3164865285022207
0.3164865285022207
0.734132951194288
0.734132951194288
0.3164865285022207
0.3164865285022207
0.3164865285022207
0.3164865285022207
0.3164865285022207
0.734132951194288
0.3164865285022207
0.3164865285022207
0.3164865285022207
0.3164865285022207
0.3164865285022207
0.3164865285022207
0.734132951194288
0.734132951194288
0.3164865285022207
0.734132951194288
0.734132951194288
0.3164865285022207
0.3164865285022207
0.3164865285022207
0.734132951194288
0.3164865285022207
0.734132951194288
0.734132951194288
0.3164865285022207
0.3164865285022207
0.3164865285022207
0.3164865285022207
0.734132951194288
0.734132951194288
0.734132951194288
0.734132951194288
0.3164865285022207
0.3164865285022207
0.3164865285022207
0.3164865285022207
0.3164865285022207
0.734132951194288
0.734132951194288
0.3164865285022207
0.3164865285022207
0.734132951194288
0.3164865285022207
0.734132951194288
0.3164865285022207
0.3164865285022207
0.734132951194288
0.734132951194288
0.3164865285022207
0.3164865285022207
0.734132951194288
0.3164865285022207
0.3143609090503059
0.3164865285022207
0.3164865285022207
0.734132951194288
0.3164865285022207
0.2603914385679831
0.3164865285022207
0.3164865285022207
0.3164865285022207
0.734132951194288
0.734132951194288
0.3164865285022207
0.3164865285022207
0.3164865285022207
0.3164865285022207
0.3164865285022207
0.3164865285022207
0.3164865285022207
0.734132951194288
0.734132951194288
0.3164865285022207
0.734132951194288
0.3164865285022207
0.2902783218376553
0.734132951194288
0.3164865285022207
0.7320090328326017
0.734132951194288
0.3164865285022207
0.734132951194288
0.3164865285022207
0.3164865285022207
0.3164865285022207
0.3164865285022207
0.734132951194288
0.3164865285022207
0.734132951194288
0.3164865285022207
0.3164865285022207
0.3164865285022207
0.3164865285022207
0.3164865285022207
0.3164865285022207
0.3164865285022207
0.734132951194288
0.3164865285022207
0.3164865285022207
0.734132951194288
0.3164865285022207
0.3164865285022207
0.734132951194288
0.3164865285022207
0.3164865285022207
0.8425468039324504
0.3164865285022207
0.734132951194288
0.389644900248036
0.729075461912706
0.3164865285022207
0.3164865285022207
0.3164865285022207
0.5114010366801576
0.928688973794391
0.734132951194288
0.3164865285022207
0.3164865285022207
0.734132951194288
0.3164865285022207
0.3164865285022207
0.3164865285022207
0.734132951194288
0.3164865285022207
0.3164865285022207
0.26441630619936607
0.3164865285022207
0.9779555587659111
0.734132951194288
0.3164865285022207
0.3164865285022207
0.3164865285022207
0.3164865285022207
0.3164865285022207
0.9779555587659111
0.3164865285022207
0.3164865285022207
0.3164865285022207
0.3164865285022207
0.3164865285022207
0.3164865285022207
0.3164865285022207
0.3164865285022207
0.734132951194288
0.3164865285022207
0.734132951194288
0.734132951194288
0.2902783218376553
0.3164865285022207
0.3164865285022207
0.734132951194288
0.26441630619936607
0.734132951194288
0.3164865285022207
0.3164865285022207
0.3164865285022207
0.3164865285022207
0.3164865285022207
0.3164865285022207
0.1615215440419857
0.734132951194288
0.3164865285022207
0.3164865285022207
0.8967452408023373
0.3164865285022207
0.734132951194288
0.3164865285022207
0.8967452408023373
0.3164865285022207
0.2603914385679831
0.734132951194288
0.3164865285022207
0.7320090328326017
0.3164865285022207
0.3164865285022207
0.3164865285022207
0.3164865285022207
0.3164865285022207
0.729075461912706
0.3164865285022207
0.734132951194288
0.3164865285022207
0.2603914385679831
0.3164865285022207
0.3164865285022207
0.3164865285022207
0.734132951194288
0.8967452408023373
0.734132951194288
0.928688973794391
0.389644900248036
0.5114010366801576
0.734132951194288
0.3164865285022207
0.3164865285022207
0.3164865285022207
0.3164865285022207
0.3164865285022207
0.3164865285022207
0.3164865285022207
0.7649719448118814
0.734132951194288
0.3164865285022207
0.3164865285022207
0.3164865285022207
0.3164865285022207
0.3143609090503059
0.5079322655714776
0.3164865285022207
0.8425468039324504
0.734132951194288
0.734132951194288
0.3164865285022207
0.734132951194288
0.3164865285022207
0.3164865285022207
0.734132951194288
0.734132951194288
0.3164865285022207
0.3164865285022207
0.734132951194288
0.734132951194288
0.3164865285022207
0.734132951194288
0.3164865285022207
0.734132951194288
0.3164865285022207
0.3164865285022207
0.7649719448118814
0.1615215440419857
0.734132951194288
0.3164865285022207
0.3164865285022207
0.8425468039324504
