0.7359345201781506
0.7359345201781506
0.7359345201781506
0.3167036328027302
0.7359345201781506
0.7359345201781506
0.7359345201781506
0.7359345201781506
0.7359345201781506
0.31670367429833335
0.7359345201781506
0.3167036374759924
0.7359345201781506
0.3167036690434873
0.3167036342397908
0.31670363505189125
0.316703636680036
0.3167036397601802
0.31670364527908745
0.7359345201781506
0.3167036570019461
0.3167036213259482
0.31670366242535086
0.3167036503026133
0.31670365251928273
0.3167036478401065
0.7359345201781506
0.3167036402704014
0.3167036504617706
0.7359345201781506
0.31670363619137615
0.7359345201781506
0.7359345201781506
0.31670365318893157
0.3167036504617706
0.31670363990935185
0.7359345201781506
0.316703659418296
0.3167036334699568
0.3167036529227558
0.31670363038190796
0.7359345201781506
0.31670364643736665
0.31670365617022406
0.3167036488435655
0.7359345201781506
0.7359345201781506
0.31670364926929645
0.31670363970250565
0.7359345201781506
0.31670365617022406
0.31670365205225337
0.31670364479367885
0.7359345201781506
0.31670365151006474
0.31670366827907415
0.31670363505189125
0.7359345201781506
0.31670364643736665
0.31670366574130854
0.31670364048607663
0.31670362906056637
0.7359345201781506
0.7359345201781506
0.7359345201781506
0.31670363970250565
0.3167036213259482
0.3167036735738843
0.30504366932379323
0.7359345201781506
0.31670363361931725
0.7359345201781506
0.31670364693434166
0.2603914385679831
0.31670363967235354
0.3167036577462755
0.31670365665501354
0.7359345201781506
0.7359345201781506
0.31670364643736665
0.3167036781991523
0.31670364831134595
0.3167036374759924
0.31670363990935185
0.31670363516665656
0.31670364831134595
0.7359345201781506
0.7359345201781506
0.3167036624856202
0.7359345201781506
0.31670363637114796
0.2902783218376553
0.7359345201781506
0.3167036551524306
0.6920743211577172
0.7359345201781506
0.31670363281506964
0.7359345201781506
0.3167036690434873
0.31670364048607663
0.31670373106729993
0.7359345201781506
0.7359345201781506
0.31670363153238595
0.7359345201781506
0.3167036342643687
0.7359345201781506
0.31670365151006474
0.316703637624564
0.31670363281506964
0.31064537816914156
0.31670365584114024
0.7359345201781506
0.3167036355522868
0.31670368415314026
0.7359345201781506
0.31670362265847235
0.3167036372469755
0.3167036471856981
0.3167036478903094
0.31670365318893157
0.8425468039324504
0.31670365251928273
0.7359345201781506
0.389644900248036
0.7070783743658684
0.3167036593488792
0.31670362755188036
0.3167036411362112
0.5114010366801576
0.928688973794391
0.7359345201781506
0.3167036455417221
0.3167036436322863
0.7359345201781506
0.7359345201781506
0.31670363637114796
0.31670362906056637
0.7359345201781506
0.3167036334699568
0.31670363619137615
0.26441630619936607
0.31670370673961035
0.9779555587659111
0.7359345201781506
0.3167036399508667
0.3167036213259482
0.3167036698499958
0.31670367941438915
0.31670367429833335
0.9779555587659111
0.3167036859011641
0.31670364265002127
0.3167036754966728
0.3167036440047957
0.3167036521754917
0.3167036736675007
0.31670367429833335
0.31670365617022406
0.7359345201781506
0.3167036781991523
0.7359345201781506
0.7359345201781506
0.2902783218376553
0.31670363505189125
0.31670363038190796
0.31670365576824755
0.26441630619936607
0.7359345201781506
0.31670362755188036
0.3167036503026133
0.31670362118614914
0.31670364926929645
0.3167036478903094
0.31670363977028804
0.1615215440419857
0.7359345201781506
0.3167036500028386
0.3167036399948916
0.8967452408023373
0.3167036690434873
0.7359345201781506
0.31670363393128254
0.8967452408023373
0.3167036499531115
0.2603914385679831
0.7359345201781506
0.3167036600849509
0.6920743211577172
0.3167036328027302
0.3167036219043439
0.3167036387878645
0.3167036303102164
0.31670363626191705
0.7070783743658684
0.31670363361931725
0.7359345201781506
0.3167036391983296
0.2603914385679831
0.3167036698499958
0.3167036374759924
0.31670365205225337
0.7359345201781506
0.8967452408023373
0.7359345201781506
0.928688973794391
0.389644900248036
0.5114010366801576
0.7359345201781506
0.31670363990935185
0.3167036219043439
0.31670362755188036
0.31670365321752214
0.3167036809725099
0.3167036347113435
0.31064537816914156
0.7649719448118814
0.7359345201781506
0.31670369454148717
0.3167036295049626
0.31670370673961035
0.3167036303102164
0.30504366932379323
0.5079322655714776
0.3167036391983296
0.8425468039324504
0.7359345201781506
0.3167036490701942
0.31670372724053814
0.7359345201781506
0.31670362265847235
0.30504366932379323
0.7359345201781506
0.7359345201781506
0.3167036477962649
0.31670363970250565
0.7359345201781506
0.7359345201781506
0.3167036303102164
0.7359345201781506
0.31670364693434166
0.7359345201781506
0.31670365874598205
0.3167036529227558
0.7649719448118814
0.1615215440419857
0.7359345201781506
0.3167036754966728
0.3167036521754917
0.8425468039324504
