0.7371143701530541
0.7371143701530541
0.7370737146102766
0.7370739521671644
0.3140149328338524
0.3140149328338524
0.7371292221219181
0.3140149328338524
0.3140149328338524
0.3140149328338524
0.3140149328338524
0.3140149328338524
0.3140149328338524
0.3140149328338524
0.7371117260829883
0.3140149328338524
0.3140149328338524
0.3140149328338524
0.3140149328338524
0.3140149328338524
0.3140149328338524
0.3140149328338524
0.3140149328338524
0.3140149328338524
0.3140149328338524
0.3140149328338524
0.7371081064281834
0.3140149328338524
0.3140149328338524
0.737112023671498
0.3140149328338524
0.3140149328338524
0.7371129650911179
0.3140149328338524
0.3140149328338524
0.7371292221219181
0.3140149328338524
0.3140149328338524
0.3140149328338524
0.737131707455788
0.3140149328338524
0.3140149328338524
0.3140149328338524
0.3140149328338524
0.3140149328338524
0.3140149328338524
0.7370968425384846
0.3140149328338524
0.3140149328338524
0.7371143701530541
0.3140149328338524
0.3140149328338524
0.3140149328338524
0.7371229312818084
0.3140149328338524
0.3140149328338524
0.7371229312818084
0.7371081770282744
0.3140149328338524
0.3140149328338524
0.3140149328338524
0.3140149328338524
0.7371246907697713
0.7268747720707804
0.3140149328338524
0.3140149328338524
0.3140149328338524
0.27685330991499746
0.27685330991499746
0.7370739521671644
0.3140149328338524
0.7371303387461613
0.3140149328338524
0.2603914385679831
0.3140149328338524
0.3140149328338524
0.3140149328338524
0.7371246907697713
0.7141230879868548
0.3140149328338524
0.3140149328338524
0.3140149328338524
0.3140149328338524
0.3140149328338524
0.3140149328338524
0.3140149328338524
0.7371038574175842
0.7371124952763396
0.3140149328338524
0.737107923018561
0.3140149328338524
0.23646807611038934
0.7370971907475097
0.3140149328338524
0.6920743211577172
0.7371263239122876
0.3140149328338524
0.7384099761253791
0.3140149328338524
0.3140149328338524
0.3140149328338524
0.7371081064281834
0.7371133221372187
0.3140149328338524
0.7371292221219181
0.3140149328338524
0.7371076511589889
0.3140149328338524
0.3140149328338524
0.3140149328338524
0.18234171408354446
0.3140149328338524
0.7371176356153125
0.3140149328338524
0.3140149328338524
0.7299957611480103
0.40799625308330634
0.3140149328338524
0.3140149328338524
0.3140149328338524
0.3140149328338524
0.8425468039324504
0.3140149328338524
0.7384099761253791
0.389644900248036
0.5875268271116729
0.4162654002808136
0.3140149328338524
0.3140149328338524
0.5114010366801576
0.928688973794391
0.7370972119507299
0.3140149328338524
0.7370740947012973
0.7370968425384846
0.7371058496678049
0.3140149328338524
0.3140149328338524
0.7371121701087633
0.3140149328338524
0.3140149328338524
0.26441630619936607
0.3140149328338524
0.9779555587659111
0.7371133221372187
0.3140149328338524
0.3140149328338524
0.3140149328338524
0.4162654002808136
0.3140149328338524
0.9779555587659111
0.3140149328338524
0.3140149328338524
0.3140149328338524
0.3140149328338524
0.3140149328338524
0.3140149328338524
0.3140149328338524
0.3140149328338524
0.7371206630826089
0.3140149328338524
0.7371076511589889
0.7370740947012973
0.23646807611038934
0.3140149328338524
0.3140149328338524
0.3140149328338524
0.26441630619936607
0.7371065994204179
0.3140149328338524
0.3140149328338524
0.3140149328338524
0.3140149328338524
0.3140149328338524
0.3140149328338524
0.1615215440419857
0.7371206630826089
0.3140149328338524
0.3140149328338524
0.8967452408023373
0.3140149328338524
0.7371290133552915
0.3140149328338524
0.8967452408023373
0.3140149328338524
0.2603914385679831
0.7370906674527617
0.3140149328338524
0.6920743211577172
0.3140149328338524
0.3140149328338524
0.3140149328338524
0.3140149328338524
0.2974547129108054
0.5875268271116729
0.3140149328338524
0.7371326338470259
0.3140149328338524
0.2603914385679831
0.3140149328338524
0.3140149328338524
0.3140149328338524
0.7371270555863393
0.8967452408023373
0.7371206338779249
0.928688973794391
0.389644900248036
0.5114010366801576
0.7299957611480103
0.3140149328338524
0.3140149328338524
0.3140149328338524
0.3140149328338524
0.3140149328338524
0.3140149328338524
0.3140149328338524
0.7810121513530233
0.7371292221219181
0.3140149328338524
0.3140149328338524
0.3140149328338524
0.3140149328338524
0.27685330991499746
0.5079322655714776
0.3140149328338524
0.8425468039324504
0.7382175815652218
0.3140149328338524
0.3140149328338524
0.7141230879868548
0.40799625308330634
0.18234171408354446
0.7268747720707804
0.7371346089959441
0.3140149328338524
0.3140149328338524
0.7370739046557868
0.7371081770282744
0.2974547129108054
0.7370966578323621
0.3140149328338524
0.7382175815652218
0.3140149328338524
0.3140149328338524
0.7810121513530233
0.1615215440419857
0.7371346089959441
0.3140149328338524
0.3140149328338524
0.8425468039324504
