0.7349443474280968
0.31670364858052835
0.734944332979238
0.7349442223642988
0.31670364858052835
0.7349434665407859
0.7349441885976737
0.31670364858052835
0.31670364858052835
0.31670364858052835
0.7349444829206784
0.31670364858052835
0.31670364858052835
0.31670364858052835
0.31670364858052835
0.31670364858052835
0.7349442595893173
0.31670364858052835
0.31670364858052835
0.7349443474280968
0.31670364858052835
0.7349444130147714
0.7349447335608151
0.31670364858052835
0.31670364858052835
0.7349443327836376
0.31670364858052835
0.31670364858052835
0.31670364858052835
0.7349444029712422
0.31670364858052835
0.31670364858052835
0.7349445642248064
0.31670364858052835
0.31670364858052835
0.31670364858052835
0.7349442223642988
0.31670364858052835
0.31670364858052835
0.7349439632259994
0.31670364858052835
0.7349442101129529
0.31670364858052835
0.31670364858052835
0.31670364858052835
0.7349445435016101
0.7349446350184082
0.31670364858052835
0.31670364858052835
0.31670364858052835
0.31670364858052835
0.31670364858052835
0.31670364858052835
0.734944225966571
0.31670364858052835
0.31670364858052835
0.31670364858052835
0.7349445392860018
0.31670364858052835
0.31670364858052835
0.31670364858052835
0.31670364858052835
0.7349441065904423
0.7349441885976737
0.31670364858052835
0.31670364858052835
0.7349444163974733
0.31670364858052835
0.30504366932379323
0.734944332979238
0.31670364858052835
0.7349439632259994
0.31670364858052835
0.2603914385679831
0.31670364858052835
0.31670364858052835
0.31670364858052835
0.7349438149554302
0.7349446038380841
0.31670364858052835
0.31670364858052835
0.31670364858052835
0.31670364858052835
0.31670364858052835
0.31670364858052835
0.31670364858052835
0.7349445307215989
0.7349444350856569
0.31670364858052835
0.7349445889268846
0.31670364858052835
0.2902783218376553
0.7349444545726085
0.31670364858052835
0.7193346531877782
0.7349434665407859
0.31670364858052835
0.7349443820770798
0.31670364858052835
0.31670364858052835
0.31670364858052835
0.31670364858052835
0.7349444325435249
0.31670364858052835
0.734944079761708
0.31670364858052835
0.7349445651860189
0.31670364858052835
0.31670364858052835
0.31670364858052835
0.31064537816914156
0.31670364858052835
0.734944225966571
0.31670364858052835
0.31670364858052835
0.7349439813591914
0.31670364858052835
0.31670364858052835
0.31670364858052835
0.31670364858052835
0.31670364858052835
0.8425468039324504
0.31670364858052835
0.7349445642248064
0.389644900248036
0.7070783743658684
0.31670364858052835
0.31670364858052835
0.31670364858052835
0.5114010366801576
0.928688973794391
0.7349446350184082
0.31670364858052835
0.31670364858052835
0.734944573489245
0.31670364858052835
0.31670364858052835
0.31670364858052835
0.7349441882844517
0.31670364858052835
0.31670364858052835
0.26441630619936607
0.31670364858052835
0.9779555587659111
0.7349442223642988
0.31670364858052835
0.7349444163974733
0.31670364858052835
0.31670364858052835
0.31670364858052835
0.9779555587659111
0.31670364858052835
0.31670364858052835
0.31670364858052835
0.31670364858052835
0.31670364858052835
0.31670364858052835
0.31670364858052835
0.31670364858052835
0.7349443566396721
0.31670364858052835
0.7349445307215989
0.7349442609150638
0.2902783218376553
0.31670364858052835
0.31670364858052835
0.31670364858052835
0.26441630619936607
0.7349444197801752
0.31670364858052835
0.31670364858052835
0.7349444130147714
0.31670364858052835
0.31670364858052835
0.31670364858052835
0.1615215440419857
0.7349434665407859
0.31670364858052835
0.31670364858052835
0.8967452408023373
0.31670364858052835
0.7349440325234198
0.31670364858052835
0.8967452408023373
0.31670364858052835
0.2603914385679831
0.7349444178129527
0.31670364858052835
0.7193346531877782
0.31670364858052835
0.31670364858052835
0.31670364858052835
0.31670364858052835
0.31670364858052835
0.7070783743658684
0.31670364858052835
0.7349434665407859
0.31670364858052835
0.2603914385679831
0.31670364858052835
0.31670364858052835
0.31670364858052835
0.7349441885976737
0.8967452408023373
0.7349444178129527
0.928688973794391
0.389644900248036
0.5114010366801576
0.7349439813591914
0.31670364858052835
0.31670364858052835
0.31670364858052835
0.31670364858052835
0.31670364858052835
0.31670364858052835
0.31064537816914156
0.7649719448118814
0.734944079761708
0.31670364858052835
0.31670364858052835
0.31670364858052835
0.31670364858052835
0.30504366932379323
0.5079322655714776
0.31670364858052835
0.8425468039324504
0.7349442101129529
0.31670364858052835
0.31670364858052835
0.7349446038380841
0.31670364858052835
0.30504366932379323
0.7349445419684439
0.7349402987445259
0.31670364858052835
0.31670364858052835
0.7349442609150638
0.7349445392860018
0.31670364858052835
0.7349446350184082
0.31670364858052835
0.7349441416682249
0.31670364858052835
0.31670364858052835
0.7649719448118814
0.1615215440419857
0.7349402987445259
0.31670364858052835
0.31670364858052835
0.8425468039324504
