0.7342182614355577
0.31482566754609587
0.7342182621351296
0.31482566754609587
0.31482566754609587
0.31482566754609587
0.31482566754609587
0.31482566754609587
0.31482566754609587
0.31482566754609587
0.7342182616009516
0.7342182624522532
0.31482566754609587
0.31482566754609587
0.31482566754609587
0.31482566754609587
0.31482566754609587
0.31482566754609587
0.31482566754609587
0.31482566754609587
0.31482566754609587
0.31482566754609587
0.31482566754609587
0.31482566754609587
0.31482566754609587
0.31482566754609587
0.31482566754609587
0.31482566754609587
0.31482566754609587
0.7342182614355577
0.31482566754609587
0.7342182616326556
0.7342182615168006
0.31482566754609587
0.31482566754609587
0.31482566754609587
0.31482566754609587
0.31482566754609587
0.31482566754609587
0.31482566754609587
0.31482566754609587
0.7342182619340824
0.31482566754609587
0.31482566754609587
0.31482566754609587
0.7342182619340824
0.7342182614359345
0.31482566754609587
0.31482566754609587
0.31482566754609587
0.31482566754609587
0.31482566754609587
0.31482566754609587
0.7342182585820408
0.31482566754609587
0.31482566754609587
0.31482566754609587
0.7342182616123436
0.31482566754609587
0.31482566754609587
0.31482566754609587
0.31482566754609587
0.7342182626601872
0.734218261491825
0.7342182616888949
0.31482566754609587
0.31482566754609587
0.31482566754609587
0.31482566754609587
0.31482566754609587
0.7342182612255439
0.7342182619901
0.31482566754609587
0.31482566754609587
0.31482566754609587
0.31482566754609587
0.31482566754609587
0.7342182624522532
0.31482566754609587
0.31482566754609587
0.31482566754609587
0.31482566754609587
0.7342182415953064
0.31482566754609587
0.31482566754609587
0.31482566754609587
0.7342182598214559
0.734218259915927
0.31482566754609587
0.7342182611871412
0.31482566754609587
0.31482566754609587
0.7342182621532616
0.31482566754609587
0.7342182618603872
0.7342182640837259
0.31482566754609587
0.7342182616888949
0.31482566754609587
0.31482566754609587
0.31482566754609587
0.31482566754609587
0.7342182621048612
0.31482566754609587
0.7342182623992863
0.31482566754609587
0.31482566754609587
0.31482566754609587
0.31482566754609587
0.31482566754609587
0.31482566754609587
0.31482566754609587
0.31482566754609587
0.31482566754609587
0.31482566754609587
0.7342182592475908
0.31482566754609587
0.31482566754609587
0.31482566754609587
0.31482566754609587
0.31482566754609587
0.8425468039324504
0.31482566754609587
0.7342182618330084
0.389644900248036
0.7342182624522532
0.31482566754609587
0.31482566754609587
0.31482566754609587
0.5114010366801576
0.928688973794391
0.7342182614359345
0.31482566754609587
0.31482566754609587
0.7342182615168006
0.31482566754609587
0.31482566754609587
0.31482566754609587
0.7342182616009516
0.31482566754609587
0.31482566754609587
0.31482566754609587
0.31482566754609587
0.9779555587659111
0.7342182619758498
0.31482566754609587
0.31482566754609587
0.31482566754609587
0.31482566754609587
0.31482566754609587
0.9779555587659111
0.31482566754609587
0.31482566754609587
0.31482566754609587
0.31482566754609587
0.31482566754609587
0.31482566754609587
0.31482566754609587
0.31482566754609587
0.734218262095002
0.31482566754609587
0.7342182598214559
0.7342182623384761
0.31482566754609587
0.31482566754609587
0.31482566754609587
0.31482566754609587
0.31482566754609587
0.734218262095002
0.31482566754609587
0.31482566754609587
0.31482566754609587
0.31482566754609587
0.31482566754609587
0.31482566754609587
0.1615215440419857
0.7342182618669577
0.31482566754609587
0.31482566754609587
0.8967452408023373
0.31482566754609587
0.7342182607974119
0.31482566754609587
0.8967452408023373
0.31482566754609587
0.31482566754609587
0.7342182612255439
0.31482566754609587
0.7342182618603872
0.7342182601404089
0.31482566754609587
0.31482566754609587
0.31482566754609587
0.31482566754609587
0.7342182639589122
0.31482566754609587
0.7342182640837259
0.31482566754609587
0.31482566754609587
0.31482566754609587
0.31482566754609587
0.31482566754609587
0.7342182607974119
0.8967452408023373
0.7342182613397347
0.928688973794391
0.389644900248036
0.5114010366801576
0.7342182592475908
0.31482566754609587
0.31482566754609587
0.31482566754609587
0.31482566754609587
0.31482566754609587
0.31482566754609587
0.31482566754609587
0.7390162413422519
0.734218262291305
0.31482566754609587
0.31482566754609587
0.31482566754609587
0.31482566754609587
0.31482566754609587
0.5079322655714776
0.31482566754609587
0.8425468039324504
0.7342182625847149
0.31482566754609587
0.31482566754609587
0.7342182615168006
0.31482566754609587
0.31482566754609587
0.734218261491825
0.7342182415953064
0.31482566754609587
0.31482566754609587
0.7342182618714528
0.7342182616123436
0.31482566754609587
0.7342182614359345
0.31482566754609587
0.7342182619901
0.31482566754609587
0.31482566754609587
0.7390162413422519
0.1615215440419857
0.7342182415953064
0.31482566754609587
0.31482566754609587
0.8425468039324504
