0.3523179759882731
0.27542019287999464
0.2582714406402905
0.9064369973186397
0.42223003849296614
0.05891399855182948
0.44760418376338074
0.27034385939197214
0.905345449620957
0.08058002306122825
0.7809285598509825
0.6299226173256329
0.948469073257598
0.2471035377425998
0.3523179759882731
0.15094851945831078
0.1895036063765938
0.7809285598509825
0.6885926419868346
0.6814010365329424
0.5194684226880286
0.7647108174185095
0.7160503390523238
0.7518790185296647
0.18372127327497983
0.7443942102523444
0.905345449620957
0.0765866831085642
0.6855110339418706
0.2995778568312477
0.11892291185980228
0.6322409732834686
0.9275710209591468
0.6885926419868346
0.6564025064480232
0.26753468966674576
0.6814010365329424
0.13104846803199743
0.18612654870581652
0.6229184069507374
0.3135456710457891
0.2637213360085159
0.6909191810352546
0.16668539481716166
0.483944802835342
0.18612654870581652
0.2981154754931301
0.6322409732834686
0.19224029862893433
0.905345449620957
0.3515831878904351
0.18372127327497983
0.656402506449523
0.8557394471836108
0.13104846803199743
0.25996479601288974
0.39591680270710483
0.6909191810352546
0.6720965568958024
0.9064369973186397
0.905345449620957
0.656402506444064
0.9025996284816153
0.493577667651758
0.2637213360085159
0.7809285598509825
0.18612654870581652
0.2413181760741236
0.6922851581688851
0.44760418376338074
0.2471035377425998
0.05891399855182948
0.5551561917354688
0.7334540819603426
0.6755206526315713
0.6229184069507374
0.7647108174185095
0.3515831878904351
0.656402506441351
0.8831801868933864
0.6215631622853184
0.905345449620957
0.2413181760741236
0.18372127327497983
0.15094851945831078
0.771466799826257
0.572430233842472
0.572430233842472
0.5416753003418113
0.7951506297607875
0.2638691032297322
0.2471035377425998
0.3135456710457891
0.7160503390523238
0.18372127327497983
0.1829290734491456
0.483944802835342
0.9025996284816153
0.1895036063765938
0.5194684226880286
0.5689970956268321
0.2637213360085159
0.2413181760741236
0.7518790185296647
0.637371013153933
0.6564025064471519
0.7518790185296647
0.5551561917354688
0.3515831878904351
0.572430233842472
0.18612654870581652
0.483944802835342
0.5689970956268321
0.6755206526315713
0.7833087147935223
0.10270945837870749
0.8831801868933864
0.2637213360085159
0.656402506449523
0.7443942102523444
0.9025996284816153
0.0765866831085642
0.9025996284816153
0.483944802835342
0.2582714406402905
0.2638691032297322
0.5466800588284471
0.5416753003418113
0.7647108174185095
0.5416753003418113
0.9064369973186397
0.7809285598509825
0.7809285598509825
0.27034385939197214
0.27034385939197214
0.27542019287999464
0.18372127327497983
0.6215631622853184
0.7809285598509825
0.18612654870581652
0.6015159741901925
0.6893225573106717
0.1895036063765938
0.27542019287999464
0.5416753003418113
0.6922851581688851
0.771466799826257
0.41423824790653696
0.6720965568958024
0.2569854294550795
0.16668539481716166
0.6564025064480232
0.13104846803199743
0.6322409732834686
0.08058002306122825
0.9064369973186397
0.39404451271792773
0.5416753003418113
0.8557394471836108
0.9064369973186397
0.29381314655998847
0.6855110339418706
0.15094851945831078
0.9025996284816153
0.18372127327497983
0.2103774865443599
0.6855110339418706
0.18372127327497983
0.2981154754931301
0.6814010365329424
0.5466800588284471
0.26753468966674576
0.08058002306122825
0.10270945837870749
0.7647108174185095
0.9025996284816153
0.18372127327497983
0.579296510273752
0.25996479601288974
0.7809285598509825
0.656402506444064
0.6814010365329424
0.39591680270710483
0.6814010365329424
0.5416753003418113
0.6909191810352546
0.2471035377425998
0.6564025064393846
0.39404451271792773
0.2582714406402905
0.6322409732834686
0.905345449620957
0.5416753003418113
0.9064369973186397
0.18612654870581652
0.2582714406402905
0.27034385939197214
0.5416753003418113
0.7334540819603426
0.42519686933423473
0.7647108174185095
0.7833087147935223
0.948469073257598
0.16668539481716166
0.9275710209591468
0.905345449620957
0.6564025064401011
0.656402506440976
0.2638691032297322
0.905345449620957
0.3515831878904351
0.2103774865443599
0.42223003849296614
0.6299226173256329
0.18372127327497983
0.41423824790653696
0.1829290734491456
0.690101940272822
0.2569854294550795
0.5551561917354688
0.2995778568312477
0.27034385939197214
0.15094851945831078
0.11892291185980228
0.6638113871586748
0.18372127327497983
0.579296510273752
0.11892291185980228
0.5466800588284471
0.2103774865443599
0.6242913843163447
0.15094851945831078
0.10363525023362741
0.08058002306122825
0.493577667651758
0.6893225573106717
0.690101940272822
0.6015159741901925
0.29381314655998847
0.5466800588284471
0.42519686933423473
0.11892291185980228
0.19224029862893433
0.637371013153933
0.6242913843163447
0.10363525023362741
0.7951506297607875
0.6638113871586748
0.5416753003418113
0.18372127327497983
