0.31608197304117575
0.278508633102988
0.2502789295972526
0.9073960141426889
0.42223003849296614
0.05891399855182948
0.44760418376338074
0.2705602540715033
0.90828233845558
0.08058002306122825
0.7810003362939566
0.6306253475531141
0.948469073257598
0.2502784251432446
0.3885539789353704
0.1636588863274418
0.19019478410604296
0.7810003362939566
0.683890211056593
0.6805465437860174
0.4720070523946797
0.7700445412681152
0.7629329094686399
0.7164620369922501
0.1812193585860714
0.7629329094686399
0.9008702240201938
0.0765866831085642
0.683890211056593
0.3135456710457891
0.12208155245983504
0.6306253475531141
0.948469073257598
0.6941722950013643
0.6553589467278478
0.2505714150366093
0.6822183774213052
0.13104846803199743
0.20739587364464176
0.6227789722111594
0.3135456710457891
0.25999888843900965
0.6990729300724179
0.1636588863274418
0.483944802835342
0.14883012498012232
0.3135456710457891
0.6247216660890238
0.19019478410604296
0.9125038239796723
0.3515831878904351
0.1812193585860714
0.6650720696816987
0.8557394471836108
0.13104846803199743
0.25996479601288974
0.3885539789353704
0.6990729300724179
0.637371013153933
0.9048170283611443
0.9125038239796723
0.6480193291133621
0.9008702240201938
0.493577667651758
0.25999888843900965
0.7808956623146188
0.20739587364464176
0.28469166511210187
0.6553589467278478
0.44760418376338074
0.2499418908329723
0.05891399855182948
0.5912255545699394
0.7230351701409536
0.6650720696816987
0.6247216660890238
0.7700445412681152
0.3515831878904351
0.6473876240629195
0.8831801868933864
0.6306253475531141
0.90828233845558
0.2499418908329723
0.1727384117966015
0.14883012498012232
0.771466799826257
0.5821073807729196
0.5821073807729196
0.5404306297477552
0.7951506297607875
0.28469166511210187
0.25027774895405447
0.3135456710457891
0.683890211056593
0.1812193585860714
0.14835650191542532
0.483944802835342
0.8965041940187592
0.18323073375835544
0.5639607495159293
0.5639607495159293
0.25999888843900965
0.24992064128041636
0.7592741162669954
0.637371013153933
0.6480193291133621
0.7592741162669954
0.5368155279133666
0.3515831878904351
0.5404306297477552
0.1812193585860714
0.483944802835342
0.5404306297477552
0.771466799826257
0.7833087147935223
0.10270945837870749
0.8831801868933864
0.25999888843900965
0.6473876240629195
0.7629329094686399
0.9008702240201938
0.0765866831085642
0.9054459037864555
0.483944802835342
0.2502784251432446
0.25999888843900965
0.5453746220200071
0.5404306297477552
0.7629329094686399
0.5404306297477552
0.9073960141426889
0.7808590264218507
0.7808721106692679
0.28469166511210187
0.25999888843900965
0.278508633102988
0.18342120276180252
0.5912255545699394
0.7808721106692679
0.18323073409284496
0.608866273918945
0.6941722950013643
0.18323073375835544
0.278508633102988
0.5404306297477552
0.7164620369922501
0.771466799826257
0.42519686933423473
0.6553589467278478
0.25999888843900965
0.1727384117966015
0.6650720696816987
0.13104846803199743
0.6306253475531141
0.08058002306122825
0.9073960141426889
0.31608197304117575
0.5485805877974537
0.8557394471836108
0.9048170283611443
0.2705602540715033
0.683890211056593
0.14883012498012232
0.9054459037864555
0.1812193585860714
0.14835650191542532
0.6805465437860174
0.18342120276180252
0.3135456710457891
0.6822183774213052
0.5404306297477552
0.2505714150366093
0.08058002306122825
0.10270945837870749
0.7629329094686399
0.9054459037864555
0.1812193585860714
0.5848181506607852
0.25996479601288974
0.7810003362939566
0.6480193291133621
0.6805465437860174
0.40327962647883925
0.6805465437860174
0.5485805877974537
0.6990729300724179
0.2502779206892366
0.6650720696816987
0.4720070523946797
0.29309619802110737
0.6306253475531141
0.90828233845558
0.5404306297477552
0.90828233845558
0.18323073402564521
0.25999888843900965
0.25027770594790116
0.5368155279133666
0.7230351701409536
0.42519686933423473
0.7629329094686399
0.7833087147935223
0.948469073257598
0.1636588863274418
0.8965041940187592
0.9008702240201938
0.6480193291133621
0.6553589467278478
0.25999888843900965
0.9008702240201938
0.3515831878904351
0.19640721367196945
0.42223003849296614
0.6227789722111594
0.1812193585860714
0.40327962647883925
0.29309619802110737
0.690438368026157
0.24992064128041636
0.5848181506607852
0.28469166511210187
0.25999888843900965
0.14883012498012232
0.14883012498012232
0.6650720696816987
0.1812193585860714
0.5848181506607852
0.12208155245983504
0.5404306297477552
0.19640721367196945
0.6242913843163447
0.14883012498012232
0.05891399855182948
0.08058002306122825
0.493577667651758
0.683890211056593
0.690438368026157
0.608866273918945
0.3135456710457891
0.5453746220200071
0.42519686933423473
0.08058002306122825
0.19019478410604296
0.637371013153933
0.6242913843163447
0.14835650191542532
0.7951506297607875
0.6650720696816987
0.5404306297477552
0.18323073409284496
