0.37231763423555897
0.28192564830160527
0.3410325524934218
0.9255329187532051
0.42223003849296614
0.053864660107048115
0.4330679361345962
0.3117329662319346
0.9068211836423619
0.06817458365724996
0.7785168259673212
0.6823345157269547
0.9530832851321147
0.2342904997155122
0.37231763423555897
0.23011645709024292
0.2008189484044851
0.7785168259673212
0.7785168259673212
0.6881892667623888
0.5584748102584383
0.7951528884523675
0.7951528884523675
0.8878104442530448
0.17239572581738657
0.7951528884523675
0.8285003129793544
0.053864660107048115
0.6730112826667664
0.3094541240752219
0.06520307298326905
0.6881892667623888
0.9530832851192842
0.6690167506704341
0.6308217139002925
0.26642401975619223
0.6881892667623888
0.20341134191341353
0.23011645709024292
0.6823345157269547
0.31499875596733873
0.32622366236891054
0.730202908839165
0.1126578740675297
0.4883771504083425
0.1350215890853843
0.31499875596733873
0.6171205803709339
0.2008189484044851
0.9109039377609802
0.3410325524934218
0.18420381653101137
0.6568090705569283
0.8370403025916324
0.09283147581617979
0.25996479601288974
0.39040713301132857
0.682796427213564
0.682796427213564
0.8751861577903455
0.9354690919550962
0.6916137259962396
0.9019047690467825
0.6171205803709339
0.216644641172307
0.7951528884523675
0.1938238533623643
0.3094541240752219
0.6308217139002925
0.4330679361345962
0.26642401975619223
0.053864660107048115
0.619548571488143
0.7951528884523675
0.6916137259962396
0.6249043263961314
0.7951528884523675
0.3694331753779084
0.6308217139002925
0.8926421398336164
0.663688049606578
0.9530832851321147
0.2342904997155122
0.19440734951576655
0.16529128593961978
0.7754467746408793
0.4982839825335351
0.6249043263961314
0.5487624362046675
0.8878104442530448
0.30654963773557076
0.1638965580024263
0.32622366236891054
0.5313705827591156
0.17239572607578973
0.14234163550712867
0.4883771504083425
0.730202908839165
0.1724860379274406
0.527649573070076
0.5093632278590041
0.20341134191341353
0.1638965580024263
0.7031846042419203
0.682796427213564
0.682796427213564
0.8285003129793544
0.5584748102584383
0.3410325524934218
0.543324674633477
0.17248603791133627
0.4883771504083425
0.543324674633477
0.7668887165630266
0.7755464078687463
0.201806032312215
0.8926421398336164
0.26642401975619223
0.6568090705569283
0.6881892667623888
0.8751861577903455
0.11445672144442434
0.9109039377609802
0.4883771504083425
0.3204754795065218
0.25969181907217187
0.5584748102584383
0.5487624362046675
0.7951528884523675
0.543324674633477
0.9109039377609802
0.7951528884523675
0.8751861577903455
0.26642401975619223
0.26642401975619223
0.28192564830160527
0.19440734951576655
0.5517237701293518
0.8751861577903455
0.17248603792407513
0.6725946723160388
0.663688049606578
0.17248603792407513
0.28192564830160527
0.5584748102584383
0.56624902357472
0.7754467746408793
0.42185674121884753
0.56624902357472
0.25969181907217187
0.13018898965150677
0.6308217139002925
0.09283147581617979
0.663688049606578
0.04773499071352144
0.9255329187532051
0.24758486921987766
0.5093632278590041
0.8942449963887921
0.8751861577903455
0.3117329662319346
0.6823345157269547
0.16529128593961978
0.9530832851192842
0.18380852516628166
0.3204754795065218
0.6823345157269547
0.19440734951576655
0.3094541240752219
0.6881892667623888
0.4982839825335351
0.24758486921987766
0.04773499071352144
0.06520307298326905
0.7951528884523675
0.8370403025916324
0.18420381653101137
0.5093632278590041
0.25996479601288974
0.7785168259673212
0.7668887165630266
0.6502853409227537
0.39040713301132857
0.6502853409227537
0.5313705827591156
0.6916137259962396
0.2342904997155122
0.730202908839165
0.43110244624193705
0.26642401975619223
0.543324674633477
0.9530832851264074
0.5487624362046675
0.9068211836423619
0.17239572607578973
0.25969181907217187
0.26642401975619223
0.4243014845996149
0.6730112826667664
0.42185674121884753
0.5517237701293518
0.7755464078687463
0.9354690919550962
0.2008189484044851
0.9530832851272506
0.9019047690467825
0.6499893372700889
0.6499893372700889
0.25969181907217187
0.8942449963887921
0.3694331753779084
0.11445672144442434
0.42223003849296614
0.5699667570157696
0.17845393877881505
0.43110244624193705
0.30654963773557076
0.6690167506704341
0.2342904997155122
0.619548571488143
0.216644641172307
0.26642401975619223
0.1126578740675297
0.1938238533623643
0.6577048872954865
0.17845393877881505
0.527649573070076
0.13018898965150677
0.543324674633477
0.11445672144442434
0.6016978933954884
0.1350215890853843
0.053864660107048115
0.06817458365724996
0.4243014845996149
0.663688049606578
0.7951528884523675
0.6725946723160388
0.3094541240752219
0.5517237701293518
0.42185674121884753
0.1126578740675297
0.201806032312215
0.6016978933954884
0.6016978933954884
0.14234163550712867
0.7031846042419203
0.6577048872954865
0.5699667570157696
0.18380852516628166
