0.306350167937831
0.2594012281605648
0.33871541179453823
0.9255329187532051
0.42223003849296614
0.053864660107048115
0.4330679361345962
0.31468850694812434
0.9068211836423619
0.06817458365724996
0.7785953199459177
0.6915764342273045
0.9552850592724487
0.2342904997155122
0.5046735750578977
0.23278299831348753
0.2594012281605648
0.7786345669352159
0.7786345669352159
0.6789556578445828
0.5643048847420798
0.7932581970128543
0.7960536613958192
0.8878104442530448
0.17518148716731147
0.7941362612706
0.8285003129793544
0.053864660107048115
0.6647049980733044
0.31468850694812434
0.06520307298326905
0.6917580995192298
0.9552850592724487
0.6690167506704341
0.6262160007828997
0.26821716987039856
0.6917580995192298
0.20341134191341353
0.23278299831348753
0.6789556578445828
0.32622366236891054
0.32622366236891054
0.730202908839165
0.11293258562360314
0.49231691531341315
0.11293258562360314
0.2952841251218547
0.6713744316160715
0.15551027999701283
0.9154035221180787
0.33871541179453823
0.17518148716731147
0.6016978933954884
0.8370403025916324
0.09283147581617979
0.35261825598783947
0.39040713301132857
0.682796427213564
0.682796427213564
0.86844201134526
0.9288637695159787
0.6916137259962396
0.9052741254829524
0.5554274564860218
0.216644641172307
0.7961929945895765
0.18246967695617627
0.31468850694812434
0.6262160007828997
0.4330679361345962
0.2596185323476027
0.053864660107048115
0.6217624179704779
0.7932581970128543
0.6916137259962396
0.6713744316160715
0.7961929945895765
0.3694331753779084
0.6422737872446912
0.8926421398336164
0.6647049980733044
0.9552850592724487
0.2342904997155122
0.17518148716731147
0.2241767476140381
0.7754467746408793
0.4824675030507367
0.5848157221686825
0.5046735750578977
0.8878104442530448
0.28253993339516187
0.1638965580024263
0.32622366236891054
0.5643048847420798
0.17518148716731147
0.14234163550712867
0.49231691531341315
0.730202908839165
0.1983004325215884
0.5108804684711263
0.5108804684711263
0.20341134191341353
0.1638965580024263
0.7031846042419203
0.682796427213564
0.682796427213564
0.8285003129793544
0.5554274564860218
0.33871541179453823
0.5467041552146512
0.15210203998036076
0.49231691531341315
0.5354437174568338
0.7668887165630266
0.7755464078687463
0.2026838445235692
0.8926421398336164
0.26526138822193746
0.682796427213564
0.6915764342273045
0.8796822554204025
0.11685734353682779
0.9052741254829524
0.4824675030507367
0.35261825598783947
0.2596185323476027
0.5554274564860218
0.5848157221686825
0.7960552815486623
0.5467041552146512
0.9154035221180787
0.7960536613958192
0.8796822554204025
0.2625743139960638
0.2625743139960638
0.306350167937831
0.2026838445235692
0.5554274564860218
0.8796822554204025
0.18246967695617627
0.6725946723160388
0.655558966829001
0.15551027999701283
0.306350167937831
0.5643048847420798
0.56624902357472
0.7754467746408793
0.41540033117172726
0.56624902357472
0.2523463995777451
0.11129079305679443
0.6577048872954865
0.09283147581617979
0.6647049980733044
0.04773499071352144
0.9255329187532051
0.22211683342050914
0.507777021764512
0.8878104442530448
0.86844201134526
0.30741370813278823
0.6789556578445828
0.1308131927936559
0.9552850592724487
0.2156661417818647
0.2952841251218547
0.6917580995029877
0.18246967695617627
0.31468850694812434
0.6789556578445828
0.5046735750578977
0.22211683342050914
0.04773499071352144
0.06520307298326905
0.7961913744373128
0.8370403025916324
0.17518148716731147
0.5108804684711263
0.2241767476140381
0.7782028500529353
0.7668887165630266
0.6502853409227537
0.39040713301132857
0.6502853409227537
0.507777021764512
0.6916137259962396
0.2342904997155122
0.730202908839165
0.43633648459867364
0.26821716987039856
0.5354437174568338
0.9552850592724487
0.5777652809576157
0.9068211836423619
0.17518148716731147
0.2523463995777451
0.28253993339516187
0.35261825598783947
0.6915764342273045
0.41540033117172726
0.5554274564860218
0.7755464078687463
0.9288637695159787
0.11129079305679443
0.9552850592724487
0.8979228023494915
0.6422737872446912
0.6577048872954865
0.2596185323476027
0.8979228023494915
0.3694331753779084
0.11129079305679443
0.42223003849296614
0.5777652809576157
0.1885865844784702
0.43633648459867364
0.33871541179453823
0.6690167506704341
0.2342904997155122
0.6217624179704779
0.216644641172307
0.26526138822193746
0.11293258562360314
0.1983004325215884
0.6577048872954865
0.1885865844784702
0.5108804684711263
0.15210203998036076
0.5354437174568338
0.11685734353682779
0.6016978933954884
0.1308131927936559
0.053864660107048115
0.06817458365724996
0.4221292691379883
0.655558966829001
0.7941362612706
0.6725946723160388
0.30741370813278823
0.5554274564860218
0.4221292691379883
0.11293258562360314
0.2026838445235692
0.6016978933954884
0.6016978933954884
0.14234163550712867
0.7031846042419203
0.6577048872954865
0.5643048847420798
0.2156661417818647
