0.37231763423555897
0.28192564830160527
0.27514959979740694
0.9255329187532051
0.42223003849296614
0.053864660107048115
0.4330679361345962
0.2661600332269548
0.9068211836423619
0.06817458365724996
0.7785168259673212
0.683066359606384
0.953083285126076
0.2342904997155122
0.37231763423555897
0.23011645709024292
0.1980849682296642
0.7785168259673212
0.7909938728311059
0.6739682534587845
0.555442956386162
0.7909938728311059
0.7937665499119371
0.8904244810581922
0.18215421645391763
0.7951528884523675
0.8285003129793544
0.08416069077573624
0.6687706449952808
0.30894247230536004
0.06520307298326905
0.6118381953070826
0.953083285126076
0.7237667883188776
0.6333264291803873
0.2661600332269548
0.6881892667623888
0.13700208130617303
0.23011645709024292
0.683066359606384
0.31368187358367317
0.32622366236891054
0.730202908839165
0.1126578740675297
0.4883771504083425
0.1338134392269149
0.31368187358367317
0.6205244927517357
0.1980849682296642
0.9109039377609802
0.3410325524934218
0.1469218550693866
0.6718878564894424
0.8370403025916324
0.11914124148364638
0.25996479601288974
0.39040713301132857
0.6718878564894424
0.682796427213564
0.8751861577903455
0.9354690919550962
0.6916137259962396
0.9019047690467825
0.6205244927517357
0.2602965472826759
0.7951528884523675
0.1980849682296642
0.31368187358367317
0.6333264291803873
0.4330679361345962
0.2661600332269548
0.053864660107048115
0.6205244927517357
0.7937665499119674
0.6916137259962396
0.6205244927517357
0.7951528884523675
0.3694331753779084
0.6333264291803873
0.8926421398336164
0.6718878564894424
0.953083285126076
0.2501510602408716
0.1980849682296642
0.16529128593961978
0.7754467746408793
0.5044006492236377
0.6205244927517357
0.5489576274850164
0.8904244810581922
0.3089424723053597
0.1638965580024263
0.32622366236891054
0.5287268962428284
0.17244733280798474
0.14234163550712867
0.4883771504083425
0.730202908839165
0.17244733280798474
0.5287268962428284
0.5277974543471555
0.27514959979740694
0.1638965580024263
0.7031846042419203
0.682796427213564
0.6718878564894424
0.8285003129793544
0.555442956386162
0.3410325524934218
0.5472810173041365
0.17244733280798474
0.4883771504083425
0.5459945216918367
0.7668887165630266
0.7755464078687463
0.1980849682296642
0.8926421398336164
0.2602965472826759
0.6483547208609561
0.6739682534587845
0.8751861577903455
0.08416069077573624
0.9109039377609802
0.4883771504083425
0.27514959979740694
0.25969181907217187
0.5489576274850164
0.5472810173041365
0.7937665499119371
0.5459945216918367
0.9109039377609802
0.7909938728311059
0.8751861577903455
0.2661600332269548
0.2661600332269548
0.28192564830160527
0.1980849682296642
0.5287268962428284
0.8751861577903455
0.15597712879306197
0.6725946723160388
0.6673738171054804
0.17244733280798474
0.28192564830160527
0.555442956386162
0.56624902357472
0.7754467746408793
0.42283463857115433
0.56624902357472
0.25969181907217187
0.1469218550693866
0.6483547208609561
0.13700208130617303
0.6739682534587845
0.04773499071352144
0.9255329187532051
0.24758486921987766
0.5287268962428284
0.8916309595836448
0.8751861577903455
0.3089424723053593
0.683066359606384
0.16529128593961978
0.953083285126076
0.1822736836187568
0.31368187358367317
0.683066359606384
0.1980849682296642
0.31368187358367317
0.6881892667623888
0.5044006492236377
0.24758486921987766
0.04773499071352144
0.06520307298326905
0.7951528884523675
0.8370403025916324
0.1822736500901162
0.5277974543471555
0.25996479601288974
0.7237667883188776
0.7668887165630266
0.6597613223826624
0.39040713301132857
0.6597613223826624
0.5287268962428284
0.6916137259962396
0.2342904997155122
0.730202908839165
0.43110244624193705
0.2501510602408716
0.6118381953070826
0.953083285126076
0.5489576274850164
0.9068211836423619
0.17244733280798474
0.25969181907217187
0.2661600332269548
0.42283463857115433
0.6687706449952808
0.42283463857115433
0.555442956386162
0.7755464078687463
0.9354690919550962
0.1980849682296642
0.953083285126076
0.9019047690467825
0.6533648904062004
0.6533648904062004
0.25969181907217187
0.8916309595836448
0.3694331753779084
0.11914124148364638
0.42223003849296614
0.5459945216918367
0.18215421645391763
0.43110244624193705
0.308942472305358
0.6483547208609561
0.2342904997155122
0.6205244927517357
0.2661600332269548
0.2661600332269548
0.1126578740675297
0.18227367158812896
0.654329334159375
0.18215421645391763
0.5459945216918367
0.15597712879306197
0.557591584855776
0.11914124148364638
0.6016978933954884
0.1338134392269149
0.053864660107048115
0.06817458365724996
0.42283463857115433
0.6673738171054804
0.7951528884523675
0.6725946723160388
0.3089424723053597
0.5287268962428284
0.42283463857115433
0.1126578740675297
0.1980849682296642
0.6016978933954884
0.6016978933954884
0.14234163550712867
0.7031846042419203
0.654329334159375
0.557591584855776
0.1822736836187568
