0.30129904794966933
0.28199668857525173
0.3404136084822029
0.9553946095522863
0.44849095160909835
0.053864660107048115
0.5165380317121178
0.2631363258714461
0.9466082549333097
0.06817458365724996
0.797440790049571
0.6412272328135808
0.9569537491773698
0.13350524055586777
0.4796489006280798
0.24793021518814073
0.28199668857525173
0.797440790049571
0.6849436266772646
0.4766654260128096
0.5823542514735651
0.8126264883056704
0.797440790049571
0.9672992434214298
0.10841294571619262
0.7837840571861994
0.8947647222641364
0.053864660107048115
0.7834130366615204
0.2995684271246871
0.07393711411814285
0.7311261377940623
0.9569537491773698
0.8164329702148891
0.5165380317121178
0.1702970374740032
0.7100815423166549
0.2783764399691314
0.24793021518814073
0.6849436266772646
0.42186326838299293
0.2870749253838004
0.700416721463262
0.10324430843006943
0.47923349990479897
0.1066326555750415
0.2995684271246871
0.6699262951584306
0.20456645555502828
0.9122803942954967
0.3404136084822029
0.2138771360716492
0.6016978933954884
0.8640173491858476
0.09283147581617979
0.35935067791366604
0.39040713301132857
0.700416721463262
0.681508217642909
0.8356506613734855
0.8947647222641364
0.638350205249278
0.9122803942954967
0.5991043201284678
0.12013764957520068
0.7834130366615204
0.1355531533850839
0.2870749253838004
0.7429532077421577
0.33805282950452353
0.2559140303045795
0.053864660107048115
0.5991043201284678
0.8126264883056704
0.6520978099885051
0.6849436266772646
0.7837840571861994
0.3922699620902398
0.6752889499134542
0.8638858900763097
0.6715909959129189
0.9466082549333097
0.13350524055586777
0.1702970374740032
0.1355531533850839
0.8237028256862902
0.45727263802562
0.4796489006280798
0.4682275592031136
0.8237028256862902
0.33805282950452353
0.06817458365724996
0.2534254293976712
0.5334848979324575
0.10324430843006943
0.053864660107048115
0.47923349990479897
0.8100632559974171
0.20456645555502828
0.51693571975653
0.5494520954734248
0.12013764957520068
0.2750279846155813
0.679564436653306
0.681508217642909
0.7183345773485758
0.679564436653306
0.5991043201284678
0.33805282950452353
0.5565169153707716
0.1621419253667032
0.5246181413648975
0.6245464902155824
0.8237028256862902
0.7888052214392933
0.22825181658960092
0.9292028430933923
0.2534254293976712
0.7183345773485758
0.6412272328135808
0.9292028430933923
0.12682144506553422
0.9122803942954967
0.5246181413648975
0.33923321899336323
0.2465176605321167
0.51693571975653
0.6699262951584306
0.7922827591268768
0.5565169153707716
0.9553946095522863
0.797440790049571
0.9292028430933923
0.2783764399691314
0.2783764399691314
0.31027881681751224
0.20456645555502828
0.5334848979324575
0.8356506613734855
0.1702970374740032
0.6715909959129189
0.6272969663529768
0.1702970374740032
0.31027881681751224
0.5823542514735651
0.5392602345292954
0.7429532077421577
0.4250130996949574
0.5392602345292954
0.2465176605321167
0.09030693669587525
0.6016978933954884
0.09283147581617979
0.5991043201284678
0.03900094957864764
0.9553946095522863
0.22825181658960092
0.4766654260128096
0.8640173491858476
0.8638858900763097
0.44849095160909835
0.6272969663529768
0.1066326555750415
0.9672992434214298
0.1702970374740032
0.33805282950452353
0.7311261377940623
0.22993729325500778
0.2800126371647098
0.7100815423166549
0.5314827183389921
0.22825181658960092
0.03900094957864764
0.07393711411814285
0.7922827591268768
0.8100632559974171
0.1702970374740032
0.5101918495513524
0.30129904794966933
0.8164329702148891
0.638350205249278
0.6699262951584306
0.39040713301132857
0.6699262951584306
0.4682275592031136
0.7888052214392933
0.2534254293976712
0.7429532077421577
0.45727263802562
0.33923321899336323
0.4766654260128096
0.9466082549333097
0.5565169153707716
0.8356506613734855
0.22825181658960092
0.2465176605321167
0.2631363258714461
0.35935067791366604
0.6412272328135808
0.4250130996949574
0.5823542514735651
0.7888052214392933
0.9672992434214298
0.10841294571619262
0.9466082549333097
0.8947647222641364
0.7259017640937246
0.7259017640937246
0.2559140303045795
0.8947647222641364
0.42186326838299293
0.09030693669587525
0.3922699620902398
0.6245464902155824
0.20456645555502828
0.39040713301132857
0.3922699620902398
0.6016978933954884
0.2800126371647098
0.6715909959129189
0.2750279846155813
0.2534254293976712
0.10657297459322489
0.20456645555502828
0.681508217642909
0.22993729325500778
0.5101918495513524
0.1702970374740032
0.6272969663529768
0.12682144506553422
0.6016978933954884
0.10657297459322489
0.053864660107048115
0.06817458365724996
0.4250130996949574
0.5494520954734248
0.7837840571861994
0.6715909959129189
0.2870749253838004
0.4766654260128096
0.4250130996949574
0.10656104771776717
0.1621419253667032
0.6016978933954884
0.6016978933954884
0.2534254293976712
0.6752889499134542
0.6520978099885051
0.5314827183389921
0.2138771360716492
