0.3523179759882731
0.23035420010228552
0.2615295692778513
0.9064186240460916
0.42223003849296614
0.05891399855182948
0.44760418376338074
0.27103402688924605
0.9069511400957255
0.08058002306122825
0.7809285598509825
0.6250589906269894
0.948469073257598
0.2471035377425998
0.3523179759882731
0.15094851945831078
0.18599768005207046
0.7809285598509825
0.699979523311449
0.6822369268788195
0.5320617641082694
0.7474893276818404
0.7474893276818404
0.7518790185296647
0.23035420010228552
0.7474893276818404
0.9071463350243221
0.0765866831085642
0.6857827951185806
0.2927746366077585
0.11081618511925488
0.6577455003278422
0.9070620047440627
0.6852748391944745
0.660159194842926
0.267148388277364
0.6822369268788195
0.13104846803199743
0.18599768005207046
0.6250589906269894
0.3135456710457891
0.2660223133373947
0.6915452538881686
0.16711668770137555
0.483944802835342
0.18599768005207046
0.2927746366077585
0.635425873078886
0.18599768005207046
0.9071463350243221
0.3515831878904351
0.18599768005207046
0.6852744677460846
0.8557394471836108
0.13104846803199743
0.2635002687338881
0.39591680270710483
0.6611180856870293
0.6611180860407908
0.9064186240460916
0.9070620047440627
0.6611180830580978
0.9071463350243221
0.493577667651758
0.2660223133373947
0.7809285598509825
0.18599768005207046
0.2442108569083617
0.6915452538881686
0.44760418376338074
0.2442108569083617
0.05891399855182948
0.557637562176206
0.7474893276818404
0.6781537167171483
0.6250589906269894
0.7474893276818404
0.3515831878904351
0.660159194842926
0.8831801868933864
0.6250589906269894
0.9071463350243221
0.2666002416723544
0.18599768005207046
0.15094851945831078
0.7773877573098896
0.5751767444149845
0.5751767444149845
0.5432312189247976
0.722894260293092
0.27103402688924605
0.25809879399031965
0.3135456710457891
0.699979523311449
0.18599768005207046
0.18371589565502378
0.483944802835342
0.9071463350243221
0.18599768005207046
0.5320617641082694
0.4963427257059123
0.2615295692778513
0.2442108569083617
0.7518790185296647
0.6452608474630568
0.6611180853807097
0.7518790185296647
0.5576356084491136
0.3515831878904351
0.5576382560332294
0.18599768005207046
0.5717170122569278
0.5576382560332294
0.6781537167171483
0.7862532925264711
0.13491307304004152
0.8831801868933864
0.27103402688924605
0.5717170122569278
0.7474893276818404
0.9071463350243221
0.0765866831085642
0.9071463350243221
0.483944802835342
0.2699516434136361
0.2615295692778513
0.5432312189247976
0.5419253692493085
0.7647108174185095
0.635425873078886
0.9064186240460916
0.7809285598509825
0.7809285598509825
0.2699516434136361
0.25809879399031965
0.2635002687338881
0.23035420010228552
0.6250589906269894
0.7809285598509825
0.18599768005207046
0.6004601809514516
0.6856554810575026
0.18599768005207046
0.23035420010228552
0.46567051480000765
0.6915452538881686
0.7773877573098896
0.41423824790653696
0.6611180866059883
0.2615295692778513
0.16711668770137555
0.6452608474630568
0.13104846803199743
0.6577455003278422
0.08058002306122825
0.9064186240460916
0.4963427257059123
0.5356312527071581
0.8557394471836108
0.9064186240460916
0.2927746366077585
0.6857827951185806
0.15094851945831078
0.9070620047440627
0.18599768005207046
0.2103774865443599
0.6857827951185806
0.18599768005207046
0.263556646033979
0.6822369268788195
0.5432312189247976
0.267148388277364
0.08058002306122825
0.11081618511925488
0.7647108174185095
0.9071463350243221
0.18599768005207046
0.5751767444149845
0.2635002687338881
0.7809285598509825
0.661118085333268
0.6424112743085376
0.39591680270710483
0.6577455003278422
0.5432312189247976
0.6915452538881686
0.2471035377425998
0.6611180855679655
0.46567051480000765
0.2660223133373947
0.635425873078886
0.9069511400957255
0.5419253692493085
0.9064186240460916
0.18599768005207046
0.2615295692778513
0.27103402688924605
0.5356312527071581
0.635425873078886
0.42519686933423473
0.7474893276818404
0.7862532925264711
0.948469073257598
0.16711668770137555
0.9070620047440627
0.9071463350243221
0.660159194842926
0.660159194842926
0.263556646033979
0.9071463350243221
0.3515831878904351
0.2103774865443599
0.42223003849296614
0.6250589906269894
0.16711668770137555
0.41423824790653696
0.18371589565502378
0.6852744677460846
0.2666002416723544
0.5576356084491136
0.27103402688924605
0.27103402688924605
0.13491307304004152
0.11892291185980228
0.6611180856870293
0.18599768005207046
0.5751767444149845
0.11892291185980228
0.5432312189247976
0.2103774865443599
0.6242913843163447
0.15094851945831078
0.10363525023362741
0.08058002306122825
0.493577667651758
0.6856554810575026
0.6424112743085376
0.6004601809514516
0.2927746366077585
0.6004601809514516
0.42519686933423473
0.11892291185980228
0.18599768005207046
0.6452608474630568
0.6242913843163447
0.10363525023362741
0.7862532925264711
0.722894260293092
0.5356312527071581
0.18599768005207046
