0.306350167937831
0.2594012281605648
0.33871541179453823
0.9255329187532051
0.42223003849296614
0.053864660107048115
0.5274204604746542
0.3012401635176547
0.9068211836423619
0.06817458365724996
0.7994557186852789
0.6871928380403507
0.9552850592724487
0.2342904997155122
0.5046735750578977
0.23278299831348753
0.2594012281605648
0.7994557186852789
0.6707846557209383
0.6789556578445828
0.5647434757806384
0.8645397845940255
0.7955278605814669
0.8864299267715519
0.1751813069305308
0.7974917896333729
0.8285003129793544
0.053864660107048115
0.6871928380403507
0.30546133444272106
0.06520307298326905
0.6941978989082156
0.9552850592724487
0.6707846557209383
0.5274204604746542
0.2596185323476027
0.6941978989082156
0.28253993339516187
0.23278299831348753
0.6789556578445828
0.33871541179453823
0.3012401635176547
0.7101266792354587
0.11293258562360314
0.4947221349422396
0.11293258562360314
0.27684101851990806
0.6716693195636381
0.15551027999701283
0.9154035221180787
0.33871541179453823
0.17591991725770023
0.6016978933954884
0.8370403025916324
0.09283147581617979
0.35261825598783947
0.39040713301132857
0.682796427213564
0.682796427213564
0.86844201134526
0.9288637695159787
0.6919438338864861
0.9052741254829524
0.554815806034302
0.216644641172307
0.7955278605814669
0.18246967695617627
0.32208837311862965
0.7101266792354587
0.33871541179453823
0.2596185323476027
0.053864660107048115
0.6026980046791097
0.7955278605814669
0.6913779346460633
0.6716693195636381
0.7974917896333729
0.40090134309229275
0.6485432935664294
0.8926421398336164
0.6026980046791097
0.9552850592724487
0.2342904997155122
0.17591991725770023
0.2241767476140381
0.8020944675628876
0.45727263802562
0.5848157221686825
0.5046735750578977
0.8864299267715519
0.28253993339516187
0.1638965580024263
0.33871541179453823
0.554815806034302
0.17444323731370337
0.14234163550712867
0.4947221349422396
0.7145668494074602
0.1983004325215884
0.5122227697642951
0.5088670165313736
0.12570747915047864
0.1638965580024263
0.7145668494074602
0.682796427213564
0.682796427213564
0.8285003129793544
0.554815806034302
0.33871541179453823
0.5467041552146512
0.14869379996370868
0.4975844220658068
0.5467041552146512
0.8020944675628876
0.7755464078687463
0.1983004325215884
0.8926421398336164
0.2596185323476027
0.682796427213564
0.6789556578445828
0.8872534908335907
0.12570747915047864
0.9052741254829524
0.4975844220658068
0.35261825598783947
0.2596185323476027
0.554815806034302
0.5848157221686825
0.7955278605814669
0.5467041552146512
0.9154035221180787
0.7955278605814669
0.8872534908335907
0.2596185323476027
0.2596185323476027
0.306350167937831
0.21145066852753072
0.554815806034302
0.8645397845940255
0.18246967695617627
0.6725946723160388
0.655558966829001
0.15551027999701283
0.306350167937831
0.5647434757806384
0.56624902357472
0.748799081718871
0.41347777746708125
0.56624902357472
0.2523463995777451
0.11293258562360314
0.6648911646742928
0.09283147581617979
0.6532349919908496
0.04773499071352144
0.9255329187532051
0.23278299831348753
0.5088670165313736
0.8905714792160306
0.86844201134526
0.3012401635176547
0.6789556578445828
0.14869379996370868
0.9552850592724487
0.2156661417818647
0.32208837311862965
0.6871928380403507
0.18246967695617627
0.27684101851990806
0.6789556578445828
0.5046735750578977
0.21145066852753072
0.04773499071352144
0.06520307298326905
0.7955278605814669
0.8370403025916324
0.1751813069305308
0.5122227697642951
0.2241767476140381
0.7994557186852789
0.748799081718871
0.6502853409227537
0.39040713301132857
0.6502853409227537
0.5046735750578977
0.6913779346460633
0.2342904997155122
0.748799081718871
0.45727263802562
0.28253993339516187
0.5088670165313736
0.9552850592724487
0.5848157221686825
0.9068211836423619
0.17444323731370337
0.2523463995777451
0.28253993339516187
0.35261825598783947
0.6871928380403507
0.41347777746708125
0.5647434757806384
0.7755464078687463
0.9288637695159787
0.11293258562360314
0.9552850592724487
0.9052741254829524
0.6485432935664294
0.6532349919908496
0.2596185323476027
0.8905714792160306
0.40090134309229275
0.10800720792317695
0.42223003849296614
0.570714839746549
0.1885865844784702
0.41347777746708125
0.33871541179453823
0.6648911646742928
0.2342904997155122
0.6789556578445828
0.216644641172307
0.2596185323476027
0.11293258562360314
0.1983004325215884
0.6575196208645064
0.1885865844784702
0.5122227697642951
0.15551027999701283
0.5467041552146512
0.10800720792317695
0.6016978933954884
0.11293258562360314
0.053864660107048115
0.06817458365724996
0.4250130996949574
0.655558966829001
0.7994557186852789
0.6725946723160388
0.30546133444272106
0.554815806034302
0.4250130996949574
0.11293258562360314
0.1983004325215884
0.6016978933954884
0.6016978933954884
0.14234163550712867
0.6919438338864861
0.6575196208645064
0.570714839746549
0.2156661417818647
