0.38136238362344377
0.278508633102988
0.2618201174449095
0.8999873610122036
0.42223003849296614
0.053864660107048115
0.44760418376338074
0.24057244138877587
0.926856048720066
0.0765111884760723
0.7824740207880339
0.6209137404388156
0.948469073257598
0.24652227575526092
0.38136238362344377
0.23011645709024292
0.18862799644838996
0.7824740207880339
0.6855862172899014
0.6863974651987352
0.533200426078978
0.7343611017450526
0.7882256163643229
0.7164620369922501
0.17815519591888063
0.7882256163643229
0.8972241367495734
0.08416069077573624
0.6784677925436133
0.3135456710457891
0.07924859531599501
0.6363360225003358
0.948469073257598
0.6906213049553955
0.6520794073340627
0.25186014392190814
0.6863974651987352
0.13104846803199743
0.23011645709024292
0.6209137404388156
0.3135456710457891
0.2497110331572422
0.6990729300724179
0.09271197546696681
0.483944802835342
0.14775059785152483
0.3135456710457891
0.6209137404388156
0.1967458771067903
0.9177521293501758
0.3432000746977909
0.17815519591888063
0.633485792288579
0.8557394471836108
0.13104846803199743
0.25996479601288974
0.38136238362344377
0.6990729300724179
0.633644050834566
0.9039102447067584
0.9177521293501758
0.6691893376682929
0.8955043289456142
0.5886253408151887
0.25961166574016603
0.7824740207880339
0.18473818571680223
0.3135456710457891
0.6691893376682929
0.44760418376338074
0.2518601439221588
0.053864660107048115
0.6125179948908079
0.7882256163643229
0.6990729300724179
0.6209137404388156
0.7882256163643229
0.3599663010830795
0.6483076798643204
0.8831801868933864
0.6125179948908079
0.8972241367495734
0.24652227575526092
0.17815519591888063
0.14918996735632153
0.771466799826257
0.5403946184729091
0.6363360225003358
0.5400106546044953
0.7951506297607875
0.3135456710457891
0.2518601439224094
0.3135456710457891
0.6855862172899014
0.17815519591888063
0.14835650191542532
0.483944802835342
0.8874241286685943
0.18279569424445563
0.533200426078978
0.5690108991314238
0.2618201174449095
0.25186014392253164
0.7592741162669954
0.633644050834566
0.6417413782382799
0.7592741162669954
0.533200426078978
0.3432000746977909
0.5407187297056812
0.18473818571680223
0.483944802835342
0.539615835883122
0.771466799826257
0.7951506297607875
0.11008593681786724
0.8831801868933864
0.25961166574016603
0.633485792288579
0.7392797529869082
0.8955043289456142
0.08416069077573624
0.9177521293501758
0.483944802835342
0.24652227575526092
0.2589660401883641
0.539615835883122
0.5400106546044953
0.7882256163643229
0.539615835883122
0.9104465267588393
0.7777266272369074
0.7777266272369074
0.25186014392253164
0.25961166574016603
0.278508633102988
0.18473818571680223
0.539615835883122
0.7838304189454983
0.18279569424445563
0.608866273918945
0.6906213049553955
0.18862799644838996
0.278508633102988
0.5407665850554866
0.7164620369922501
0.771466799826257
0.42519686933423473
0.6525829416987438
0.2589660401883641
0.14775059785152483
0.6335649215615725
0.13104846803199743
0.6363360225003358
0.07924859531599501
0.9104465267588393
0.2518601439211826
0.5405338340359791
0.8557394471836108
0.8999873610122036
0.3135456710457891
0.6847330410743099
0.14918996735632153
0.9058401204484237
0.17815519591888063
0.14835650191542532
0.6847330410743099
0.18473818571680223
0.3135456710457891
0.6863974651987352
0.5403946184729091
0.2518601439211826
0.07924859531626817
0.11008593681786724
0.7392797529869082
0.9058401204484237
0.17815519591888063
0.5690108991314238
0.25996479601288974
0.7838304189454983
0.6417413782382799
0.6682890334734459
0.38136238362344377
0.6682890334734459
0.533200426078978
0.6990729300724179
0.2497110331572422
0.6525829416987438
0.42519686933423473
0.29309619802110737
0.6733784130085296
0.926856048720066
0.5407187297056812
0.9039102447067584
0.18279569424445563
0.2589660401883641
0.2518601439221588
0.5407665850554866
0.6733784130085296
0.42519686933423473
0.7343611017450526
0.771466799826257
0.948469073257598
0.18473818571680223
0.8874241286685943
0.8980070701796004
0.6483076798643204
0.6520794073340627
0.2589660401883641
0.8980070701796004
0.3599663010830795
0.19640721367196945
0.42223003849296614
0.6209137404388156
0.17815519591888063
0.42519686933423473
0.29309619802110737
0.7203355026613822
0.24057244138877587
0.5886253408151887
0.25961166574016603
0.25961166574016603
0.15062933686111823
0.14775059785152483
0.673872675835401
0.17815519591888063
0.5886253408151887
0.14775059785152483
0.539615835883122
0.19640721367196945
0.6196546439077145
0.15062933686111823
0.053864660107048115
0.0765111884760723
0.42519686933423473
0.6784677925436133
0.7203355026613822
0.608866273918945
0.3135456710457891
0.5886253408151887
0.42519686933423473
0.09271197546696681
0.1967458771067903
0.6335649215615725
0.6196546439077145
0.14835650191542532
0.7951506297607875
0.673872675835401
0.5405338340359791
0.18473818571680223
