0.306350167937831
0.2594012281605648
0.33871541179453823
0.9553946095522863
0.42223003849296614
0.053864660107048115
0.5274204604746542
0.3012401635176547
0.8847423536833053
0.06817458365724996
0.7994557186852789
0.6871928380403507
0.9536661810064799
0.2342904997155122
0.5049722626811606
0.23687404520349487
0.2594012281605648
0.7994557186852789
0.6775264168355319
0.6775264168355319
0.562580618986342
0.8645397845940255
0.7953425520544632
0.8840485566308134
0.17444323731370337
0.7994557186852789
0.8911926670530286
0.053864660107048115
0.6871928380403507
0.3054613344427216
0.06520307298326905
0.6941978989082156
0.9536661810064799
0.6617289897545943
0.5274204604746542
0.2596185323476027
0.6941978989082156
0.3054613344427196
0.23687404520349487
0.6775264168355319
0.33871541179453823
0.3012401635176547
0.7101266792354587
0.11293258562360314
0.4876329819501487
0.11293258562360314
0.27684101851990806
0.6721116514849879
0.15847396696801463
0.9052741254829524
0.33871541179453823
0.17887273643535198
0.6016978933954884
0.8370403025916324
0.09283147581617979
0.35261825598783947
0.39040713301132857
0.682796427213564
0.682796427213564
0.86844201134526
0.9052741254829524
0.6919438338864861
0.9052741254829524
0.5615501181279716
0.216644641172307
0.7953425520544632
0.18246967695617627
0.3054613344427214
0.7101266792354587
0.33871541179453823
0.2596185323476027
0.053864660107048115
0.6026980046791097
0.7953425520544632
0.6322428145154488
0.6721116514849879
0.7953425520544632
0.40090134309229275
0.6485432935664294
0.8926421398336164
0.6026980046791097
0.9536661810064799
0.2342904997155122
0.17444323731370337
0.2241767476140381
0.8020944675628876
0.45727263802562
0.5906857356312145
0.5049722626811606
0.8840485566308134
0.3054613344427214
0.06817458365724996
0.33871541179453823
0.562580618986342
0.17444323731370337
0.14234163550712867
0.4876329819501487
0.7145668494074602
0.1983004325215884
0.5088670165313736
0.5088670165313736
0.12570747915047864
0.2596185323476027
0.7145668494074602
0.682796427213564
0.682796427213564
0.7357699671571052
0.5615501181279716
0.33871541179453823
0.5507818504602489
0.14424826950720598
0.5040761998113721
0.5507818504602489
0.8020944675628876
0.7888052214392933
0.1983004325215884
0.8926421398336164
0.2596185323476027
0.682796427213564
0.6775264168355319
0.8645397845940255
0.12570747915047864
0.9052741254829524
0.5040761998113721
0.35261825598783947
0.2596185323476027
0.5543364401186905
0.5906857356312145
0.7959911318989756
0.5507818504602489
0.9553946095522863
0.7959911318989756
0.8645397845940255
0.2596185323476027
0.2596185323476027
0.306350167937831
0.1983004325215884
0.5543364401186905
0.8645397845940255
0.18246967695617627
0.6725946723160388
0.655558966829001
0.15847396696801463
0.306350167937831
0.5646839275243405
0.56624902357472
0.748799081718871
0.4250130996949574
0.56624902357472
0.2523463995777451
0.11293258562360314
0.682796427213564
0.09283147581617979
0.6532349919908496
0.04773499071352144
0.9553946095522863
0.22460090453347303
0.5088670165313736
0.8911926670530286
0.86844201134526
0.3012401635176547
0.6725946723160388
0.14424826950720598
0.9614367966831294
0.2156661417818647
0.33871541179453823
0.6871928380403507
0.18246967695617627
0.27684101851990806
0.682796427213564
0.5049722626811606
0.22460090453347303
0.04773499071352144
0.06520307298326905
0.7953425520544632
0.8370403025916324
0.17444323731370337
0.5139006463807558
0.2241767476140381
0.7994557186852789
0.748799081718871
0.6502853409227537
0.39040713301132857
0.6502853409227537
0.5049722626811606
0.7357699671571052
0.2342904997155122
0.748799081718871
0.45727263802562
0.2596185323476027
0.5088670165313736
0.9536661810064799
0.5730756952436182
0.8847423536833053
0.17444323731370337
0.2523463995777451
0.2596185323476027
0.35261825598783947
0.6871928380403507
0.4250130996949574
0.5646839275243405
0.7888052214392933
0.9614367966831294
0.11293258562360314
0.9536661810064799
0.9052741254829524
0.6485432935664294
0.6532349919908496
0.2596185323476027
0.8911926670530286
0.40090134309229275
0.10800720792317695
0.42223003849296614
0.5730756952436182
0.1983004325215884
0.39040713301132857
0.33871541179453823
0.6617289897545943
0.2342904997155122
0.6871928380403507
0.216644641172307
0.2596185323476027
0.11293258562360314
0.1983004325215884
0.682796427213564
0.17887273643535198
0.5139006463807558
0.15847396696801463
0.5332862062583776
0.10800720792317695
0.6016978933954884
0.11293258562360314
0.053864660107048115
0.06817458365724996
0.4250130996949574
0.655558966829001
0.7994557186852789
0.6725946723160388
0.30546133444272117
0.5332862062583776
0.4250130996949574
0.11293258562360314
0.1983004325215884
0.6016978933954884
0.6016978933954884
0.14234163550712867
0.6919438338864861
0.6322428145154488
0.5730756952436182
0.2156661417818647
