0.37684000892950137
0.278508633102988
0.2615039340661297
0.8992390808063584
0.42223003849296614
0.053864660107048115
0.4330679361345962
0.2612937534305958
0.8992390870545757
0.06289806079891194
0.7861330233016095
0.6156126597290911
0.953083285126076
0.26150300741656224
0.37684000892950137
0.23011645709024292
0.1975892653755117
0.7861330233016095
0.7497684492643519
0.6866521874215081
0.5531068034438524
0.7925305174499983
0.7925434352227243
0.8131705049653082
0.17954260699535887
0.7911612335410287
0.8909490798981841
0.08416069077573624
0.6971012621629094
0.31183514413158275
0.06289806079891194
0.6309285868361127
0.953083285126076
0.7162305958631929
0.6333264291803873
0.25246057766639707
0.6866521874215081
0.13104846803199743
0.23011645709024292
0.6202070340628696
0.3195325152455105
0.2400244768659116
0.7317487710066741
0.1126578740675297
0.49121292664973415
0.14644787720452157
0.31183514413158275
0.6202070340628696
0.1975892653755117
0.9079042148562477
0.3599663010830795
0.1629617890733278
0.6714852791012034
0.8370403025916324
0.13104846803199743
0.25996479601288974
0.38588475831738617
0.6714852791012034
0.682796427213564
0.899239082661925
0.9354690919550962
0.6767754025631874
0.8995896907467491
0.6202070340628696
0.2691880351679842
0.7162305958631929
0.1975892653755117
0.31183514413158275
0.6333264291803873
0.4330679361345962
0.26150405769311624
0.053864660107048115
0.6018572099459791
0.7925434352227243
0.6973922834738929
0.6202070340628696
0.7911612335410287
0.3599663010830795
0.6333264291803873
0.8857324802748217
0.6971012621629094
0.8909490798981841
0.2586324142458801
0.1629617890733278
0.15487083585625938
0.771715078385302
0.5255645897599279
0.6464008531894542
0.5363323393509866
0.7970668420700522
0.31183514413158275
0.2615039340661297
0.3195325152455105
0.5363323393509866
0.17954260699520747
0.14234163550712867
0.49121292664973415
0.8131705049653082
0.16750527383386604
0.5255645897599279
0.5610950305727287
0.2691880351679842
0.2400244768659116
0.7478262683848685
0.682796427213564
0.6548303128292758
0.7478262683848685
0.6018572099459791
0.3264338483125023
0.544573132036674
0.16750527383386604
0.49121292664973415
0.544573132036674
0.771715078385302
0.7924679325278168
0.21593988254551194
0.8857324802748217
0.26421485840655856
0.6127054952199091
0.6866521874215081
0.8797925974962086
0.08416069077573624
0.9079042148562477
0.49121292664973415
0.26150153944774446
0.2614069145190565
0.544573132036674
0.5363323393509866
0.792814708449973
0.544573132036674
0.9171977397274382
0.7497684492643519
0.8797925974962086
0.26150405769311624
0.26137086323025416
0.278508633102988
0.1975892653755117
0.544573132036674
0.7900515171896468
0.17954260699521044
0.6464008531894542
0.6680722310503806
0.16750527383386604
0.278508633102988
0.5531068034438524
0.6127054952199091
0.771715078385302
0.42652759266410367
0.5727465046284539
0.2614069145190565
0.1629617890733278
0.6548303128292758
0.13104846803199743
0.6619370791301351
0.06289806079891194
0.9171977397274382
0.25246057766639707
0.5343736299211165
0.8962638811029497
0.8992390808063584
0.31183514413158275
0.6866521874215081
0.15487083585625938
0.953083285126076
0.18007466553752902
0.20163122798039082
0.6866521874215081
0.1975892653755117
0.31183514413158275
0.6866521874215081
0.5306370117698869
0.25246057766639707
0.1018560597532917
0.06289806079891194
0.792814708449973
0.8370403025916324
0.20163122798039082
0.6018572099459791
0.25996479601288974
0.7900515171896468
0.7317487710066741
0.6619370791301351
0.38588475831738617
0.6619370791301351
0.5363323393509866
0.6973922834738929
0.2400244768659116
0.7317487710066741
0.4265275926641037
0.261501508714472
0.6309285868361127
0.953083285126076
0.544573132036674
0.8992390870545757
0.17954260699521044
0.2613725751811634
0.26421485840655856
0.4241988268368331
0.6782672415086071
0.4241988268368331
0.6782672415086071
0.7924679325278168
0.9354690919550962
0.1975892653755117
0.953083285126076
0.8995896907467491
0.6767754025631874
0.6619370791301351
0.26144296580785886
0.8962638811029497
0.3599663010830795
0.11914124148364638
0.42223003849296614
0.6156126597290911
0.17954260699536878
0.42652759266410367
0.3264338483125023
0.6505516774296887
0.21593988254551194
0.5727465046284539
0.2586324142458801
0.2612937534305958
0.1126578740675297
0.17954260699531693
0.6714852791012034
0.17954260699536878
0.5343736299211165
0.1018560597532917
0.544573132036674
0.11914124148364638
0.6016978933954884
0.14644787720452157
0.053864660107048115
0.06289806079891194
0.4241988268368331
0.6680722310503806
0.7861330233016095
0.6018572099459791
0.31183514413158275
0.544573132036674
0.4241988268368331
0.1126578740675297
0.1975892653755117
0.5610950305727287
0.6016978933954884
0.14234163550712867
0.7970668420700522
0.6505516774296887
0.5306370117698869
0.18007466553752902
