0.3523179759882731
0.27542019287999464
0.2582714406402905
0.90605263209362
0.42223003849296614
0.05891399855182948
0.44760418376338074
0.2697578666761457
0.90605263209362
0.08058002306122825
0.7809285598509825
0.6299226173256329
0.948469073257598
0.2471035377425998
0.3523179759882731
0.15094851945831078
0.18697014301053122
0.7809285598509825
0.6871194404602896
0.6814010365329424
0.5332304946167232
0.7647108174185095
0.7160503390523238
0.7518790185296647
0.18454865065359327
0.7443942102523444
0.9055639054474054
0.0765866831085642
0.6871194404602898
0.2981366792634329
0.11892291185980228
0.6322409732834686
0.9275710209591468
0.68838314905959
0.6570239582067962
0.26753468966674576
0.6814010365329424
0.13104846803199743
0.18454958924027798
0.6229184069507374
0.3135456710457891
0.2637846648176084
0.6915452538881686
0.16668539481716166
0.483944802835342
0.18697014301053122
0.28245321891199426
0.6322409732834686
0.19224029862893433
0.9056337235397217
0.3515831878904351
0.18454897653633506
0.6819383077203119
0.8557394471836108
0.13104846803199743
0.25996479601288974
0.39591680270710483
0.6646790364006383
0.6695622094168998
0.90605263209362
0.9056337235397217
0.6567586533226992
0.9025996284816153
0.493577667651758
0.2637846648176084
0.7809285598509825
0.18479376945267278
0.2413181760741236
0.6915452538881686
0.44760418376338074
0.2471035377425998
0.05891399855182948
0.5551561917354688
0.7334540819603426
0.6755206526315713
0.6229184069507374
0.7647108174185095
0.3515831878904351
0.6567586533226992
0.8831801868933864
0.6215631622853184
0.9055988144935636
0.2413181760741236
0.18454538312900806
0.15094851945831078
0.771466799826257
0.572430233842472
0.572430233842472
0.5416753003418113
0.7951506297607875
0.26515116368726754
0.2471035377425998
0.3135456710457891
0.7160503390523238
0.18454958924027798
0.1829290734491456
0.483944802835342
0.9025996284816153
0.1895036063765938
0.5332304946167232
0.5689970956268321
0.2637846648176084
0.2413181760741236
0.7518790185296647
0.637371013153933
0.6646790364006383
0.7518790185296647
0.5551561917354688
0.3515831878904351
0.572430233842472
0.18454897653633506
0.483944802835342
0.5689970956268321
0.6755206526315713
0.7833087147935223
0.10270945837870749
0.8831801868933864
0.28245321891199426
0.6570239582067962
0.7443942102523444
0.9025996284816153
0.0765866831085642
0.9025996284816153
0.483944802835342
0.2582714406402905
0.26515116368726754
0.539486153036574
0.5416753003418113
0.7647108174185095
0.5416753003418113
0.90605263209362
0.7809285598509825
0.7809285598509825
0.26975786667723783
0.26975786667723783
0.27542019287999464
0.1845441210217273
0.6215631622853184
0.7809285598509825
0.18479376945267278
0.6015159741901925
0.68838314905959
0.1895036063765938
0.27542019287999464
0.5374528974792673
0.6915452538881686
0.771466799826257
0.41423824790653696
0.6695622094168998
0.25741409985014985
0.16668539481716166
0.6646790364006383
0.13104846803199743
0.6567335218174251
0.08058002306122825
0.90605263209362
0.39404451271792773
0.5393295370675337
0.8557394471836108
0.90605263209362
0.2952543241278033
0.6871194404602897
0.15094851945831078
0.9025996284816153
0.1845487836431862
0.2103774865443599
0.6871194404602896
0.1845441210217273
0.26975786667580237
0.6814010365329424
0.5466800588284471
0.26753468966674576
0.08058002306122825
0.10270945837870749
0.7647108174185095
0.9025996284816153
0.18454865065359327
0.579296510273752
0.25996479601288974
0.7809285598509825
0.6564025064447441
0.6567335218174251
0.39591680270710483
0.6857514884028821
0.5416753003418113
0.6915452538881686
0.2471035377425998
0.6564025064447441
0.39404451271792773
0.26975786667580237
0.6322409732834686
0.9055988144935636
0.5416753003418113
0.90605263209362
0.18454761562033414
0.25741409985014985
0.26975786667683244
0.5374528974792673
0.7334540819603426
0.42519686933423473
0.7647108174185095
0.7833087147935223
0.948469073257598
0.16668539481716166
0.9275710209591468
0.905494087355089
0.6567552944196213
0.6567552944196213
0.26515116368726754
0.905494087355089
0.3515831878904351
0.2103774865443599
0.42223003849296614
0.6299226173256329
0.18454897653633506
0.41423824790653696
0.1829290734491456
0.6819383077203119
0.25741409985014985
0.5551561917354688
0.2981366792634329
0.28245321891199426
0.15094851945831078
0.11892291185980228
0.6613741205411607
0.18454968568685243
0.579296510273752
0.11892291185980228
0.5466800588284471
0.2103774865443599
0.6242913843163447
0.15094851945831078
0.10363525023362741
0.08058002306122825
0.493577667651758
0.6871194404602898
0.6857514884028821
0.6015159741901925
0.2952543241278033
0.539486153036574
0.42519686933423473
0.11892291185980228
0.19224029862893433
0.637371013153933
0.6242913843163447
0.10363525023362741
0.7951506297607875
0.6613741205411607
0.5393295370675337
0.18454596019028208
