0.37231763423555897
0.28192564830160527
0.27514959979740694
0.9255329187532051
0.42223003849296614
0.053864660107048115
0.4330679361345962
0.2651280766437496
0.9068211836423619
0.06524819570503629
0.7785168259673212
0.6886470933217727
0.953083285126076
0.2342904997155122
0.37231763423555897
0.23011645709024292
0.1980849682296642
0.7785168259673212
0.7068481581333664
0.6850425015990771
0.5496934511455003
0.7934892822038633
0.7934892822038633
0.8910277203209185
0.18354435117452714
0.7934892822038633
0.8285003129793544
0.08416069077573624
0.6680722310503806
0.3111504546910262
0.06133130419482896
0.6118381953070826
0.953083285126076
0.7061828511707765
0.6333264291803873
0.2554873845695661
0.6850425015990771
0.13700208130617303
0.23011645709024292
0.6202070340628696
0.32173832065459773
0.3164443876727887
0.730202908839165
0.1126578740675297
0.4883771504083425
0.1338134392269149
0.3111504546910262
0.6202070340628696
0.1980849682296642
0.9109039377609802
0.3410325524934218
0.1622063261301785
0.6718878564894424
0.8370403025916324
0.11914124148364638
0.25996479601288974
0.39040713301132857
0.6718878564894424
0.682796427213564
0.8751861577903455
0.9354690919550962
0.6916137259962396
0.9019047690467825
0.6202070340628696
0.2641466447793843
0.7310819764328982
0.1980849682296642
0.3111504546910262
0.6333264291803873
0.4330679361345962
0.25997479152869407
0.053864660107048115
0.6202070340628696
0.7934892822038633
0.6916137259962396
0.6202070340628696
0.7934892822038633
0.3694331753779084
0.6333264291803873
0.8926421398336164
0.7310819764328982
0.953083285126076
0.2661095085081149
0.1622063261301785
0.16673910378907447
0.7711677456019528
0.5044006492236377
0.6202070340628696
0.5455938456544648
0.8910277203209185
0.3111504546910262
0.1638965580024263
0.32173832065459773
0.5496934511455003
0.17244733280798474
0.14234163550712867
0.4883771504083425
0.730202908839165
0.16834282162457154
0.5305876307852666
0.5305876307852666
0.27514959979740694
0.1638965580024263
0.7031846042419203
0.682796427213564
0.6633875836284504
0.8285003129793544
0.5496934511455003
0.3410325524934218
0.5448952768426119
0.16673910378907447
0.4883771504083425
0.5445459924366854
0.7722624111686511
0.7744517423020478
0.19676309395192448
0.8926421398336164
0.2641466447793843
0.6492701194312611
0.6905685470964681
0.8751861577903455
0.08416069077573624
0.9109039377609802
0.4883771504083425
0.2661095085081149
0.25997479152869407
0.5455938456544648
0.5448952768426119
0.7934892822038633
0.5445459924366854
0.9109039377609802
0.7934892822038633
0.8751861577903455
0.2661095085081149
0.2661095085081149
0.28192564830160527
0.19676309395192448
0.5305876307852666
0.8751861577903455
0.16834282162457154
0.6725946723160388
0.6680722310503806
0.16834282162457154
0.28192564830160527
0.5565201557422046
0.56624902357472
0.7711677456019528
0.4243848525094261
0.56624902357472
0.25997479152869407
0.1622063261301785
0.6492701194312611
0.13700208130617303
0.6633875836284504
0.06133130419482896
0.9255329187532051
0.24758486921987766
0.5305876307852666
0.8910277203209185
0.8751861577903455
0.3111504546910262
0.6905685470964681
0.16673910378907447
0.953083285126076
0.18486622545226689
0.3111504546910262
0.6886470933217727
0.1980849682296642
0.3111504546910262
0.6850425015990771
0.5044006492236377
0.24758486921987766
0.1018560597532917
0.06133130419482896
0.7934892822038633
0.8370403025916324
0.18354435117452714
0.5322111509413261
0.25996479601288974
0.7061828511707765
0.7722624111686511
0.6597613223826624
0.39040713301132857
0.6597613223826624
0.5305876307852666
0.6916137259962396
0.2342904997155122
0.730202908839165
0.4290354943242414
0.2554873845695661
0.6118381953070826
0.953083285126076
0.5448952768426119
0.9068211836423619
0.17244733280798474
0.25997479152869407
0.2651280766437496
0.42317913055743683
0.6680722310503806
0.4243848525094261
0.7068481581333664
0.7744517423020478
0.9354690919550962
0.1980849682296642
0.953083285126076
0.9019047690467825
0.6633875836284504
0.6633875836284504
0.25997479152869407
0.8910277203209185
0.3694331753779084
0.11914124148364638
0.42223003849296614
0.5419572728348767
0.1822224768967874
0.4290354943242414
0.3111504546910262
0.6492701194312611
0.2342904997155122
0.6202070340628696
0.2661095085081149
0.2641466447793843
0.1126578740675297
0.1822224768967874
0.6524740144273298
0.1822224768967874
0.5419572728348767
0.1018560597532917
0.5565201557422046
0.11914124148364638
0.6016978933954884
0.1338134392269149
0.053864660107048115
0.06524819570503629
0.42317913055743683
0.6680722310503806
0.7934892822038633
0.6725946723160388
0.3164443876727887
0.5322111509413261
0.42317913055743683
0.1126578740675297
0.19676309395192448
0.6016978933954884
0.6016978933954884
0.14234163550712867
0.7031846042419203
0.6524740144273298
0.5565201557422046
0.18486622545226689
