0.38136238362344377
0.278508633102988
0.2508015624589077
0.9073960141426889
0.42223003849296614
0.05891399855182948
0.44760418376338074
0.2705602540715033
0.9153831467134121
0.08058002306122825
0.7824402674255553
0.6273088208011384
0.948469073257598
0.2508015624589077
0.38136238362344377
0.16141421627860486
0.19019478410604296
0.7824402674255553
0.683890211056593
0.6812733162294249
0.533200426078978
0.7700445412681152
0.7626596079696686
0.7164620369922501
0.18057633223814876
0.7634794262732902
0.9016429086417046
0.0765866831085642
0.683890211056593
0.3135456710457891
0.08058002306122825
0.6344867768820257
0.948469073257598
0.6941722950013643
0.6553589467278478
0.2508015624589077
0.683890211056593
0.13104846803199743
0.20739587364464176
0.624111280619977
0.3135456710457891
0.26002619298741014
0.6990729300724179
0.16141421627860486
0.483944802835342
0.14883012498012232
0.3135456710457891
0.6209137404388156
0.19019478410604296
0.9207867691401392
0.3515831878904351
0.1793561073721172
0.6618741600920337
0.8557394471836108
0.13104846803199743
0.25996479601288974
0.38136238362344377
0.6990729300724179
0.637371013153933
0.9012949889103884
0.8995967154096743
0.6509796723889663
0.8971040888298532
0.493577667651758
0.2600261931591601
0.7797947791700526
0.20739587364464176
0.2836972862980002
0.6553589467278478
0.44760418376338074
0.2508015624589077
0.05891399855182948
0.5912255545699394
0.7230351701409536
0.6672184337688913
0.6209137404388156
0.7700445412681152
0.3515831878904351
0.6462233049503388
0.8831801868933864
0.6273088208011384
0.9028741787730357
0.2484409958815869
0.1833914057601876
0.14883012498012232
0.771466799826257
0.5821073807729196
0.5821073807729196
0.540195201544315
0.7951506297607875
0.28568604392620334
0.2508015624589077
0.3135456710457891
0.683890211056593
0.18057633223814876
0.14835650191542532
0.483944802835342
0.8962112221342715
0.18448964739128162
0.5639607495159293
0.5639607495159293
0.2600261931591601
0.2484409958815869
0.7592741162669954
0.637371013153933
0.6462233049503388
0.7592741162669954
0.533200426078978
0.3515831878904351
0.5406807722139111
0.18118644467116451
0.483944802835342
0.5406807722139111
0.771466799826257
0.7951506297607875
0.11008593681786724
0.8831801868933864
0.2600261931019101
0.6462233049503388
0.7634794262732902
0.8971040888298532
0.0765866831085642
0.9207867691401392
0.483944802835342
0.2508015624589077
0.2599715853560155
0.5453746220200071
0.540195201544315
0.7626596941629598
0.540195201544315
0.9073960141426889
0.7797947791700526
0.7797947791700526
0.2836972862980002
0.2599920602982451
0.278508633102988
0.1833914057601876
0.5912255545699394
0.7797947791700526
0.1835447053287632
0.608866273918945
0.6941722950013643
0.185434592346311
0.278508633102988
0.540195201544315
0.7164620369922501
0.771466799826257
0.42519686933423473
0.6553589467278478
0.25998523531759177
0.14883012498012232
0.6618741600920337
0.13104846803199743
0.6344867768820257
0.08058002306122825
0.9073960141426889
0.2508015624589077
0.5639607495159293
0.8557394471836108
0.9012949889103884
0.2705602540715033
0.683890211056593
0.14883012498012232
0.9058401204484237
0.1793561073721172
0.14835650191542532
0.680062028823746
0.18354475814413312
0.3135456710457891
0.6812733162294249
0.5407617006588438
0.2508015624589077
0.08058002306122825
0.11008593681786724
0.7626596941629598
0.9058401204484237
0.1793561073721172
0.5848181506607852
0.25996479601288974
0.7824402674255553
0.6509796723889663
0.680062028823746
0.38136238362344377
0.680062028823746
0.533200426078978
0.6990729300724179
0.2508015624589077
0.666123615184171
0.42519686933423473
0.29309619802110737
0.6344867768820257
0.9028741787730357
0.540195201544315
0.9153831467134121
0.18448964739128162
0.259971585356345
0.2508015624589077
0.540195201544315
0.7230351701409536
0.42519686933423473
0.7626596079696686
0.771466799826257
0.948469073257598
0.18354475814413312
0.8962112221342715
0.8995967154096743
0.6462233049503388
0.6553589467278478
0.2599715853560155
0.9016429086417046
0.3515831878904351
0.19640721367196945
0.42223003849296614
0.624111280619977
0.18118644467116451
0.42519686933423473
0.29309619802110737
0.690438368026157
0.2484409958815869
0.5848181506607852
0.28568604392620334
0.2599920602982451
0.14883012498012232
0.14883012498012232
0.666123615184171
0.18057633223814876
0.5848181506607852
0.14883012498012232
0.5407617006588438
0.19640721367196945
0.6242913843163447
0.14883012498012232
0.05891399855182948
0.08058002306122825
0.493577667651758
0.683890211056593
0.690438368026157
0.608866273918945
0.3135456710457891
0.5453746220200071
0.42519686933423473
0.08058002306122825
0.19019478410604296
0.637371013153933
0.6242913843163447
0.14835650191542532
0.7951506297607875
0.6672184337688913
0.5406807722139111
0.18354474053900982
