0.38136238362344377
0.278508633102988
0.25417119660008525
0.8999873610122036
0.42223003849296614
0.053864660107048115
0.44760418376338074
0.24057244138877587
0.926856048720066
0.0765111884760723
0.7824740207880339
0.6209137404388156
0.948469073257598
0.24652227575526092
0.38136238362344377
0.23011645709024292
0.18619746821450947
0.7824740207880339
0.6889429424002309
0.6863974651987352
0.533200426078978
0.7343611017450526
0.7882256163643229
0.7164620369922501
0.17815519591888063
0.7882256163643229
0.8972241367495734
0.08416069077573624
0.6784677925436133
0.3135456710457891
0.07924859531608608
0.6363360225003358
0.948469073257598
0.6889429424002309
0.6504900243201654
0.25186014392200795
0.6863974651987352
0.13104846803199743
0.23011645709024292
0.6209137404388156
0.3135456710457891
0.2497110331572422
0.6990729300724179
0.09271197546696681
0.483944802835342
0.14852258584009898
0.3135456710457891
0.6209137404388156
0.1967458771067903
0.9177521293501758
0.3432000746977909
0.17815519591888063
0.6335648651336054
0.8557394471836108
0.13104846803199743
0.25996479601288974
0.38136238362344377
0.6990729300724179
0.6354077948950205
0.9039102447067584
0.9177521293501758
0.6691893376682929
0.8955043289456142
0.5886253408151887
0.26007510350847535
0.7824740207880339
0.18571104071527372
0.28270290748389854
0.6691893376682929
0.44760418376338074
0.25186014392200795
0.053864660107048115
0.6125179948908079
0.7882256163643229
0.6990729300724179
0.6209137404388156
0.7882256163643229
0.3599663010830795
0.6483042900178666
0.8831801868933864
0.6125179948908079
0.8972241367495734
0.24652227575526092
0.17815519591888063
0.14852259778914909
0.771466799826257
0.5405552112271308
0.6363360225003358
0.5399645265683267
0.7951506297607875
0.3135456710457891
0.25186014392200795
0.3135456710457891
0.6850174331461736
0.17815519591888063
0.14835650191542532
0.483944802835342
0.8874241286685943
0.18571104071527372
0.533200426078978
0.5690108991314238
0.2600751038052338
0.25186014392200795
0.7592741162669954
0.6354077948950205
0.6417413782382799
0.7592741162669954
0.533200426078978
0.3432000746977909
0.5405552112271308
0.18571104071527372
0.483944802835342
0.5397114560422034
0.771466799826257
0.7951506297607875
0.11008593681786724
0.8831801868933864
0.26007510350847535
0.6335648651336054
0.7392797529869082
0.8955043289456142
0.08416069077573624
0.9177521293501758
0.483944802835342
0.25417119660008525
0.25913417010990714
0.5397114560422034
0.5399645265683267
0.7882256163643229
0.5397114560422034
0.9104465267588393
0.7777266272369074
0.7777266272369074
0.28270290748389854
0.25966020521246136
0.278508633102988
0.1834435075626259
0.5397114560422034
0.7838304189454983
0.18344303332154377
0.608866273918945
0.6889429424002309
0.18619746821450947
0.278508633102988
0.5405552112271308
0.7164620369922501
0.771466799826257
0.42519686933423473
0.6504900243201654
0.25913417010990714
0.14852258584009898
0.6354077948950205
0.13104846803199743
0.6363360225003358
0.07924859531608608
0.9104465267588393
0.25186014392200795
0.5405552112271308
0.8557394471836108
0.8999873610122036
0.3135456710457891
0.6850174331461736
0.14934269829392832
0.9058401204484237
0.17815519591888063
0.14835650191542532
0.6850174331461736
0.18473818571680223
0.3135456710457891
0.6863974651987352
0.5405552112271308
0.25186014392200795
0.07924859531608608
0.11008593681786724
0.7392797529869082
0.9058401204484237
0.17815519591888063
0.5690108991314238
0.25996479601288974
0.7838304189454983
0.6417413782382799
0.6695613783572169
0.38136238362344377
0.6695613783572169
0.533200426078978
0.6990729300724179
0.2497110331572422
0.6483042900178666
0.42519686933423473
0.29309619802110737
0.6721060681247587
0.926856048720066
0.5405552112271308
0.9039102447067584
0.18344303332154377
0.25913417010990714
0.25186014392200795
0.5405552112271308
0.6721060681247587
0.42519686933423473
0.7343611017450526
0.771466799826257
0.948469073257598
0.18473818571680223
0.8874241286685943
0.8980070701796004
0.6504900243201654
0.6504900243201654
0.25913417010990714
0.8980070701796004
0.3599663010830795
0.19640721367196945
0.42223003849296614
0.6209137404388156
0.17815519591888063
0.42519686933423473
0.29309619802110737
0.7203355026613822
0.24057244138877587
0.5886253408151887
0.25966020521246136
0.25966020521246136
0.14934269829392832
0.14852256159879818
0.673872675835401
0.17815519591888063
0.5886253408151887
0.14852257389104886
0.5397114560422034
0.19640721367196945
0.6196546439077145
0.14934269829392832
0.053864660107048115
0.0765111884760723
0.42519686933423473
0.6784677925436133
0.7203355026613822
0.608866273918945
0.3135456710457891
0.5886253408151887
0.42519686933423473
0.09271197546696681
0.1967458771067903
0.6354077948950205
0.6196546439077145
0.14835650191542532
0.7951506297607875
0.673872675835401
0.5405552112271308
0.18473818571680223
