0.306350167937831
0.2594012281605648
0.33871541179453823
0.9255329187532051
0.42223003849296614
0.053864660107048115
0.4330679361345962
0.31468850694812434
0.9068211836423619
0.06817458365724996
0.7785168259673212
0.6875636589684502
0.9508815109797035
0.2342904997155122
0.5046735750578977
0.23278299831348753
0.2594012281605648
0.7785168259673212
0.7785168259673212
0.6874934309635345
0.5461221357079856
0.7944014717248213
0.7958901092568562
0.8878104442530448
0.17441876352448477
0.7944014717248213
0.8285003129793544
0.053864660107048115
0.6779123182282806
0.3098386410712335
0.06520307298326905
0.689593828395618
0.9508815109797035
0.6690167506704341
0.6308217139002925
0.26821716987039856
0.6874934364187999
0.20341134191341353
0.23278299831348753
0.6789556578445828
0.32622366236891054
0.32622366236891054
0.730202908839165
0.11238532143466687
0.48915917550234683
0.11238532143466687
0.2952841251218547
0.6713744316160715
0.15551027999701283
0.9154035221180787
0.33871541179453823
0.17460045947081174
0.6308217139002925
0.8370403025916324
0.09283147581617979
0.35261825598783947
0.39040713301132857
0.682796427213564
0.682796427213564
0.8740621333828312
0.9354690919550962
0.6916137259962396
0.9019047690467825
0.5554274564860218
0.216644641172307
0.7954175566179398
0.18246967695617627
0.31468850694812434
0.6308217139002925
0.4330679361345962
0.26230560657347646
0.053864660107048115
0.6217624179704779
0.7944014717248213
0.6916137259962396
0.6713744316160715
0.7954175566179398
0.3694331753779084
0.6308217139002925
0.8926421398336164
0.6647049980733044
0.9552850592724487
0.2342904997155122
0.19542381447458806
0.1962288910691953
0.7754467746408793
0.4878543456859
0.5848157221686825
0.5046735750578977
0.8878104442530448
0.28253993339516187
0.1638965580024263
0.32622366236891054
0.5643048847420798
0.17441876352448477
0.14234163550712867
0.48915917550234683
0.730202908839165
0.1996702487722074
0.5357869918251126
0.5099494344591424
0.20341134191341353
0.1638965580024263
0.7031846042419203
0.682796427213564
0.682796427213564
0.8285003129793544
0.5461221357079856
0.33871541179453823
0.5467041552146512
0.15210203998036076
0.4878587096652192
0.5357869918251126
0.7668887165630266
0.7755464078687463
0.20177063368982318
0.8926421398336164
0.2635595745455508
0.682796427213564
0.6875636589684502
0.8768721944016169
0.11500182671015
0.9019047690467825
0.4878543456859
0.35261825598783947
0.2596185323476027
0.5554274564860218
0.5848157221686825
0.7958901092568562
0.5467041552146512
0.9154035221180787
0.7958901092568562
0.8768721944016169
0.26230560657347646
0.2635595745455508
0.306350167937831
0.20177063368982318
0.5554274564860218
0.8740621333828312
0.18246967695617627
0.6725946723160388
0.655558966829001
0.15551027999701283
0.306350167937831
0.5643048847420798
0.56624902357472
0.7754467746408793
0.41540033117172726
0.56624902357472
0.2523463995777451
0.11238532143466687
0.6308217139002925
0.09283147581617979
0.6647049980733044
0.04773499071352144
0.9255329187532051
0.22211683342050914
0.5099494344591424
0.8942449963887921
0.8740621333828312
0.3098386410712335
0.6789556578445828
0.1308131927936559
0.9508815109797035
0.19542381447458806
0.2952841251218547
0.689593828395618
0.18246967695617627
0.31468850694812434
0.6874934364187999
0.5046735750578977
0.22211683342050914
0.04773499071352144
0.06520307298326905
0.7954175566179398
0.8370403025916324
0.17460045947081174
0.5099494344591424
0.1962288910691953
0.7785168259673212
0.7668887165630266
0.6502853409227537
0.39040713301132857
0.6502853409227537
0.5099494344591424
0.6916137259962396
0.2342904997155122
0.730202908839165
0.43633648459867364
0.26821716987039856
0.5357869918251126
0.9552850592724487
0.5777652809576157
0.9068211836423619
0.1744187635244845
0.2523463995777451
0.28253993339516187
0.35261825598783947
0.6779123182282806
0.41540033117172726
0.5554274564860218
0.7755464078687463
0.9354690919550962
0.19369870131384834
0.9552850592724487
0.9019047690467825
0.6499893372700889
0.6499893372700889
0.2596185323476027
0.8942449963887921
0.3694331753779084
0.11500182671015
0.42223003849296614
0.5777652809576157
0.1885865844784702
0.43633648459867364
0.33871541179453823
0.6690167506704341
0.2342904997155122
0.6217624179704779
0.216644641172307
0.2635595745455508
0.11238532143466687
0.1996702487722074
0.6577048872954865
0.1885865844784702
0.5099494344591424
0.15210203998036076
0.5357869918251126
0.11500182671015
0.6016978933954884
0.1308131927936559
0.053864660107048115
0.06817458365724996
0.4221292691379883
0.655558966829001
0.7944014717248213
0.6725946723160388
0.3098386410712335
0.5554274564860218
0.4221292691379883
0.11238532143466687
0.20177063368982318
0.6016978933954884
0.6016978933954884
0.14234163550712867
0.7031846042419203
0.6577048872954865
0.5643048847420798
0.19369870131384834
