0.37984314837469746
0.278508633102988
0.26135734175846104
0.8992390836767585
0.42223003849296614
0.053864660107048115
0.4330679361345962
0.26135734175846104
0.8992390836767585
0.06289806079891194
0.7861330233016095
0.6156126597290911
0.9501475862642461
0.26135734175846104
0.37984314837469746
0.23011645709024292
0.1975892653755117
0.7861330233016095
0.7497684492643519
0.6866521874215081
0.5485228983483581
0.7904369810923065
0.7918689693902683
0.8131705049653082
0.1874536091746533
0.790436898955257
0.8909490798981841
0.08416069077573624
0.6971012621629094
0.31183514413158275
0.06289806079891194
0.6309285868361127
0.9501475862642461
0.7162305958631929
0.6333264291803873
0.25246057766639707
0.6866521874215081
0.13104846803199743
0.23011645709024292
0.6202070340628696
0.3169667248742013
0.2400244768659116
0.7317487710066741
0.1126578740675297
0.49121292664973415
0.14644787720452157
0.3169667248742013
0.6202070340628696
0.1975892653755117
0.9079042148562477
0.3599663010830795
0.16714326940816993
0.6714852791012034
0.8573357970360378
0.13104846803199743
0.25996479601288974
0.3828816188721901
0.6714852791012034
0.682796427213564
0.8992390836767585
0.9398726402478412
0.6767754025631874
0.8979267859248494
0.6202070340628696
0.26774918188857577
0.7162305958631929
0.17671391072601866
0.31183514413158275
0.6333264291803873
0.4330679361345962
0.26135734175846104
0.053864660107048115
0.6018572099459791
0.7918689693902683
0.6973922834738929
0.6202070340628696
0.7904369134390291
0.3599663010830795
0.6333264291803873
0.8857324802748217
0.6971012621629094
0.8909490798981841
0.26135734175846104
0.16714326940816993
0.15487083585625938
0.771715078385302
0.5296727917202955
0.6464008531894542
0.5363323393509866
0.7970668420700522
0.31183514413158275
0.2627739682342118
0.3169667248742013
0.5339837253963078
0.1748170133127789
0.14234163550712867
0.49121292664973415
0.8131705049653082
0.17671391072601866
0.5296727917202955
0.5610950305727287
0.26774918188857577
0.2400244768659116
0.7478262683848685
0.682796427213564
0.6548303128292758
0.7478262683848685
0.6018572099459791
0.3264338483125023
0.5444145975271462
0.17671391072601866
0.49121292664973415
0.5424349055563467
0.771715078385302
0.7924679325278168
0.21593988254551194
0.8857324802748217
0.2627739682342118
0.6127054952199091
0.6866521874215081
0.8797925974962086
0.08416069077573624
0.9079042148562477
0.49121292664973415
0.26135734175846104
0.26135734175846104
0.544573132036674
0.5363323393509866
0.7927228487328095
0.5444145975271462
0.9171977397274382
0.7497684492643519
0.8797925974962086
0.26135734175846104
0.26135734175846104
0.278508633102988
0.1975892653755117
0.544573132036674
0.7904370004351731
0.17671391072601866
0.6464008531894542
0.6680722310503806
0.17671391072601866
0.278508633102988
0.5485228983483581
0.6127054952199091
0.771715078385302
0.4259454012072861
0.5727465046284539
0.26135734175846104
0.14105151527848708
0.6548303128292758
0.13104846803199743
0.6619370791301351
0.06289806079891194
0.9171977397274382
0.25246057766639707
0.5320016715491013
0.8573357970360378
0.8992390836767585
0.31183514413158275
0.6866521874215081
0.15487083585625938
0.9501475862642461
0.1874536091746533
0.1603862347320186
0.6866521874215081
0.1975892653755117
0.31183514413158275
0.6866521874215081
0.5339837253963078
0.25246057766639707
0.1018560597532917
0.06289806079891194
0.7927228487328095
0.8573357970360378
0.1874536091746533
0.6018572099459791
0.25996479601288974
0.7904370004351731
0.7317487710066741
0.6619370791301351
0.3828816188721901
0.6619370791301351
0.5339837253963078
0.6973922834738929
0.2400244768659116
0.7317487710066741
0.4259454012072861
0.26135734175846104
0.6309285868361127
0.953083285126076
0.5444145975271462
0.8992390836767585
0.1748170133127789
0.26135734175846104
0.26135734175846104
0.4241988268368331
0.6782672415086071
0.4259454012072861
0.6782672415086071
0.7924679325278168
0.9398726402478412
0.1975892653755117
0.953083285126076
0.8979267859248494
0.6767754025631874
0.6619370791301351
0.26135734175846104
0.8979267859248494
0.3599663010830795
0.14105151527848708
0.42223003849296614
0.6156126597290911
0.1800798239337414
0.4259454012072861
0.3264338483125023
0.6505516774296887
0.21593988254551194
0.5727465046284539
0.2627739682342118
0.26135734175846104
0.1126578740675297
0.1874536091746533
0.6714852791012034
0.1800798239337414
0.5320016715491013
0.1018560597532917
0.5424349055563467
0.1603862347320186
0.6016978933954884
0.14644787720452157
0.053864660107048115
0.06289806079891194
0.4241988268368331
0.6680722310503806
0.790436898955257
0.6018572099459791
0.31183514413158275
0.544573132036674
0.4241988268368331
0.1126578740675297
0.1975892653755117
0.5610950305727287
0.6016978933954884
0.14234163550712867
0.7970668420700522
0.6505516774296887
0.5424349055563467
0.16714326940816993
