0.31608197304117575
0.278508633102988
0.2502114211171793
0.9070480492021811
0.42223003849296614
0.05891399855182948
0.44760418376338074
0.255407822080351
0.9070480492021811
0.08058002306122825
0.7809285598509825
0.6306253475531141
0.948469073257598
0.2502114211171793
0.3885539789353704
0.15094851945831078
0.19019478410604296
0.7809285598509825
0.6834443887538493
0.6816610995428759
0.4720070523946797
0.7664887253683775
0.7647108174185087
0.7370888230550027
0.18241110082913192
0.7664887253683775
0.9008702240201938
0.0765866831085642
0.6834443887538493
0.3135456710457891
0.12208155245983504
0.6306253475531141
0.948469073257598
0.6906223074223274
0.6557577382352346
0.2502114211171793
0.6834443887538493
0.13104846803199743
0.20085174487999918
0.6237503191500915
0.3135456710457891
0.2613192825420104
0.6990729300724179
0.16668539481716166
0.483944802835342
0.15094851945831078
0.3135456710457891
0.6237503191500915
0.19019478410604296
0.9109880671667505
0.3515831878904351
0.18241110082913192
0.6557577382352346
0.8557394471836108
0.13104846803199743
0.25996479601288974
0.3885539789353704
0.6734408454178163
0.637371013153933
0.9070480492021811
0.9109880671667505
0.6478087607632148
0.9020477592396943
0.493577667651758
0.2613192825420105
0.7809285598509825
0.20085174487999918
0.28469166511210187
0.6928705769404411
0.44760418376338074
0.2502114211171793
0.05891399855182948
0.5912255545699394
0.7230351701409536
0.6650720696816987
0.6237503191500915
0.7664887253683775
0.3515831878904351
0.6478087607632148
0.8831801868933864
0.6306253475531141
0.9109880671667505
0.2502114211171793
0.18241110082913192
0.15094851945831078
0.771466799826257
0.5821073807729196
0.5821073807729196
0.5404306297477552
0.7951506297607875
0.28469166511210187
0.2502114211171793
0.3135456710457891
0.6834443887538493
0.18241110082913192
0.14835650191542532
0.483944802835342
0.9009750489026074
0.18241110082913192
0.5639607495159293
0.5639607495159293
0.2613192825420103
0.2502114211171793
0.7592741162669954
0.637371013153933
0.6478087607632148
0.7592741162669954
0.5368155279133666
0.3515831878904351
0.5404306297477552
0.18241110082913192
0.483944802835342
0.5404306297477552
0.7370888230550027
0.7833087147935223
0.10270945837870749
0.8831801868933864
0.2613192825420104
0.6557577382352346
0.7629329094686399
0.9020477592396943
0.0765866831085642
0.90430198384489
0.483944802835342
0.2502114211171793
0.26177026103115775
0.5453746220200071
0.5404306297477552
0.7629329094686399
0.5404306297477552
0.9070480492021811
0.7809285598509825
0.7809285598509825
0.28469166511210187
0.25985429856618225
0.278508633102988
0.18241110082913192
0.5912255545699394
0.7809285598509825
0.18241110082913192
0.608866273918945
0.6906223074223274
0.18241110082913192
0.278508633102988
0.5404306297477552
0.6928705769404411
0.771466799826257
0.42519686933423473
0.6557577382352346
0.25955039701982474
0.16668539481716166
0.6650720696816987
0.13104846803199743
0.6306253475531141
0.08058002306122825
0.9070480492021811
0.31608197304117575
0.5485805877974537
0.8557394471836108
0.9070480492021811
0.2613192825420105
0.6834443887538493
0.15094851945831078
0.90430198384489
0.18241110082913192
0.14835650191542532
0.6805465437860174
0.18241110082913192
0.3135456710457891
0.6816610995428759
0.5404306297477552
0.2502114211171793
0.08058002306122825
0.10270945837870749
0.7629329094686399
0.9009750489026074
0.18241110082913192
0.5848181506607852
0.25996479601288974
0.7809285598509825
0.6734408454178163
0.6805465437860174
0.40327962647883925
0.6805465437860174
0.5485805877974537
0.6990729300724179
0.2502114211171793
0.6650720696816987
0.4720070523946797
0.29309619802110737
0.6306253475531141
0.9020477592396943
0.5404306297477552
0.9070480492021811
0.18241110082913192
0.26177026103115775
0.255407822080351
0.5368155279133666
0.7230351701409536
0.42519686933423473
0.7647108174185087
0.7833087147935223
0.948469073257598
0.16668539481716166
0.9020477592396943
0.9008702240201938
0.6478087607632148
0.6557577382352346
0.26177026103115775
0.9008702240201938
0.3515831878904351
0.19640721367196945
0.42223003849296614
0.6237503191500915
0.18241110082913195
0.40327962647883925
0.29309619802110737
0.6906223074223274
0.25955039701982474
0.5848181506607852
0.28469166511210187
0.25985429856618225
0.15094851945831078
0.15094851945831078
0.6650720696816987
0.18241110082913192
0.5848181506607852
0.12208155245983504
0.5404306297477552
0.19640721367196945
0.6242913843163447
0.15094851945831078
0.05891399855182948
0.08058002306122825
0.493577667651758
0.6906223074223274
0.6906223074223274
0.608866273918945
0.3135456710457891
0.5453746220200071
0.42519686933423473
0.08058002306122825
0.19019478410604296
0.637371013153933
0.6242913843163447
0.14835650191542532
0.7951506297607875
0.6650720696816987
0.5404306297477552
0.18241110082913192
