0.31598935294824937
0.2594012281605648
0.33871541179453823
0.9255329187532051
0.42223003849296614
0.053864660107048115
0.4330679361345962
0.31468850694812434
0.9068211836423619
0.06817458365724996
0.7785168259673212
0.6827169212879498
0.9519823980528899
0.2342904997155122
0.42864591552286857
0.23011645709024292
0.2594012281605648
0.7785168259673212
0.7785168259673212
0.6875215243476036
0.5461221357079856
0.7948180971814671
0.7953764587996921
0.8878104442530448
0.17449144190301558
0.7948180971814671
0.8285003129793544
0.053864660107048115
0.6629681176690785
0.3122635740096789
0.06520307298326905
0.6885576763716108
0.9519823980528899
0.6690167506704341
0.6308217139002925
0.26787762247100944
0.6885576763716108
0.20341134191341353
0.23011645709024292
0.6789556578445828
0.32622366236891054
0.32622366236891054
0.730202908839165
0.11238532143466687
0.4883771504083425
0.1434383816688412
0.2952841251218547
0.6713744316160715
0.15551027999701283
0.9154035221180787
0.33871541179453823
0.17449144190301558
0.6308217139002925
0.8370403025916324
0.09283147581617979
0.25996479601288974
0.39040713301132857
0.682796427213564
0.682796427213564
0.8748036772627887
0.9354690919550962
0.6916137259962396
0.9019047690467825
0.5554274564860218
0.216644641172307
0.7953758793651159
0.1868018484824163
0.3122635740096789
0.6308217139002925
0.4330679361345962
0.26787762247100944
0.053864660107048115
0.6217624179704779
0.7948180971814671
0.6916137259962396
0.6713744316160715
0.7953754045347978
0.3694331753779084
0.6308217139002925
0.8926421398336164
0.6647679475128281
0.9552850592724487
0.2342904997155122
0.19456125789421824
0.18680184848242354
0.7754467746408793
0.4883771504083425
0.5812905015631491
0.5447446486132901
0.8878104442530448
0.304644992310868
0.1638965580024263
0.32622366236891054
0.5643048847420798
0.17449144190301558
0.14234163550712867
0.4883771504083425
0.730202908839165
0.20019534500161135
0.5357869918251126
0.5099494344591424
0.20341134191341353
0.1638965580024263
0.7031846042419203
0.682796427213564
0.682796427213564
0.8285003129793544
0.5461221357079856
0.34566683389118885
0.5412455735198819
0.15210203998036076
0.4883771504083425
0.5412455735198819
0.7668887165630266
0.7755464078687463
0.2014205695368873
0.8926421398336164
0.2679858803532149
0.682796427213564
0.6875215243476036
0.8754411448087169
0.11500182671015
0.9019047690467825
0.4883771504083425
0.34566683389118885
0.259410234854077
0.5665963687218187
0.5447446486132901
0.7953764368665412
0.5412455735198819
0.9154035221180787
0.7953764368665412
0.8754411448087169
0.2656254791018109
0.2605365717264566
0.31598935294824937
0.2014205695368873
0.5554274564860218
0.8748036772627887
0.1868018484824163
0.6725946723160388
0.6629681176690785
0.15551027999701283
0.31598935294824937
0.5643048847420798
0.56624902357472
0.7754467746408793
0.41540033117172726
0.56624902357472
0.2605365717264566
0.11238532143466687
0.6308217139002925
0.09283147581617979
0.6647679475128281
0.04773499071352144
0.9255329187532051
0.22478337464375375
0.5099494344591424
0.8942449963887921
0.8754411448087169
0.3098386410712335
0.6789556578445828
0.1308131927936559
0.9519823980528899
0.19456125789421824
0.2952841251218547
0.6885576763716108
0.18680184848243783
0.31468850694812434
0.6885576763716108
0.50731150475852
0.22478337464375375
0.04773499071352144
0.06520307298326905
0.7953758793651159
0.8370403025916324
0.17449144190301558
0.5099494344591424
0.25996479601288974
0.7785168259673212
0.7668887165630266
0.6502853409227537
0.39040713301132857
0.6502853409227537
0.50731150475852
0.6916137259962396
0.2342904997155122
0.730202908839165
0.43633648459867364
0.26787762247100944
0.5357869918251126
0.9552850592724487
0.5665963687218187
0.9068211836423619
0.1434383816688412
0.259410234854077
0.2656254791018109
0.42864591552286857
0.6827169212879498
0.41540033117172726
0.5554274564860218
0.7755464078687463
0.9354690919550962
0.19456125789421824
0.9519823980528899
0.9019047690467825
0.6499893372700889
0.6499893372700889
0.259410234854077
0.8942449963887921
0.3694331753779084
0.11500182671015
0.42223003849296614
0.5812905015631491
0.186801848482486
0.43633648459867364
0.304644992310868
0.6690167506704341
0.2342904997155122
0.6217624179704779
0.216644641172307
0.2679858803532149
0.11238532143466687
0.20019534500161135
0.6577048872954865
0.186801848482486
0.5099494344591424
0.15210203998036076
0.5412455735198819
0.11500182671015
0.6016978933954884
0.1308131927936559
0.053864660107048115
0.06817458365724996
0.4221292691379883
0.6629681176690785
0.7948180971814671
0.6725946723160388
0.3098386410712335
0.5554274564860218
0.4221292691379883
0.11238532143466687
0.2014205695368873
0.6016978933954884
0.6016978933954884
0.14234163550712867
0.7031846042419203
0.6577048872954865
0.5643048847420798
0.19456125789421824
