0.37684000892950137
0.28192564830160527
0.2743294976982251
0.920656591755797
0.42223003849296614
0.053864660107048115
0.4330679361345962
0.2654116014045662
0.9068211836423619
0.06325348242270872
0.7847553493992134
0.7085261618253171
0.953083285126076
0.2342904997155122
0.37684000892950137
0.23011645709024292
0.1975892653755117
0.7847553493992134
0.7065155046520715
0.6872115893565955
0.5531068034438524
0.7927406534990524
0.7933021323938905
0.8131705049653082
0.17946670800052292
0.7927406534990524
0.8909490798981841
0.08416069077573624
0.6680722310503806
0.31183514413158275
0.06236492834335587
0.6118381953070826
0.953083285126076
0.7187987405424848
0.6333264291803873
0.2552464964978716
0.6872115893565955
0.13104846803199743
0.23011645709024292
0.6202070340628696
0.3195325152455105
0.3195325152455105
0.7423106249567883
0.1126578740675297
0.49121292664973415
0.1338134392269149
0.31183514413158275
0.6202070340628696
0.1975892653755117
0.9079042148562477
0.3410325524934218
0.1629617890733278
0.6718878564894424
0.8370403025916324
0.13104846803199743
0.25996479601288974
0.38588475831738617
0.6718878564894424
0.682796427213564
0.8751861577903455
0.9354690919550962
0.6916137259962396
0.9079042148562477
0.6202070340628696
0.2726892934998615
0.7187987405424848
0.1975892653755117
0.31183514413158275
0.6333264291803873
0.4330679361345962
0.2552464964978716
0.053864660107048115
0.6202070340628696
0.7927406534990524
0.6916137259962396
0.6202070340628696
0.7927406534990524
0.3694331753779084
0.6333264291803873
0.8926421398336164
0.7085261618253171
0.8909490798981841
0.26361216795216014
0.1629617890733278
0.16750527383386604
0.771715078385302
0.5190544896613261
0.6202070340628696
0.5446365680022451
0.7970668420700522
0.31183514413158275
0.1638965580024263
0.3195325152455105
0.5420791485654253
0.17946670800052292
0.14234163550712867
0.49121292664973415
0.8131705049653082
0.16750527383386604
0.5190544896613261
0.5310514936869981
0.2743294976982251
0.1638965580024263
0.7478262683848685
0.682796427213564
0.6569696305290695
0.7478262683848685
0.548697556202312
0.3410325524934218
0.5446365680022451
0.16750527383386604
0.49121292664973415
0.5410028777867405
0.771715078385302
0.7924679325278168
0.1975892653755117
0.8926421398336164
0.2642119791029621
0.6569696305290695
0.6879810043909819
0.8751861577903455
0.08416069077573624
0.9079042148562477
0.49121292664973415
0.28885097839917717
0.25952605083278124
0.548697556202312
0.5446365680022451
0.7933021323938905
0.5446365680022451
0.920656591755797
0.7933021323938905
0.8751861577903455
0.2654116014045662
0.2654116014045662
0.2726892934998615
0.1975892653755117
0.5420791485654253
0.8751861577903455
0.16750527383386604
0.6725946723160388
0.6680722310503806
0.16750527383386604
0.28192564830160527
0.5531068034438524
0.56624902357472
0.771715078385302
0.4236614193382323
0.56624902357472
0.25952605083278124
0.1629617890733278
0.6505516774296887
0.13104846803199743
0.6625817477960529
0.06325348242270872
0.920656591755797
0.250966942162962
0.5310514936869981
0.8946009762810501
0.8751861577903455
0.31183514413158275
0.6879810043909819
0.16750527383386604
0.953083285126076
0.18333562938258102
0.28885097839917717
0.6879810043909819
0.1975892653755117
0.31183514413158275
0.6872115893565955
0.5107261007665259
0.250966942162962
0.1018560597532917
0.06236492834335587
0.7933021323938905
0.8370403025916324
0.1760293476797989
0.5310514936869981
0.25996479601288974
0.7085261618253171
0.7423106249567883
0.6609700761312582
0.38588475831738617
0.6609700761312582
0.5107261007665259
0.6916137259962396
0.2342904997155122
0.7423106249567883
0.4290354943242414
0.2642119791029621
0.6118381953070826
0.953083285126076
0.5446365680022451
0.9068211836423619
0.1760293476797989
0.25952605083278124
0.2654116014045662
0.4236614193382323
0.6680722310503806
0.4236614193382323
0.7065155046520715
0.7924679325278168
0.9354690919550962
0.1975892653755117
0.953083285126076
0.8946009762810501
0.6625817477960529
0.6625817477960529
0.25952605083278124
0.8946009762810501
0.3694331753779084
0.11914124148364638
0.42223003849296614
0.5446365680022451
0.18288920794746927
0.4290354943242414
0.31183514413158275
0.6505516774296887
0.2342904997155122
0.6202070340628696
0.26361216795216014
0.2642119791029621
0.1126578740675297
0.18288920794746927
0.6505516774296887
0.18288920794746927
0.5446365680022451
0.1018560597532917
0.548697556202312
0.11914124148364638
0.6016978933954884
0.1338134392269149
0.053864660107048115
0.06325348246243018
0.4236614193382323
0.6680722310503806
0.7847553493992134
0.6725946723160388
0.31183514413158275
0.5410028777867405
0.4236614193382323
0.1126578740675297
0.1975892653755117
0.6016978933954884
0.6016978933954884
0.14234163550712867
0.7970668420700522
0.6505516774296887
0.548697556202312
0.18333562938258102
