0.30129904794966933
0.28199668857525173
0.33893812162115333
0.9553946095522863
0.44849095160909835
0.053864660107048115
0.5234183618906552
0.25933877140344463
0.8847423536833053
0.06817458365724996
0.7917701954000058
0.6412272328135808
0.9604022472587235
0.13350524055586777
0.4739382299155967
0.24793021518814073
0.28199668857525173
0.8106698066442688
0.6547450584464235
0.4766654260128096
0.5823542514735651
0.8053787787073652
0.7963238520837694
0.9672992434214298
0.10631269019436612
0.7836356499124497
0.8947647222641364
0.053864660107048115
0.7917701954000058
0.2995684271246871
0.07393711411814285
0.7311261377940623
0.9535052510960166
0.7191054015782489
0.5234183618906552
0.16817195987667527
0.7100815423166549
0.27801633518823377
0.24793021518814073
0.6849436266772646
0.42186326838299293
0.283118731646382
0.700416721463262
0.10631269019436612
0.47923349990479897
0.10631269019436612
0.2995684271246871
0.6707586455356744
0.18640574653854594
0.9057120172837365
0.33893812162115333
0.2138771360716492
0.6016978933954884
0.8640173491858476
0.09283147581617979
0.35935067791366604
0.39040713301132857
0.700416721463262
0.681508217642909
0.8356506613734855
0.9049821976158055
0.638350205249278
0.904982197615678
0.5991043201284678
0.12013764957520068
0.7917701954000058
0.1355531533850839
0.283118731646382
0.7429532077421577
0.33893812162115333
0.25933877140344463
0.053864660107048115
0.6133226583203484
0.7963238520837694
0.6520978099885051
0.6849436266772646
0.8053787787073652
0.3922699620902398
0.67482686388193
0.8638858900763097
0.6707586455356744
0.9466082549333097
0.13350524055586777
0.16980663495154297
0.1355531533850839
0.8237028256862902
0.45727263802562
0.4739382299155967
0.4739382299155967
0.8237028256862902
0.33893812162115333
0.06817458365724996
0.25522707404069656
0.5321501115368139
0.16817195987667527
0.053864660107048115
0.47923349990479897
0.8100632559974171
0.2037856568402886
0.5252103088444937
0.5494520954734248
0.12013764957520068
0.2669628403809029
0.6818175935398294
0.6833196981308451
0.67482686388193
0.6818175935398294
0.5991043201284678
0.33893812162115333
0.5565169153707716
0.16817195987667527
0.5234183618906552
0.6133226583203484
0.8237028256862902
0.7888052214392933
0.19753926712237113
0.9292028430933923
0.2669628403809029
0.67482686388193
0.6325208162757033
0.9292028430933923
0.12682144506553422
0.9057120172837365
0.5234183618906552
0.33893812162115333
0.24855355100598353
0.4968005728846698
0.6707586455356744
0.7945398148456079
0.5565169153707716
0.9553946095522863
0.7963238520837694
0.9292028430933923
0.26359469563950266
0.27801633518823377
0.31027881681751224
0.2037856568402886
0.5252103088444937
0.8356506613734855
0.16817195987667527
0.6707586455356744
0.7191054015782489
0.16817195987667527
0.31027881681751224
0.5823542514735651
0.533579683825001
0.7429532077421577
0.4250130996949574
0.533579683825001
0.24855355100598353
0.09030693669587525
0.67482686388193
0.09283147581617979
0.5991043201284678
0.03900094957864764
0.9553946095522863
0.22825181658960092
0.4766654260128096
0.8640173491858476
0.8638858900763097
0.44849095160909835
0.6325208162757033
0.10631269019436612
0.9672992434214298
0.16980663495154297
0.33893812162115333
0.7311261377940623
0.22993729325500778
0.2823982589144657
0.7100815423166549
0.5030441707262053
0.22825181658960092
0.03900094957864764
0.07393711411814285
0.7945398148456079
0.8100632559974171
0.16980663495154297
0.5101918495513524
0.30129904794966933
0.8106698066442688
0.638350205249278
0.6707586455356744
0.39040713301132857
0.6707586455356744
0.5030441707262053
0.7888052214392933
0.25522707404069656
0.7429532077421577
0.45727263802562
0.33893812162115333
0.4968005728846698
0.9466082549333097
0.5565169153707716
0.8847423536833053
0.16817195987667527
0.24855355100598353
0.25933877140344463
0.35935067791366604
0.6412272328135808
0.4250130996949574
0.5823542514735651
0.7888052214392933
0.9604022472587235
0.10631269019436612
0.9535052510960166
0.9049821976158055
0.7259017640937246
0.7259017640937246
0.26359469563950266
0.8947647222641364
0.42186326838299293
0.09030693669587525
0.3922699620902398
0.6547450584464235
0.2037856568402886
0.39040713301132857
0.3922699620902398
0.6016978933954884
0.2823982589144657
0.6707586455356744
0.2669628403809029
0.26359469563950266
0.10631269019436612
0.2037856568402886
0.681508217642909
0.22993729325500778
0.5101918495513524
0.18640574653854594
0.5521032112625193
0.12682144506553422
0.6016978933954884
0.10631269019436612
0.053864660107048115
0.06817458365724996
0.4250130996949574
0.5494520954734248
0.7836356499124497
0.6707586455356744
0.283118731646382
0.5521032112625193
0.4250130996949574
0.10631269019436612
0.19753926712237113
0.6016978933954884
0.6016978933954884
0.25522707404069656
0.6833196981308451
0.6520978099885051
0.5321501115368139
0.2138771360716492
