0.3523179759882731
0.27542019287999464
0.25775703616620615
0.9058132557771073
0.42223003849296614
0.05891399855182948
0.44760418376338074
0.269750256924577
0.9058132557771073
0.08058002306122825
0.7809285598509825
0.6306953996969695
0.948469073257598
0.2471035377425998
0.3523179759882731
0.15094851945831078
0.18602715815279108
0.7809285598509825
0.6868948481994388
0.6814010365329424
0.5346379652551592
0.7647108174185095
0.7160503390523238
0.7518790185296647
0.22999946373853855
0.7443942102523444
0.9161565338188786
0.0765866831085642
0.686895320006442
0.2902949490877136
0.11892291185980228
0.6306954041188826
0.9161565338188786
0.6869505924343257
0.6567347868422571
0.26753468966674576
0.6814010365329424
0.13104846803199743
0.18602715815279108
0.6229184069507374
0.3135456710457891
0.264240164440829
0.6915452538881686
0.16692500197505833
0.483944802835342
0.18602715815279108
0.2902949490877136
0.6322409732834686
0.1913850823000779
0.9058132557771073
0.3515831878904351
0.18457873459708246
0.6843828483191228
0.8557394471836108
0.13104846803199743
0.25996479601288974
0.39591680270710483
0.6646790364006383
0.6695622094168998
0.9058132557771073
0.9058132557771073
0.6567347868422571
0.9088424766009982
0.493577667651758
0.26424016444082776
0.7809285598509825
0.18457873459708246
0.2413181760741236
0.6915452538881686
0.44760418376338074
0.2471035377425998
0.05891399855182948
0.5620766436811504
0.7334540819603426
0.6755206526315713
0.6229184069507374
0.7647108174185095
0.3515831878904351
0.6567347868422571
0.8831801868933864
0.6215631622853184
0.9058132557771073
0.269750256924577
0.18457873459708246
0.15094851945831078
0.771466799826257
0.572430233842472
0.572430233842472
0.5418577866180849
0.7951506297607875
0.2646956640640479
0.2471035377425998
0.3135456710457891
0.7160503390523238
0.18457873459708246
0.1829290734491456
0.483944802835342
0.9025996284816153
0.1891276047605724
0.5346379652551592
0.4815208041723799
0.26424016444082776
0.2413181760741236
0.7518790185296647
0.637371013153933
0.6646790364006383
0.7518790185296647
0.5551561917354688
0.3515831878904351
0.572430233842472
0.18457873459708246
0.483944802835342
0.5620766436811504
0.6755206526315713
0.7833087147935223
0.10270945837870749
0.8831801868933864
0.28245321891199426
0.6567347868422571
0.7443942102523444
0.9088424766009982
0.0765866831085642
0.9025996284816153
0.483944802835342
0.25775703616620615
0.2646956640640479
0.5400790614319517
0.5414625143544998
0.7647108174185095
0.5414625143544998
0.9058132557771073
0.7809285598509825
0.7809285598509825
0.269750256924577
0.269750256924577
0.27542019287999464
0.18457873459708246
0.6215631622853184
0.7809285598509825
0.18602715815279108
0.6015159741901925
0.6869505924343257
0.1891276047605724
0.22999946373853855
0.46567051480000765
0.6915452538881686
0.771466799826257
0.41423824790653696
0.6695622094168998
0.25775703616620615
0.16692500197505833
0.6646790364006383
0.13104846803199743
0.6567347868422571
0.08058002306122825
0.9058132557771073
0.4815208041723799
0.5372965168820876
0.8557394471836108
0.9058132557771073
0.2952543241278033
0.6867843033436716
0.15094851945831078
0.9025996284816153
0.18457873459708246
0.2103774865443599
0.6866117856425011
0.18457873459708246
0.269750256924577
0.6814010365329424
0.5418577866180849
0.26753468966674576
0.08058002306122825
0.10270945837870749
0.7647108174185095
0.9025996284816153
0.18457873459708246
0.579296510273752
0.25996479601288974
0.7809285598509825
0.6567347868422571
0.6567347868422571
0.39591680270710483
0.6866117856425011
0.5418577866180849
0.6915452538881686
0.2471035377425998
0.6567347868422571
0.46567051480000765
0.269750256924577
0.6322409732834686
0.9058132557771073
0.5414625143544998
0.9058132557771073
0.18602715815279108
0.25775703616620615
0.269750256924577
0.5372965168820876
0.7334540819603426
0.42519686933423473
0.7647108174185095
0.7833087147935223
0.948469073257598
0.16692500197505833
0.9161565338188786
0.9058132557771073
0.6567347868422571
0.6567347868422571
0.2646956640640479
0.9058132557771073
0.3515831878904351
0.2103774865443599
0.42223003849296614
0.6306954041188826
0.16740421629085156
0.41423824790653696
0.1829290734491456
0.6843828483191228
0.25775703616620615
0.5551561917354688
0.269750256924577
0.28245321891199426
0.16740421629085156
0.11892291185980228
0.6613741205411607
0.18457873459708246
0.579296510273752
0.11892291185980228
0.5447251384139521
0.2103774865443599
0.6242913843163447
0.15094851945831078
0.10363525023362741
0.08058002306122825
0.493577667651758
0.686895320006442
0.6843828483191228
0.6015159741901925
0.2952543241278033
0.5400790614319517
0.42519686933423473
0.11892291185980228
0.1913850823000779
0.637371013153933
0.6242913843163447
0.10363525023362741
0.7951506297607875
0.6613741205411607
0.5447251384139521
0.18457873459708246
