0.3806027659990706
0.278508633102988
0.26159344617108604
0.8992390836767585
0.42223003849296614
0.053864660107048115
0.4330679361345962
0.26159344617108604
0.9037287476894285
0.06289806079891194
0.7899516747119208
0.6309806999182195
0.9471507270094615
0.26159344617108604
0.3806027659990706
0.23011645709024292
0.1975892653755117
0.7899516747130245
0.7599867177590662
0.6866521874215081
0.5485228983483581
0.7902014058991598
0.790200317405118
0.8131705049653082
0.1874536091746533
0.7902059453014045
0.8909490798981841
0.08416069077573624
0.6901352123353084
0.31256822709481336
0.06289806079891194
0.6164189549320993
0.9471507270094615
0.7162305958631929
0.6355154865744473
0.25246057766639707
0.6866521874215081
0.13104846803199743
0.23011645709024292
0.6202070340628696
0.3155005589477402
0.2400244768659116
0.7317487710066741
0.1126578740675297
0.49121292664973415
0.14644787720452157
0.3155005589477402
0.6202070340628696
0.1975892653755117
0.9020840479795991
0.3599663010830795
0.16714326940816993
0.6697583823352113
0.8573357970360378
0.13104846803199743
0.25996479601288974
0.3821220012478169
0.6697583823352113
0.682796427213564
0.8992390836767585
0.9188997130863453
0.6498956823816677
0.9020840479795991
0.6202070340628696
0.26774918188857577
0.7162305958631929
0.1792210012056861
0.31256822709481336
0.6355154865744473
0.4330679361345962
0.26159344617108604
0.053864660107048115
0.6018572099459791
0.7902019501461807
0.6973922834738929
0.6202070340628696
0.7902059453014045
0.3599663010830795
0.6498956823816677
0.8857324802748217
0.6634819055462069
0.8909490798981841
0.26159344617108604
0.16714326940816993
0.15487083585625938
0.771715078385302
0.5296727917202955
0.6309806999182195
0.5357451858623168
0.7970668420700522
0.31256822709481336
0.26159344617108604
0.3155005589477402
0.5386166551464742
0.17659883716264918
0.14835650191542532
0.49121292664973415
0.8131705049653082
0.17659883716264918
0.5296727917202955
0.5610950305727287
0.26774918188857577
0.2400244768659116
0.7478262683848685
0.682796427213564
0.6398936013625675
0.7478262683848685
0.6018572099459791
0.3264338483125023
0.5438075450400555
0.17659883716264918
0.49121292664973415
0.5360212101996835
0.771715078385302
0.7924679325278168
0.21593988254551194
0.8857324802748217
0.26159344617108604
0.6398936013625675
0.6866521874215081
0.8797925974962086
0.08416069077573624
0.9271365378177969
0.49121292664973415
0.26159344617108604
0.26159344617108604
0.5438075450400555
0.5357451858623168
0.7924382222852959
0.5438075450400555
0.9127080757147683
0.7599867177590662
0.8797925974962086
0.21098984045155234
0.26159344617108604
0.278508633102988
0.1975892653755117
0.5438075450400555
0.7789439032051575
0.17659883716264918
0.6309806999182195
0.6680722310503806
0.1792210012056861
0.278508633102988
0.5485228983483581
0.6144995965007736
0.771715078385302
0.4253675370198686
0.6144995965007736
0.26159344617108604
0.14105151527848708
0.6144995965007736
0.13104846803199743
0.6634819055462069
0.06289806079891194
0.9127080757147683
0.25246057766639707
0.5386166551464742
0.8573357970360378
0.8992390836767585
0.31256822709481336
0.6901352123353084
0.15487083585625938
0.9271365378177969
0.18333730519016972
0.14835650191542532
0.6901352123353084
0.1975892653755117
0.31256822709481336
0.6866521874215081
0.5334257652528929
0.25246057766639707
0.1018560597532917
0.06289806079891194
0.7924382222852959
0.8573357970360378
0.1874536091746533
0.6164189549320993
0.25996479601288974
0.7789439032051575
0.7317487710066741
0.6634819055462069
0.3821220012478169
0.6634819055462069
0.5334257652528929
0.6973922834738929
0.2400244768659116
0.7317487710066741
0.4254731792478673
0.26159344617108604
0.6634819055462069
0.953083285126076
0.5438075450400555
0.9037287476894285
0.17659883716264918
0.26159344617108604
0.26159344617108604
0.42466458000228713
0.6782672415086071
0.425367514909733
0.6782672415086071
0.7924679325278168
0.9471507270094615
0.1975892653755117
0.953083285126076
0.9020840479795991
0.6634819055462069
0.6634819055462069
0.26159344617108604
0.9188997130863453
0.3599663010830795
0.14105151527848708
0.42223003849296614
0.6309806999182195
0.1800798239337414
0.4254731792478673
0.3264338483125023
0.6524904340951266
0.21593988254551194
0.5873018572872165
0.26159344617108604
0.26159344617108604
0.1126578740675297
0.18333730519016972
0.6697583823352113
0.1800798239337414
0.5360212101996835
0.1018560597532917
0.5438075450400555
0.21098984045155234
0.6016978933954884
0.14644787720452157
0.053864660107048115
0.06289806079891194
0.42466458000228713
0.6680722310503806
0.7899516747130245
0.5873018572872165
0.31256822709481336
0.5438075450400555
0.425367514909733
0.1126578740675297
0.1975892653755117
0.5610950305727287
0.6016978933954884
0.14835650191542532
0.7970668420700522
0.6524904340951266
0.5386166551464742
0.16714326940816993
