0.30129904794966933
0.2678556244541215
0.33743296024267
0.9553946095522863
0.44849095160909835
0.053864660107048115
0.5165380317121178
0.25684725479201465
0.9472795628326769
0.06817458365724996
0.822568479129044
0.5995093638488502
0.9456012930842594
0.13882951125354454
0.44910595170480716
0.24793021518814073
0.2678556244541215
0.788899554651975
0.6745887180095775
0.4781119179871623
0.5823542514735651
0.8126264883056704
0.798568937059227
0.9672992434214298
0.1019557879759192
0.779230172244723
0.8947647222641364
0.053864660107048115
0.7516646365844244
0.35332160429807935
0.04050130744000954
0.7516646365844244
0.9672992434214298
0.822568479129044
0.5165380317121178
0.18061713142189229
0.7100815423166549
0.2822032460872598
0.24793021518814073
0.779230172244723
0.45145657467574607
0.246052636040823
0.7082071560005456
0.1019557879759192
0.47923349990479897
0.11355342845623695
0.2526945869653699
0.6707530048302224
0.18061713142189229
0.9122803942954967
0.33743296024267
0.2138771360716492
0.5985467584031854
0.8640173491858476
0.09283147581617979
0.35935067791366604
0.39040713301132857
0.5985467584031854
0.666737976433751
0.8461164071690384
0.8947647222641364
0.638350205249278
0.9122803942954967
0.5975699095776192
0.11209432929221028
0.822568479129044
0.15845620549623274
0.25684725479201465
0.7514789295663744
0.3296454805652359
0.26622745964124783
0.053864660107048115
0.5975699095776192
0.8126264883056704
0.6999025313910562
0.6010119897774937
0.7242799715306083
0.3986273604905032
0.679564436653306
0.9292028430933923
0.6707530048302224
0.9456012930842594
0.13882951125354454
0.17593832220873273
0.10517661091481204
0.8237028256862902
0.4551222951462913
0.5086222296913951
0.44910595170480716
0.8237028256862902
0.3533216042985132
0.06817458365724996
0.25899726404070317
0.5460771954266516
0.1019557879759192
0.053864660107048115
0.47923349990479897
0.8100632559974171
0.23354927232932574
0.4250720269329795
0.4551222951462913
0.11209432929221028
0.2802264559576372
0.679564436653306
0.666737976433751
0.7575588018617752
0.679564436653306
0.5975699095776192
0.33743296024267
0.558604859359596
0.18061713142189229
0.5246181413648975
0.649988660302697
0.8237028256862902
0.7888052214392933
0.22656633992419423
0.9292028430933923
0.25088811051815485
0.7575588018617752
0.6745887180095775
0.9292028430933923
0.12954049465084788
0.9122803942954967
0.5246181413648975
0.33743296024267
0.2468276768596459
0.5316796676647015
0.6707530048302224
0.798568937059227
0.558604859359596
0.9553946095522863
0.798568937059227
0.9292028430933923
0.26622745964124783
0.2822032460872598
0.3244198809386425
0.22901739261360038
0.5316796676647015
0.8461164071690384
0.15845620549623274
0.6707530048302224
0.6388028919073065
0.18061713142189229
0.3244198809386425
0.5823542514735651
0.5392602345292954
0.7082071560005456
0.3244198809386425
0.5392602345292954
0.2468276768596459
0.06574376993528447
0.6033813764735683
0.09283147581617979
0.5995093638488502
0.03750059171728573
0.9553946095522863
0.22656633992419423
0.4250720269329795
0.8640173491858476
0.798568937059227
0.44849095160909835
0.621544003575812
0.10517661091481204
0.9672992434214298
0.22901739261360038
0.3296454805652359
0.7242799715306083
0.22901739261360038
0.2802264571148182
0.7100815423166549
0.5086222296913951
0.22656633992419423
0.03750059171728573
0.04050130744000954
0.798568937059227
0.8100632559974171
0.1019557879759192
0.5086222296913951
0.30129904794966933
0.822568479129044
0.638350205249278
0.5995093638488502
0.39040713301132857
0.7242799715306083
0.5086222296913951
0.7888052214392933
0.25088811051815485
0.7514789295663744
0.45145657467574607
0.33743296024267
0.5082533006434407
0.9472795628326769
0.558604859359596
0.822568479129044
0.23354927232932574
0.2468276768596459
0.26622745964124783
0.35935067791366604
0.649988660302697
0.5082533006434407
0.5823542514735651
0.7888052214392933
0.9672992434214298
0.15845620549623274
0.9472795628326769
0.8947647222641364
0.7461915673773691
0.7461915673773691
0.246052636040823
0.8947647222641364
0.3986273604905032
0.06574376993528447
0.38591256368997645
0.6010119897774937
0.18061713142189229
0.39040713301132857
0.38591256368997645
0.6033813764735683
0.2802264571148182
0.6707530048302224
0.2802264559576372
0.2526945869653699
0.10517661091481204
0.22901739261360038
0.6999025313910562
0.22901739261360038
0.6010119897774937
0.17593832220873273
0.621544003575812
0.12954049465084788
0.5985467584031854
0.10517661091481204
0.053864660107048115
0.06817458365724996
0.42929716478238683
0.6388028919073065
0.788899554651975
0.6707530048302224
0.35332160429807935
0.4781119179871623
0.42929716478238683
0.11355342845623695
0.18061713142189229
0.6033813764735683
0.6033813764735683
0.25899726404070317
0.679564436653306
0.6033813764735683
0.5460771954266516
0.2138771360716492
