0.37231763423555897
0.28192564830160527
0.27514959979740694
0.9255329187532051
0.42223003849296614
0.053864660107048115
0.4330679361345962
0.26533010966977527
0.9068211836423619
0.06426897282748445
0.7822599400264567
0.6896078202091206
0.953083285126076
0.2342904997155122
0.37231763423555897
0.23011645709024292
0.1975892653755117
0.7822599400264567
0.7065155046520715
0.6873251609040989
0.5496934511455003
0.7934892822038633
0.7934892822038633
0.8909552758483714
0.18420528831339705
0.7897461681447278
0.8909382241775304
0.08416069077573624
0.6680722310503806
0.3111504546910262
0.06198411944653018
0.6118381953070826
0.953083285126076
0.7065155046520715
0.6333264291803873
0.2577310880491301
0.6850425015990771
0.13700208130617303
0.23011645709024292
0.6202070340628696
0.32173832065459773
0.3164443876727887
0.730202908839165
0.1126578740675297
0.4883771504083425
0.1338134392269149
0.3111504546910262
0.6202070340628696
0.1975892653755117
0.9109039377609802
0.3410325524934218
0.1629617890733278
0.6718878564894424
0.8370403025916324
0.11914124148364638
0.25996479601288974
0.39040713301132857
0.6718878564894424
0.682796427213564
0.8751861577903455
0.9354690919550962
0.6916137259962396
0.9019047690467825
0.6202070340628696
0.2600133010473482
0.7310819764328982
0.1975892653755117
0.3111504546910262
0.6333264291803873
0.4330679361345962
0.2577310880491301
0.053864660107048115
0.6202070340628696
0.7934892822038633
0.6916137259962396
0.6202070340628696
0.7934892822038633
0.3694331753779084
0.6333264291803873
0.8926421398336164
0.7310819764328982
0.8909382241775304
0.26569682247577364
0.1629617890733278
0.16677007313842696
0.771715078385302
0.4997202553739102
0.6202070340628696
0.5449950723871628
0.8909575802445164
0.3111504546910262
0.1638965580024263
0.32173832065459773
0.5496934511455003
0.17142120501213143
0.14234163550712867
0.4883771504083425
0.730202908839165
0.16824047452930524
0.5310514936869981
0.5310514936869981
0.27514959979740694
0.1638965580024263
0.7031846042419203
0.682796427213564
0.6633875836284504
0.7924679325278168
0.5496934511455003
0.3410325524934218
0.5449950723871628
0.16677007313842696
0.4883771504083425
0.5449950723871628
0.771715078385302
0.7924679325278168
0.1975892653755117
0.8926421398336164
0.26533010967000376
0.6505521217722051
0.6873251609040989
0.8751861577903455
0.08416069077573624
0.9109039377609802
0.4997202553739102
0.26569682247577364
0.25997479152869407
0.5449950723871628
0.5449950723871628
0.7934892822038633
0.5449950723871628
0.9109039377609802
0.7934892822038633
0.8751861577903455
0.26533010966979775
0.26533010966978277
0.28192564830160527
0.1975892653755117
0.5310514936869981
0.8751861577903455
0.16824047452930524
0.6725946723160388
0.6680722310503806
0.16824047452930524
0.28192564830160527
0.5565201557422046
0.56624902357472
0.771715078385302
0.4243848525094261
0.56624902357472
0.25997479152869407
0.1629617890733278
0.6505517498057457
0.13700208130617303
0.6633875836284504
0.06198411944653018
0.9255329187532051
0.24758486921987766
0.5310514936869981
0.8909552758483714
0.8751861577903455
0.3111504546910262
0.6896078202091206
0.16677007313842696
0.953083285126076
0.18420528831339705
0.3111504546910262
0.6896078202091206
0.1975892653755117
0.3111504546910262
0.6850425015990771
0.5143947158973978
0.24758486921987766
0.1018560597532917
0.06198411944653018
0.7934892822038633
0.8370403025916324
0.18420528831339705
0.5310514936869981
0.25996479601288974
0.7065155046520715
0.771715078385302
0.6597613223826624
0.39040713301132857
0.6597613223826624
0.5143947158973978
0.6916137259962396
0.2342904997155122
0.730202908839165
0.4290354943242414
0.2600133010473482
0.6118381953070826
0.953083285126076
0.5449950723871628
0.9068211836423619
0.17142120501213143
0.25997479152869407
0.26533010967000376
0.42317913055743683
0.6680722310503806
0.4243848525094261
0.7065155046520715
0.7924679325278168
0.9354690919550962
0.1975892653755117
0.953083285126076
0.9019047690467825
0.6633875836284504
0.6633875836284504
0.25997479152869407
0.8909498990927844
0.3694331753779084
0.11914124148364638
0.42223003849296614
0.5419572728348767
0.1822224768967874
0.4290354943242414
0.3111504546910262
0.6505517498057457
0.2342904997155122
0.6202070340628696
0.26533010967023224
0.2653301096699523
0.1126578740675297
0.1822224768967874
0.6505513879254596
0.1822224768967874
0.5419572728348767
0.1018560597532917
0.5565201557422046
0.11914124148364638
0.6016978933954884
0.1338134392269149
0.053864660107048115
0.06426897282748445
0.42317913055743683
0.6680722310503806
0.7897461681447278
0.6725946723160388
0.3164443876727887
0.5310514936869981
0.42317913055743683
0.1126578740675297
0.1975892653755117
0.6016978933954884
0.6016978933954884
0.14234163550712867
0.7031846042419203
0.6505513778392863
0.5565201557422046
0.18420528831339705
