0.38136238362344377
0.278508633102988
0.25106384763416567
0.9073960141426889
0.42223003849296614
0.05891399855182948
0.44760418376338074
0.2770590562172825
0.9153831467134121
0.08056138522379593
0.7830627352503796
0.6273088208011384
0.948469073257598
0.25106384763416567
0.38136238362344377
0.16141421627860486
0.19071058365291546
0.7830627352503796
0.6842969980123984
0.6782496344463094
0.533200426078978
0.7700445412681152
0.7612933590546878
0.7164620369922501
0.1788725452971774
0.7637526846756155
0.9016429086417046
0.0765866831085642
0.6836868175786188
0.3135456710457891
0.08193008864380281
0.6344867768820257
0.948469073257598
0.6941722950013643
0.6553951423812188
0.25106384763416567
0.6842969980123984
0.13104846803199743
0.20739587364464176
0.6209137404388156
0.3135456710457891
0.25106384763416567
0.6990729300724179
0.16141421627860486
0.483944802835342
0.14883012498012232
0.3135456710457891
0.6209137404388156
0.19071058365291546
0.9207867691401392
0.3515831878904351
0.1788725452971774
0.6242913843163447
0.8557394471836108
0.13104846803199743
0.25996479601288974
0.38136238362344377
0.6990729300724179
0.637371013153933
0.9012949889103884
0.9016429086417046
0.6509796723889663
0.8975505221776441
0.5619584659692812
0.2595474924960416
0.7793279283014345
0.20739587364464176
0.2836972862980002
0.6552141641143636
0.44760418376338074
0.25106384763416567
0.05891399855182948
0.6344867768820257
0.7230351701409536
0.6801727393946553
0.6209137404388156
0.7700445412681152
0.3515831878904351
0.6465729793507656
0.8831801868933864
0.6273088208011384
0.9016429086417046
0.2484409958815869
0.1788725452971774
0.14883012498012232
0.771466799826257
0.5821073807729196
0.5821073807729196
0.540195201544315
0.7951506297607875
0.28568604392620334
0.25106384763416567
0.3135456710457891
0.6836868175786188
0.1788725452971774
0.14835650191542532
0.483944802835342
0.8874241286685943
0.1846752901990406
0.5649618912892536
0.5649618912892536
0.2595474924960416
0.2484409958815869
0.7592741162669954
0.637371013153933
0.6458736305499118
0.7592741162669954
0.533200426078978
0.3515831878904351
0.540195201544315
0.18916318501229767
0.483944802835342
0.542784911782161
0.771466799826257
0.7951506297607875
0.11008593681786724
0.8831801868933864
0.2595474924960416
0.6465729793507656
0.7637526846756155
0.8975505221776441
0.0765866831085642
0.9207867691401392
0.483944802835342
0.2484409958815869
0.2595474924960416
0.542784911782161
0.540195201544315
0.7637526846756155
0.540195201544315
0.9073960141426889
0.7793279283014345
0.7793279283014345
0.2836972862980002
0.2595474924960416
0.278508633102988
0.1846752901990406
0.5479643322578531
0.7793279283014345
0.1846752901990406
0.608866273918945
0.6941722950013643
0.1846752901990406
0.278508633102988
0.540195201544315
0.7164620369922501
0.771466799826257
0.42519686933423473
0.6552141641143636
0.2595474924960416
0.14883012498012232
0.6553951423812188
0.13104846803199743
0.6344867768820257
0.07924859531608608
0.9073960141426889
0.25106384763416567
0.5619584659692812
0.8557394471836108
0.9012949889103884
0.2770590562172825
0.6836868175786188
0.14883012498012232
0.9058401204484237
0.1788725452971774
0.14835650191542532
0.6836868175786188
0.1846752901990406
0.3135456710457891
0.6842969980128246
0.540195201544315
0.25106384763416567
0.07924859531608608
0.11008593681786724
0.7637526846756155
0.9058401204484237
0.18177391774629556
0.5848181506606274
0.25996479601288974
0.7830627352503796
0.6509796723889663
0.6782496344463094
0.38136238362344377
0.6782496344463094
0.533200426078978
0.6990729300724179
0.25106384763416567
0.6509796723889663
0.42519686933423473
0.29309619802110737
0.6344867768820257
0.9207867691401392
0.540195201544315
0.9153831467134121
0.18177391774629556
0.2595474924960416
0.25106384763416567
0.540195201544315
0.7230351701409536
0.42519686933423473
0.7612933590546878
0.771466799826257
0.948469073257598
0.1846752901990406
0.8874241286685943
0.8975505221776441
0.6458736305499118
0.655467533687961
0.2595474924960416
0.9016429086417046
0.3515831878904351
0.19640721367196945
0.42223003849296614
0.6273088208011384
0.1788725452971774
0.42519686933423473
0.29309619802110737
0.7124873625960944
0.2484409958815869
0.5848181506611008
0.28568604392620334
0.2595474924960416
0.14883012498012232
0.14883012498012232
0.6801727393946553
0.1788725452971774
0.5848181506606274
0.14883012498012232
0.540195201544315
0.19640721367196945
0.6242913843163447
0.14883012498012232
0.05891399855182948
0.08056138522379593
0.42519686933423473
0.6836868175786188
0.7124873625960944
0.608866273918945
0.3135456710457891
0.5479643322578531
0.42519686933423473
0.08193008864380281
0.18916318501229767
0.637371013153933
0.6242913843163447
0.14835650191542532
0.7951506297607875
0.655467533687961
0.540195201544315
0.1846752901990406
