0.38136238362344377
0.278508633102988
0.26241386255914023
0.8992390836767585
0.42223003849296614
0.053864660107048115
0.44760418376338074
0.2594107666675012
0.9037287476894285
0.06289806079891194
0.7852097954152546
0.6191588732662703
0.9471507270094615
0.24688409711633008
0.38136238362344377
0.23011645709024292
0.19599430363308623
0.7852097954152546
0.7675536410559227
0.6867036333788683
0.5266159797110024
0.7343611017450526
0.7852097954152546
0.7164620369922501
0.19599430363308623
0.790254410946492
0.8909490798981841
0.08416069077573624
0.6784677925436133
0.3135456710457891
0.06289806079891194
0.6363360225011776
0.9471507270094615
0.6906213049553955
0.6574377637271349
0.2512055732830223
0.6867036333788683
0.13104846803199743
0.23011645709024292
0.6244234747839056
0.3135456710457891
0.24457712722642228
0.7007535766709427
0.1126578740675297
0.483944802835342
0.14956330546127883
0.3135456710457891
0.6191588732662703
0.19599430363308623
0.9130599251163654
0.3599663010830795
0.16714326940816993
0.661124408215169
0.8573357970360378
0.13104846803199743
0.25996479601288974
0.38136238362344377
0.7007535766709427
0.6751307777697831
0.8992390836767585
0.9130599251163654
0.6740282210558286
0.8955043289456142
0.5886253408151887
0.2594107666675012
0.7819941468923345
0.17895381206075167
0.3135456710457891
0.6740282210558286
0.44760418376338074
0.25064053405190334
0.053864660107048115
0.6191588732662703
0.790254410946492
0.6973922834738929
0.6244234747839056
0.790254410946492
0.3599663010830795
0.63271958447159
0.8831801868933864
0.6041222493428001
0.8909490798981841
0.24244761655881514
0.16714326940816993
0.14956330546127883
0.771466799826257
0.5392571635645274
0.6363360224999153
0.5392571635645274
0.7951506297607875
0.3135456710457891
0.26241386255914023
0.3135456710457891
0.6041222493428001
0.17895381206075167
0.14835650191542532
0.483944802835342
0.8525467474787569
0.17895381206075167
0.5392571635645274
0.5530274862519833
0.26241386255914023
0.24688409711633008
0.7592741162669954
0.6233157706145571
0.6367621112166193
0.7592741162669954
0.5266159797110024
0.3264338483125023
0.5392571635645274
0.17895381206075167
0.483944802835342
0.5392571635645274
0.771466799826257
0.7951506297607875
0.21593988254551194
0.8831801868933864
0.2594107666675012
0.63271958447159
0.6867036333788683
0.8955043289456142
0.08416069077573624
0.9271365378177969
0.483944802835342
0.26241386255914023
0.26241386255914023
0.5392571635645274
0.5392571635645274
0.7918558725949482
0.5392571635645274
0.9130599251163654
0.7675536410559227
0.7819941468923345
0.25064053405190334
0.26241386255914023
0.278508633102988
0.19599430363308623
0.5392571635645274
0.7789439032051575
0.17895381206075167
0.608866273918945
0.6906213049553955
0.17895381206075167
0.278508633102988
0.5530274862519833
0.7164620369922501
0.771466799826257
0.42519686933423473
0.63271958447159
0.26241386255914023
0.14238588098912836
0.63271958447159
0.13104846803199743
0.6363360224999153
0.08237706027610182
0.9130599251163654
0.2512055732830223
0.5510401801659714
0.8573357970360378
0.8992390836767585
0.3135456710457891
0.6840220608946502
0.14956330546127883
0.9271365378177969
0.18248429686332462
0.14835650191542532
0.6840220608946502
0.19599430363308623
0.3135456710457891
0.6867036333788683
0.5392571635645274
0.2512055732830223
0.08237706027610182
0.06289806079891194
0.7918558725949482
0.8525467474787569
0.18248429686332462
0.5886253408151887
0.25996479601288974
0.7789439032051575
0.6740282210558286
0.6682890334734459
0.38136238362344377
0.6682890334734459
0.5392571635645274
0.6973922834738929
0.24457712722642228
0.63271958447159
0.42519686933423473
0.26241386255914023
0.6682890334734459
0.953083285126076
0.5263364649480237
0.9037287476894285
0.17895381206075167
0.26241386255914023
0.26241386255914023
0.5263364649480237
0.6784677925436133
0.42519686933423473
0.7343611017450526
0.771466799826257
0.9471507270094615
0.19599430363308623
0.953083285126076
0.8955043289456142
0.6367621112166193
0.6574377637271349
0.25064053405190334
0.9130599251163654
0.3599663010830795
0.14238588098912836
0.42223003849296614
0.6191588732662703
0.17895381206075167
0.42519686933423473
0.3264338483125023
0.661124408215169
0.21593988254551194
0.5886253408151887
0.24688409711633008
0.2594107666675012
0.1126578740675297
0.14238588098912836
0.6751307777697831
0.17895381206075167
0.5886253408151887
0.14238588098912836
0.5392571635645274
0.24244761655881514
0.6016978933954884
0.14956330546127883
0.053864660107048115
0.06289806079891194
0.42519686933423473
0.6784677925436133
0.790254410946492
0.608866273918945
0.3135456710457891
0.5886253408151887
0.42519686933423473
0.1126578740675297
0.19599430363308623
0.6233157706145571
0.6016978933954884
0.14835650191542532
0.7951506297607875
0.6740282210558286
0.5510401801659714
0.16714326940816993
