0.30129904794966933
0.28199668857525173
0.33893812162115333
0.9553946095522863
0.44849095160909835
0.053864660107048115
0.5234183618906552
0.2618882690195099
0.8847423536833053
0.06817458365724996
0.7924626002614066
0.6512551401692377
0.9604022472587235
0.18216637530672797
0.4739382299155967
0.24793021518814073
0.28199668857525173
0.8106698066442688
0.6512551401692377
0.5120405502046961
0.5810082441947952
0.8053787787073652
0.7958778427742292
0.9672992434214298
0.10631269019436612
0.7836356499124497
0.8947647222641364
0.053864660107048115
0.7924626002614066
0.2995684271246871
0.07393711411814285
0.7311261377940623
0.9517810020553399
0.7191054015782489
0.5234183618906552
0.17314590627873777
0.7100815423166549
0.27229819364429964
0.24793021518814073
0.681397381391867
0.42186326838299293
0.20148409606440798
0.700416721463262
0.10631269019436612
0.47923349990479897
0.10631269019436612
0.2995684271246871
0.674304890821072
0.18640574653854594
0.9052741254829524
0.33893812162115333
0.1969525469910638
0.6016978933954884
0.8640173491858476
0.09283147581617979
0.35935067791366604
0.39040713301132857
0.700416721463262
0.6822151697711942
0.8356506613734855
0.9052741254829524
0.638350205249278
0.9052741254829524
0.5991043201284678
0.20148409606440798
0.7924626002614066
0.15063566086214183
0.2828305425536153
0.7429532077421577
0.33893812162115333
0.2618882690195099
0.053864660107048115
0.5631016071918544
0.7958778427742292
0.6520978099885051
0.674304890821072
0.8053787787073652
0.3922699620902398
0.67482686388193
0.8638858900763097
0.6658551537268214
0.9483325039739864
0.18216637530672797
0.17314590627873777
0.1410248607415677
0.8237028256862902
0.45727263802562
0.507862952343771
0.4739382299155967
0.8237028256862902
0.33893812162115333
0.06817458365724996
0.2574474723669675
0.5444819224114286
0.1686714443175784
0.053864660107048115
0.47923349990479897
0.8100632559974171
0.2037856568402886
0.5135632061819202
0.5135632061819202
0.12570747915047864
0.22467649608326382
0.6822151697711942
0.6822151697711942
0.67482686388193
0.6822151697711942
0.576297218719101
0.33893812162115333
0.5483112383530377
0.15063566086214183
0.5234183618906552
0.5483112383530377
0.8237028256862902
0.7888052214392933
0.1969525469910638
0.9292028430933923
0.2618882690195099
0.67482686388193
0.6325208162757033
0.9292028430933923
0.12570747915047864
0.9052741254829524
0.5234183618906552
0.33893812162115333
0.2580304685949798
0.5135632061819202
0.6658551537268214
0.7958778427742292
0.5565169153707716
0.9553946095522863
0.7958778427742292
0.9292028430933923
0.2580304685949798
0.27229819364429964
0.31027881681751224
0.17314590627873777
0.5444819224114286
0.8356506613734855
0.17314590627873777
0.6707586455356744
0.7191054015782489
0.13639773921030235
0.31027881681751224
0.5810082441947952
0.533579683825001
0.7429532077421577
0.4250130996949574
0.533579683825001
0.24855355100598353
0.09030693669587525
0.67482686388193
0.09283147581617979
0.5991043201284678
0.03900094957864764
0.9553946095522863
0.22825181658960092
0.5120405502046961
0.8640173491858476
0.8638858900763097
0.44849095160909835
0.6325208162757033
0.1410248607415677
0.9672992434214298
0.19161484691650416
0.33893812162115333
0.7311261377940623
0.22993729325500778
0.2828305425536153
0.7100815423166549
0.507862952343771
0.22825181658960092
0.03900094957864764
0.07393711411814285
0.7924626002614066
0.8100632559974171
0.1686714443175784
0.5135632061819202
0.30129904794966933
0.8106698066442688
0.638350205249278
0.6691241482660568
0.39040713301132857
0.6691241482660568
0.507862952343771
0.7888052214392933
0.2574474723669675
0.7429532077421577
0.45727263802562
0.33893812162115333
0.5135632061819202
0.9483325039739864
0.5565169153707716
0.8847423536833053
0.1686714443175784
0.24855355100598353
0.2618882690195099
0.35935067791366604
0.6512551401692377
0.4250130996949574
0.5810082441947952
0.7888052214392933
0.9604022472587235
0.10631269019436612
0.9517810020553399
0.9052741254829524
0.7259017640937246
0.7259017640937246
0.2580304685949798
0.8947647222641364
0.42186326838299293
0.09030693669587525
0.3922699620902398
0.6512551401692377
0.2037856568402886
0.39040713301132857
0.3922699620902398
0.6016978933954884
0.22467649608326382
0.681397381391867
0.2618882690195099
0.27229819364429964
0.10631269019436612
0.2037856568402886
0.6822151697711942
0.22993729325500778
0.5135632061819202
0.18640574653854594
0.5631016071918544
0.12570747915047864
0.6016978933954884
0.10631269019436612
0.053864660107048115
0.06817458365724996
0.4250130996949574
0.576297218719101
0.7836356499124497
0.6707586455356744
0.2828305425536153
0.5135632061819202
0.4250130996949574
0.13639773921030235
0.1969525469910638
0.6016978933954884
0.6016978933954884
0.2574474723669675
0.6822151697711942
0.6520978099885051
0.5444819224114286
0.19161484691650416
