0.306350167937831
0.2594012281605648
0.33868173173498306
0.9553946095522863
0.42223003849296614
0.053864660107048115
0.5274204604746542
0.26053945425919817
0.8847423536833053
0.06817458365724996
0.8013094866239772
0.6973851879193329
0.9534046699019774
0.2342904997155122
0.5024407319134923
0.23687404520349487
0.2594012281605648
0.8013094866239772
0.6436445412169387
0.6426985460630799
0.5646839275235347
0.8442418828569036
0.7947332553511204
0.8840485566308134
0.17237128750706743
0.7954506623990685
0.8947647222641364
0.053864660107048115
0.7151162656914746
0.2857787207973109
0.06520307298326905
0.6834850954705973
0.9538405217428148
0.6973851879193329
0.5274204604746542
0.18341941493758418
0.7174473271067334
0.3057258028902428
0.23687404520349487
0.6739139242374135
0.3386150515038806
0.2619037297309229
0.7101266792354587
0.11232969999755332
0.4876329819501487
0.11232969999755332
0.2857787207973109
0.6712105151087753
0.15847396696801463
0.9052741254829524
0.33862264128310693
0.17887273643535198
0.6016978933954884
0.8370403025916324
0.09283147581617979
0.35261825598783947
0.39040713301132857
0.682734712874917
0.682734712874917
0.8442418828569036
0.9052741254829524
0.6919438338864861
0.9052741254829524
0.567712141868254
0.216644641172307
0.7954506623990685
0.1819948079654723
0.26053945425919817
0.7101266792354587
0.33892962532510007
0.25998795166000865
0.053864660107048115
0.6026980046791097
0.7947332553511204
0.6322428145154488
0.6739139242374135
0.7954506623990685
0.40090134309229275
0.682734712874917
0.8965443665848509
0.6026980046791097
0.9534046699019774
0.2342904997155122
0.17237128750706743
0.2241767476140381
0.8020944675628876
0.45727263802562
0.5092598197774412
0.5008386649339938
0.8840485566308134
0.3057258028902428
0.06817458365724996
0.33862264128310693
0.5584585008857349
0.17505777935035688
0.14234163550712867
0.4876329819501487
0.7463989859400032
0.1978423633765689
0.5074879557299523
0.5204801512657165
0.12570747915047864
0.2619037297309229
0.682734712874917
0.682734712874917
0.682734712874917
0.682734712874917
0.567712141868254
0.33868173173498306
0.5500350851561798
0.14424826950720598
0.5060340130203466
0.5584585008857349
0.8020944675628876
0.7888052214392933
0.1978423633765689
0.8965443665848509
0.26053960930634495
0.682734712874917
0.6578721357824275
0.8848376863311473
0.12570747915047864
0.9052741254829524
0.5060340130203466
0.35261825598783947
0.2581736539445728
0.5441208492984684
0.6712105151087753
0.7947332553511204
0.5500350851561798
0.9553946095522863
0.7947332553511204
0.8848376863311473
0.25998795166000865
0.26479721330831757
0.306350167937831
0.1978423633765689
0.5441208492984684
0.8442418828569036
0.18341941493758418
0.6734183294997227
0.6524739553662045
0.15847396696801463
0.306350167937831
0.564683927525952
0.5274204604746542
0.7499991296083046
0.4250130996949574
0.5274204604746542
0.24803265332305946
0.11443979968872747
0.682734712874917
0.09283147581617979
0.6578721357824275
0.04773499071352144
0.9553946095522863
0.22460090453347303
0.5074879557299523
0.8840485566308134
0.8848376863311473
0.3656607470813568
0.6436445412169387
0.14424826950720598
0.9614367966831294
0.2156661417818647
0.33892962532510007
0.6834850954705973
0.1819948079654723
0.2857787207973109
0.7174473271067334
0.5092598197774412
0.22460090453347303
0.04773499071352144
0.06520307298326905
0.7954506623990685
0.8370403025916324
0.17237128750706743
0.5204801512657165
0.2241767476140381
0.8013094866239772
0.7463989859400032
0.6578721357824275
0.39040713301132857
0.6426985460630799
0.5008386649339938
0.7888052214392933
0.2342904997155122
0.7499991296083046
0.45727263802562
0.33867782898029153
0.5074879557299523
0.9538405217428148
0.5730756952436182
0.8847423536833053
0.17505777935035688
0.24803265332305946
0.26053960930634495
0.35261825598783947
0.7151162656914746
0.4250130996949574
0.5646839275235347
0.7888052214392933
0.9614367966831294
0.11443979968872747
0.9538405217428148
0.9052741254829524
0.682734712874917
0.6578721357824275
0.2581736539445728
0.8947647222641364
0.40090134309229275
0.10800720792317695
0.42223003849296614
0.5730756952436182
0.19921657081162708
0.39040713301132857
0.33867782898029153
0.6322428145154488
0.2342904997155122
0.6973851879193329
0.216644641172307
0.26479721330831757
0.11232969999755332
0.19921657081162708
0.682734712874917
0.17887273643535198
0.5024407319134923
0.15847396696801463
0.5500350851561798
0.10800720792317695
0.6016978933954884
0.11232969999755332
0.053864660107048115
0.06817458365724996
0.4250130996949574
0.6524739553662045
0.8013094866239772
0.6734183294997227
0.3656607470813568
0.5204801512657165
0.4250130996949574
0.11232969999755332
0.1978423633765689
0.6016978933954884
0.6016978933954884
0.14234163550712867
0.6919438338864861
0.6322428145154488
0.5730756952436182
0.2156661417818647
