0.38136238362344377
0.278508633102988
0.2509261317194126
0.9073960141426889
0.42223003849296614
0.05891399855182948
0.44760418376338074
0.24057244138877587
0.9153831467134121
0.0765111884760723
0.7824740207880339
0.6305526667272658
0.948469073257598
0.25093881729027967
0.38136238362344377
0.23011645709024292
0.1846752901990406
0.7824740207880339
0.6828693328571211
0.6853789105748846
0.533200426078978
0.7612933590546878
0.7612933590546878
0.7164620369922501
0.17848569563656952
0.7637526846756155
0.9016429086417046
0.0765866831085642
0.6823968643872365
0.3135456710457891
0.07924859531608608
0.6344082372426458
0.948469073257598
0.6941722950013643
0.6546872654747771
0.251428832167919
0.6853789105747957
0.13104846803199743
0.23011645709024292
0.6209137404388156
0.3135456710457891
0.2509303243969627
0.6990729300724179
0.09271197546696681
0.483944802835342
0.14883012498012232
0.3135456710457891
0.6209137404388156
0.1967458771067903
0.9207867691401392
0.3513130289691878
0.17848569563656952
0.6335648651336054
0.8557394471836108
0.13104846803199743
0.25996479601288974
0.38136238362344377
0.6990729300724179
0.637371013153933
0.9012949889103884
0.9016429086417046
0.6523725422117421
0.8955043289456142
0.5886253408151887
0.25973486985318683
0.7824740207880339
0.1846752901990406
0.28270290748389854
0.6546872654747771
0.44760418376338074
0.25098384925958855
0.05891399855182948
0.6125179948908079
0.7747594877095053
0.6801727393946553
0.6209137404388156
0.7747594877095053
0.3518533468116825
0.6500230292615998
0.8831801868933864
0.6125179948908079
0.9016429086417046
0.2509755695922451
0.17848569563656952
0.14883012498012232
0.771466799826257
0.540195201544315
0.6305526667272658
0.540195201544315
0.7951506297607875
0.2866804227403049
0.2509679193850771
0.3135456710457891
0.6828693328571211
0.17848569563656952
0.14835650191542532
0.483944802835342
0.8874241286685943
0.1846752901990406
0.5609128834470833
0.5690108991314238
0.25973486985318683
0.2509679193850771
0.7592741162669954
0.637371013153933
0.6476735163114575
0.7592741162669954
0.533200426078978
0.3513130289691878
0.540195201544315
0.1846752901990406
0.483944802835342
0.540195201544315
0.771466799826257
0.7951506297607875
0.11008593681786724
0.8831801868933864
0.25973486985318683
0.6335648651336054
0.7637526846756155
0.8955043289456142
0.0765866831085642
0.9207867691401392
0.483944802835342
0.25093881729027967
0.2593132707996101
0.540195201544315
0.540195201544315
0.7637526846756155
0.540195201544315
0.9073960141426889
0.7777266272369074
0.7777266272369074
0.28270290748389854
0.25973486985318683
0.278508633102988
0.1846752901990406
0.540195201544315
0.7838304189454983
0.1846752901990406
0.608866273918945
0.6941722950013643
0.1846752901990406
0.278508633102988
0.540195201544315
0.7164620369922501
0.771466799826257
0.42519686933423473
0.6516881439489083
0.2593132707996101
0.14883012498012232
0.6617660288923821
0.13104846803199743
0.6344082372426458
0.07924859531608608
0.9073960141426889
0.251428832167919
0.540195201544315
0.8557394471836108
0.9012949889103884
0.3135456710457891
0.6850174331461736
0.14883012498012232
0.9058401204484237
0.17848569563656952
0.14835650191542532
0.6850174331461736
0.1846752901990406
0.3135456710457891
0.6853789105747957
0.540195201544315
0.251428832167919
0.07924859531608608
0.11008593681786724
0.7637526846756155
0.9058401204484237
0.17848569563656952
0.5690108991314238
0.25996479601288974
0.7838304189454983
0.6476735163114575
0.674684996382051
0.38136238362344377
0.674684996382051
0.533200426078978
0.6990729300724179
0.2509303243969627
0.6516881439489083
0.42519686933423473
0.29309619802110737
0.6713108525724019
0.9207867691401392
0.540195201544315
0.9153831467134121
0.1846752901990406
0.2593132707996101
0.25098384925958855
0.540195201544315
0.6713108525724019
0.42519686933423473
0.7612933590546878
0.771466799826257
0.948469073257598
0.1846752901990406
0.8874241286685943
0.9016429086417046
0.6500230292615998
0.6523725422117421
0.2593132707996101
0.9016429086417046
0.3518533468116825
0.19640721367196945
0.42223003849296614
0.6209137404388156
0.17848569563656952
0.42519686933423473
0.29309619802110737
0.7124873625960944
0.24057244138877587
0.5886253408151887
0.2866804227403049
0.25973486985318683
0.14883012498012232
0.14883012498012232
0.6801727393946553
0.17848569563656952
0.5886253408151887
0.14883012498012232
0.540195201544315
0.19640721367196945
0.6196546439077145
0.14883012498012232
0.05891399855182948
0.0765111884760723
0.42519686933423473
0.6823968643872365
0.7124873625960944
0.608866273918945
0.3135456710457891
0.5609128834470833
0.42519686933423473
0.09271197546696681
0.1967458771067903
0.637371013153933
0.6196546439077145
0.14835650191542532
0.7951506297607875
0.6617660288923821
0.540195201544315
0.1846752901990406
