0.30129904794966933
0.2594012281605648
0.339153412136186
0.9553946095522863
0.42223003849296614
0.053864660107048115
0.5251119155463797
0.2588088049669106
0.8847423536833053
0.06817458365724996
0.8048168099695006
0.6973851879193329
0.9524707016716107
0.2334259232377512
0.49862863549250835
0.24301061553850578
0.2594012281605648
0.8048168099695006
0.6436445412169387
0.6168899861460228
0.561169395243093
0.8442418828569036
0.7946136875097958
0.8940641603532963
0.1726112246823522
0.7946136875097958
0.8947647222641364
0.053864660107048115
0.7151162656914746
0.28740904903552755
0.06520307298326905
0.6838678140175034
0.9524707016716107
0.6973851879193329
0.5251119155463797
0.18413171842364012
0.7174473271067334
0.3057258028902428
0.24301061553850578
0.6739139242374135
0.339153412136186
0.27762707960622657
0.7191004035728623
0.11232969999755332
0.47923349990479897
0.11232969999755332
0.28740904903552755
0.6739139242374135
0.1385726626815797
0.9052741254829524
0.339153412136186
0.17887273643535198
0.6016978933954884
0.8640173491858476
0.09283147581617979
0.35261825598783947
0.39040713301132857
0.6830502906068958
0.6829500187893689
0.8442418828569036
0.9052741254829524
0.6626063555329531
0.9052741254829524
0.6026980046791097
0.216644641172307
0.7946136875097958
0.16512682423963398
0.2588088049669106
0.7191004035728623
0.339153412136186
0.2570741921480706
0.053864660107048115
0.6026980046791097
0.7946136875097958
0.6322428145154488
0.6739139242374135
0.7946136875097958
0.40090134309229275
0.6817657026363318
0.8965443665848509
0.6026980046791097
0.9524707016716107
0.2334259232377512
0.16948046880585232
0.14424826950720598
0.8020944675628876
0.45727263802562
0.5092598197774412
0.49793024474904457
0.8940641603532963
0.3057258028902428
0.06817458365724996
0.339153412136186
0.5694407677097517
0.17738422411416863
0.14234163550712867
0.47923349990479897
0.8100632559974171
0.19743818471919872
0.5092598197774412
0.5204801512657165
0.12570747915047864
0.26054181670671395
0.6823259456786246
0.6829500187893689
0.6830791957788758
0.6823259456761173
0.5636570294672296
0.27762707960622657
0.5528980227764342
0.14424826950720598
0.5251119155463797
0.5528980227764342
0.8020944675628876
0.7888052214392933
0.19743818471919872
0.8965443665848509
0.23688422914879526
0.6823259456811319
0.6168899861460228
0.8848376863311473
0.12570747915047864
0.9052741254829524
0.49793024474904457
0.35261825598783947
0.2570741921480706
0.5636570294672296
0.6685071059801371
0.7946136875097958
0.5452635224557558
0.9553946095522863
0.7946136875097958
0.8848376863311473
0.2689258464749524
0.26054181670671395
0.31027881681751224
0.19743818471919872
0.5204801512657165
0.8442418828569036
0.18413171842364012
0.6734183294997227
0.6524739553662045
0.16512682423963398
0.31027881681751224
0.561169395243093
0.5310393533414146
0.760298704953452
0.4250130996949574
0.5310393533414146
0.24803265332305946
0.09030693669587525
0.6830791957788758
0.09283147581617979
0.6838678140175034
0.04773499071352144
0.9553946095522863
0.21846433419846212
0.5092598197774412
0.8640173491858476
0.8848376863311473
0.3656607470813568
0.6436445412169387
0.14424826950720598
0.9644254950203024
0.2156661417818647
0.339153412136186
0.6836383652104698
0.19743818471919872
0.28740904903552755
0.7174473271067334
0.5092598197774412
0.21846433419846212
0.04773499071352144
0.06520307298326905
0.7946136875097958
0.8100632559974171
0.1726112246823522
0.5204801512657165
0.30129904794966933
0.8048168099695006
0.6836383652104698
0.6685071059801371
0.39040713301132857
0.6685071059801371
0.5092598197774412
0.7888052214392933
0.23688422914879526
0.760298704953452
0.45727263802562
0.339153412136186
0.5092598197774412
0.9524707016716107
0.5528980227764342
0.8847423536833053
0.17738422411416863
0.24803265332305946
0.26054181670671395
0.35261825598783947
0.7151162656914746
0.4250130996949574
0.5694407677097517
0.7888052214392933
0.9644254950203024
0.1385726626815797
0.9524707016716107
0.9052741254829524
0.6817657026363318
0.6626063555329531
0.2570741921480706
0.8947647222641364
0.40090134309229275
0.09030693669587525
0.42223003849296614
0.5715167269257705
0.20002492812636724
0.39040713301132857
0.40090134309229275
0.6322428145154488
0.2334259232377512
0.6973851879193329
0.216644641172307
0.2689258464749524
0.11232969999755332
0.20002492812636724
0.6830502906068958
0.17887273643535198
0.49862863549250835
0.16948046880585232
0.5452635224557558
0.12570747915047864
0.6016978933954884
0.11232969999755332
0.053864660107048115
0.06817458365724996
0.4250130996949574
0.6524739553662045
0.7946136875097958
0.6734183294997227
0.3656607470813568
0.5204801512657165
0.4250130996949574
0.11232969999755332
0.19743818471919872
0.6016978933954884
0.6016978933954884
0.14234163550712867
0.6823259456786246
0.6322428145154488
0.5715167269257705
0.2156661417818647
