0.3523179759882731
0.27542019287999464
0.25775703616620615
0.9055660536745731
0.42223003849296614
0.05891399855182948
0.44760418376338074
0.27367424068879154
0.9055660536745731
0.08058002306122825
0.7809285598509825
0.6246710957724573
0.948469073257598
0.2471035377425998
0.3523179759882731
0.15094851945831078
0.18607636227265822
0.7809285598509825
0.699979523311449
0.6822369268788195
0.5381396210842999
0.7647108174185095
0.7247522105063332
0.7518790185296647
0.22999946373853855
0.7443942102523444
0.9089570120865913
0.0765866831085642
0.6862920186220618
0.2918447537877416
0.11892291185980228
0.6574989112283562
0.9106524912739211
0.6859834315478832
0.6585095492153846
0.2680103941710986
0.6822369268788195
0.13104846803199743
0.18607636227265822
0.6254468854815209
0.3135456710457891
0.26446722621807417
0.6915452538881686
0.16711668770137555
0.483944802835342
0.18607636227265822
0.2918447537877416
0.6342315356556045
0.18607636227265822
0.9055660536745731
0.3515831878904351
0.18607636227265822
0.6858599965799124
0.8557394471836108
0.13104846803199743
0.25996479601288974
0.39591680270710483
0.6626323967238079
0.6665700959626546
0.9055660536745731
0.9055660536745731
0.6586575540095274
0.9106524912739211
0.493577667651758
0.26446722621807417
0.7809285598509825
0.18607636227265822
0.2413181760741236
0.6915452538881686
0.44760418376338074
0.2471035377425998
0.05891399855182948
0.5574630090506962
0.7247522105063332
0.6755206526315713
0.6254468854815209
0.7647108174185095
0.3515831878904351
0.6589416199175879
0.8831801868933864
0.6246710957724573
0.9089570120865913
0.2702875691250426
0.18607636227265822
0.15094851945831078
0.7773877573098896
0.5748355498145408
0.5748355498145408
0.5418393825830463
0.7870093132207926
0.2702875691250426
0.2471035377425998
0.3135456710457891
0.699979523311449
0.18607636227265822
0.1829290734491456
0.483944802835342
0.9106524912739211
0.18607636227265822
0.5381396210842999
0.4815208041723799
0.26446722621807417
0.2413181760741236
0.7518790185296647
0.6452608474630568
0.6611175577409865
0.7518790185296647
0.5574630090506962
0.3515831878904351
0.5748355498145408
0.18607636227265822
0.483944802835342
0.545054465561133
0.6755206526315713
0.7855290738498845
0.10270945837870749
0.8831801868933864
0.27367424068879154
0.6611175577409865
0.7443942102523444
0.9106524912739211
0.0765866831085642
0.9055660536745731
0.483944802835342
0.25775703616620615
0.26111213119214016
0.5450545235170645
0.544782414480002
0.7647108174185095
0.6366202105021674
0.9055660536745731
0.7809285598509825
0.7809285598509825
0.2690370782345737
0.2690370782345737
0.27542019287999464
0.18607636227265822
0.6246710957724573
0.7809285598509825
0.18607636227265822
0.6015159741901925
0.6859834315478832
0.18607636227265822
0.22999946373853855
0.46567051480000765
0.6915452538881686
0.7773877573098896
0.41423824790653696
0.6665700959626546
0.26111213119214016
0.16711668770137555
0.6452608474630568
0.13104846803199743
0.6574989112283562
0.08058002306122825
0.9055660536745731
0.4815208041723799
0.5362164802836479
0.8557394471836108
0.9055660536745731
0.29370451942777526
0.6862920193049107
0.15094851945831078
0.9025996284816153
0.18607636227265822
0.2103774865443599
0.6862920193049107
0.18607636227265822
0.2667937987829981
0.6822369268788195
0.5432442581176937
0.2680103941710986
0.08058002306122825
0.10270945837870749
0.7647108174185095
0.9025996284816153
0.18607636227265822
0.5756885363156485
0.25996479601288974
0.7809285598509825
0.6583355588466976
0.6574989112283562
0.39591680270710483
0.6574989112283562
0.5418393825830463
0.6915452538881686
0.2471035377425998
0.6589416199175879
0.46567051480000765
0.27367424068879154
0.6342315356556045
0.9055660536745731
0.544782414480002
0.9055660536745731
0.18607636227265822
0.25775703616620615
0.27367424068879154
0.5362164802836479
0.6366202105021674
0.42519686933423473
0.7647108174185095
0.7855290738498845
0.948469073257598
0.16711668770137555
0.9106524912739211
0.9055660536745731
0.6585095492153846
0.6586575540095274
0.2667937987829981
0.9089570120865913
0.3515831878904351
0.2103774865443599
0.42223003849296614
0.6254468854815209
0.16711668770137555
0.41423824790653696
0.1829290734491456
0.6858599965799124
0.25775703616620615
0.5574630090506962
0.2702875691250426
0.27367424068879154
0.16711668770137555
0.11892291185980228
0.6626323967238079
0.18607636227265822
0.5756885363156485
0.11892291185980228
0.5450545235170645
0.2103774865443599
0.6242913843163447
0.15094851945831078
0.10363525023362741
0.08058002306122825
0.493577667651758
0.6862920183489222
0.6858599965799124
0.6015159741901925
0.29370451942777526
0.5381396210842999
0.42519686933423473
0.11892291185980228
0.18607636227265822
0.6452608474630568
0.6242913843163447
0.10363525023362741
0.7870093132207926
0.6583355588466976
0.5432442581176937
0.18607636227265822
