0.3523179759882731
0.27542019287999464
0.26181853481176165
0.906281032478494
0.42223003849296614
0.05891399855182948
0.44760418376338074
0.27177737540817193
0.9062810324784963
0.08058002306122825
0.7809285598509825
0.6250589906269894
0.948469073257598
0.2471035377425998
0.3523179759882731
0.15094851945831078
0.18599768005207046
0.7809285598509825
0.699979523311449
0.6822369268788195
0.5310352887229639
0.7547211656904654
0.7447315139624213
0.7518790185296647
0.22999946373853855
0.7443942102523444
0.9078976223118931
0.0765866831085642
0.686009941421992
0.29230969519775
0.11892291185980228
0.6577455003278422
0.907897622073305
0.6857781318113532
0.6596644242271852
0.2681314380311835
0.6822369268788195
0.13104846803199743
0.18599768005207046
0.6250589906269894
0.3135456710457891
0.2648282964628237
0.6915452538881686
0.16711668770137555
0.483944802835342
0.18599768005207046
0.29230969519775
0.635425873078886
0.18599768005207046
0.9062810324784978
0.3515831878904351
0.18599768005207046
0.6846948601794856
0.8557394471836108
0.13104846803199743
0.25996479601288974
0.39591680270710483
0.6603318625061434
0.6627724272369983
0.9062810324784949
0.9062810324784982
0.659330705087706
0.9078976221978932
0.493577667651758
0.26530028620535884
0.7809285598509825
0.18599768005207046
0.2442108569083617
0.6915452538881686
0.44760418376338074
0.2442108569083617
0.05891399855182948
0.5574630090506962
0.7447315139624213
0.6781537167171483
0.6250589906269894
0.7547211656904654
0.3515831878904351
0.659330705087706
0.8831801868933864
0.6250589906269894
0.9062810324784975
0.2688692687192523
0.18599768005207046
0.15094851945831078
0.7773877573098896
0.5751767444149845
0.5751767444149845
0.5434468950090174
0.722894260293092
0.27177737540817193
0.2442108569083617
0.3135456710457891
0.699979523311449
0.18599768005207046
0.18371589565502378
0.483944802835342
0.9078976220095144
0.18599768005207046
0.5310352887229639
0.4963427257059123
0.26181853481176165
0.2442108569083617
0.7518790185296647
0.6452608474630568
0.6603318625061434
0.7518790185296647
0.5574630090506962
0.3515831878904351
0.5751767444149845
0.18599768005207046
0.483944802835342
0.5406195195738193
0.6781537167171483
0.7862532925264711
0.10270945837870749
0.8831801868933864
0.27177737540817193
0.659330705087706
0.7443942102523444
0.9078976223997126
0.0765866831085642
0.9062810324784978
0.483944802835342
0.2688692687192523
0.2648282964628237
0.5434468950090174
0.5434468950090174
0.7647108174185095
0.635425873078886
0.9062810324784955
0.7809285598509825
0.7809285598509825
0.2691279258986131
0.27177737540817193
0.27542019287999464
0.18599768005207046
0.6250589906269894
0.7809285598509825
0.18599768005207046
0.6015159741901925
0.6857781318132037
0.18599768005207046
0.22999946373853855
0.46567051480000765
0.6915452538881686
0.7773877573098896
0.41423824790653696
0.6627724272369983
0.25887540117485086
0.16711668770137555
0.6452608474630568
0.13104846803199743
0.6577455003278422
0.08058002306122825
0.9062810324784955
0.4963427257059123
0.5341635946591331
0.8557394471836108
0.9062810324784949
0.29323957801776684
0.686009941421992
0.15094851945831078
0.9067860130604712
0.18599768005207046
0.2103774865443599
0.6860099414249528
0.18599768005207046
0.26530028620535884
0.6822369268788195
0.5427998667563578
0.2681314380311835
0.08058002306122825
0.10270945837870749
0.7647108174185095
0.9067860130604712
0.18599768005207046
0.5751767444149845
0.25996479601288974
0.7809285598509825
0.6603318625061434
0.5991027325016423
0.39591680270710483
0.6577455003278422
0.5427998667563578
0.6915452538881686
0.2471035377425998
0.6627724272369983
0.46567051480000765
0.26530028620535884
0.635425873078886
0.9062810324784975
0.5406195195738193
0.9062810324784963
0.18599768005207046
0.25887540117485086
0.2691279258986131
0.5406195195738193
0.635425873078886
0.42519686933423473
0.7447315139624213
0.7862532925264711
0.948469073257598
0.16711668770137555
0.907897622073305
0.9078976224470695
0.6596644242271852
0.6596644242271852
0.2648282964628237
0.9078976223118931
0.3515831878904351
0.2103774865443599
0.42223003849296614
0.6250589906269894
0.16711668770137555
0.41423824790653696
0.18371589565502378
0.6846948601794856
0.25887540117485086
0.5574630090506962
0.27177737540817193
0.27177737540817193
0.16711668770137555
0.11892291185980228
0.6627724272369983
0.18599768005207046
0.5751767444149845
0.11892291185980228
0.5434468950090174
0.2103774865443599
0.6242913843163447
0.15094851945831078
0.10363525023362741
0.08058002306122825
0.493577667651758
0.6857781318132037
0.6846948601794856
0.6015159741901925
0.29323957801776684
0.5991027325016423
0.42519686933423473
0.11892291185980228
0.18599768005207046
0.6452608474630568
0.6242913843163447
0.10363525023362741
0.7862532925264711
0.722894260293092
0.5341635946591331
0.18599768005207046
