0.3523179759882731
0.27542019287999464
0.26181853481176165
0.9059702862400556
0.42223003849296614
0.05891399855182948
0.44760418376338074
0.27177737540817193
0.9063843651014556
0.08058002306122825
0.7809285598509825
0.6250589906269894
0.948469073257598
0.2471035377425998
0.3523179759882731
0.15094851945831078
0.18599768005207046
0.7809285598509825
0.699979523311449
0.6822369268788195
0.537658835884137
0.7547211656904654
0.7447315139624213
0.7518790185296647
0.22999946373853855
0.7443942102523444
0.9084478951517831
0.0765866831085642
0.6860927305695474
0.2918447537877416
0.11892291185980228
0.6579920894273281
0.905001336214496
0.6854966487142535
0.659471624024244
0.2681314380311835
0.6822369268788195
0.13104846803199743
0.18599768005207046
0.6250589906269894
0.3135456710457891
0.2655788223711636
0.6915452538881686
0.16711668770137555
0.483944802835342
0.18599768005207046
0.2918447537877416
0.635425873078886
0.18599768005207046
0.9063843644344532
0.3515831878904351
0.18599768005207046
0.6846948601794856
0.8557394471836108
0.13104846803199743
0.25996479601288974
0.39591680270710483
0.6613329818456704
0.6627724272369983
0.9059702862400554
0.9063843664230036
0.6589784458252721
0.9079828171735305
0.493577667651758
0.2655788223711636
0.7809285598509825
0.18599768005207046
0.2413181760741236
0.6915452538881686
0.44760418376338074
0.2471035377425998
0.05891399855182948
0.5574630090506962
0.7447315139624213
0.6781537167171483
0.6250589906269894
0.7547211656904654
0.3515831878904351
0.659471624024244
0.8831801868933864
0.6250589906269894
0.9063843654287285
0.27177737540817193
0.18599768005207046
0.15094851945831078
0.7773877573098896
0.5751767444149845
0.5751767444149845
0.5439154477564754
0.722894260293092
0.27177737540817193
0.2471035377425998
0.3135456710457891
0.699979523311449
0.18599768005207046
0.18371589565502378
0.483944802835342
0.9102753910584376
0.18599768005207046
0.537658835884137
0.4815208041723799
0.26181853481176165
0.2413181760741236
0.7518790185296647
0.6452608474630568
0.6613329818456704
0.7518790185296647
0.5574630090506962
0.3515831878904351
0.5751767444149845
0.18599768005207046
0.483944802835342
0.5430217611191818
0.6781537167171483
0.7862532925264711
0.10270945837870749
0.8831801868933864
0.27177737540817193
0.659471624024244
0.7443942102523444
0.9079828171735305
0.0765866831085642
0.9079828171735305
0.483944802835342
0.266909571687989
0.264089925311489
0.5430217611191818
0.5439154477564754
0.7647108174185095
0.635425873078886
0.9059702862400556
0.7809285598509825
0.7809285598509825
0.266909571687989
0.27177737540817193
0.27542019287999464
0.18599768005207046
0.6250589906269894
0.7809285598509825
0.18599768005207046
0.6015159741901925
0.6854966487142535
0.18599768005207046
0.22999946373853855
0.46567051480000765
0.6915452538881686
0.7773877573098896
0.41423824790653696
0.6627724272369983
0.25887540117485086
0.16711668770137555
0.6452608474630568
0.13104846803199743
0.6579920894273281
0.08058002306122825
0.9059702862400556
0.4815208041723799
0.5405641228666245
0.8557394471836108
0.9059702862400554
0.29370451942777526
0.6860927305695474
0.15094851945831078
0.905001336214496
0.18599768005207046
0.2103774865443599
0.6860927305695474
0.18599768005207046
0.264089925311489
0.6822369268788195
0.5439154477564754
0.2681314380311835
0.08058002306122825
0.10270945837870749
0.7647108174185095
0.905001336214496
0.18599768005207046
0.5751767444149845
0.25996479601288974
0.7809285598509825
0.659471624024244
0.6574989112283562
0.39591680270710483
0.6574989112283562
0.5405641228666245
0.6915452538881686
0.2471035377425998
0.6627724272369983
0.46567051480000765
0.2655788223711636
0.635425873078886
0.9063843651014556
0.5410109661852713
0.9059702862400554
0.18599768005207046
0.25887540117485086
0.27177737540817193
0.5410109661852713
0.635425873078886
0.42519686933423473
0.7447315139624213
0.7862532925264711
0.948469073257598
0.16711668770137555
0.9102753910584376
0.9079828171735305
0.659471624024244
0.6589784458252721
0.264089925311489
0.9084478951517831
0.3515831878904351
0.2103774865443599
0.42223003849296614
0.6250589906269894
0.16711668770137555
0.41423824790653696
0.18371589565502378
0.6846948601794856
0.25887540117485086
0.5574630090506962
0.27177737540817193
0.27177737540817193
0.16711668770137555
0.11892291185980228
0.6627724272369983
0.18599768005207046
0.5751767444149845
0.11892291185980228
0.5439154477564754
0.2103774865443599
0.6242913843163447
0.15094851945831078
0.10363525023362741
0.08058002306122825
0.493577667651758
0.6860927305695474
0.6846948601794856
0.6015159741901925
0.29370451942777526
0.537658835884137
0.42519686933423473
0.11892291185980228
0.18599768005207046
0.6452608474630568
0.6242913843163447
0.10363525023362741
0.7862532925264711
0.722894260293092
0.5439154477564754
0.18599768005207046
