0.3523179759882731
0.27542019287999464
0.2574922393479605
0.9064369973186397
0.42223003849296614
0.05891399855182948
0.44760418376338074
0.27034385939197214
0.9056053419299293
0.08058002306122825
0.7809285598509825
0.6299226173256329
0.948469073257598
0.24689296752078982
0.3523179759882731
0.15094851945831078
0.18950360637659383
0.7809285598509825
0.688227684324916
0.6814010365329424
0.5194684226880286
0.7647108174185095
0.7647108174185095
0.7518790185296647
0.18372127327497983
0.7443942102523444
0.9051895142355735
0.0765866831085642
0.688227684324916
0.2995778568312477
0.11892291185980228
0.6345593292413043
0.9275710209591468
0.688227684324916
0.6560799375525568
0.26753468966674576
0.6814010365329424
0.13104846803199743
0.18569325059275166
0.6229184069507374
0.3135456710457891
0.26364791679816446
0.6909191810352546
0.16668539481716166
0.483944802835342
0.18561436108239326
0.2981154754931301
0.6299226173256329
0.19224029862893433
0.9056053419299293
0.3515831878904351
0.18372127327497983
0.6571843735902256
0.8557394471836108
0.13104846803199743
0.25996479601288974
0.39591680270710483
0.6909191810352546
0.6872299181044679
0.9064369973186397
0.9051895142355735
0.6560799375525623
0.9025996284816153
0.493577667651758
0.26364791679816446
0.7809285598509825
0.18661392695510776
0.20931039555468375
0.6922851581688851
0.44760418376338074
0.245018068935403
0.05891399855182948
0.5551561917354688
0.7230351701409536
0.6638113871586748
0.6229184069507374
0.7647108174185095
0.3515831878904351
0.6560799375525604
0.8831801868933864
0.6215631622853184
0.9051895142355735
0.245018068935403
0.18372127327497983
0.15094851945831078
0.771466799826257
0.5669297929813775
0.579296510273752
0.5416753003418113
0.7951506297607875
0.27034385939197214
0.27034385939197214
0.3135456710457891
0.688227684324916
0.18372127327497983
0.1829290734491456
0.483944802835342
0.9025996284816153
0.1895036063765937
0.5194684226880286
0.5669297929813775
0.26364791679816446
0.2554649997764366
0.7518790185296647
0.637371013153933
0.6563594896871762
0.7518790185296647
0.5551561917354688
0.3515831878904351
0.5710643982722867
0.18661392695510776
0.483944802835342
0.5710643982722867
0.6872299181044679
0.7833087147935223
0.10270945837870749
0.8831801868933864
0.26364791679816446
0.6560799375525534
0.7443942102523444
0.9025996284816153
0.0765866831085642
0.9025996284816153
0.483944802835342
0.25955745182550133
0.2574922393479605
0.5466800588284471
0.5416753003418113
0.7647108174185095
0.5416753003418113
0.9064369973186397
0.7809285598509825
0.7809285598509825
0.27034385939197214
0.27034385939197214
0.27542019287999464
0.18372127327497983
0.6215631622853184
0.7809285598509825
0.18660946556714494
0.6015159741901925
0.6896875149725903
0.18950360637659383
0.27542019287999464
0.5416753003418113
0.6922851581688851
0.771466799826257
0.41423824790653696
0.6569117073545809
0.2574922393479605
0.16668539481716166
0.6571843735902256
0.13104846803199743
0.6299226173256329
0.08058002306122825
0.9064369973186397
0.39404451271792773
0.5416753003418113
0.8557394471836108
0.9064369973186397
0.29381314655998847
0.6841527087503481
0.15094851945831078
0.9025996284816153
0.18372127327497983
0.20931039555468375
0.6841527087503481
0.18372127327497983
0.2981154754931301
0.6814010365329424
0.5466800588284471
0.26753468966674576
0.08058002306122825
0.10270945837870749
0.7647108174185095
0.9025996284816153
0.18372127327497983
0.579296510273752
0.25996479601288974
0.7809285598509825
0.6563594896871762
0.6814010365329424
0.39591680270710483
0.6814010365329424
0.5416753003418113
0.6909191810352546
0.24689296752078982
0.6569117073545809
0.39404451271792773
0.25955745182550133
0.6345593292413043
0.9056053419299293
0.5416753003418113
0.9064369973186397
0.18561436108239326
0.2574922393479605
0.27034385939197214
0.5416753003418113
0.7230351701409536
0.42519686933423473
0.7647108174185095
0.7833087147935223
0.948469073257598
0.16668539481716166
0.9275710209591468
0.9051895142355735
0.65607993755256
0.6560799375525623
0.2574922393479605
0.9051895142355735
0.3515831878904351
0.2109110320391978
0.42223003849296614
0.6299226173256329
0.18372127327497983
0.41423824790653696
0.1829290734491456
0.690101940272822
0.2554649997764366
0.5551561917354688
0.2995778568312477
0.27034385939197214
0.15094851945831078
0.11892291185980228
0.6638113871586748
0.18372127327497983
0.579296510273752
0.11892291185980228
0.5466800588284471
0.2109110320391978
0.6242913843163447
0.15094851945831078
0.10363525023362741
0.08058002306122825
0.493577667651758
0.6896875149725903
0.690101940272822
0.6015159741901925
0.29381314655998847
0.5466800588284471
0.42519686933423473
0.11892291185980228
0.19224029862893433
0.637371013153933
0.6242913843163447
0.10363525023362741
0.7951506297607875
0.6638113871586748
0.5416753003418113
0.18372127327497983
