0.38136238362344377
0.278508633102988
0.2618201174449095
0.8999873610122036
0.42223003849296614
0.053864660107048115
0.44760418376338074
0.24057244138877587
0.926856048720066
0.07533801411606639
0.7824740207880339
0.6209137404388156
0.948469073257598
0.24652227575526092
0.38136238362344377
0.23011645709024292
0.18862799644838996
0.7824740207880339
0.6860543672442382
0.686559352015617
0.526476222329513
0.7343611017450526
0.7882256163643229
0.7164620369922501
0.1789671835121369
0.7882256163643229
0.8964767912027294
0.08416069077573624
0.6784677925436133
0.3135456710457891
0.07533801411606639
0.6363360225003358
0.948469073257598
0.6906213049553955
0.6560189795920319
0.25200049229874005
0.686559352015617
0.13104846803199743
0.23011645709024292
0.6209137404388156
0.3135456710457891
0.2497110331572422
0.6990729300724179
0.11008593681786724
0.483944802835342
0.14775059785152483
0.3135456710457891
0.6209137404388156
0.1967458771067903
0.9177521293501758
0.3432000746977909
0.17759876892695886
0.6331407483467152
0.8557394471836108
0.13104846803199743
0.25996479601288974
0.38136238362344377
0.6990729300724179
0.6339858691380893
0.9039102447067584
0.9177521293501758
0.6691893376682929
0.8955043289456142
0.5886253408151887
0.25974939468660074
0.7824740207880339
0.18473818571680195
0.3135456710457891
0.6691893376682929
0.44760418376338074
0.2520004922990655
0.053864660107048115
0.6125179948908079
0.7882256163643229
0.6990729300724179
0.6209137404388156
0.7882256163643229
0.3599663010830795
0.6491469038054556
0.8831801868933864
0.6125179948908079
0.8964767912027294
0.24652227575526092
0.17785656333543798
0.14775059785152483
0.771466799826257
0.5402941473577787
0.6363360225003358
0.5390448580591525
0.7951506297607875
0.3135456710457891
0.25200049229910415
0.3135456710457891
0.6860543672442382
0.17885423908738785
0.14835650191542532
0.483944802835342
0.8874241286685943
0.18473818571680256
0.5390448580591525
0.5690108991314238
0.2618201174449095
0.25200049229940735
0.7592741162669954
0.6339858691380893
0.6417413782382799
0.7592741162669954
0.526476222329513
0.3432000746977909
0.5402941473577787
0.1847381857168025
0.483944802835342
0.5390448580591525
0.771466799826257
0.7951506297607875
0.11008593681786724
0.8831801868933864
0.25974939468660074
0.6331407483467152
0.7392797529869082
0.8955043289456142
0.08416069077573624
0.9177521293501758
0.483944802835342
0.24652227575526092
0.2587938790053207
0.5390448580591525
0.5390448580591525
0.7882256163643229
0.5390448580591525
0.9104465267588393
0.7777266272369074
0.7777266272369074
0.25200049229940735
0.25974939468660074
0.278508633102988
0.18473818571680253
0.5390448580591525
0.7838304189454983
0.18473818571680253
0.608866273918945
0.6906213049553955
0.18862799644838996
0.278508633102988
0.5425492427145286
0.7164620369922501
0.771466799826257
0.42519686933423473
0.6560189795920319
0.2587938790053207
0.14775059785152483
0.6335681471999137
0.13104846803199743
0.6363360225003358
0.08237706027610182
0.9104465267588393
0.2514390987906371
0.5402941473577787
0.8557394471836108
0.8999873610122036
0.3135456710457891
0.6840220608946502
0.15062933686111823
0.9058401204484237
0.17785656333543798
0.14835650191542532
0.6840220608946502
0.18473818571680195
0.3135456710457891
0.686559352015617
0.5425492427145286
0.2514390987906371
0.08237706027610182
0.11008593681786724
0.7392797529869082
0.9058401204484237
0.1789671835121369
0.5690108991314238
0.25996479601288974
0.7838304189454983
0.6417413782382799
0.6682890334734459
0.38136238362344377
0.6682890334734459
0.5402941473577787
0.6990729300724179
0.2497110331572422
0.6491469038054556
0.42519686933423473
0.29309619802110737
0.6733784130085296
0.926856048720066
0.5390448580591525
0.9039102447067584
0.17885423908738785
0.2587938790053207
0.2520004922990655
0.5425492427145286
0.6733784130085296
0.42519686933423473
0.7343611017450526
0.771466799826257
0.948469073257598
0.1847381857168019
0.8874241286685943
0.8987544157264444
0.6478041454996393
0.6478041454996393
0.2587938790053207
0.8987544157264444
0.3599663010830795
0.19640721367196945
0.42223003849296614
0.6209137404388156
0.17759876892696075
0.42519686933423473
0.29309619802110737
0.7203355026613822
0.24057244138877587
0.5886253408151887
0.25974939468660074
0.25974939468660074
0.15062933686111823
0.14775059785152483
0.673872675835401
0.17759876892696075
0.5886253408151887
0.14775059785152483
0.5390448580591525
0.19640721367196945
0.6196546439077145
0.15062933686111823
0.053864660107048115
0.07533801411606639
0.42519686933423473
0.6784677925436133
0.7203355026613822
0.608866273918945
0.3135456710457891
0.5886253408151887
0.42519686933423473
0.07533801411606639
0.1967458771067903
0.6335681471999137
0.6196546439077145
0.14835650191542532
0.7951506297607875
0.673872675835401
0.5425492427145286
0.1847381857168019
