0.31608197304117575
0.278508633102988
0.2508015624589077
0.9073960141426889
0.42223003849296614
0.05891399855182948
0.44760418376338074
0.2705602540715033
0.9153831467134121
0.08058002306122825
0.7824402674255553
0.630897798841582
0.948469073257598
0.2508015624589077
0.3885539789353704
0.16261137363798453
0.19019478410604296
0.7824402674255553
0.683890211056593
0.6812733162294249
0.4720070523946797
0.7700445412681152
0.7627621229671862
0.7164620369922501
0.1806178604459437
0.7632744824715463
0.9008738002318588
0.0765866831085642
0.683890211056593
0.3135456710457891
0.08058002306122825
0.6326922878618039
0.948469073257598
0.6941722950013643
0.6553589467278478
0.2508015624589077
0.683890211056593
0.13104846803199743
0.20739587364464176
0.6233118955746866
0.3135456710457891
0.25999888843900965
0.6990729300724179
0.16261137363798453
0.483944802835342
0.14883012498012232
0.3135456710457891
0.621713125484106
0.19019478410604296
0.9125038239796723
0.3515831878904351
0.1806178604459437
0.6641009407907246
0.8557394471836108
0.13104846803199743
0.25996479601288974
0.3885539789353704
0.6990729300724179
0.637371013153933
0.9012949889103884
0.9125038239796723
0.6493942165760902
0.9008693299672773
0.493577667651758
0.25999888843900965
0.7797947791700526
0.20739587364464176
0.28469166511210187
0.6553589467278478
0.44760418376338074
0.2508015624589077
0.05891399855182948
0.5912255545699394
0.7230351701409536
0.6655576341271858
0.621713125484106
0.7700445412681152
0.3515831878904351
0.6462233049503388
0.8831801868933864
0.630897798841582
0.9047035696485035
0.2484409958815869
0.1806178604459437
0.14883012498012232
0.771466799826257
0.5821073807729196
0.5821073807729196
0.5404306297477552
0.7951506297607875
0.28469166511210187
0.2508015624589077
0.3135456710457891
0.683890211056593
0.1806178604459437
0.14835650191542532
0.483944802835342
0.8965041940187592
0.18407993925370209
0.5639607495159293
0.5639607495159293
0.25999888843900965
0.2484409958815869
0.7592741162669954
0.637371013153933
0.6493942165760902
0.7592741162669954
0.533200426078978
0.3515831878904351
0.5404306297477552
0.1806178604459437
0.483944802835342
0.5404306297477552
0.771466799826257
0.7833087147935223
0.11008593681786724
0.8831801868933864
0.25999888843900965
0.6462233049503388
0.7632744824715463
0.9008673936593764
0.0765866831085642
0.9054459037864555
0.483944802835342
0.2508015624589077
0.25999888843900965
0.5453746220200071
0.5404306297477552
0.7627621234136044
0.5404306297477552
0.9073960141426889
0.7797947791700526
0.7797947791700526
0.28469166511210187
0.25999888843900965
0.278508633102988
0.18407993925370209
0.5912255545699394
0.7811175232978039
0.18407993925370209
0.608866273918945
0.6941722950013643
0.18407993925370209
0.278508633102988
0.5404306297477552
0.7164620369922501
0.771466799826257
0.42519686933423473
0.6553589467278478
0.25999888843900965
0.16500568835674384
0.6641009407907246
0.13104846803199743
0.6326922878618039
0.08058002306122825
0.9073960141426889
0.31608197304117575
0.5639607495159293
0.8557394471836108
0.9012949889103884
0.2705602540715033
0.683890211056593
0.14883012498012232
0.9054459037864555
0.1806178604459437
0.14835650191542532
0.680062028823746
0.18227389171826536
0.3135456710457891
0.6812733162294249
0.5404306297477552
0.2508015624589077
0.08058002306122825
0.11008593681786724
0.7627621234136044
0.9054459037864555
0.1806178604459437
0.5848181506607852
0.25996479601288974
0.7811175232978039
0.6493942165760902
0.680062028823746
0.40327962647883925
0.680062028823746
0.533200426078978
0.6990729300724179
0.2508015624589077
0.6655576341271858
0.4720070523946797
0.29309619802110737
0.630897798841582
0.9047035696485035
0.5404306297477552
0.9153831467134121
0.18407993925370209
0.25999888843900965
0.2508015624589077
0.5404306297477552
0.7230351701409536
0.42519686933423473
0.7627621220743497
0.7833087147935223
0.948469073257598
0.16500568835674384
0.8965041940187592
0.9008693299672773
0.6462233049503388
0.6553589467278478
0.25999888843900965
0.9008712662751782
0.3515831878904351
0.19640721367196945
0.42223003849296614
0.6233118955746866
0.1806178604459437
0.40327962647883925
0.29309619802110737
0.690438368026157
0.2484409958815869
0.5848181506607852
0.28469166511210187
0.25999888843900965
0.14883012498012232
0.14883012498012232
0.6655576341271858
0.18227389171826536
0.5848181506607852
0.14883012498012232
0.5404306297477552
0.19640721367196945
0.6242913843163447
0.14883012498012232
0.05891399855182948
0.08058002306122825
0.493577667651758
0.683890211056593
0.690438368026157
0.608866273918945
0.3135456710457891
0.5453746220200071
0.42519686933423473
0.08058002306122825
0.19019478410604296
0.637371013153933
0.6242913843163447
0.14835650191542532
0.7951506297607875
0.6655576341271858
0.5404306297477552
0.18407993925370209
