0.30129904794966933
0.2678556244541215
0.3364610628310095
0.9553946095522863
0.44849095160909835
0.053864660107048115
0.5165380317121178
0.22544751339573182
0.9480092453319886
0.06817458365724996
0.8212475687457788
0.6012751070748035
0.9445067693352917
0.13882951125354454
0.38245506214842934
0.24793021518814073
0.2678556244541215
0.8029832822388456
0.6745887180095775
0.4781119179871623
0.5797522631285755
0.8126264883056704
0.7974341493095807
0.9672992434214298
0.1019557879759192
0.779230172244723
0.8947647222641364
0.053864660107048115
0.7516646365844244
0.269969178393919
0.04050130744000954
0.7516646365844244
0.9672992434214298
0.8212475687457788
0.5165380317121178
0.18036867529779144
0.7100815423166549
0.29032876437263666
0.24793021518814073
0.779230172244723
0.45145657467574607
0.2141070647490556
0.7082071560005456
0.1019557879759192
0.44849095160909835
0.11355342845623695
0.27685031235813723
0.6707530048302224
0.18036867529779144
0.9122803942954967
0.3364610628310095
0.2138771360716492
0.6033813764735683
0.8640173491858476
0.09283147581617979
0.35935067791366604
0.38245506214842934
0.5961294493679936
0.666737976433751
0.8461164071690384
0.8947647222641364
0.638350205249278
0.9122803942954967
0.5875582281635439
0.11209432929221028
0.8212475687457788
0.15045353932149255
0.26345870946996525
0.7514789295663744
0.3296454805652359
0.269969178393919
0.053864660107048115
0.5942143380056051
0.8126264883056704
0.7964236863085441
0.6048205214195519
0.7242799715306083
0.39540354879096096
0.679564436653306
0.9292028430933923
0.6707530048302224
0.9445067693352917
0.13882951125354454
0.17446153784571317
0.10517661091481204
0.8237028256862902
0.4551222951462913
0.5062440258347984
0.515756841261185
0.8237028256862902
0.4167978449904659
0.06817458365724996
0.2141070647490556
0.5460771954266516
0.1019557879759192
0.053864660107048115
0.5099760482004996
0.8237028256862902
0.23354927232932574
0.4250720269329795
0.4551222951462913
0.11209432929221028
0.29144799730119897
0.679564436653306
0.666737976433751
0.7670314972654468
0.679564436653306
0.5942143380056051
0.27685031235813723
0.5641060420052846
0.18259082803311344
0.5392602345292954
0.649988660302697
0.8237028256862902
0.7849959890046674
0.2309343123688271
0.9292028430933923
0.2871223587269395
0.7670314972654468
0.6745887180095775
0.9292028430933923
0.12954049465084788
0.9122803942954967
0.5099760482004996
0.3364610628310095
0.2594265206534382
0.5476024940682179
0.6707530048302224
0.7980639460938859
0.5641060420052846
0.9553946095522863
0.7974341493095807
0.9292028430933923
0.26345870946996525
0.29032876437263666
0.3244198809386425
0.2309343123688271
0.515756841261185
0.8461164071690384
0.17446153784571317
0.6707530048302224
0.6388028919073065
0.18036867529779144
0.3244198809386425
0.5797522631285755
0.5392602345292954
0.7082071560005456
0.3244198809386425
0.5392602345292954
0.2594265206534382
0.06574376993528447
0.6033813764735683
0.09283147581617979
0.6012751070748035
0.03750059171728573
0.9553946095522863
0.22301910696313584
0.4250720269329795
0.8640173491858476
0.7974341493095807
0.44849095160909835
0.621544003575812
0.10517661091481204
0.9672992434214298
0.230112118449407
0.3296454805652359
0.7242799715306083
0.22832745363892215
0.29144799730119897
0.7100815423166549
0.5062440258347984
0.22301910696313584
0.03750059171728573
0.04050130744000954
0.7980639460938859
0.7964236863085441
0.1019557879759192
0.5062440258347984
0.30129904794966933
0.8029832822388456
0.638350205249278
0.6012751070748035
0.39438316844277815
0.7242799715306083
0.515756841261185
0.7964236863085441
0.2871223587269395
0.7514789295663744
0.45145657467574607
0.3364610628310095
0.5082533006434407
0.9480092453319886
0.5476024940682179
0.8461164071690384
0.23354927232932574
0.2338294118747463
0.26996924625643093
0.35935067791366604
0.649988660302697
0.5082533006434407
0.5875582281635439
0.7849959890046674
0.9672992434214298
0.15045353932149255
0.9480092453319886
0.8947647222641364
0.7367188719736975
0.7367188719736975
0.2338294118747463
0.8947647222641364
0.3992135533391482
0.06574376993528447
0.39540354879096096
0.6048205213965853
0.18259082803311344
0.39438316844277815
0.3992135533391482
0.6033813764735683
0.29144799730119897
0.6707530048302224
0.2587899216454332
0.22544751339573182
0.10517661091481204
0.230112118449407
0.6033813764735683
0.22832745363892215
0.6048205213965853
0.17446153784571317
0.621544003575812
0.12954049465084788
0.5961294493679936
0.10517661091481204
0.053864660107048115
0.06817458365724996
0.42929716478238683
0.6388028919073065
0.779230172244723
0.6707530048302224
0.4167978449904659
0.4781119179871623
0.42929716478238683
0.11355342845623695
0.18036867529779144
0.6033813764735683
0.6033813764735683
0.2587899216454332
0.679564436653306
0.6033813764735683
0.5460771954266516
0.2138771360716492
