0.30129904794966933
0.28199668857525173
0.339153412136186
0.9553946095522863
0.42223003849296614
0.053864660107048115
0.5251119155463797
0.25860609068222384
0.8847423536833053
0.06817458365724996
0.8048168099695006
0.688748225936038
0.9516532799041788
0.18216637530672797
0.4933581221419212
0.24793021518814073
0.28199668857525173
0.8048168099695006
0.6592177561346684
0.5277273409802866
0.5636570294672296
0.8442418828569036
0.7958235362044324
0.8940641603532963
0.17005902275619145
0.7939753866749027
0.8947647222641364
0.053864660107048115
0.7216565989481867
0.28740904903552755
0.07393711411814285
0.7216565989481867
0.9536968343227588
0.6954952659213383
0.5251119155463797
0.17005902275619145
0.7153426911860068
0.27229819364429964
0.24793021518814073
0.6739139242374135
0.339153412136186
0.20148409606440798
0.6865891393105688
0.11232969999755332
0.47923349990479897
0.11232969999755332
0.28740904903552755
0.6739139242374135
0.1385726626815797
0.9052741254829524
0.339153412136186
0.19752461652786996
0.6016978933954884
0.8640173491858476
0.09283147581617979
0.35935067791366604
0.39040713301132857
0.6865891393105688
0.6819838618386336
0.8442418828569036
0.9052741254829524
0.6429327401623535
0.9052741254829524
0.599980806268163
0.20148409606440798
0.7940755156633155
0.16512682423963398
0.25860609068222384
0.7429532077421577
0.339153412136186
0.25860609068222384
0.053864660107048115
0.6040566038845835
0.7939753875444723
0.6322428145154488
0.6739139242374135
0.7939753867539545
0.40090134309229275
0.6811848833054606
0.8965443665848509
0.6040566038845835
0.9516532799041788
0.18216637530672797
0.17005902275619145
0.14424826950720598
0.8237028256862902
0.45727263802562
0.5087565999843062
0.49867829590312596
0.8940641603532963
0.339153412136186
0.06817458365724996
0.339153412136186
0.5723326368310124
0.17005902275619145
0.053864660107048115
0.47923349990479897
0.8100632559974171
0.18548008149035783
0.5127780143682457
0.5207076248571665
0.12570747915047864
0.25860609068222384
0.6816524115547865
0.6819838618386336
0.6811848833054606
0.6816524115547865
0.5636570294672296
0.339153412136186
0.553397023479776
0.14424826950720598
0.5251119155463797
0.5521495217214215
0.8237028256862902
0.7888052214392933
0.19752461652786996
0.8965443665848509
0.2614626883086387
0.6811848833054606
0.6325208162757033
0.8848376863311473
0.12570747915047864
0.9052741254829524
0.49867829590312596
0.339153412136186
0.2554340561790088
0.5636570294672296
0.6685071059801371
0.7958235362044324
0.5452635224557558
0.9553946095522863
0.7958235362044324
0.8848376863311473
0.25860609068222384
0.27229819364429964
0.31027881681751224
0.19952685990669133
0.5277273409802866
0.8442418828569036
0.16512682423963398
0.6734183294997227
0.6524739553662045
0.16512682423963398
0.31027881681751224
0.553397023479776
0.5310393533414146
0.7315855786432026
0.4250130996949574
0.5310393533414146
0.24803265332305946
0.09030693669587525
0.6811848833054606
0.09283147581617979
0.599980806268163
0.03900094957864764
0.9553946095522863
0.22825181658960092
0.5127780143682457
0.8640173491858476
0.8848376863311473
0.3656607470813568
0.6325208162757033
0.14424826950720598
0.9644254950203024
0.19161484691650416
0.339153412136186
0.688748225936038
0.19952685990669133
0.28740904903552755
0.7153426911860068
0.5087565999843062
0.22825181658960092
0.03900094957864764
0.07393711411814285
0.7940755156633155
0.8100632559974171
0.17005902275619145
0.5207076248571665
0.30129904794966933
0.8048168099695006
0.6429327401623535
0.6685071059801371
0.39040713301132857
0.6685071059801371
0.5087565999843062
0.7888052214392933
0.2614626883086387
0.7429532077421577
0.45727263802562
0.339153412136186
0.5127780143682457
0.9516532799041788
0.5521495217214215
0.8847423536833053
0.18548008149035783
0.24803265332305946
0.25860609068222384
0.35935067791366604
0.7216565989481867
0.4250130996949574
0.5723326368310124
0.7888052214392933
0.9644254950203024
0.1385726626815797
0.9536968343227588
0.9052741254829524
0.7315855786432026
0.7315855786432026
0.2554340561790088
0.8947647222641364
0.40090134309229275
0.09030693669587525
0.42223003849296614
0.6592177561346684
0.2037856568402886
0.39040713301132857
0.40090134309229275
0.6322428145154488
0.24803265332305946
0.6954952659213383
0.25860609068222384
0.27229819364429964
0.11232969999755332
0.2037856568402886
0.6865891393105688
0.17005902275619145
0.4933581221419212
0.17005902275619145
0.5452635224557558
0.12570747915047864
0.6016978933954884
0.11232969999755332
0.053864660107048115
0.06817458365724996
0.4250130996949574
0.6524739553662045
0.7939753866749027
0.6734183294997227
0.3656607470813568
0.5127780143682457
0.4250130996949574
0.11232969999755332
0.19752461652786996
0.6016978933954884
0.6016978933954884
0.25860609068222384
0.6816524191410236
0.6322428145154488
0.553397023479776
0.19161484691650416
