0.30129904794966933
0.2678556244541215
0.3364610628310095
0.9553946095522863
0.44849095160909835
0.053864660107048115
0.5165380317121178
0.22544751339573182
0.9472795628326769
0.06817458365724996
0.822568479129044
0.6012751070748035
0.9456012930842594
0.13882951125354454
0.38245506214842934
0.24793021518814073
0.2678556244541215
0.7985689370674043
0.6745887180095775
0.4781119179871623
0.5797522631285755
0.8126264883056704
0.798568937064567
0.9672992434214298
0.1019557879759192
0.779230172244723
0.8947647222641364
0.053864660107048115
0.7516646365844244
0.34338352300261116
0.04050130744000954
0.7516646365844244
0.9672992434214298
0.822568479129044
0.5165380317121178
0.1802061384109655
0.7100815423166549
0.28452181118637143
0.24793021518814073
0.779230172244723
0.45145657467574607
0.2141070647490556
0.7082071560005456
0.1019557879759192
0.44849095160909835
0.11355342845623695
0.27756611588903624
0.6707530048302224
0.1802061384109655
0.9122803942954967
0.3364610628310095
0.2138771360716492
0.6033813764735683
0.8640173491858476
0.09283147581617979
0.35935067791366604
0.38245506214842934
0.5961294493679936
0.666737976433751
0.8461164071690384
0.8947647222641364
0.638350205249278
0.9122803942954967
0.5875582281635439
0.11209432929221028
0.822568479129044
0.15845620549623274
0.27756611588903624
0.7514789295663744
0.3296454805652359
0.26834157812855863
0.053864660107048115
0.5942143380056051
0.8126264883056704
0.6999025313910562
0.604820521404241
0.7242799715306083
0.39540354879096096
0.679564436653306
0.9292028430933923
0.6707530048302224
0.9456012930842594
0.13882951125354454
0.17593832220873273
0.10517661091481204
0.8237028256862902
0.4551222951462913
0.5062440258347984
0.515756841261185
0.8237028256862902
0.4050749838895875
0.06817458365724996
0.2141070647490556
0.5460771954266516
0.1019557879759192
0.053864660107048115
0.5099760482004996
0.8100632559974171
0.23354927232932574
0.4250720269329795
0.4551222951462913
0.11209432929221028
0.2910003041297742
0.679564436653306
0.666737976433751
0.7670314972654468
0.679564436653306
0.5942143380056051
0.27756611588903624
0.558604859359596
0.18143911744374597
0.5392602345292954
0.649988660302697
0.8237028256862902
0.7888052214392933
0.2309343123688271
0.9292028430933923
0.2871223587269395
0.7670314972654468
0.6745887180095775
0.9292028430933923
0.12954049465084788
0.9122803942954967
0.5099760482004996
0.3364610628310095
0.24662796626409222
0.5316796676647015
0.6707530048302224
0.7985689370541347
0.558604859359596
0.9553946095522863
0.7985689370650254
0.9292028430933923
0.27756611588903624
0.28452181118637143
0.3244198809386425
0.2309343123688271
0.5316796676647015
0.8461164071690384
0.15845620549623274
0.6707530048302224
0.6388028919073065
0.1802061384109655
0.3244198809386425
0.5797522631285755
0.5392602345292954
0.7082071560005456
0.3244198809386425
0.5392602345292954
0.24662796626409222
0.06574376993528447
0.6033813764735683
0.09283147581617979
0.6012751070748035
0.03750059171728573
0.9553946095522863
0.22301910696313584
0.4250720269329795
0.8640173491858476
0.7985689370650254
0.44849095160909835
0.621544003575812
0.10517661091481204
0.9672992434214298
0.22921978604416454
0.3296454805652359
0.7242799715306083
0.22921978604416454
0.27756611588903624
0.7100815423166549
0.5062440258347984
0.22301910696313584
0.03750059171728573
0.04050130744000954
0.7985689370392051
0.8100632559974171
0.1019557879759192
0.5062440258347984
0.30129904794966933
0.822568479129044
0.638350205249278
0.6012751070748035
0.39438316844277815
0.7242799715306083
0.515756841261185
0.7888052214392933
0.2871223587269395
0.7514789295663744
0.45145657467574607
0.3364610628310095
0.5082533006434407
0.9472795628326769
0.558604859359596
0.822568479129044
0.23354927232932574
0.24662796626409222
0.26834157812855863
0.35935067791366604
0.649988660302697
0.5082533006434407
0.5875582281635439
0.7888052214392933
0.9672992434214298
0.15845620549623274
0.9472795628326769
0.8947647222641364
0.7367188719736975
0.7367188719736975
0.24662796626409222
0.8947647222641364
0.4050749838895875
0.06574376993528447
0.39540354879096096
0.604820521404241
0.18143911744374597
0.39438316844277815
0.4050749838895875
0.6033813764735683
0.2910003041297742
0.6707530048302224
0.2587899216454332
0.22544751339573182
0.10517661091481204
0.22921978604416454
0.6999025313910562
0.22921978604416454
0.604820521404241
0.17593832220873273
0.621544003575812
0.12954049465084788
0.5961294493679936
0.10517661091481204
0.053864660107048115
0.06817458365724996
0.42929716478238683
0.6388028919073065
0.779230172244723
0.6707530048302224
0.34338352300261116
0.4781119179871623
0.42929716478238683
0.11355342845623695
0.1802061384109655
0.6033813764735683
0.6033813764735683
0.2587899216454332
0.679564436653306
0.6033813764735683
0.5460771954266516
0.2138771360716492
