0.3523179759882731
0.27542019287999464
0.2614029527627556
0.9056097561002986
0.42223003849296614
0.05891399855182948
0.44760418376338074
0.2726378836135257
0.9059548481472093
0.08058002306122825
0.7809285598509825
0.6249296923421452
0.948469073257598
0.2471035377425998
0.3523179759882731
0.15094851945831078
0.18607636227265822
0.7809285598509825
0.699979523311449
0.6822369268788195
0.537658835884137
0.7647108174185095
0.7247522105063332
0.7518790185296647
0.22999946373853855
0.7443942102523444
0.909239591951148
0.0765866831085642
0.6860927305695166
0.2918447537877416
0.11892291185980228
0.6574989112283562
0.905001336214496
0.6860927305694515
0.6590716336592568
0.2680103941710986
0.6822369268788195
0.13104846803199743
0.18607636227265822
0.6251882889118332
0.3135456710457891
0.2653760436262475
0.6915452538881686
0.16711668770137555
0.483944802835342
0.18607636227265822
0.2918447537877416
0.6352205963342594
0.18607636227265822
0.9059548483938874
0.3515831878904351
0.18607636227265822
0.6842974722759563
0.8557394471836108
0.13104846803199743
0.25996479601288974
0.39591680270710483
0.661120693496265
0.6636785521416764
0.9056097561041152
0.9061272886892346
0.6590716336592568
0.909144090411987
0.493577667651758
0.2653760436262475
0.7809285598509825
0.18607636227265822
0.2413181760741236
0.6915452538881686
0.44760418376338074
0.2471035377425998
0.05891399855182948
0.5574630090506962
0.7247522105063332
0.6781537167171483
0.6251882889118332
0.7647108174185095
0.3515831878904351
0.6590716336592568
0.8831801868933864
0.6249296923421452
0.9061272886892346
0.2711191373913251
0.18607636227265822
0.15094851945831078
0.7773877573098896
0.5748355498145408
0.5748355498145408
0.5433925254470486
0.7870093132207926
0.2711191373913251
0.2471035377425998
0.3135456710457891
0.699979523311449
0.18607636227265822
0.1829290734491456
0.483944802835342
0.9106524912739211
0.18607636227265822
0.537658835884137
0.4815208041723799
0.2614029527627556
0.2413181760741236
0.7518790185296647
0.6452608474630568
0.661120693496265
0.7518790185296647
0.5574630090506962
0.3515831878904351
0.5748355498145408
0.18607636227265822
0.483944802835342
0.5441246166802456
0.6781537167171483
0.7855290738498845
0.10270945837870749
0.8831801868933864
0.2726378836135257
0.6590716336592568
0.7443942102523444
0.909144090411987
0.0765866831085642
0.909144090411987
0.483944802835342
0.25775703616620615
0.26111213119214016
0.5441246166802456
0.5433925254470486
0.7647108174185095
0.6356311498235125
0.9056097561002986
0.7809285598509825
0.7809285598509825
0.27150925107836754
0.27150925106682855
0.27542019287999464
0.18607636227265822
0.6249296923421452
0.7809285598509825
0.18607636227265822
0.6015159741901925
0.6860927305694948
0.18607636227265822
0.22999946373853855
0.46567051480000765
0.6915452538881686
0.7773877573098896
0.41423824790653696
0.6636785521416764
0.26111213119214016
0.16711668770137555
0.6452608474630568
0.13104846803199743
0.6574989112283562
0.08058002306122825
0.9056097560927143
0.4815208041723799
0.5401003281172535
0.8557394471836108
0.9056097561015708
0.29370451942777526
0.6860927305696523
0.15094851945831078
0.905001336214496
0.18607636227265822
0.2103774865443599
0.6860927305696523
0.18607636227265822
0.2652669855372667
0.6822369268788195
0.5441246166802456
0.2680103941710986
0.08058002306122825
0.10270945837870749
0.7647108174185095
0.905001336214496
0.18607636227265822
0.5756885363156485
0.25996479601288974
0.7809285598509825
0.6590716336592568
0.6574989112283562
0.39591680270710483
0.6574989112283562
0.5401003281172535
0.6915452538881686
0.2471035377425998
0.6636785521416764
0.46567051480000765
0.2715092510642422
0.6352205963342594
0.9059548481472093
0.5405810742973494
0.9056097561028918
0.18607636227265822
0.25775703616620615
0.2726378836135257
0.5405810742973494
0.6356311498235125
0.42519686933423473
0.7647108174185095
0.7855290738498845
0.948469073257598
0.16711668770137555
0.9106524912739211
0.9061272886892346
0.6590716336592568
0.6590716336592568
0.26592133407115165
0.909239591951148
0.3515831878904351
0.2103774865443599
0.42223003849296614
0.6251882889118332
0.16711668770137555
0.41423824790653696
0.1829290734491456
0.6842974722759563
0.25775703616620615
0.5574630090506962
0.2711191373913251
0.2715092510642422
0.16711668770137555
0.11892291185980228
0.6636785521416764
0.18607636227265822
0.5756885363156485
0.11892291185980228
0.5441246166802456
0.2103774865443599
0.6242913843163447
0.15094851945831078
0.10363525023362741
0.08058002306122825
0.493577667651758
0.6860927305695166
0.6842974722759563
0.6015159741901925
0.29370451942777526
0.537658835884137
0.42519686933423473
0.11892291185980228
0.18607636227265822
0.6452608474630568
0.6242913843163447
0.10363525023362741
0.7870093132207926
0.6590716336592568
0.5441246166802456
0.18607636227265822
