0.38136238362344377
0.278508633102988
0.26159344617108604
0.8992390836767585
0.42223003849296614
0.053864660107048115
0.44760418376338074
0.26159344617108604
0.9037287476894285
0.06289806079891194
0.790254410946492
0.614599535849754
0.9471507270094615
0.26159344617108604
0.38136238362344377
0.23011645709024292
0.19675578710386216
0.790254410946492
0.7599867177590662
0.6879583217641833
0.5485228983483581
0.790254410946492
0.790254410946492
0.7164620369922501
0.19505975573713358
0.790254410946492
0.8909490798981841
0.08416069077573624
0.6784677925436133
0.31312676649537097
0.06289806079891194
0.6399504302391531
0.9471507270094615
0.7162305958631929
0.6384342297665273
0.25246057766639707
0.6866521874215081
0.13104846803199743
0.23011645709024292
0.6202070340628696
0.3143834801466253
0.23939747747978868
0.7317487710066741
0.1126578740675297
0.4837176739661422
0.1452179440437778
0.3143834801466253
0.6202070340628696
0.19675578710386216
0.9126699964097642
0.3599663010830795
0.16714326940816993
0.6697583823352113
0.8573357970360378
0.13104846803199743
0.25996479601288974
0.38136238362344377
0.6697583823352113
0.6762774047743877
0.8992390836767585
0.9136448177404871
0.6610266664255777
0.8955043289459971
0.6202070340628696
0.26621024795920334
0.7162305958631929
0.17821771038970197
0.31312676649537097
0.6610266664255777
0.44760418376338074
0.26159344617108604
0.053864660107048115
0.614599535849754
0.790254410946492
0.6973922834738929
0.6202070340628696
0.790254410946492
0.3599663010830795
0.6610266664255777
0.8831801868933864
0.6650120140475981
0.8909490798981841
0.2362916433113192
0.16714326940816993
0.15487083585625938
0.771715078385302
0.5381794795662875
0.6309806999182195
0.5381794795662875
0.7970668420700522
0.31312676649537097
0.26159344617108604
0.3143834801466253
0.5405736740043112
0.17821771038970197
0.14835650191542532
0.4837176739661422
0.847757697921476
0.17821771038970197
0.539464037514265
0.5595193802416201
0.26621024795920334
0.23939747747978868
0.7478262683848685
0.6242063210133983
0.6227220703500451
0.7478262683848685
0.5117076205577615
0.3264338483125023
0.5394612142174527
0.17821771038970197
0.48417193170454165
0.5405736740043112
0.771715078385302
0.7924679325278168
0.21593988254551194
0.8831801868933864
0.2631323801004585
0.6384342297665273
0.6879583217641833
0.8955043289448481
0.08416069077573624
0.9271365378177969
0.48417193170454165
0.26159344617108604
0.26159344617108604
0.539464037514265
0.5394612142174527
0.7918558725949482
0.5394632581351515
0.912669996845544
0.7599867177590662
0.847757697921476
0.2372248516999673
0.26159344617108604
0.278508633102988
0.1957866263228744
0.5381794795662875
0.7789439032051575
0.17821771038970197
0.6309806999182195
0.6650120140475981
0.17821771038970197
0.278508633102988
0.5485228983483581
0.7164620369922501
0.771715078385302
0.42519686933423473
0.6227220703458982
0.26159344617108604
0.14147815588943785
0.6227220703500451
0.13104846803199743
0.6399504302391531
0.08237706027610182
0.912669996845544
0.25246057766639707
0.5595193802416201
0.8573357970360378
0.8992390836767585
0.31312676649537097
0.6828188184666955
0.15487083585625938
0.9271365378177969
0.18248429686332462
0.14835650191542532
0.6828188184666955
0.1957866263228744
0.31312676649537097
0.6866521874215081
0.5381794795662875
0.25246057766639707
0.08237706027610182
0.06289806079891194
0.7918558725949482
0.8573357970360378
0.18248429686332462
0.5849453849982622
0.25996479601288974
0.7789439032051575
0.7317487710066741
0.6699275431863698
0.38136238362344377
0.6699275431863698
0.5381794795662875
0.6973922834738929
0.2394120588608613
0.609628993853149
0.42519686933423473
0.26159344617108604
0.6650120140475981
0.953083285126076
0.5394632581351515
0.9037287476894285
0.18248429686332462
0.26159344617108604
0.26159344617108604
0.5117076205577615
0.6784677925436133
0.42519686933423473
0.6784677925436133
0.7924679325278168
0.9471507270094615
0.19505975573713358
0.953083285126076
0.8955043289459971
0.6610266664255777
0.6610266664255777
0.2372248516999673
0.9136448177404871
0.3599663010830795
0.14147815588943785
0.42223003849296614
0.6309806999182195
0.17939687467261384
0.42519686933423473
0.3264338483125023
0.6524904340951266
0.21593988254551194
0.5664799150070539
0.26159344617108604
0.2631323801004585
0.1126578740675297
0.14233143711133944
0.6762774047743877
0.17939687467261384
0.609628993853149
0.14233143711133944
0.5394634316926978
0.2362916433113192
0.6016978933954884
0.1452179440437778
0.053864660107048115
0.06289806079891194
0.42519686933423473
0.6784677925436133
0.790254410946492
0.5849453849982622
0.31312676649537097
0.5664799150070539
0.42519686933423473
0.1126578740675297
0.19675578710386216
0.6242063210133983
0.6016978933954884
0.14835650191542532
0.7970668420700522
0.6524904340951266
0.5405736740043112
0.16714326940816993
