0.306350167937831
0.2594012281605648
0.33871541179453823
0.9553946095522863
0.42223003849296614
0.053864660107048115
0.5274204604746542
0.30539316608332806
0.8847423536833053
0.06817458365724996
0.8002791245047873
0.6883930660754689
0.9536661810064799
0.2342904997155122
0.5073211414957952
0.23687404520349487
0.2594012281605648
0.8002791245047873
0.6777314574270911
0.6822305126940408
0.5667027370869493
0.8645397845940255
0.796639711743488
0.8840485566308134
0.17444323731370337
0.7982206099560167
0.8911926670530286
0.053864660107048115
0.6883930660754689
0.3060370830170785
0.06520307298326905
0.6941978989082156
0.9536661810064799
0.6648140012173909
0.5274204604746542
0.25986410555709444
0.6941978989082156
0.30613028135927745
0.23687404520349487
0.6777314574270911
0.33871541179453823
0.2979530509236006
0.7101266792354587
0.11293258562360314
0.4876329819501487
0.11293258562360314
0.27684101851990806
0.6721116514849879
0.15847396696801463
0.9052741254829524
0.33871541179453823
0.17887273643535198
0.6016978933954884
0.8370403025916324
0.09283147581617979
0.35261825598783947
0.39040713301132857
0.6828761655173954
0.6828761655173954
0.86844201134526
0.9052741254829524
0.6919438338864861
0.9052741254829524
0.5667027370869493
0.216644641172307
0.7950831201166584
0.18246967695617627
0.30539316608332806
0.7101266792354587
0.33871541179453823
0.2595460100657324
0.053864660107048115
0.6026980046791097
0.7950831201166584
0.6322428145154488
0.6721116514849879
0.7950831201166584
0.40090134309229275
0.6485432935664294
0.8926421398336164
0.6026980046791097
0.9536661810064799
0.2342904997155122
0.17444323731370337
0.2241767476140381
0.8020944675628876
0.45727263802562
0.5906857356312145
0.502613826189934
0.8840485566308134
0.30613028135927745
0.06817458365724996
0.33871541179453823
0.5584585008857349
0.17444323731370337
0.14234163550712867
0.4876329819501487
0.7145668494074602
0.1983004325215884
0.5093823082099
0.5083517248528476
0.12570747915047864
0.25890981907819377
0.7145668494074602
0.6828761655173954
0.6828761655173954
0.7357699671571052
0.5667027370869493
0.33871541179453823
0.5500350851561798
0.14424826950720598
0.5040857574879642
0.5584585008857349
0.8020944675628876
0.7888052214392933
0.1983004325215884
0.8926421398336164
0.26089916910214117
0.6828761655173954
0.671441552258881
0.8645397845940255
0.12570747915047864
0.9052741254829524
0.5040857574879642
0.35261825598783947
0.25890981907819377
0.5460922612510388
0.5906857356312145
0.7950831201166584
0.5500350851561798
0.9553946095522863
0.796639711743488
0.8645397845940255
0.2595460100657324
0.25890981907819377
0.306350167937831
0.1983004325215884
0.5460922612510388
0.8645397845940255
0.18246967695617627
0.6734183294997227
0.6524739553662045
0.15847396696801463
0.306350167937831
0.5646839275243405
0.56624902357472
0.748799081718871
0.4250130996949574
0.56624902357472
0.2523463995777451
0.11293258562360314
0.6828761655173954
0.09283147581617979
0.6532349919908496
0.04773499071352144
0.9553946095522863
0.22460090453347303
0.5083517248528476
0.8911926670530286
0.86844201134526
0.2979530509236006
0.671441552258881
0.14424826950720598
0.9614367966831294
0.2156661417818647
0.33871541179453823
0.6883930660754689
0.18246967695617627
0.27684101851990806
0.6828761655173954
0.5073211414957952
0.22460090453347303
0.04773499071352144
0.06520307298326905
0.7950831201166584
0.8370403025916324
0.17444323731370337
0.5139006463807558
0.2241767476140381
0.8002791245047873
0.748799081718871
0.6502853409227537
0.39040713301132857
0.6502853409227537
0.502613826189934
0.7357699671571052
0.2342904997155122
0.748799081718871
0.45727263802562
0.25986410555709444
0.5093823082099
0.9536661810064799
0.5730756952436182
0.8847423536833053
0.17444323731370337
0.2523463995777451
0.26089916910214117
0.35261825598783947
0.6883930660754689
0.4250130996949574
0.5646839275243405
0.7888052214392933
0.9614367966831294
0.11293258562360314
0.9536661810064799
0.9052741254829524
0.6485432935664294
0.6532349919908496
0.25890981907819377
0.8911926670530286
0.40090134309229275
0.10800720792317695
0.42223003849296614
0.5730756952436182
0.1983004325215884
0.39040713301132857
0.33871541179453823
0.6648140012173909
0.2342904997155122
0.6822305126940408
0.216644641172307
0.2595460100609177
0.11293258562360314
0.1983004325215884
0.6828761655173954
0.17887273643535198
0.5139006463807558
0.15847396696801463
0.5332862062583776
0.10800720792317695
0.6016978933954884
0.11293258562360314
0.053864660107048115
0.06817458365724996
0.4250130996949574
0.6524739553662045
0.7982206099560167
0.6734183294997227
0.3060370830170785
0.5332862062583776
0.4250130996949574
0.11293258562360314
0.1983004325215884
0.6016978933954884
0.6016978933954884
0.14234163550712867
0.6919438338864861
0.6322428145154488
0.5730756952436182
0.2156661417818647
