0.31608197304117575
0.27542019287999464
0.2579429422910175
0.9066744543326392
0.42223003849296614
0.05891399855182948
0.44760418376338074
0.26961846641671927
0.9066714743733597
0.08058002306122825
0.7809285598509825
0.6296704824971386
0.948469073257598
0.2440806196427096
0.3885539789353704
0.15094851945831078
0.19026501658891215
0.7809285598509825
0.6834443887538493
0.6814010365329424
0.4720070523946797
0.7647108174185095
0.7647108174185095
0.7370888230550027
0.18372127327497983
0.7647108174185095
0.9036464508951769
0.0765866831085642
0.655316111052726
0.2991186680789455
0.12208155245983504
0.655316111052726
0.948469073257598
0.6906223074223274
0.656375082891069
0.2663723848276438
0.6814010365329424
0.13104846803199743
0.18372127327497983
0.6235960292562659
0.3135456710457891
0.26320011496191004
0.6909191810352546
0.16668539481716166
0.483944802835342
0.19619086270897856
0.30095542308815426
0.6215631690477049
0.19026501658891215
0.9043573163269256
0.3515831878904351
0.18372127327497983
0.656375082891069
0.8557394471836108
0.13104846803199743
0.25996479601288974
0.3885539789353704
0.6909191810352546
0.637371013153933
0.9066740643994036
0.90483932240084
0.650016810060998
0.9026681486711943
0.493577667651758
0.2640957186344189
0.7809285598509825
0.19026501658891215
0.20931039555468375
0.6922851581688851
0.44760418376338074
0.2440806196427096
0.05891399855182948
0.5529880153001192
0.7230351701409536
0.6650720696816987
0.6235960292562659
0.7647108174185095
0.3515831878904351
0.650016810060998
0.8831801868933864
0.6215631555525841
0.9066709652527353
0.2440806196427096
0.18372127327497983
0.15094851945831078
0.771466799826257
0.5669297929813775
0.5834125662744849
0.5421982905177805
0.7951506297607875
0.2723785836101155
0.26951841958075157
0.3135456710457891
0.6834443887538493
0.18372127327497983
0.1785084770292013
0.483944802835342
0.9019680524067935
0.18372127327497983
0.5669297929813775
0.5669297929813775
0.2640957186344189
0.2543387555700345
0.7592741162669954
0.637371013153933
0.6638999084686427
0.7592741162669954
0.5529880153001192
0.3515831878904351
0.5744961748135979
0.18372127327497983
0.483944802835342
0.5744961748135979
0.7370888230550027
0.7833087147935223
0.10270945837870749
0.8831801868933864
0.26320011496191004
0.656375082891069
0.7240776030861794
0.9026681486711943
0.0765866831085642
0.9043573163269256
0.483944802835342
0.2515802139842569
0.2579426087059468
0.5435714141331267
0.5421982905177805
0.7647108174185095
0.5409396674854967
0.9066744543326392
0.7809285598509825
0.7809285598509825
0.26961844755110265
0.26951841958075157
0.27542019287999464
0.18372127327497983
0.6215631555525841
0.7809285598509825
0.18372127327497983
0.6015159741901925
0.6906223074223274
0.19026501658891215
0.27542019287999464
0.5416225499510338
0.6922851581688851
0.771466799826257
0.42519686933423473
0.656375082891069
0.2579426087059468
0.16668539481716166
0.656375082891069
0.13104846803199743
0.6296704824971386
0.08058002306122825
0.9066747595779283
0.31608197304117575
0.5416165828099568
0.8557394471836108
0.9066740926287191
0.2914323877172666
0.7240776030861794
0.15094851945831078
0.9019680524067935
0.18372127327497983
0.20931039555468375
0.6814010365329424
0.18372127327497983
0.30095542308815426
0.6814010365329424
0.5420748575068887
0.2663723848276438
0.08058002306122825
0.10270945837870749
0.7647108174185095
0.9019680524067935
0.18372127327497983
0.5834125662744849
0.25996479601288974
0.7809285598509825
0.6638999084686427
0.6814010365329424
0.40327962647883925
0.6814010365329424
0.5420748575068887
0.6909191810352546
0.2515802139842569
0.656375082891069
0.4720070523946797
0.2696169283224801
0.6215631690477049
0.9066709652527353
0.5409396674854967
0.9066740643994036
0.19619086270897856
0.25794276272484784
0.2723785836101155
0.5416714805078646
0.7230351701409536
0.42519686933423473
0.7647108174185095
0.7833087147935223
0.948469073257598
0.16668539481716166
0.9066703920716594
0.90483932240084
0.650016810060998
0.6612900221126269
0.25794276272484784
0.9036464508951769
0.3515831878904351
0.2109110320391978
0.42223003849296614
0.6296704824971386
0.18372127327497983
0.40327962647883925
0.1785084770292013
0.6906223074223274
0.2543387555700345
0.5642008451896647
0.2991186680789455
0.26961846641671927
0.15094851945831078
0.11576427125976951
0.6650720696816987
0.18372127327497983
0.5642008451896647
0.12208155245983504
0.5529880153001192
0.2109110320391978
0.6242913843163447
0.15094851945831078
0.10363525023362741
0.08058002306122825
0.493577667651758
0.6906223074223274
0.6906223074223274
0.6015159741901925
0.2914323877172666
0.5435714141331267
0.42519686933423473
0.11576427125976951
0.19026501658891215
0.637371013153933
0.6242913843163447
0.10363525023362741
0.7951506297607875
0.6612900221126269
0.5416225499510338
0.18372127327497983
