0.31608197304117575
0.27542019287999464
0.2553659044898853
0.9070480492021811
0.42223003849296614
0.05891399855182948
0.44760418376338074
0.27211829891126843
0.9057048495132407
0.08058002306122825
0.7809285598509825
0.6296704824971386
0.948469073257598
0.2515802139842569
0.3885539789353704
0.15094851945831078
0.19026501658891215
0.7809285598509825
0.6834443887538493
0.6814010365329424
0.4720070523946797
0.7653528397337392
0.7640687951032785
0.7370888230550027
0.18354737362299284
0.7653528397337392
0.9019680524067935
0.0765866831085642
0.655316111052726
0.3135456710457891
0.12208155245983504
0.655316111052726
0.948469073257598
0.6906223074223274
0.6568423937857957
0.26605417676588994
0.6814010365329424
0.13104846803199743
0.1840412800177721
0.6237503191500915
0.3135456710457891
0.2699437257869703
0.6990729300724179
0.16668539481716166
0.483944802835342
0.15094851945831078
0.30095542308815426
0.6234417393624403
0.19026501658891215
0.9109880671667505
0.3515831878904351
0.18354737362299284
0.6604149039584667
0.8557394471836108
0.13104846803199743
0.25996479601288974
0.3885539789353704
0.6734408454178163
0.637371013153933
0.9070480492021811
0.9109880671667505
0.6491335903418847
0.9019680524067935
0.493577667651758
0.26026683007254603
0.7809285598509825
0.19026501658891215
0.27033874986172063
0.6928705769404411
0.44760418376338074
0.24033082247193607
0.05891399855182948
0.5542319059126142
0.7230351701409536
0.6650720696816987
0.6237503191500915
0.7653528397337392
0.3515831878904351
0.6517832494992247
0.8831801868933864
0.6195302953440232
0.9109880671667505
0.24033082247193607
0.1833964692081051
0.15094851945831078
0.771466799826257
0.5834125662744849
0.5834125662744849
0.5412762840320895
0.7951506297607875
0.28469166511210187
0.27015688418595907
0.3135456710457891
0.6834443887538493
0.18396195030089035
0.14835650191542532
0.483944802835342
0.9019680524067935
0.1838737649181491
0.5639607495159293
0.5639607495159293
0.26026683007254603
0.25295572413366946
0.7592741162669954
0.637371013153933
0.6491335903418847
0.7592741162669954
0.5445722788802574
0.3515831878904351
0.562323193550063
0.1840412800177721
0.483944802835342
0.5761244697149219
0.7370888230550027
0.7833087147935223
0.10270945837870749
0.8831801868933864
0.25986417414371255
0.6517832494992247
0.7653528397337392
0.9019680524067935
0.0765866831085642
0.9019680524067935
0.483944802835342
0.2515802139842569
0.2605826463485219
0.5445722788802574
0.5412762840320895
0.7640687951032785
0.5404306297477552
0.9070480492021811
0.7809285598509825
0.7809285598509825
0.27033874986172063
0.27015688418595907
0.27542019287999464
0.18368769682563416
0.6195302953440232
0.7809285598509825
0.18387363561406883
0.6015159741901925
0.6906223074223274
0.19026501658891215
0.27542019287999464
0.5386230788305609
0.6928705769404411
0.771466799826257
0.42519686933423473
0.6573430040399006
0.2605826463485219
0.16668539481716166
0.6604149039584667
0.13104846803199743
0.6296704824971386
0.08058002306122825
0.9070480492021811
0.31608197304117575
0.5429675926007571
0.8557394471836108
0.9070480492021811
0.2699437257869703
0.6834443887538493
0.15094851945831078
0.9019680524067935
0.18339642941547843
0.14835650191542532
0.6814010365329424
0.18368769682563416
0.30095542308815426
0.6814010365329424
0.5421219383164233
0.26605417676588994
0.08058002306122825
0.10270945837870749
0.7640687951032785
0.9019680524067935
0.18354737362299284
0.5834125662744849
0.25996479601288974
0.7809285598509825
0.6734408454178163
0.6814010365329424
0.40327962647883925
0.6814010365329424
0.5421219383164233
0.6990729300724179
0.2515802139842569
0.6573430040399006
0.4720070523946797
0.2666905928893977
0.6234417393624403
0.9031648511155469
0.5404306297477552
0.9057048495132407
0.18387363561406883
0.2553659044898853
0.25986417414371255
0.5386230788305609
0.7230351701409536
0.42519686933423473
0.7640687951032785
0.7833087147935223
0.948469073257598
0.16668539481716166
0.9031648511155469
0.9019680524067935
0.6491335903418847
0.6568423937857957
0.2605826463485219
0.9019680524067935
0.3515831878904351
0.2109110320391978
0.42223003849296614
0.6296704824971386
0.18412060973465383
0.40327962647883925
0.2666905928893977
0.6906223074223274
0.25295572413366946
0.562323193550063
0.28469166511210187
0.27211829891126843
0.15094851945831078
0.15094851945831078
0.6650720696816987
0.18354737362299284
0.5761244697149219
0.12208155245983504
0.5542319059126142
0.2109110320391978
0.6242913843163447
0.15094851945831078
0.05891399855182948
0.08058002306122825
0.493577667651758
0.6906223074223274
0.6906223074223274
0.6015159741901925
0.3135456710457891
0.5445722788802574
0.42519686933423473
0.08058002306122825
0.19026501658891215
0.637371013153933
0.6242913843163447
0.14835650191542532
0.7951506297607875
0.6650720696816987
0.5429675926007571
0.18339642941547843
