0.30129904794966933
0.28199668857525173
0.339027826002417
0.9553946095522863
0.44849095160909835
0.053864660107048115
0.5234183618906552
0.2452590707218606
0.8847423536833053
0.06817458365724996
0.8048168099695006
0.6592177561346684
0.9506315026948888
0.18216637530672797
0.4739382299155967
0.24793021518814073
0.28199668857525173
0.8048168099695006
0.6592177561346684
0.5132248381869813
0.5810082441947952
0.793210263024017
0.7958235362044324
0.8940641603532963
0.16947881344674015
0.793210263024017
0.8947647222641364
0.053864660107048115
0.7221829783946008
0.2995684271246871
0.07393711411814285
0.7311261377940623
0.9552295001366935
0.7191054015782489
0.5234183618906552
0.17029110647997203
0.7100815423166549
0.27229819364429964
0.24793021518814073
0.6703155758008121
0.3396557566712632
0.20148409606440798
0.694019257067929
0.11232969999755332
0.47923349990479897
0.11232969999755332
0.2995684271246871
0.6778511361064695
0.1385726626815797
0.9052741254829524
0.339027826002417
0.1969525469910638
0.6016978933954884
0.8640173491858476
0.09283147581617979
0.35935067791366604
0.39040713301132857
0.694019257067929
0.6829875444713951
0.8356506613734855
0.9052741254829524
0.6429327401623535
0.9052741254829524
0.5991043201284678
0.20148409606440798
0.793210263024017
0.16512682423963398
0.26008792773187417
0.7429532077421577
0.339027826002417
0.26008792773187417
0.053864660107048115
0.6144783804593379
0.7958235362044324
0.6268978516919967
0.6703155758008121
0.793210263024017
0.39596912537683393
0.67482686388193
0.8638858900763097
0.6144783804593379
0.9506315026948888
0.18216637530672797
0.1702911064799721
0.14424826950720598
0.8237028256862902
0.45727263802562
0.507862952343771
0.4739382299155967
0.8940641603532963
0.339027826002417
0.06817458365724996
0.3396557566712632
0.5455475207463705
0.17029110647997203
0.053864660107048115
0.47923349990479897
0.8100632559974171
0.18548008149035783
0.5132248381869813
0.5132248381869813
0.12570747915047864
0.2564872451566027
0.6829875444713951
0.6829875444713951
0.67482686388193
0.6829875444713951
0.576297218719101
0.339027826002417
0.5516148781106982
0.14424826950720598
0.5234183618906552
0.5516148781106982
0.8237028256862902
0.7888052214392933
0.1969525469910638
0.9292028430933923
0.25873869523883897
0.67482686388193
0.6325208162757033
0.9292028430933923
0.12570747915047864
0.9052741254829524
0.5234183618906552
0.339027826002417
0.2575675015634667
0.5389121668008133
0.6592177561346684
0.7958235362044324
0.5516148781106982
0.9553946095522863
0.7958235362044324
0.9292028430933923
0.2564872451566027
0.27229819364429964
0.31027881681751224
0.20038496421190052
0.5455475207463705
0.8356506613734855
0.16512682423963398
0.6707586455356744
0.7191054015782489
0.16512682423963398
0.31027881681751224
0.5810082441947952
0.533579683825001
0.7429532077421577
0.4250130996949574
0.533579683825001
0.24657686283550978
0.09030693669587525
0.6829875444713951
0.09283147581617979
0.5991043201284678
0.03900094957864764
0.9553946095522863
0.22825181658960092
0.5132248381869813
0.8640173491858476
0.8638858900763097
0.44849095160909835
0.6325208162757033
0.14424826950720598
0.9644254950203024
0.19161484691650416
0.339027826002417
0.7311261377940623
0.20038496421190052
0.2828305425536153
0.7100815423166549
0.507862952343771
0.22825181658960092
0.03900094957864764
0.07393711411814285
0.7958235362044324
0.8100632559974171
0.17029110647997203
0.5286372353552805
0.30129904794966933
0.8048168099695006
0.6429327401623535
0.6680344834196452
0.39040713301132857
0.6680344834196452
0.507862952343771
0.7888052214392933
0.25873869523883897
0.7429532077421577
0.45727263802562
0.339027826002417
0.5132248381869813
0.9506315026948888
0.5516148781106982
0.8847423536833053
0.18548008149035783
0.24657686283550978
0.26008792773187417
0.35935067791366604
0.7221829783946008
0.4250130996949574
0.5810082441947952
0.7888052214392933
0.9644254950203024
0.1385726626815797
0.9552295001366935
0.9052741254829524
0.7259017640937246
0.7259017640937246
0.2575675015634667
0.8947647222641364
0.4033674519500222
0.09030693669587525
0.39596912537683393
0.6592177561346684
0.2037856568402886
0.39040713301132857
0.4033674519500222
0.6268978516919967
0.2452590707218606
0.6778511361064695
0.25873869523883897
0.27229819364429964
0.11232969999755332
0.2037856568402886
0.6829875444713951
0.16947881344674015
0.5132248381869813
0.1702911064799721
0.5389121668008133
0.12570747915047864
0.6016978933954884
0.11232969999755332
0.053864660107048115
0.06817458365724996
0.4250130996949574
0.576297218719101
0.793210263024017
0.6707586455356744
0.2828305425536153
0.5132248381869813
0.4250130996949574
0.11232969999755332
0.1969525469910638
0.6016978933954884
0.6016978933954884
0.25873869523883897
0.6829875444713951
0.6429327401623535
0.5286372353552805
0.19161484691650416
