0.30129904794966933
0.2678556244541215
0.33743296024267
0.9553946095522863
0.44849095160909835
0.053864660107048115
0.5165380317121178
0.26096225166584985
0.946999851207941
0.06817458365724996
0.7862524794524284
0.5991043201284678
0.9460208605213638
0.13573317238597893
0.44910595170480716
0.24793021518814073
0.2678556244541215
0.7862524794524284
0.6745887180095775
0.4781119179871623
0.5823542514735651
0.8126264883056704
0.798568937059227
0.9672992434214298
0.1019557879759192
0.7862524794524284
0.8947647222641364
0.053864660107048115
0.7862524794524284
0.34537728227044695
0.03975112850932859
0.7311261377940623
0.9672992434214298
0.826493133802376
0.5165380317121178
0.1695366684590625
0.7100815423166549
0.2822032460872598
0.24793021518814073
0.6901210810111084
0.45145657467574607
0.2524674572691762
0.7082071560005456
0.1019557879759192
0.47923349990479897
0.10710986979252016
0.2547027255689982
0.6707530048302224
0.2049039631438436
0.9122803942954967
0.33743296024267
0.2138771360716492
0.5985467584031854
0.8640173491858476
0.09283147581617979
0.35935067791366604
0.39040713301132857
0.5985467584031854
0.666737976433751
0.8356506613734855
0.8947647222641364
0.638350205249278
0.9122803942954967
0.5991043201284678
0.11790971774508949
0.7734242253298261
0.16399643697764762
0.3057445674456776
0.7514789295663744
0.33353922040395295
0.2696585484882348
0.053864660107048115
0.5991043201284678
0.8126264883056704
0.6999025313910562
0.6901210810111084
0.7734242253298261
0.3922699620902398
0.679564436653306
0.9292028430933923
0.6707530048302224
0.9460208605213638
0.13573317238597893
0.17874560773659945
0.10710986979252016
0.8237028256862902
0.46010129903954294
0.5086222296913951
0.44910595170480716
0.8237028256862902
0.3414835424317299
0.06817458365724996
0.2547027255689982
0.5460771954266516
0.1019557879759192
0.053864660107048115
0.47923349990479897
0.8100632559974171
0.22993729325500778
0.5109766594813312
0.46010129903954294
0.11790971774508949
0.2755601242379011
0.679564436653306
0.666737976433751
0.7575588018617752
0.679564436653306
0.5991043201284678
0.33353922040395295
0.558604859359596
0.1787456077366314
0.5246181413648975
0.649988660302697
0.8237028256862902
0.7888052214392933
0.22656633992419423
0.9292028430933923
0.2524674572691762
0.7575588018617752
0.6745887180095775
0.9292028430933923
0.11790971774508949
0.9122803942954967
0.5246181413648975
0.33743296024267
0.2465176605321167
0.5228947800317287
0.6707530048302224
0.798568937059227
0.558604859359596
0.9553946095522863
0.798568937059227
0.9292028430933923
0.2696585484882348
0.2822032460872598
0.3244198809386425
0.2049039631438436
0.5228947800317287
0.8356506613734855
0.1695366684590625
0.6707530048302224
0.6388028919073065
0.1695366684590625
0.3244198809386425
0.5823542514735651
0.5392602345292954
0.7082071560005456
0.420729034607528
0.5392602345292954
0.2465176605321167
0.06574376993528447
0.6033813764735683
0.09283147581617979
0.5991043201284678
0.038250770647966684
0.9553946095522863
0.22656633992419423
0.46607610371144487
0.8640173491858476
0.798568937059227
0.44849095160909835
0.621544003575812
0.10710986979252016
0.9672992434214298
0.22993729325500778
0.3414835424317299
0.7311261377940623
0.22993729325500778
0.2802264565362277
0.7100815423166549
0.5086222296913951
0.22993729325500778
0.038250770647966684
0.03975112850932859
0.798568937059227
0.8100632559974171
0.10710986979252016
0.5109766594813312
0.30129904794966933
0.826493133802376
0.638350205249278
0.6686862306507427
0.39040713301132857
0.6686862306507427
0.5086222296913951
0.7888052214392933
0.2524674572691762
0.7514789295663744
0.45145657467574607
0.34537728227044695
0.46607610371144487
0.946999851207941
0.558604859359596
0.8356506613734855
0.22993729325500778
0.2465176605321167
0.26096225166584985
0.35935067791366604
0.649988660302697
0.420729034607528
0.5823542514735651
0.7888052214392933
0.9672992434214298
0.16399643697764762
0.946999851207941
0.8947647222641364
0.7461915673773691
0.7461915673773691
0.2465176605321167
0.8947647222641364
0.3922699620902398
0.06574376993528447
0.3922699620902398
0.5991043201284678
0.1787456077366596
0.39040713301132857
0.3922699620902398
0.6033813764735683
0.2802264565362277
0.6707530048302224
0.2755601242379011
0.2524674572691762
0.10710986979252016
0.22993729325500778
0.6999025313910562
0.22993729325500778
0.5109766594813312
0.17874560773662074
0.621544003575812
0.13573317238597893
0.6009640674383768
0.10710986979252016
0.053864660107048115
0.06817458365724996
0.42929716478238683
0.6388028919073065
0.7862524794524284
0.6707530048302224
0.3057445674456776
0.4781119179871623
0.42929716478238683
0.10710986979252016
0.1787456077366314
0.6033813764735683
0.6009640674383768
0.2547027255689982
0.679564436653306
0.6033813764735683
0.5460771954266516
0.2138771360716492
