0.30129904794966933
0.28199668857525173
0.33893812162115333
0.9553946095522863
0.44849095160909835
0.053864660107048115
0.5222185824164122
0.25828087763455865
0.8847423536833053
0.06817458365724996
0.7905382176407055
0.6412272328135808
0.9604022472587235
0.13350524055586777
0.4796489006280798
0.24793021518814073
0.28199668857525173
0.8106698066442688
0.6547450584464235
0.4766654260128096
0.5823542514735651
0.8053787787073652
0.7963238520837694
0.9672992434214298
0.1062040878424888
0.7836356499124497
0.8947647222641364
0.053864660107048115
0.7905382176407055
0.2995684271246871
0.07393711411814285
0.7311261377940623
0.9604022472587235
0.8106698066442688
0.5222185824164122
0.16784502486169772
0.7100815423166549
0.27801633518823377
0.24793021518814073
0.6849436266772646
0.42186326838299293
0.2842902175353433
0.700416721463262
0.10624761144310943
0.47923349990479897
0.10637780073788039
0.2995684271246871
0.671036095661423
0.20222405941080923
0.9122803942954967
0.33893812162115333
0.2138771360716492
0.6016978933954884
0.8640173491858476
0.09283147581617979
0.35935067791366604
0.39040713301132857
0.700416721463262
0.681508217642909
0.8356506613734855
0.8947647222641364
0.638350205249278
0.9035225582798165
0.5991043201284678
0.12013764957520068
0.7934949642630266
0.1355531533850839
0.28093301768083134
0.7429532077421577
0.33893812162115333
0.2559140303045795
0.053864660107048115
0.5991043201284678
0.7963238520837694
0.6520978099885051
0.6849436266772646
0.8053787787073652
0.3922699620902398
0.689637492391828
0.8638858900763097
0.671036095661423
0.9466082549333097
0.13350524055586777
0.1702970374740032
0.1355531533850839
0.8237028256862902
0.45727263802562
0.4796489006280798
0.4682275592031136
0.8237028256862902
0.33893812162115333
0.06817458365724996
0.2534254293976712
0.5321501115368139
0.16784502486170613
0.053864660107048115
0.47923349990479897
0.8100632559974171
0.20456645555502828
0.5252103088444937
0.5494520954734248
0.12013764957520068
0.28093301768083134
0.679564436653306
0.681508217642909
0.660016235372032
0.679564436653306
0.5991043201284678
0.33893812162115333
0.5565169153707716
0.1678450248616959
0.5246181413648975
0.6275409965122289
0.8237028256862902
0.7888052214392933
0.19753926712237113
0.9292028430933923
0.26423529720669564
0.689637492391828
0.6325208162757033
0.9292028430933923
0.12682144506553422
0.9122803942954967
0.5246181413648975
0.33893812162115333
0.2465176605321167
0.4968005728846698
0.671036095661423
0.7963238520837694
0.5565169153707716
0.9553946095522863
0.7963238520837694
0.9292028430933923
0.27801633518823377
0.27801633518823377
0.31027881681751224
0.20222405941080923
0.5252103088444937
0.8356506613734855
0.1678450248616959
0.671036095661423
0.6275409965122289
0.16784502486168562
0.31027881681751224
0.5823542514735651
0.533579683825001
0.7429532077421577
0.4250130996949574
0.533579683825001
0.2465176605321167
0.09030693669587525
0.660016235372032
0.09283147581617979
0.5991043201284678
0.03900094957864764
0.9553946095522863
0.22825181658960092
0.4766654260128096
0.8640173491858476
0.8638858900763097
0.44849095160909835
0.6325208162757033
0.10637780073788039
0.9672992434214298
0.1702970374740032
0.33893812162115333
0.7311261377940623
0.22993729325500778
0.2828978636111147
0.7100815423166549
0.5321501115368139
0.22825181658960092
0.03900094957864764
0.07393711411814285
0.7934949642630266
0.8100632559974171
0.1702970374740032
0.5101918495513524
0.30129904794966933
0.8106698066442688
0.638350205249278
0.6699262951584306
0.39040713301132857
0.6699262951584306
0.4682275592031136
0.7888052214392933
0.2534254293976712
0.7429532077421577
0.45727263802562
0.33893812162115333
0.4968005728846698
0.9466082549333097
0.5565169153707716
0.8847423536833053
0.16784502486172787
0.2465176605321167
0.26423529720669564
0.35935067791366604
0.6412272328135808
0.4250130996949574
0.5823542514735651
0.7888052214392933
0.9604022472587235
0.10624761144310943
0.9466082549333097
0.9035225582798165
0.7259017640937246
0.7259017640937246
0.2559140303045795
0.8947647222641364
0.42186326838299293
0.09030693669587525
0.3922699620902398
0.6547450584464235
0.20456645555502828
0.39040713301132857
0.3922699620902398
0.6016978933954884
0.2828978636111147
0.671036095661423
0.25883036332674736
0.25828087763455865
0.10637780073788039
0.20456645555502828
0.681508217642909
0.22993729325500778
0.5101918495513524
0.1702970374740032
0.6275409965122289
0.12682144506553422
0.6016978933954884
0.10637780073788039
0.053864660107048115
0.06817458365724996
0.4250130996949574
0.5494520954734248
0.7836356499124497
0.671036095661423
0.2842902175353433
0.4766654260128096
0.4250130996949574
0.10629100787469975
0.19753926712237113
0.6016978933954884
0.6016978933954884
0.25883036332674736
0.689637492391828
0.6520978099885051
0.5321501115368139
0.2138771360716492
