0.37684000892950137
0.278508633102988
0.2612957841882779
0.8987098361031678
0.42223003849296614
0.053864660107048115
0.4330679361345962
0.2629001649161621
0.9000329550371444
0.06289806079891194
0.7861330233016095
0.6866521874215081
0.953083285126076
0.26216729964540025
0.37684000892950137
0.23011645709024292
0.1975892653755117
0.7861330233016095
0.7497684492643519
0.6866521874215081
0.5531068034438524
0.7916437189111949
0.793021392813591
0.8131705049653082
0.17941965105181268
0.7916437189111949
0.8909490798981841
0.08416069077573624
0.6971012621629094
0.31183514413158275
0.06289806079891194
0.6309285868361127
0.953083285126076
0.7162305958631929
0.6333264291803873
0.25246057766639707
0.6866521874215081
0.13104846803199743
0.23011645709024292
0.6202070340628696
0.3195325152455105
0.2400244768659116
0.716962175476514
0.1126578740675297
0.49121292664973415
0.1422363978786527
0.31183514413158275
0.6202070340628696
0.1975892653755117
0.9079042148562477
0.3410325524934218
0.1629617890733278
0.6714852791012034
0.8370403025916324
0.13104846803199743
0.25996479601288974
0.38588475831738617
0.6714852791012034
0.682796427213564
0.8987098361031678
0.9354690919550962
0.6767754025631874
0.9012525955686489
0.6202070340628696
0.2716746027057535
0.7162305958631929
0.1975892653755117
0.31183514413158275
0.6333264291803873
0.4330679361345962
0.2612957841882779
0.053864660107048115
0.6018572099459791
0.793021392813591
0.6714852791012034
0.6202070340628696
0.7916437189111949
0.3694331753779084
0.6333264291803873
0.8857324802748217
0.6971012621629094
0.8909490798981841
0.2586324142458801
0.1629617890733278
0.15908231518212826
0.771715078385302
0.5319097443221801
0.6464008531894542
0.5280915466652991
0.7970668420700522
0.31183514413158275
0.2586324142458801
0.3195325152455105
0.544573132036674
0.17941965105181268
0.14234163550712867
0.49121292664973415
0.8131705049653082
0.16750527383386604
0.520492167749969
0.520492167749969
0.2716746027057535
0.2400244768659116
0.7478262683848685
0.682796427213564
0.6548303128292758
0.7478262683848685
0.6018572099459791
0.3410325524934218
0.544573132036674
0.16750527383386604
0.49121292664973415
0.544573132036674
0.771715078385302
0.7924679325278168
0.21593988254551194
0.8857324802748217
0.2629001649161621
0.6127054952199091
0.6866521874215081
0.8797925974962086
0.08416069077573624
0.9079042148562477
0.49121292664973415
0.2612957841882779
0.2612957841882779
0.544573132036674
0.544573132036674
0.793021392813591
0.544573132036674
0.9171977397274382
0.7497684492643519
0.8797925974962086
0.2612957841882779
0.2586324142458801
0.278508633102988
0.1975892653755117
0.544573132036674
0.7893277891343977
0.17511343021260625
0.6464008531894542
0.6680722310503806
0.16750527383386604
0.278508633102988
0.5531068034438524
0.6127054952199091
0.771715078385302
0.4241988268368331
0.5727465046284539
0.2612957841882779
0.1629617890733278
0.6548303128292758
0.13104846803199743
0.6619370791301351
0.06289806079891194
0.9171977397274382
0.25246057766639707
0.5343736299211165
0.8946009762810501
0.8987098361031678
0.31183514413158275
0.6866521874215081
0.15908231518212826
0.953083285126076
0.18272158659134646
0.20163122798039082
0.6866521874215081
0.1975892653755117
0.31183514413158275
0.6866521874215081
0.5280915466652991
0.25246057766639707
0.1018560597532917
0.06289806079891194
0.793021392813591
0.8370403025916324
0.20163122798039082
0.6018572099459791
0.25996479601288974
0.7893277891343977
0.7423106249567883
0.6619370791301351
0.38588475831738617
0.6619370791301351
0.5280915466652991
0.716962175476514
0.2400244768659116
0.7423106249567883
0.4276919755777391
0.2629001649161621
0.6309285868361127
0.953083285126076
0.544573132036674
0.9000329550371444
0.17941965105181268
0.2612957841882779
0.26216729964540025
0.4241988268368331
0.6782672415086071
0.4241988268368331
0.6782672415086071
0.7924679325278168
0.9354690919550962
0.1975892653755117
0.953083285126076
0.9012525955686489
0.6767754025631874
0.6619370791301351
0.2612957841882779
0.8946009762810501
0.3694331753779084
0.11914124148364638
0.42223003849296614
0.544573132036674
0.18150929663937798
0.4276919755777391
0.31183514413158275
0.6505516774296887
0.21593988254551194
0.5727465046284539
0.2586324142458801
0.2629001649161621
0.1126578740675297
0.17511343021260625
0.6714852791012034
0.18150929663937798
0.5343736299211165
0.1018560597532917
0.544573132036674
0.11914124148364638
0.6016978933954884
0.1422363978786527
0.053864660107048115
0.06289806079891194
0.4241988268368331
0.6680722310503806
0.7861330233016095
0.6018572099459791
0.31183514413158275
0.544573132036674
0.4241988268368331
0.1126578740675297
0.1975892653755117
0.6016978933954884
0.6016978933954884
0.14234163550712867
0.7970668420700522
0.6505516774296887
0.5319097443221801
0.18272158659134646
