0.38136238362344377
0.278508633102988
0.2618201174449095
0.8999873610122036
0.42223003849296614
0.053864660107048115
0.44760418376338074
0.24057244138877587
0.926856048720066
0.07533801411606639
0.7838304189454983
0.6209137404388156
0.948469073257598
0.2456254759234624
0.38136238362344377
0.23011645709024292
0.18862799644838996
0.7838304189454983
0.7675536410559227
0.6867036333788683
0.526476222329513
0.7343611017450526
0.7882256163642891
0.7164620369922501
0.1793281524955352
0.7882256163643713
0.8964767912027294
0.08416069077573624
0.6784677925436133
0.3135456710457891
0.07533801411606639
0.6363360225003358
0.948469073257598
0.6906213049553955
0.6564840866775075
0.25295844287266966
0.6867036333788683
0.13104846803199743
0.23011645709024292
0.6209137404388156
0.3135456710457891
0.25110619089562675
0.6990729300724179
0.11008593681786724
0.483944802835342
0.14775059785152483
0.3135456710457891
0.6209137404388156
0.1967458771067903
0.9130599251163654
0.3432000746977909
0.1766518228047815
0.635975645748339
0.8557394471836108
0.13104846803199743
0.25996479601288974
0.38136238362344377
0.6990729300724179
0.6555538725065564
0.8999873610122036
0.9130599251163654
0.6691893376682929
0.8955043289456142
0.5886253408151887
0.25967856920765026
0.7838304189454983
0.183857458400848
0.3135456710457891
0.6691893376682929
0.44760418376338074
0.25295844287266966
0.053864660107048115
0.6209137404388156
0.7882256163643322
0.6990729300724179
0.6209137404388156
0.7882256163643322
0.3599663010830795
0.6491469038054556
0.8831801868933864
0.6041222493428001
0.8964767912027294
0.2456254759234624
0.1766518228047815
0.14775059785152483
0.771466799826257
0.5424028954525354
0.6363360225003358
0.5389128552838338
0.7951506297607875
0.3135456710457891
0.2496610751665553
0.3135456710457891
0.6041222493428001
0.1793281524955352
0.14835650191542532
0.483944802835342
0.901826256616314
0.1838558711672204
0.5389128552838338
0.5690108991314238
0.2618201174449095
0.25110619089562675
0.7592741162669954
0.6165601839835981
0.6391242043217711
0.7592741162669954
0.526476222329513
0.3432000746977909
0.5389128552838338
0.1838558711672204
0.483944802835342
0.5389128552838338
0.771466799826257
0.7951506297607875
0.11008593681786724
0.8831801868933864
0.25954437819436976
0.635975645748339
0.7392797529869082
0.8955043289456142
0.08416069077573624
0.9271365378177969
0.483944802835342
0.2456254759234624
0.255441538082841
0.5389128552838338
0.5389128552838338
0.7882256163642891
0.5389128552838338
0.9130599251163654
0.7675536410559227
0.7838304189454983
0.25369709271191676
0.2597657933662827
0.278508633102988
0.18384793499908236
0.5389128552838338
0.7838304189454983
0.18718672516209595
0.608866273918945
0.6906213049553955
0.18862799644838996
0.278508633102988
0.5460521866133473
0.7164620369922501
0.771466799826257
0.42519686933423473
0.6555538725065564
0.26241386255914023
0.14775059785152483
0.635975645748339
0.13104846803199743
0.6363360225003358
0.08237706027610182
0.9078331284013131
0.2510740069462041
0.5424028954525354
0.8557394471836108
0.8999873610122036
0.3135456710457891
0.6840220608946502
0.15062933686111823
0.9271365378177969
0.1792142373432543
0.14835650191542532
0.6840220608946502
0.18405744983792688
0.3135456710457891
0.6867036333788683
0.5389128552838338
0.2510740069462041
0.08237706027610182
0.11008593681786724
0.7392797529869082
0.8557394471836108
0.1792142373483467
0.5690108991314238
0.25996479601288974
0.7838304189454983
0.6491469038054556
0.6682890334734459
0.38136238362344377
0.6682890334734459
0.5389128552838338
0.6990729300724179
0.2496610751665553
0.6491469038054556
0.42519686933423473
0.29309619802110737
0.6733784130085296
0.926856048720066
0.5389128552838338
0.9078331284013131
0.1792142373483467
0.26241386255914023
0.25369709271191676
0.5389128552838338
0.6733784130085296
0.42519686933423473
0.7343611017450526
0.771466799826257
0.948469073257598
0.18405744983792688
0.901826256616314
0.8987544157264444
0.6391242043217711
0.6564840866775075
0.255441538082841
0.8987544157264444
0.3599663010830795
0.19640721367196945
0.42223003849296614
0.6209137404388156
0.17727480800511242
0.42519686933423473
0.29309619802110737
0.7203355026613822
0.24057244138877587
0.5886253408151887
0.25967856920765026
0.25954437819436976
0.15062933686111823
0.14775059785152483
0.673872675835401
0.17727480800511242
0.5886253408151887
0.14775059785152483
0.5389128552838338
0.19640721367196945
0.6196546439077145
0.15062933686111823
0.053864660107048115
0.07533801411606639
0.42519686933423473
0.6784677925436133
0.7203355026613822
0.608866273918945
0.3135456710457891
0.5886253408151887
0.42519686933423473
0.07533801411606639
0.1967458771067903
0.6165601839835981
0.6196546439077145
0.14835650191542532
0.7951506297607875
0.673872675835401
0.5460521866133473
0.18718672516209595
