0.20760250975194156
0.6599529180123731
0.6599523712729014
0.6599524609155136
0.20760565754715093
0.6599515450400857
0.20761286601353407
0.6599516371944338
0.20764241594204164
0.6599533296334534
0.6599527376706642
0.6599521608620986
0.20756634106146382
0.2075883675542228
0.6599524605281821
0.20759317616511877
0.6599530290846952
0.20765012013858997
0.6599535197572733
0.20763795740944657
0.6599534354288755
0.20760194586849595
0.20760224400033192
0.20761313529194664
0.6599523535462896
0.2076075034817158
0.2078493536874586
0.6599519555840552
0.2076147380805266
0.20761202628639022
0.20761313529194664
0.6599588734411113
0.6599534176279562
0.6599523964717995
0.20766265648316976
0.659953449930216
0.20756790917973028
0.20763995745024413
0.6599544755593012
0.2075796051081557
0.2075935076676187
0.207580934653013
0.2075934691723041
0.9438135801745352
0.20770713314260658
0.2078493536874586
0.9051915156998942
0.6599529180123731
0.659952443003024
0.6599494210577812
0.6599525384755901
0.6599516811517532
0.6599558049544947
0.20765012013858997
0.6599532162602922
0.20760849489122724
0.6599524605281821
0.20763460080868001
0.20762201151867116
0.6599520501589445
0.6599523035939902
0.6599541407246027
0.6599516369950269
0.6599515535831648
0.207625239964577
0.6599519422171887
0.6599523390036992
0.6599526261678238
0.20761209679881887
0.2076102415552113
0.6599524832451875
0.6599501869209641
0.20759921520981245
0.2076854179070547
0.6599518039569185
0.6599519633318486
0.659951416745763
0.20761617836223262
0.6599550512048316
0.6599527591358292
0.20758089831944238
0.20754005801493067
0.6599523535462896
0.659951416745763
0.6599542816585735
0.20761209679881887
0.6599521107231754
0.6599514903311328
0.659952443003024
0.6599512887615062
0.20762723216072126
0.6599547173409062
0.20764864041956782
0.2074411781708964
0.6599528907456111
0.6599524417518166
0.6599540950792895
0.20760739147047375
0.6599516371944338
0.20757814244599201
0.659953449930216
0.6599518652982261
0.6599527918763675
0.6599543655021975
0.6599526884378075
0.6599531883381129
0.20759120377364598
0.6599533418709996
0.6599523390036992
0.6599514903311328
0.2075934691723041
0.20761368675212555
0.659952736467878
0.2076247020889534
0.20761617836223262
0.20761102427762618
0.20760565754715093
0.6599537410449938
0.6599544755593012
0.20756482355445155
0.20759120377364598
0.6599536245904595
0.6599520719705232
0.6599527301273461
0.6599522016684974
0.20764966588227357
0.20756446501712172
0.6599542816585735
0.20758850725671635
0.6599537184685149
0.20754398986996414
0.20757814244599201
0.6599520719705232
0.6599482572243929
0.6599528693430916
0.6599535168206285
0.20754921303594692
0.659953257130157
0.659952981495141
0.659954998601286
0.20761548688803566
0.6599521608620986
0.20763460080868001
0.20760541767722454
0.6599531883381129
0.2076044758189372
0.6599525384755901
0.6599525456932909
0.6599527376706642
0.20758784027761942
0.20758637590330103
0.20758282533684094
0.6599526901703503
0.20757934181070437
0.6599536466046183
0.2076044758189372
0.6599518561579023
0.6599507149758217
0.20763795740944657
0.6599523307251499
0.6599550512048316
0.6599527918763675
0.6599500680168014
0.6599526498041544
0.20761310880799522
0.20762558404660097
0.6599534354288755
0.2075935076676187
0.2076147380805266
0.6599540950792895
0.6599532162602922
0.6599534891418052
0.6599525694809625
0.6599510561102842
0.6599518516199356
0.6599518516199356
0.6599519787556495
0.6599518652982261
0.2075630611199939
0.9454665860653764
0.659952539613957
0.2076102415552113
0.6599525456932909
0.20760097509744846
0.20754372332827575
0.9995233484240581
0.20762201151867116
0.6599534546374373
0.6599524100090182
0.20764241594204164
0.6599534546374373
0.20756790917973028
0.659952523028444
0.6599538916712197
0.6599500635509952
0.6599487751360207
0.6599526128682102
0.6599537959070264
0.6599500680168014
0.20758850725671635
0.6599521107231754
0.6599525320494981
0.6599537959070264
0.20756482355445155
0.9311766849514361
0.6599525932127668
0.6599541447464827
0.6599520501589445
0.20761519093876013
0.20757983520360432
0.6599522217991878
0.659952096403648
0.20759317616511877
0.6599525423821404
0.20751611057848215
0.6599562409826559
0.6599526963311921
0.20759810490795205
0.6599526308698573
0.659952843779608
0.6599528588407193
0.20757943656891992
0.6599518561579023
0.6599526308698573
0.2076009019720543
0.20762312107046893
0.6599525423821404
0.6599523964717995
0.6599534453248622
0.659954272529285
0.6599536245904595
0.20756940016881104
0.6599510902441008
0.20759921520981245
0.20761067345196887
0.659952539613957
0.9311766849514361
0.20758089831944238
0.6599507829759927
0.20757922210334734
0.2075883675542228
0.6599507911436803
0.2075827708126926
0.20757922210334734
0.6599515278692365
0.6599506751162514
0.20754398986996414
0.9590111858332079
0.20765932610857352
0.6599519236005074
