0.3217448955264457
0.1789103263045583
0.14115107965134857
0.41332982029231186
0.29777933171085547
0.051543141983466614
0.07583042207576274
0.07219040095867568
0.08007362614376
0.12794618508900898
0.3219929201613525
0.13731719337438292
0.04745715242754091
0.16879555217169182
0.12311015514008518
0.12686128521006984
0.31100572465879767
0.24432340495065583
0.20656278499943262
0.2676257353262499
0.06590215988844872
0.1313108379964695
0.14570001168588428
0.1448862197805748
0.28136870257782376
0.27482569875300616
0.07549425008164681
3.2748548768130925e-05
0.1854147133475578
0.333196728515601
0.208617688856842
0.11911913850843751
0.04639234345923177
0.01994004738479958
-0.0013677490912251463
0.06148029099395215
0.22160822872723604
0.15729835614095808
0.3153825133520276
0.1589751687510287
0.27133163678541256
0.2859572372998263
0.016821814073506663
0.1592069822707105
0.16081774656258627
-0.16894311351375352
-0.24102131415248282
0.28314015735851567
0.12097648970828148
0.18037830075026065
0.3619510028787252
0.2510850549515791
0.2884935258126432
0.23725297808426207
0.16669401389446362
0.061209500553781625
0.17440818128438357
0.21891532258040955
0.18456545086689854
0.010879750698203192
0.42015261014809585
0.10570781287948548
0.13072280290110547
0.01872182641805968
0.2120475641665303
0.03417545370455775
0.22758050835287652
0.3130267211610394
0.11729874779036027
0.14632120706881843
0.15612798373133055
0.2460116357889945
0.19040128595532274
0.3648097511320124
0.2502009841064476
-0.051986730344885344
0.39693651775397737
0.056177282972069004
0.13716761102945993
0.2209171015569062
0.24887092445303047
0.06931067953248349
0.2019099934525095
0.2799478664405786
-0.005135549906143079
0.3287855908929824
0.21380359561904022
0.1580063706371311
0.14136598808038195
0.3646919109676345
0.37428124594088535
0.09317602489495164
0.11277951597855004
0.22194436755985036
0.32082181315237046
0.01367612738378427
0.11255776292315774
0.3035358678588302
0.21586669224363952
0.3335204805085994
0.23801931054040434
0.1504825181327474
0.07916981630200334
0.081105181332774
0.17280034204334208
0.4071090677598498
0.14308708118057054
0.005618321180951
0.2558333656932462
0.06910033618097658
0.2910696891432847
0.241776222062891
0.08768763787040698
0.2497980168556739
0.007840778229125605
0.21710157413100412
0.13883088686900336
-0.045518898055937784
0.29238108874796903
0.14380637618454395
0.211415490619855
0.0783195322270744
0.19291689226571868
0.29434774343852466
0.07842890519603295
0.2288511857227593
0.3056157373330372
0.14139278309804787
0.18231189743610732
-0.00911455756825107
0.14444497837402187
0.1620510714268324
0.15674683092692454
0.340663269973295
0.16190144210976135
-0.051576690177067265
-0.029515290709340274
0.1463062704698345
0.030429698513187504
0.15005911268383867
0.1598718968405432
0.14900866352358597
0.3641503616910074
0.022936001948874626
0.3622138559975203
0.3927993925162883
0.20278184023659235
-0.11671650638594966
0.2553083427827056
-0.08740390442385941
-0.00393719715915774
0.11164216461399956
0.0062001296127334035
0.22794426010197633
0.34741175455777024
0.0945366199510171
0.14742339823881037
0.08882738846836613
0.35005358902249956
0.16449248130180538
0.3058420457125642
0.23411343223109696
0.03443203333440427
0.2492003714296007
0.17337075977165337
-0.07353443408363763
0.2616195048332022
0.31407173457974075
0.21551150616040698
0.1600372170972183
0.0406479296792164
0.055704470108457436
0.18924896629159121
0.12662475228686065
0.17684216599036504
0.07127550435240505
0.24945712670032352
-0.21159874547590105
0.24864827955019037
-0.1572744653549604
0.2242941383377444
0.13701357200352643
0.2278701051229064
0.09886630875700743
-0.006962433611423935
0.03281384126193768
0.23184709369829348
0.039502131911716705
0.20950286184745523
0.018476910629250894
0.36530538591054423
0.2252124731083684
0.1267668115171346
0.1704531509736112
0.13482762749556845
0.33665646212540284
0.2121664957560472
0.11679765760644799
0.10739850885638154
0.3136495936559765
0.16001363425157608
-0.017732019147588384
0.10930038009625477
0.20028440256862967
0.2816554113044991
0.03287251780233681
0.016584729499115557
-0.0579281780428721
0.3250473457909909
-0.02106924218433586
0.21821596010809668
0.02633450964853142
-0.012283570208920043
-0.08150352701506947
0.17025447754347084
0.10261940990858429
0.20349565621636972
0.28753985369064755
0.1355808404915175
0.03922576106200133
-0.1655322685337224
0.15185885794127843
0.09749399949200603
0.1401172914283721
-0.05434244407019309
0.16643605212282422
-0.017939616997522893
-0.1351663340308405
-0.054009643105075
0.12725685073368176
-0.25840823195899854
0.17697639892050163
0.01092325599634025
0.21958778274483137
0.37025082974489293
0.1688431186923579
-0.13656276756081911
0.026971433171743598
0.09022965596845743
0.2182371928427009
0.18870636086646944
0.01820680546248933
0.18334167444824634
-0.06651030177254776
0.1331384218766225
0.054917967464733826
0.16823488665266678
0.2401419263630263
0.07857408426344717
0.12748407264758868
