0.37253956449939285
0.6554486123623399
0.5442026814334429
0.7047832047687913
0.20884398295831752
0.8822328472765493
0.6830692390285076
0.39639189964560106
0.8745175172186765
0.07642337499168916
0.28144985226021135
0.15763964292799812
0.09522600692130556
0.20575674438297153
0.5485196971050901
0.7029716234735333
0.06581577730467525
0.4161445811478567
0.2306192582754677
0.44130310385837346
0.8822328472765493
0.15520094066864495
0.32001242576494715
0.06581577730467525
0.7578010723331929
0.2732338618562771
0.8647940053544874
0.866849389559738
0.6041889760182426
0.752427412023964
0.7447862267753453
0.049218313280718656
0.46366028925112174
0.22292471014487095
0.027680572615711385
0.0780102646079629
0.42849495638807067
0.6943832384560689
0.7727226600865165
0.3811599839403328
0.10772917899794236
0.5531613871886173
0.9542849285649495
0.8274717769335156
0.25539305065956
0.9769588721547657
0.9570358670932195
0.6075741089303424
0.6027237297970809
0.6121880541496205
0.6943832384560689
0.5533448675594204
0.35433622367906054
0.4496827132957368
0.27300076683512087
0.1656766773295169
0.372607953359628
0.21428930324707368
0.38174460606890454
0.07642337499168916
0.6881899061869519
0.08950288466498568
0.3002026400751312
0.9252558827562045
0.7734848203706879
0.35954659668542827
0.5495764862405644
0.6926038320961765
0.7391713829581193
0.5421190911293846
0.12954520082442061
0.4435715418891827
0.687531157491108
0.27300076683512087
0.38174460606890454
0.39639189964560106
0.21036167196498218
0.2609396617263426
0.687531157491108
0.6027237297970809
0.15763964292799812
0.6031131992255442
0.22831054417750143
0.25797977974213915
0.9076471878436163
0.6281015264181533
0.3002026400751312
0.41513043250663706
0.7961204043367591
0.5442026814334429
0.4135510556034204
0.9570358670932195
0.3543724248348422
0.44737833994402865
0.7032228233758694
0.5078853899576197
0.6428296618648891
0.3155807648977018
0.7520202732768141
0.7240221993598008
0.7313043150860024
0.2197557500038182
0.12954520082442061
0.6848359046694488
0.48388852854377984
0.7604997253584194
0.07619240158469402
0.5263678717071031
0.6161698797191429
0.3784031583390762
0.7727226600865165
0.3155807648977018
0.4772344368540978
0.2662900301813557
0.1656766773295169
0.44737833994402865
0.8237735586888384
0.9187440666371516
0.20575674438297153
0.849392866069838
0.2732338618562771
0.9328363052585255
0.48388852854377984
0.40507317912216767
0.8741213432526913
0.27514356950906027
0.2765733496953472
0.14979649583872134
0.2197557500038182
0.0005721575752785091
0.3811599839403328
0.4161445811478567
0.8671098350860937
0.7578010723331929
0.6075741089303424
0.5531613871886173
0.08603940563490073
0.6548641169969011
0.14979649583872134
0.4772344368540978
0.7047832047687913
0.20884398295831752
0.37253956449939285
0.866849389559738
0.7390405418691437
0.6985597991316633
0.6281015264181533
0.25797977974213915
0.46366028925112174
0.5295068470108476
0.4641404784763114
0.21675132608500292
0.7447862267753453
0.6161698797191429
0.553352639280435
0.6554486123623399
0.954369153152367
0.8548737893799752
0.8035666152872107
0.7961204043367591
0.7313043150860024
0.44683414363007434
0.44130310385837346
0.1463851368851941
0.8655204636111851
0.5400565806484111
0.28144985226021135
0.3673099149525394
0.8066467825792396
0.6047065486347682
0.127714642777499
0.40507317912216767
0.6405272619232287
0.6881899061869519
0.2306192582754677
0.44683414363007434
0.6848359046694488
0.20916537492699883
0.7240221993598008
0.9220811433515231
0.9347037600433993
0.44930999249685677
0.752427412023964
0.1003110911414418
0.5421190911293846
0.5078853899576197
0.8548737893799752
0.7333425511902252
0.9347037600433993
0.3784031583390762
0.2662900301813557
0.6121880541496205
0.8692970179923292
0.08950288466498568
0.5263678717071031
0.35954659668542827
0.21428930324707368
0.7808024752789177
0.7520202732768141
0.15520094066864495
0.5700126886848176
0.5400565806484111
0.07619240158469402
0.22292471014487095
0.8536986217553418
0.9328363052585255
0.9873548411240523
0.024519647074868978
0.8274717769335156
0.8647940053544874
0.5533448675594204
0.8671098350860937
0.08892380148609003
0.035773857080955485
0.22831054417750143
0.2765733496953472
0.372607953359628
0.7391713829581193
0.44367294799177953
0.5700126886848176
0.9230101988831989
0.07908962254807206
0.1003110911414418
0.127714642777499
0.07908962254807206
0.41076868822848134
0.9051056711567582
0.05568382324291776
0.049218313280718656
0.6158202398006013
0.027680572615711385
0.4084895104884877
0.42849495638807067
0.7390405418691437
0.21036167196498218
0.8536986217553418
0.8035666152872107
0.9769588721547657
0.6985597991316633
0.7032228233758694
0.27514356950906027
0.954369153152367
0.41513043250663706
0.7653224546088201
0.08603940563490073
0.9344760031022723
0.9252558827562045
0.6249860936310329
0.5197150522879259
0.1463851368851941
