0.45823400965543054
0.8700459991357592
0.8072250958366439
0.7798333181629286
0.1581154415447629
0.8741755809988966
0.7703803109482374
0.42335839070501924
0.8072250958366439
0.08815541351700071
0.28215093981341355
0.21244794117589555
0.328797929091462
0.3245501727770214
0.5104249142890994
0.6088421234188752
0.2285712220228589
0.328797929091462
0.21244794117589555
0.45628422662315277
0.8741755809988966
0.22863302933102192
0.3698041606676986
0.08931113787290623
0.7798333165612039
0.22826990597744012
0.8422518848492917
0.7652429402152027
0.7652791402690444
0.7652791402690444
0.6895829259470656
0.08931113787290623
0.47024016307197414
0.14723521574003864
0.16077778352653616
0.16807471514237757
0.31526736037206526
0.7652429402152027
0.75611226507176
0.4022331552199371
0.1259955713428052
0.563429967267042
0.8700459991357592
0.7132206632317746
0.19466484812193569
0.7785979533554115
0.9570358670932195
0.5993715912125235
0.7239740649286888
0.7166772098182383
0.7785979533554115
0.4623809371241393
0.36399395356258446
0.45823400965543054
0.21006508727893325
0.19466484812193569
0.4692668290681311
0.2949016410831745
0.29549264461863606
0.08815541351700071
0.7699897068809791
0.13805806422538408
0.29871628859460364
0.7778695998547246
0.7312514176664593
0.47128820073638955
0.6889768200120884
0.592109462396541
0.7634817957832427
0.47128820073638955
0.16501138938702398
0.4341004971376433
0.7308662625302407
0.2369071263498532
0.30851359402166956
0.27077886549387103
0.16501138938702398
0.32719733361322545
0.7510530849275077
0.7239740649286888
0.19466484812193569
0.6971308073451857
0.22863302933102192
0.28215093981341355
0.7825626911549647
0.5104249142890994
0.29871628859460364
0.38768990670684145
0.7778695998547246
0.4741703259498559
0.32719733361322545
0.9570358670932195
0.3927879987954639
0.24595817390645902
0.6895829259470656
0.3717868704452969
0.7358906010012523
0.3326603423865455
0.6088421234188752
0.7308662625302407
0.7166772098182383
0.22826987367543058
0.1259955713428052
0.6311033188741956
0.24595817390645902
0.7227668213281753
0.08931113787290623
0.5627836594177908
0.7699897068611297
0.4394686693420963
0.75611226507176
0.3489347842924504
0.4339052342711769
0.3717868704452969
0.19466484812193569
0.24167559119673857
0.7600086988208401
0.8608684000922593
0.14506103140493354
0.8422518848492917
0.22826990597744012
0.8664656948863165
0.31526736037206526
0.39340400067774134
0.7510530849275077
0.27077886549387103
0.14506103140493354
0.14506103140493354
0.2282698090714115
0.1494608835196478
0.4022331552199371
0.3698041606676986
0.7593167167341459
0.7109679827793733
0.5951287533048932
0.592109462396541
0.08094348972432402
0.7515977455698013
0.2905521999179884
0.1906780297597303
0.7358906010012523
0.1581154415447629
0.42335839070501924
0.756112931770412
0.6878432665676264
0.8334341332984398
0.7621880122385425
0.30851359402166956
0.47024016307197414
0.4692668290681311
0.559298313269311
0.24167559119673857
0.7109679827793733
0.6434108013750734
0.6311033188741956
0.7621880122385425
0.954369153152367
0.7462396233433121
0.7561142651677157
0.7600086988208401
0.7460382113996782
0.3245501727770214
0.2905521999179884
0.14506103140493354
0.7316122167108046
0.7636732987488984
0.22415537350152875
0.38768990670684145
0.7456353875124105
0.6971308073451857
0.15272649411533928
0.39340400067774134
0.751151294343704
0.7312514176664593
0.3326603423865455
0.5993715912125235
0.7485331676803095
0.1906780297597303
0.751151294343704
0.7515977455698013
0.7703803109482374
0.3927879987954639
0.7731731529652593
0.2369071263498532
0.4741703259498559
0.7316122167108046
0.7636732987488984
0.7221306942527996
0.790410554615913
0.4394686693420963
0.37444302184980655
0.6434108013750734
0.8608684000922593
0.1494608835196478
0.6074790807521777
0.37444302184980655
0.16077778352653616
0.8608684000922593
0.7227668213281753
0.13805806422538408
0.563429967267042
0.4341004971376433
0.21006508727893325
0.16807471514237757
0.7721330125103559
0.790410554615913
0.8664656948863165
0.15272649411533928
0.7132206632317746
0.6878432665676264
0.6721590151211778
0.7533345560469334
0.22415537350152875
0.05094732627773364
0.4339052342711769
0.3446636591677162
0.36399395356258446
0.7721330126774124
0.37302896589779494
0.7825626911549647
0.7699897068809791
0.11259497762753763
0.2949016410831745
0.14723521574003864
0.11259497762753763
0.37302896589779494
0.7485331676803095
0.3489347842924504
0.05094732627773364
0.7139453469291208
0.1335694529070761
0.4623809371241393
0.3446636591677162
0.7721330125103559
0.1335694529070761
0.7731731529652593
0.6721590151211778
0.8334341332984398
0.5951287533048932
0.7533345560469334
0.29549264461863606
0.954369153152367
0.45628422662315277
0.7798333181629286
0.08094348972432402
0.7634817957832427
0.7462396233433121
0.6074790807521777
0.559298313269311
0.2285712220228589
