0.26820130684382576
0.2589447071008195
0.40835096707870855
0.41886932439320584
0.29553848996277576
0.06650058842040273
0.20501168200316827
0.1318925725484844
0.19866113121568016
0.17518061264742488
0.3633098459717986
0.24148482020507897
0.25581387745378087
0.20041179152548724
0.11991828345470536
0.1673081356771017
0.4984434776837893
0.2884359285963376
0.23389991654386627
0.20787589016157448
0.11282449492366753
0.21008664264540536
0.15146839089705
0.15538405173887654
0.34038656226440017
0.36296613339341954
0.17205841594360238
0.18458544728228166
0.21808648538189673
0.3904478014586075
0.35165968095960903
0.191037995952138
0.18153549371907257
0.005428778299377597
0.1866702903265861
0.1882346771487484
0.238830490358433
0.19402417892661686
0.4316536277002815
0.2659704820036315
0.33124995782153516
0.30506019172707904
0.2056256500534989
0.2956562006178622
0.17928074983993328
0.15156839157183052
-0.18206405968183523
0.3066521311409931
0.1942367602972656
0.3192821767886806
0.5008683373480342
0.12907701110755007
0.35027831370210677
0.1893565030122344
0.1525895873078968
0.1438635880662779
0.2092539928279587
0.2861312726821118
0.3813485404534867
0.009390667146104422
0.525425392956645
0.12828367513115804
0.2963370304235674
0.22315213840436493
0.27227814021561625
0.1446946810225558
0.2934117565874208
0.25620103391467663
0.24019451673315073
0.17269003350122758
0.23241022364266342
0.34181133285437865
0.3438769731888638
0.4714993968608978
0.3739028549874688
0.042059762442720486
0.41219166514561834
0.08166529426808875
0.16158272543403449
0.21857399990316298
0.2835464468142574
0.20543252471979442
0.26637974700217093
0.33011824695829733
0.18792413204816386
0.35854408849705877
0.2776789327435439
0.28901943044056905
0.18334068045569965
0.16637289017157572
0.5541410668370291
0.07713482326056455
0.14586650887408112
0.2938521144055382
0.40736026559387706
0.032685795439812815
0.12002303983965423
0.30769393401931694
0.262459802566606
0.3507580037982088
0.30774549659592976
0.21155259414050748
0.14949055020173144
0.157915051900455
0.26102333275636624
0.41605926062093407
0.14049561884732223
0.14726469289139935
0.4877858169005168
0.1465137767497134
0.37622735558707
0.3850464816997507
0.31215533384853916
0.21087699349740718
0.03405301550539887
0.28295015552156444
0.28379893434246584
0.07066803363577791
0.2916791666531639
0.17936341294550384
0.29608376333479075
0.19440646480986074
0.23031508032888343
0.3364407629492096
0.34004134094347777
0.2891623558303591
0.20889872419968852
0.17417357693027152
0.26608336769456986
0.18593826397257446
0.2794386878421014
0.2673245327623667
0.25842957071467176
0.45816018465484715
0.18388193672588354
0.09675411151240997
-0.04160650827028619
0.34185098275197395
0.17227757432230872
0.28686662271209545
0.2501537326788791
0.1840391801323559
0.35537977209525934
0.22112175206695922
0.49015369991702346
0.35255144355656975
0.29111686912013685
0.046840483260947155
0.2851997909767294
0.08069703372173745
0.18914982862638988
0.17809579002898418
0.058573175542335855
0.31362594554357764
0.35597048621162236
0.17568747446729704
0.024625120885079278
0.26984954692747976
0.42457571024113694
0.29478284892386286
0.3317576074410144
0.26583120633731744
0.049688001479890824
0.30869921025970243
0.3280474287208792
0.12584789212854686
0.18622161554506586
0.3231851645864641
0.28178255620238557
0.3004859689645478
0.03242999780168224
0.10523787913758664
0.2283086531261441
0.19557392267092524
0.1631475320752994
0.3996537677824999
0.3941476846468363
-0.1653997730589089
0.28135841407761947
0.13489595180146527
0.4601995370421459
0.17933838937853264
0.21807796740503801
0.2384176131197122
0.14969994999875055
0.2622698233034855
0.37513426489797086
0.13904178032540707
0.3414545540155779
0.060077504910296904
0.4934167407874944
0.2241293897440023
0.19521760067022817
0.23436202172444376
0.26120909947031756
0.36244863722033216
0.2780484162930411
0.07839135773021294
0.17486157332695496
0.32684306191254175
0.21771115790204934
0.10469932647035797
0.23447242019694228
0.19259676112289117
0.3994790711467231
0.20472675088275563
0.1995911776709808
0.10153161163255738
0.4930886619336348
0.11824113233041005
0.36395572588831154
0.23490177378029153
0.16944525978591776
-0.00761520084410426
0.24422262634327463
0.1742771993295272
0.3435060299931834
0.49372761039299723
0.13388789973700663
0.19551728962884296
0.0034049406239487112
0.22513150014404942
0.2228905337165117
0.15146443313674224
0.044093692740565286
0.2503431430262818
0.1470584100190134
0.07677898089232121
-0.08599055777628227
0.15953824746449602
-0.12428116452494088
0.1628484512750743
0.25739365757048654
0.2700895575068118
0.30546934361511957
0.3018065167723506
0.03838533066159684
0.3004099542972382
0.08626249092097195
0.24711806800183814
0.19433653077236834
0.012044778615758985
0.2803893949994971
0.0027919060638773425
0.1574825418822215
0.3230879532135712
0.2878553198186041
0.23810761713343673
0.353409780162551
0.18730609478919255
