0.32442315226610047
0.19316502168909574
0.030966352865224027
0.39754871240392703
0.29881561963903086
0.04796950369435077
0.05558079190172022
0.09421602280167066
0.08981171488107331
0.13043564978651764
0.304698685507601
0.14282403588155726
0.051916501271309395
0.17379349301083372
0.16301485064432014
0.13217875050550115
0.3336725909593502
0.22279275119294908
0.15248828718578325
0.257130532612275
0.07299166142554267
0.13724235111555436
0.10433067704778828
0.1165880646344513
0.2714155540859093
0.28240183674417463
0.08443429819070822
0.023387471725387174
0.1733007466137282
0.32609970563711826
0.10105530727412997
0.09155541272403685
0.012710483102961776
-0.008741648274549109
-0.014408591009118224
0.04868583851710274
0.08860577009827311
0.12001871603495243
0.26982031045886856
0.15300966812647418
0.2819516538824133
0.2410204019829214
0.027027549833535197
0.14454854919417043
0.15842455626114285
-0.15087267874684726
-0.2266687334381581
0.2852161582039574
0.11374715181349675
0.17492553784472006
0.33273511139786077
0.09888317090349386
0.2795614319141378
0.24036206540598876
0.1511641097630967
0.06435717154247549
0.16398956734743203
0.22217469414496951
0.20294216438900434
0.008273615207559796
0.3934440699853928
0.0576845297357292
0.12114240952844987
0.019372254612047186
0.19027963379334867
0.039012975431445385
0.22663786397672453
0.2899869283339433
0.1301329937044417
0.12119480698739056
0.16203098945662736
0.25031267367490745
0.20298805807333348
0.36871085788684504
0.2126830491048792
-0.08012260113861719
0.35900342510963046
0.047933744638146335
0.12399633344910967
0.2372368134187644
0.25382189963788404
0.05341019474911425
0.21796289797292212
0.2654462981765636
-0.0382504700860497
0.31601513408958093
0.17527252510667068
0.1198103705589118
0.13995317118169603
0.33174945385556653
0.03231055429958051
0.05450787214522565
0.101841223179458
0.21777121502673993
0.30660763707882743
-0.01866025585902038
0.10396323547048833
0.30027349807823683
0.20480371225927851
0.3228449613041091
0.16126945330825512
0.16267633685354652
0.03418707735282904
0.0767563633350024
0.17052979138885774
0.4007778372936659
0.1137716286473688
0.0068977518490688184
0.16225660826321467
0.07707970864662637
0.2930428464004755
0.23983891904659588
0.0764498334719322
0.24916439758989303
0.024462955957041378
0.19302181896500029
0.14171460262874397
-0.05135946210439674
0.30072934070444185
0.13972938066222482
0.20291589886386785
0.08025561521186608
0.153764720157527
0.24775449549687384
0.0810838261812114
0.2478280651360387
0.30034006370255106
0.13590770568969324
0.19954763657627633
0.0014148716330773979
0.1450215003697866
0.14981046605855491
0.14986125062208702
0.32990308421436654
0.1824421698120995
-0.1724960098605076
-0.06036492921645704
0.1338337547676149
0.02775864947414556
0.16843409570487763
0.17174774378692184
0.16091699864378642
0.3169644862122908
-0.01812384565859475
0.3755817943126652
0.3755002465939931
0.17131072118073437
-0.13019141124656852
0.2525874485931922
-0.07880628658969961
-0.026133303805948045
0.1023231672115703
0.02877959833403514
0.23874762565511515
0.31630115230430816
0.05440446624472131
0.16662751825356273
0.04536298075758076
0.32767349885320596
0.18867451598119883
0.2874019784040685
0.21051003960049583
0.046694180306827975
0.20565366491801845
0.14355111156145273
-0.2057984461638702
0.2507764336590133
0.29066512796493216
0.21577292262849243
0.16102212281915756
0.025631455665939357
0.021834128439176616
0.15888558782502513
0.09579153861135334
0.10293791308779282
0.057454475954674254
0.2369622646321716
-0.20441736436133337
0.23927496439478657
-0.15882222906408752
0.19442876040572338
0.15560598969742312
0.22419119828242426
0.15155644947481545
-0.029045318073603367
0.004336414814984526
0.22600337105928792
0.0339755304269851
0.2044600377043134
0.004802257159086958
0.33656061856629904
0.20606504511708487
0.10177640466782138
0.20632453897863004
0.1596299710994785
0.32424288133162754
0.18951313223673372
0.11428211421615718
0.11082929113696238
0.30406605411229654
0.12014779332578561
0.010177918775662162
0.12885837237496472
0.2229002461739541
0.16047622171438103
0.062338687605489114
0.009646184570219114
-0.041506197384758754
0.34837949300643367
-0.01797408674428067
0.2113354395671261
0.039238404337997045
-0.01237518425491211
-0.08500182856745958
0.16325045798082816
0.08997288721202451
0.18154674998761144
0.2860137091847032
0.1294757489164546
0.015339310018152901
-0.16860154212410536
0.14827490631323806
0.08798589866221869
0.13167081029953306
-0.0710467437299206
0.184557393754402
-0.030518151351767078
-0.14498721009659232
-0.1033185388766053
0.14133779657334627
-0.2564707200954612
0.2144182344911594
0.054512947648109926
0.1971004132297905
0.34303791365184166
0.19853995983433656
-0.16422306655180235
0.032273255530327935
0.0667587503651683
0.2244597758906618
0.18800578553192607
0.01936969305017597
0.19514466031248145
-0.06918708587064118
0.15820889675303335
0.04864429605314936
0.16801087138046952
0.2555766482394962
0.06528612232612357
0.16434615575428801
