0.42509998686973427
0.6554486123623399
0.5442026814334429
0.6974448319428113
0.20884398295831752
0.8822328472765493
0.6882220458439076
0.3831583196857836
0.8658054764654196
0.0769192779967747
0.28144985226021135
0.15647711158932015
0.08715781473468881
0.23949530311962433
0.5509159310794784
0.6922367972596517
0.0616664112986861
0.4161445811478567
0.2306192582754677
0.4805090780731497
0.8822328472765493
0.15642029179832154
0.29829288773014717
0.0616664112986861
0.7578010723331929
0.27311731434569897
0.8658054764654196
0.866849389559738
0.5787566685970649
0.752427412023964
0.7447862267753453
0.06770179720732934
0.46366028925112174
0.22292471014487095
0.026890341230500783
0.07805404057293194
0.40117923455479065
0.6988030309159692
0.7975832015592654
0.3210498228333377
0.09633774503984444
0.5532082287464448
0.9708198848445009
0.8662887240451369
0.19655107786772064
0.9769588721547657
0.9570358670932195
0.6075741089303424
0.6027237297970809
0.6121880541496205
0.6943832384560689
0.5509159310794784
0.36347208851934426
0.42509998686973427
0.27300076683512087
0.1656766773295169
0.37126634654279705
0.23613454149460641
0.39340889259553613
0.0769192779967747
0.6894941777192797
0.09633774503984444
0.3002026400751312
0.9241330408197017
0.7725914217725338
0.4445267218481379
0.6217699577484346
0.6902929497176167
0.7725914217725338
0.5421190911293846
0.12954520082442061
0.40710348579030364
0.7303174488598552
0.27311731434569897
0.3320690191030759
0.39639189964560106
0.21036167196498218
0.3210498228333377
0.7907292281769944
0.6027237297970809
0.19655107786772064
0.6039098739301563
0.22831054417750143
0.23613454149460641
0.8823703117778895
0.6281015264181533
0.3002026400751312
0.4147355882808329
0.6974448319428113
0.5442026814334429
0.41434074405502874
0.9570358670932195
0.40117923455479065
0.4368137002651434
0.6956967429739553
0.5078853899576197
0.6675665473453539
0.3155807648977018
0.7520202732768141
0.7240221993598008
0.7323234331381138
0.2197557500038182
0.12954520082442061
0.6922367972596517
0.4789515160269127
0.7604997253584194
0.07619240158469402
0.5263678717071031
0.6907461671639815
0.3784031583390762
0.7303174488598552
0.3155807648977018
0.4772344368540978
0.2662900301813557
0.1656766773295169
0.4368137002651434
0.7975167107764243
0.8532963306133781
0.20746105965498518
0.8823703117778895
0.23949530311962433
0.9277917345355655
0.4789515160269127
0.40615825846401266
0.7907292281769944
0.27514356950906027
0.29829288773014717
0.14979649583872134
0.2197557500038182
0.10280059594973037
0.41236576291475774
0.4161445811478567
0.8667124922173666
0.7578010723331929
0.6075741089303424
0.5532082287464448
0.08603940563490073
0.6956967429739553
0.14979649583872134
0.4772344368540978
0.6675665473453539
0.20884398295831752
0.3831583196857836
0.866849389559738
0.7390405418691437
0.7260224653517879
0.6281015264181533
0.3320690191030759
0.46366028925112174
0.4445267218481379
0.47726179079159764
0.23334572332387457
0.7447862267753453
0.6141789669343818
0.5787566685970649
0.6554486123623399
0.954369153152367
0.8548737893799752
0.8045893270833921
0.7975167107764243
0.7313043150860024
0.4440686237442239
0.4440686237442239
0.1463851368851941
0.8663151493486394
0.5400565806484111
0.28144985226021135
0.37126634654279705
0.8046013589868767
0.6039098739301563
0.10280059594973037
0.39340889259553613
0.6405272619232287
0.6894941777192797
0.23334572332387457
0.44683414363007434
0.6873378184703504
0.20746105965498518
0.7240221993598008
0.9220811433515231
0.9346290272970921
0.40710348579030364
0.752427412023964
0.08497046780132417
0.5421190911293846
0.5078853899576197
0.8548737893799752
0.7323234331381138
0.9346290272970921
0.3784031583390762
0.2662900301813557
0.6141789669343818
0.8670455116734083
0.09405945824822486
0.5263678717071031
0.3180599731903877
0.21428930324707368
0.8532963306133781
0.7520202732768141
0.06770179720732934
0.5645328293684119
0.5400565806484111
0.07619240158469402
0.15647711158932015
0.8536986217553418
0.9282989048914376
0.9708198848445009
0.02610010984529018
0.7260224653517879
0.8670455116734083
0.5642718836866782
0.8667124922173666
0.15592425581548047
0.04249608518083707
0.22831054417750143
0.3180599731903877
0.36347208851934426
0.7724889580813202
0.42722081811013046
0.5645328293684119
0.9241330408197017
0.07805404057293194
0.08636506992315304
0.13704988983134656
0.08715781473468881
0.42722081811013046
0.8662887240451369
0.08497046780132417
0.04249608518083707
0.6571900194661323
0.026890341230500783
0.40636595391111763
0.4262490605862581
0.7390405418691437
0.21036167196498218
0.8536986217553418
0.8045893270833921
0.9769588721547657
0.6571900194661323
0.6988030309159692
0.27514356950906027
0.954369153152367
0.4147355882808329
0.6902929497176167
0.08603940563490073
0.9346254685948869
0.9277917345355655
0.6217699577484346
0.47726179079159764
0.13704988983134656
