0.5307609776468124
0.42261604671385117
0.565263846937488
0.565374098719399
0.513160742395483
0.37508143706686126
0.27609539815586004
0.3686925953181033
0.3945149311357254
0.5204265136632733
0.4656181152247902
0.466777336055344
0.46853445849214237
0.4332313343293231
0.442004799514115
0.3618439204983836
0.6599388005975938
0.4513596216571132
0.4157356465959691
0.4045440812361812
0.38412378316144125
0.36658949423545856
0.29046146070418843
0.5249938801998135
0.4069340134147212
0.6412547540389401
0.3267373765502652
0.35170924543309606
0.31569309240160137
0.4100688152045453
0.43057535830967764
0.41075237633129985
0.3468665852747436
0.2538667328381229
0.4131235680070548
0.40366079525085297
0.3285971191285826
0.3014877897475089
0.5262490639703394
0.6009948593678434
0.5743529085944333
0.5170027785989944
0.498174934427841
0.40215309296542784
0.3556757808298984
0.2627216724756321
-0.10932280474686505
0.40399075789816896
0.2639954630558149
0.565263846937488
0.5869390919871802
0.598518844701708
0.6571631351671032
0.4210862914935228
0.47246916502960057
0.35014747145051467
0.4227805687815511
0.4856925038443758
0.650870501946863
0.3756160696491618
0.6354965988019654
0.42631350731195644
0.5182328080837403
0.34265003710383773
0.4314988767644073
0.34882711162851515
0.39758079809055497
0.5095954155449364
0.2985223638216954
0.5240450842850867
0.5072628756415685
0.5122377981012014
0.44915795320546437
0.7478933051353684
0.4439465483105275
0.17913364814801877
0.6453181455828362
0.23577644435373224
0.27793822853410355
0.29614146647021855
0.46853445849214237
0.311823047401876
0.5249938801998135
0.5527219430205842
0.3321374369476401
0.5012435742098041
0.6437454101498601
0.4291949790822269
0.24464818198613927
0.48657426756891614
0.8299489617218289
0.0758128302820357
0.3285971191285826
0.504799294058504
0.532783559639714
0.13044078566142428
0.24726240164176153
0.5090540021136885
0.4434192228742274
0.40789065703076244
0.3265474470059611
0.3996450430303199
0.42850826211540066
0.25399692181000816
0.4181175032447716
0.47210609985266394
0.3943671972547622
0.6640675180880589
0.57170940469594
0.4454758301000073
0.5044131055703981
0.5313138136472795
0.4788789368676767
0.49840737790435874
0.22811505532469709
0.4656181152247903
0.3534739710743468
0.3039271341741571
0.5768435647053531
0.34306536870553733
0.44809347612645545
0.38627664786373817
0.3981232699177922
0.4108357066309086
0.4961012771320883
0.42182957135339877
0.41811750324477165
0.4421803132609654
0.37655446776225543
0.4264214226415273
0.4406603882993559
0.49243995217305125
0.35088594145740704
0.5315261930350412
0.30379210270423795
0.2996771602202126
0.2665346679555946
0.4968602726313929
0.2518653613147064
0.5224058900684736
0.2700726318950415
0.4006286921592981
0.4887686907714729
0.34259304161845494
0.4992327166990656
0.5636343595933953
0.3949111600397386
0.112392035690747
0.5324158508216915
0.5081065619670052
0.38795109818774687
0.301741003893726
0.19668319542796683
0.507299026529153
0.5715643708949156
0.22445217138848156
0.05728492861074655
0.41241546159673415
0.507299026529153
0.565263846937488
0.48676981930120106
0.5230522222509725
0.17070650622639233
0.5955119028045502
0.52338168738898
0.31297430395975423
0.39288644966247055
0.5055722766343083
0.32253616147758535
0.458035922103294
0.24907582647047605
0.3682312423660608
0.2663284535640323
0.3071392560566214
0.430318323641884
0.5565691238762377
0.5574331023963236
0.01124516877815325
0.4281149415070526
0.2798022265021142
0.4961012771320883
0.39571456629330887
0.3401326248158299
0.4118850016260113
0.6363234395279822
0.35170924543309606
0.4177726255307304
0.21759840648321874
0.5100546933480931
0.301583982686815
0.5326396777079112
0.31314016539205936
0.4961012771320883
0.44104883316615984
0.3102186371408142
0.5798297040496397
0.4914234049918419
0.2927762072037653
0.3102268462222531
0.6209387454196365
0.5966587928552692
0.42271439946928197
0.45039878455270393
0.4166827254636271
0.5180099172567801
0.34306536870553733
0.32253616147758535
0.33202264403098775
0.5262490639703394
0.23541818585333407
0.48345865684507977
0.2925051934745676
0.3619945248484839
0.1576207455327311
0.4840450767687629
0.37655446776225526
0.41154891320416775
0.5461964718031672
0.24766770976748625
0.30245160363429224
0.1624083450995601
0.4453256743286751
0.49516718458216097
0.3576429180353099
0.2774950160894229
0.35459988199622994
0.2502376490661024
0.2646482556187437
0.07389472582173881
0.28937359595550916
0.176639002276416
0.3845211119688618
0.4934505050568324
0.38412378316144125
0.594570460994856
0.354796344264367
0.1373654142583636
0.48625065479907653
0.3361466965995374
0.44119023179800715
0.37606292589349205
0.045368858890201334
0.34920044254465565
0.1984102807187394
0.5635881274335788
0.47210609985266394
0.4201661144336865
0.32253616147758535
0.6304742698968647
0.4548413471364934
