0.3142474077878014
0.1992277406450965
0.12863337538665898
0.4488736809834794
0.2910723316005137
0.02815335092610478
0.08661017840942159
0.06266342769282653
0.09350563677877648
0.1312717738623947
0.3235277459262231
0.15422756814084865
0.037288724791139476
0.18479116430849887
0.11748820074713327
0.13555289390461242
0.313938578463729
0.269691352949081
0.23509374549009557
0.21162412853011434
0.0748744573148961
0.11730400291798344
0.12481558565624748
0.15954340570278439
0.28481784178917513
0.27399633520661987
0.07895348180422405
0.004580029786505793
0.172383056544734
0.31797837494639414
0.22252390614253592
0.13229128825074674
0.03439029218416348
0.030046000771217406
-0.004753540397688551
0.08016753509861556
0.23544759588142986
0.16984960348383996
0.3008805994038367
0.23341527364590883
0.2660195555620635
0.281035563299266
-0.0014203660323394535
0.09919027013354854
0.16935457976845278
-0.17400546784116155
-0.24715602815505233
0.27579108997987795
0.10293901579733836
0.17245627841486952
0.36642951060054685
0.22978535824283142
0.2995084718416082
0.26172736979705974
0.1599649972123265
0.07882722028005637
0.2312597012112409
0.23554658752610622
0.18803144611984576
0.012452535473565755
0.44368860143685956
0.11030101029332481
0.14702731196835017
0.010040742610282014
0.21667612129203723
0.03592980941318997
0.23138712048524132
0.32667509171666625
0.12311669523849465
0.1388824590907082
0.1534929586070933
0.25256011625349234
0.21482208963249377
0.38974823955843774
0.25707312684222766
-0.060802152878398394
0.3930099710546276
0.04693765067625017
0.10933812910578525
0.24759945583968634
0.2785151162977996
0.062450899511292034
0.22105634116890696
0.26385335994778275
0.09716936492371095
0.32965483217754116
0.20569898960224645
0.16863318094349275
0.16066921023011377
0.3691579172259958
0.3383006459643099
0.10554799153390143
0.10885490552913915
0.22349569923943294
0.33472099290057983
-0.010694594379508027
0.13201551296673525
0.3113808652536597
0.22478143576821097
0.32878007593204667
0.25133773231659623
0.1747791910919767
0.10278330427010957
0.09644085596038253
0.16756460587019784
0.395202309078619
0.15247985983451756
0.04849925873466935
0.3603783299989242
0.07638559491038474
0.2915872149062757
0.2486549699091459
0.09076759353296333
0.25895396898782347
0.0015611049593847238
0.24767673268114396
0.17016768032610932
0.008869602106691394
0.2794031077590179
0.11901592825242445
0.22330545135628713
0.07118207152747898
0.19153740875914493
0.27826716376327354
0.17400480005538838
0.2283012441197288
0.31046001364999254
0.14777846314246965
0.16286256214924738
0.1047264550917757
0.1309651194193736
0.16478448728530376
0.15113770113692895
0.3803891440807386
0.17386107251044824
-0.08318856059179314
-0.03567548608938225
0.18583541295290176
0.03277070126878058
0.15671120653217732
0.16426323834400983
0.16130233940597802
0.34678718744854925
0.010494365635831606
0.3800863796538644
0.3975758457076628
0.2457885739985864
-0.05113608825197392
0.24712751318063034
0.03678088372948685
-0.0033080619445060946
0.1362100953096393
0.005333644871825913
0.21779124142182651
0.34596603615116106
0.07830696672620212
0.15071139358665567
0.087782500910471
0.366515834786693
0.15886176772775099
0.3028082332824094
0.27014873918199445
0.01549545978426666
0.23747682345014362
0.17784431073866044
-0.055591615046552044
0.2522777748402803
0.2924013220991873
0.22816079539877343
0.1765269044118272
0.009969095810086613
0.0444541891482033
0.17121180849662865
0.13136455435219788
0.17295924647922914
0.07867636166489028
0.25985444442989725
-0.21829377321650764
0.23813734611147472
-0.1481094318425581
0.23348389159843722
0.20702096852598584
0.21119852858469668
0.07425361336626037
-0.0164070896037377
0.021123568677564014
0.22520534576107218
0.0884797140009519
0.20192840929430847
0.024785784560070738
0.38062232396293083
0.2332491756746981
0.17251974577752963
0.19770459048559277
0.10218138980690578
0.32032323240973476
0.22617088820492506
0.09619027463824745
0.11492005031851033
0.2303193657860965
0.17011495147977596
-0.028837817710122775
0.10126263995406895
0.17165455164762697
0.2884691117061708
0.02567928446724507
0.0474934606901991
-0.03994849638482952
0.3433997719543278
-0.026256216312364234
0.23764415190132054
0.044853446764413316
0.047327867731209054
-0.08318923718697686
0.21252215165631982
0.11782646879470686
0.18712705327067147
0.28367848610424606
0.14976254770876188
0.04707763073496158
-0.16958861340584466
0.1513690408448085
0.08307054620649763
0.14004036149686333
-0.042480617906419674
0.14008715385684836
0.04838219793814853
-0.10823539018963456
-0.052211239572163476
0.11853125784370575
-0.2622766175452574
0.20430834249669408
0.002205687450294072
0.22909668124414037
0.35199038987932907
0.17180807115510466
-0.13997740022609764
0.03302972927237924
0.08714614203884602
0.20133601245249635
0.20236392518819077
0.01747565607563062
0.21143076672728922
0.0031322509992378583
0.14672603240165832
0.04340174670938183
0.1743816923737401
0.27437437677151555
0.038375540879746
0.12834549533442563
