0.7288721740181168
0.7288721740181168
0.7288721740181168
0.7288721740181168
0.2799771369249434
0.7288721740181168
0.7288721740181168
0.2799771369249434
0.7288721740181168
0.2799771369249434
0.2799771369249434
0.2799771369249434
0.2799771369249434
0.2799771369249434
0.2799771369249434
0.7288721740181168
0.2799771369249434
0.2799771369249434
0.2799771369249434
0.2799771369249434
0.7288721740181168
0.2799771369249434
0.2799771369249434
0.2799771369249434
0.7288721740181168
0.2799771369249434
0.7288721740181168
0.7288721740181168
0.7288721740181168
0.7288721740181168
0.7288721740181168
0.2799771369249434
0.2799771369249434
0.2799771369249434
0.2799771369249434
0.2799771369249434
0.2799771369249434
0.7288721740181168
0.7288721740181168
0.2799771369249434
0.2799771369249434
0.7288721740181168
0.7288721740181168
0.7288721740181168
0.2799771369249434
0.7288721740181168
0.9570358670932195
0.7288721740181168
0.7288721740181168
0.7288721740181168
0.7288721740181168
0.7288721740181168
0.2799771369249434
0.2799771369249434
0.2799771369249434
0.2799771369249434
0.33391335014302737
0.2799771369249434
0.2799771369249434
0.2799771369249434
0.7288721740181168
0.2799771369249434
0.2799771369249434
0.7288721740181168
0.7288721740181168
0.2799771369249434
0.7288721740181168
0.7288721740181168
0.7288721740181168
0.2799771369249434
0.2799771369249434
0.2799771369249434
0.7288721740181168
0.2799771369249434
0.2799771369249434
0.2799771369249434
0.2799771369249434
0.2799771369249434
0.7288721740181168
0.7288721740181168
0.2799771369249434
0.7288721740181168
0.2799771369249434
0.2799771369249434
0.7288721740181168
0.2799771369249434
0.2799771369249434
0.2799771369249434
0.7288721740181168
0.2799771369249434
0.2799771369249434
0.9570358670932195
0.2799771369249434
0.2799771369249434
0.7288721740181168
0.2799771369249434
0.7288721740181168
0.2799771369249434
0.7288721740181168
0.7288721740181168
0.7288721740181168
0.2799771369249434
0.2799771369249434
0.7288721740181168
0.2799771369249434
0.7288721740181168
0.2799771369249434
0.7288721740181168
0.7288721740181168
0.2799771369249434
0.7288721740181168
0.3050837477398238
0.2799771369249434
0.2799771369249434
0.2799771369249434
0.2799771369249434
0.7288721740181168
0.7288721740181168
0.2799771369249434
0.7288721740181168
0.2799771369249434
0.7288721740181168
0.2799771369249434
0.33391335014302737
0.7288721740181168
0.2799771369249434
0.2799771369249434
0.2799771369249434
0.2799771369249434
0.2799771369249434
0.2799771369249434
0.2799771369249434
0.7288721740181168
0.7288721740181168
0.7288721740181168
0.7288721740181168
0.2799771369249434
0.7288721740181168
0.2799771369249434
0.2799771369249434
0.7288721740181168
0.2799771369249434
0.2799771369249434
0.7288721740181168
0.7288721740181168
0.7288721740181168
0.7288721740181168
0.2799771369249434
0.2799771369249434
0.2799771369249434
0.7288721740181168
0.2799771369249434
0.7288721740181168
0.7288721740181168
0.7288721740181168
0.7288721740181168
0.954369153152367
0.7288721740181168
0.7288721740181168
0.7288721740181168
0.7288721740181168
0.2799771369249434
0.2799771369249434
0.2799771369249434
0.7288721740181168
0.7288721740181168
0.2799771369249434
0.2799771369249434
0.7288721740181168
0.7288721740181168
0.2799771369249434
0.2799771369249434
0.7288721740181168
0.7288721740181168
0.2799771369249434
0.7288721740181168
0.7288721740181168
0.2799771369249434
0.7288721740181168
0.7288721740181168
0.7288721740181168
0.2799771369249434
0.7288721740181168
0.2799771369249434
0.2799771369249434
0.7288721740181168
0.7288721740181168
0.7288721740181168
0.7288721740181168
0.2799771369249434
0.2799771369249434
0.7288721740181168
0.7288721740181168
0.2799771369249434
0.7288721740181168
0.2799771369249434
0.2799771369249434
0.7288721740181168
0.7288721740181168
0.2799771369249434
0.7288721740181168
0.2799771369249434
0.2799771369249434
0.2799771369249434
0.7288721740181168
0.7288721740181168
0.7288721740181168
0.2799771369249434
0.7288721740181168
0.7288721740181168
0.7288721740181168
0.7288721740181168
0.2799771369249434
0.12656141230052037
0.2799771369249434
0.2799771369249434
0.34135933331967383
0.7288721740181168
0.2799771369249434
0.7288721740181168
0.7288721740181168
0.2799771369249434
0.2799771369249434
0.3050837477398238
0.2799771369249434
0.2799771369249434
0.7288721740181168
0.2799771369249434
0.12656141230052037
0.7288721740181168
0.2799771369249434
0.2799771369249434
0.2799771369249434
0.7288721740181168
0.2799771369249434
0.7288721740181168
0.7288721740181168
0.7288721740181168
0.7288721740181168
0.7288721740181168
0.2799771369249434
0.954369153152367
0.34135933331967383
0.7288721740181168
0.2799771369249434
0.7288721740181168
0.7288721740181168
0.7288721740181168
0.7288721740181168
0.2799771369249434
