0.3171839850599601
0.1939394285920001
0.14440102223198473
0.41105776543477246
0.2920221408840972
0.02826425457487885
0.0824932581843512
0.0603160374859261
0.08057613247217521
0.13469427675671833
0.32840247281190443
0.15493212475004137
0.040960518939705176
0.17503436318280088
0.13236919826576973
0.1458945004682189
0.3169281789782064
0.2601654010704965
0.22687862181565227
0.20407074530337535
0.06521507157081756
0.12212107734364837
0.12475330538948662
0.1541988417511891
0.27795898396204194
0.27533696158455034
0.08361346624072143
0.0005531970084655377
0.18219742472749265
0.32417676281798674
0.22052774953850812
0.11402148729001708
0.031677296414422594
-0.0013569909462152452
-0.0057525785503112865
0.06539931871903465
0.24055696139303803
0.1650416036636649
0.28664665095136305
0.2376235402261866
0.27807824461458536
0.27825378785972815
-0.004799291078508455
0.1157498394553632
0.175790139777078
-0.1781117445559465
-0.2489587160710524
0.27756091770147845
0.10470002995887054
0.1744915512511727
0.3589967159663681
0.22961424713611123
0.2898156831773305
0.2623447757355234
0.1696276238668489
0.06717763998911816
0.20215601878549042
0.22974259201968716
0.19141775259067878
0.013753614661047953
0.4342134223175096
0.11220558162680426
0.1403149893925106
0.00862367103263376
0.22294449909419992
0.034424601751037176
0.23395722982032124
0.31840685920750256
0.12563836144053736
0.14793282965403418
0.1509825113670416
0.25150828009669535
0.1976830799791958
0.38900211628249964
0.235282814560311
-0.045964152607110495
0.3904525289100795
0.055156689040016006
0.10429486870605056
0.22542265358139887
0.23978084231769875
0.06302071236703555
0.2111666593627715
0.2803026404654569
-0.013547385131028798
0.3178447564939629
0.202237440242777
0.1660915188890559
0.15364887346937667
0.370692770233535
0.35120626901452273
0.09237240422146402
0.10891300289919446
0.2042235359754075
0.3258731145264465
0.01666479902152223
0.12891663720917892
0.2946397768560922
0.22812786928867593
0.32669190104735973
0.2364671092350711
0.16495752406802794
0.09697422894101697
0.08990120480751607
0.168885455740868
0.3975365216476056
0.14594833300542925
0.03209919939187094
0.2525531940431867
0.07632938886132494
0.29465797611002925
0.2483621626816626
0.08245626985479018
0.2545389456081314
0.006977204130904874
0.22768668250230822
0.17079673982468258
0.009737758440217018
0.27585589894589285
0.12919895106324822
0.21093507700390088
0.06801265676290655
0.19775097836977074
0.2921981587874217
0.18179608654773818
0.20942893294811094
0.3039057493134509
0.14787812046048163
0.1629346810904884
0.07293471461945154
0.1141476018234343
0.16053024896699852
0.15306354147962872
0.3766331698941971
0.1717884443725006
-0.07084846883757882
-0.03034958139684263
0.17317533231377638
0.022883648133687092
0.15275889444956928
0.16374217746990707
0.15475900678976873
0.350091910793465
0.01081244043432216
0.37996023465812984
0.38508599609948185
0.2422358759279866
-0.12073959910452259
0.2520055814975052
0.03761918827825947
-0.0235133390785245
0.13994852844653521
0.003895254966947783
0.23795520783531982
0.35762493060624045
0.07113826015172783
0.16019608238799374
0.09202892445518282
0.36212955021329174
0.1531043056204653
0.29589860647062005
0.2404329707716884
0.019369571219898293
0.2401646054915922
0.17193921074392635
-0.059583752537236245
0.24200573969950426
0.29815555315207704
0.21450368887347815
0.1635547107687436
0.024620387083798816
0.04933973659385445
0.17854428797794814
0.1447174195757578
0.17674359681654683
0.08329938105639444
0.27632197379073753
-0.2097015813831636
0.23965252983849245
-0.165275119359762
0.2311423317434477
0.20654337244258156
0.21580152903459737
0.06946184104275432
-0.009016366648321967
0.027936316351786727
0.22009260185797874
0.04604484982061778
0.19794729852828039
0.018748274305628334
0.3733595531352555
0.23021355144269007
0.13157138889327347
0.18754072695820181
0.10552588030047914
0.32588551689014134
0.21425103565850503
0.09228493968794828
0.11316784130286899
0.2419552246520002
0.1660376873958991
-0.025316756465777853
0.10065107029895
0.20701151201192858
0.29363483551748654
0.028551835496298094
0.04674165906685311
-0.04264014309717582
0.3403653004640085
-0.020568336844247928
0.2294827800062819
0.051119442666179384
-0.02667840476649962
-0.07710621459243511
0.17976908191161084
0.12211991618972856
0.1948545791890934
0.28440014644185946
0.1558331587097638
0.04525315077398916
-0.16646922048510313
0.15463477219774097
0.09506777346347708
0.13313098684638824
-0.04262529245175856
0.14709909515164712
0.04644013587520081
-0.10731226841361191
-0.0561285960242831
0.11445511834130673
-0.26078648396534665
0.19743933345360756
0.05139568004823451
0.22623410072380232
0.3545760674820969
0.17751301311427853
-0.13541865641895176
0.03745646833324619
0.09441341860401808
0.21197977262646844
0.19693399227415923
0.020284245037539523
0.20238124577015554
-0.05949095368489607
0.13636888751339976
0.04328190193825885
0.17888322625562916
0.26193501516331064
0.025536325718503717
0.13887663807673203
