0.17433579363474389
0.20424968388115572
0.12247452296953452
0.4315503378086345
0.2763511579453804
0.019572531273707137
0.09795989614367659
0.07686816691533051
0.10100024108121046
0.13599993225474066
0.3288461183908758
0.16624760527911728
0.0669397745284348
0.18738033498839568
0.07456432748193086
0.14270719005465346
0.41788373657017125
0.26729781954655446
0.23791858051753165
0.17956353515906695
0.08725276960489971
0.12966982202551489
0.12096924455722051
0.168300121651422
0.30162521372640055
0.26883332588840547
0.0832022900326837
0.0318798138725062
0.18242971184496684
0.34385824913911844
0.1729056791362998
0.1346444218398024
0.028573101120950753
-0.018504043690909886
-0.016930311080895582
0.11482699173011626
0.2272845618532634
0.16634885251102696
0.29954297309983563
0.25647400285601907
0.2748500930360386
0.3060685761184793
-0.0023726695228502397
0.11648850017164764
0.1733161054968626
-0.16551168534464822
-0.2328150551174093
0.297549630102024
0.08700235309721584
0.19142556537955766
0.3759951891326287
0.20677961528838698
0.3056664674510781
0.1938864567093465
0.16107471349272348
0.07960140379968278
0.24176402386677612
0.24434312158205368
0.1679367480955623
0.02331832059071338
0.39035869358279063
0.10983250692531758
0.14905585959409684
0.005970181874157796
0.27037109957010896
0.01700386167160407
0.24088415744586283
0.31885043833102383
0.13379182212117974
0.11757197681672944
0.16378697781293167
0.251376296220987
0.2425508303970003
0.4024358445093388
0.2827102785318288
-0.025065567133810907
0.3764010594799452
0.05702524224833188
0.14686803750727243
0.2717254048095038
0.26719099171057964
0.062425798476860445
0.23233850275685206
0.3120552510829075
0.09769217522171497
0.33901250337297767
0.21207804345160733
0.18986630564393273
0.1496476021470532
0.3691657966654568
0.3381111871182032
0.10490081470057273
0.09698254900695677
0.24048038383690756
0.29579804112470165
-0.03132630871562095
0.11136088596879909
0.2842387040262887
0.24030596369834425
0.3384507916891464
0.2618065727545834
0.17716810210936768
0.11822327905123181
0.08335556230427499
0.17158915212431808
0.40187236540008703
0.147536851863403
0.0711256902919879
0.3709495538303947
0.09639652106583535
0.3075340506799569
0.28615571634962367
0.08626196743299697
0.2774453088267718
-4.791160545238316e-05
0.26885107845259415
0.18098503835055527
-0.004702819001856066
0.273035775285854
0.11118013844011362
0.2133842328053285
0.05891099696368819
0.24311797034116422
0.2606210353761501
0.19726903726936593
0.2302630489217767
0.2919929649179846
0.15820649787581237
0.1573319315701288
0.10648810885232923
0.1658931032115768
0.15133502682449276
0.14201303003065574
0.39422138154338354
0.18050213795654743
-0.07972460058871167
-0.030672450714060922
0.21452454244271568
0.02844473889487215
0.1481938809519137
0.15534253711801438
0.18180166908180984
0.3335504651568893
0.03435787430574418
0.36498346730763365
0.3594199303665729
0.24105428525243316
-0.038346392871051245
0.240712416723196
0.05927229015642946
-0.009216991899953016
0.13009874227308452
-0.012807036988050819
0.23964139888304187
0.3398211229773462
0.08700578097436547
0.1509359288937108
0.11046390650040763
0.36711103627975045
0.1631349341988246
0.28566889057351125
0.26514820387639915
0.012539344527140077
0.21817151778138905
0.1820820363285197
-0.08447542034864554
0.25045203234025754
0.2954416642773497
0.2375875761371195
0.1814198950619081
-0.007558970768932745
0.06689584092821504
0.19880355117686183
0.08923668132247346
0.16783503366960378
0.07981248131908378
0.14727814500331962
-0.21685449875885984
0.2530874358427479
-0.015705015613183076
0.23474016876109105
0.19001964344229283
0.21259296756221674
0.08901903997538696
-0.024798785292243313
0.051646807818467616
0.2019895897831546
0.10028534801859465
0.20912090798366187
0.025158967464775948
0.369558135075408
0.2330124947413632
0.1959052277516148
0.18980880852909754
0.12121019840894974
0.3316535137061172
0.2557624950270263
0.07063828200471294
0.11512171554918217
0.22869482253721785
0.013212231957912688
-0.031178876261294973
0.10574966224055424
0.18229771219474772
0.3211680673057868
0.02402031110058817
0.05917428770670785
-0.02370480808572319
0.3346635285020871
-0.03999479474538534
0.32655071107526396
0.1194461304484525
0.060007565712757865
-0.08017099266897815
0.22028864275207824
0.11131976260672584
0.2218777185050682
0.2718576180288131
0.13214091680827178
0.06920468996446244
-0.17940558226950845
0.16044369415315923
0.0742728554720655
0.139767392422599
-0.038915767469130426
0.10453109195190147
0.03607044775046963
-0.09885004269990937
-0.03789924211381335
0.15712243286156274
-0.26487224392449893
0.2007777554753856
0.05926454703655118
0.21223636587383493
0.35197828459104175
0.18205183547207712
-0.14104288755100902
0.0300041296232742
0.10489778566894761
0.20882695851774963
0.17746060432694444
0.019157826519954322
0.2270694664704032
0.012877165599766009
0.1501651796316314
0.02488243651793627
0.22540212794228426
0.29536908627532016
0.05377051599725894
0.11322387457515533
