0.3202817866938518
0.3247975199857778
0.3257825882956417
0.33101075193103746
0.7605677516866194
0.3198291323740628
0.3150703761226067
0.7736880859879075
0.3878754104912536
0.7736880859879075
0.3832392988815522
0.32867401896377924
0.3403562580760712
0.3202817866938518
0.7736523493545663
0.3832392988815522
0.3203724158991356
0.7850340764310211
0.781700023256746
0.33799531144979444
0.32015777206229257
0.780163683000757
0.7830050976304993
0.3335953777857313
0.33437382824323025
0.33908723023585163
0.7813289293633092
0.33298329288305667
0.325082744846839
0.7735445756857887
0.33259183476152565
0.32958405623699083
0.3282827966626324
0.3247975199857778
0.7788402082877122
0.3405427435078008
0.33373546742770555
0.7783254836944233
0.33340222320196616
0.321943349086086
0.7604267799658491
0.3150709425678184
0.7736523493545663
0.32380322624745034
0.7763309627308222
0.8026852119582826
0.7830050976304993
0.7686751314446107
0.781700023256746
0.33071593896697477
0.3247975199857778
0.7734846602408938
0.7610021288986472
0.33101075193103746
0.7793191678790728
0.33423375900279445
0.3320434256143954
0.7468405461500374
0.33871594467556104
0.7658681629905176
0.3335953777857313
0.3144106782851541
0.7793191678790728
0.10091180688229744
0.3320434256143954
0.3335094123946438
0.7591017606653647
0.0533153024974793
0.7591017606653647
0.7335025413896183
0.787116865636468
0.33903684212971164
0.7610021288986472
0.3198291323740628
0.3257825882956417
0.7458917663597052
0.3282827966626324
0.33259183476152565
0.7734846602408938
0.7546337953206718
0.31328495320035055
0.3962729093915895
0.736494628367258
0.3390076022340761
0.32348694911999687
0.3144106782851541
0.32380322624745034
0.3203724158991356
0.7414498323643898
0.7791328425094769
0.33265029677606295
0.3348162739020135
0.3181826816001086
0.8059658197159989
0.7546337953206718
0.08835632526113953
0.3878754104912536
0.3332184867536055
0.7634072710230458
0.3358959825321568
0.10091180688229744
0.7613352015180017
0.7968337266778756
0.32958405623699083
0.7878156140448922
0.3403562580760712
0.3150709425678184
0.3377250053011713
0.3282827966626324
0.7610021288986472
0.33340222320196616
0.331243551680741
0.3279842578669248
0.7470750316536855
0.3384317934070819
0.3296516987269042
0.3438079574548729
0.33234542031455
0.33445614439274735
0.7835777625350099
0.33813983085839805
0.33234542031455
0.3294391928836939
0.3212839143931118
0.31283479904181777
0.7605677516866194
0.33234542031455
0.33057427434882586
0.33423375900279445
0.33071593896697477
0.335675209830696
0.3333215858315095
0.3359506586841492
0.33373546742770555
0.3366148080983367
0.33101075193103746
0.3343365576159833
0.33543506533688777
0.8059658197159989
0.3348162739020135
0.3378780453076349
0.7813289293633092
0.3294463853166597
0.33445614439274735
0.32766893903216604
0.7686751314446107
0.7659198511907732
0.7813289293633092
0.7667510677113971
0.31283479904181777
0.3392987264009076
0.3294463853166597
0.7813289293633092
0.7830050976304993
0.33437382824323025
0.3198291323740628
0.33903684212971164
0.32870235083880744
0.3325513078646855
0.3340528785943215
0.7746619090267927
0.3342776037093782
0.7746619090267927
0.33445614439274735
0.33423375900279445
0.7435084067102118
0.33837107929869137
0.780163683000757
0.3304470608198959
0.31328495320035055
0.7604267799658491
0.3438079574548729
0.3416213306493023
0.34107030886496426
0.33908723023585163
0.33908723023585163
0.34410656393293004
0.7613352015180017
0.3378780453076349
0.7788402082877122
0.7659198511907732
0.7753262969062475
0.331243551680741
0.736494628367258
0.7793191678790728
0.33542861229516574
0.330201005201336
0.7634072710230458
0.7692790171165562
0.802324654035259
0.3294463853166597
0.33543506533688777
0.7458917663597052
0.33871594467556104
0.3376771651293878
0.3332184867536055
0.787116865636468
0.3383659917826387
0.33221642331439183
0.7659198511907732
0.3383659917826387
0.32617490470839855
0.7968337266778756
0.33813983085839805
0.321943349086086
0.3390076022340761
0.3257825882956417
0.3398693889864732
0.318632392657145
0.7659198511907732
0.7414498323643898
0.31328495320035055
0.3290278073959168
0.7667510677113971
0.3335953777857313
0.3962729093915895
0.0533153024974793
0.33813983085839805
0.3405427435078008
0.7759906847857024
0.33542861229516574
0.7835777625350099
0.3381824831041543
0.7445941939656125
0.32867401896377924
0.7686751314446107
0.33133722337353855
0.3315408048393714
0.3384120589169348
0.3262425343471733
0.7835777625350099
0.7746619090267927
0.7813289293633092
0.7445941939656125
0.32348694911999687
0.3285567756499861
0.33341093680464906
0.33259183476152565
0.33799531144979444
0.7604267799658491
0.7445941939656125
0.3384120589169348
0.33437382824323025
0.08835632526113953
0.7604267799658491
0.330201005201336
0.33871594467556104
0.3405427435078008
0.7604267799658491
0.8026852119582826
