0.33286950180952957
0.33286950180952957
0.33286950180952957
0.33286950180952957
0.770417518831394
0.33286950180952957
0.33286950180952957
0.770417518831394
0.33286950180952957
0.770417518831394
0.33286950180952957
0.33286950180952957
0.33286950180952957
0.33286950180952957
0.770417518831394
0.33286950180952957
0.33286950180952957
0.770417518831394
0.770417518831394
0.33286950180952957
0.33286950180952957
0.770417518831394
0.33286950180952957
0.33286950180952957
0.33286950180952957
0.770417518831394
0.33286950180952957
0.33286950180952957
0.33286950180952957
0.33286950180952957
0.33286950180952957
0.770417518831394
0.770417518831394
0.770417518831394
0.770417518831394
0.33286950180952957
0.33286950180952957
0.770417518831394
0.33286950180952957
0.33286950180952957
0.770417518831394
0.33286950180952957
0.770417518831394
0.33286950180952957
0.770417518831394
0.8026852119582826
0.770417518831394
0.770417518831394
0.770417518831394
0.33286950180952957
0.33286950180952957
0.33286950180952957
0.33286950180952957
0.33286950180952957
0.33286950180952957
0.770417518831394
0.33286950180952957
0.770417518831394
0.33286950180952957
0.33286950180952957
0.770417518831394
0.33286950180952957
0.770417518831394
0.07025833211888727
0.33286950180952957
0.33286950180952957
0.770417518831394
0.07025833211888727
0.770417518831394
0.770417518831394
0.770417518831394
0.33286950180952957
0.770417518831394
0.33286950180952957
0.33286950180952957
0.770417518831394
0.33286950180952957
0.33286950180952957
0.33286950180952957
0.770417518831394
0.33286950180952957
0.33286950180952957
0.770417518831394
0.33286950180952957
0.33286950180952957
0.33286950180952957
0.33286950180952957
0.33286950180952957
0.770417518831394
0.770417518831394
0.33286950180952957
0.33286950180952957
0.33286950180952957
0.770417518831394
0.33286950180952957
0.33286950180952957
0.770417518831394
0.33286950180952957
0.770417518831394
0.33286950180952957
0.07025833211888727
0.770417518831394
0.770417518831394
0.33286950180952957
0.770417518831394
0.33286950180952957
0.33286950180952957
0.33286950180952957
0.33286950180952957
0.770417518831394
0.33286950180952957
0.33286950180952957
0.33286950180952957
0.770417518831394
0.33286950180952957
0.33286950180952957
0.33286950180952957
0.770417518831394
0.33286950180952957
0.07025833211888727
0.770417518831394
0.33286950180952957
0.33286950180952957
0.33286950180952957
0.33286950180952957
0.770417518831394
0.33286950180952957
0.33286950180952957
0.33286950180952957
0.33286950180952957
0.33286950180952957
0.33286950180952957
0.33286950180952957
0.770417518831394
0.33286950180952957
0.33286950180952957
0.33286950180952957
0.33286950180952957
0.770417518831394
0.33286950180952957
0.33286950180952957
0.770417518831394
0.07025833211888727
0.770417518831394
0.33286950180952957
0.770417518831394
0.770417518831394
0.770417518831394
0.770417518831394
0.33286950180952957
0.33286950180952957
0.33286950180952957
0.33286950180952957
0.770417518831394
0.33286950180952957
0.33286950180952957
0.33286950180952957
0.33286950180952957
0.33286950180952957
0.33286950180952957
0.770417518831394
0.33286950180952957
0.770417518831394
0.33286950180952957
0.33286950180952957
0.770417518831394
0.33286950180952957
0.770417518831394
0.33286950180952957
0.770417518831394
0.33286950180952957
0.33286950180952957
0.33286950180952957
0.33286950180952957
0.33286950180952957
0.33286950180952957
0.33286950180952957
0.770417518831394
0.33286950180952957
0.33286950180952957
0.07025833211888727
0.33286950180952957
0.33286950180952957
0.770417518831394
0.770417518831394
0.33286950180952957
0.770417518831394
0.770417518831394
0.07025833211888727
0.770417518831394
0.33286950180952957
0.33286950180952957
0.751365436062275
0.33286950180952957
0.33286950180952957
0.33286950180952957
0.770417518831394
0.33286950180952957
0.770417518831394
0.33286950180952957
0.33286950180952957
0.33286950180952957
0.770417518831394
0.33286950180952957
0.33286950180952957
0.33286950180952957
0.33286950180952957
0.33286950180952957
0.33286950180952957
0.770417518831394
0.770417518831394
0.33286950180952957
0.33286950180952957
0.770417518831394
0.770417518831394
0.33286950180952957
0.07025833211888727
0.33286950180952957
0.33286950180952957
0.33286950180952957
0.33286950180952957
0.770417518831394
0.770417518831394
0.33286950180952957
0.33286950180952957
0.770417518831394
0.33286950180952957
0.33286950180952957
0.33286950180952957
0.33286950180952957
0.33286950180952957
0.770417518831394
0.770417518831394
0.770417518831394
0.33286950180952957
0.33286950180952957
0.33286950180952957
0.33286950180952957
0.33286950180952957
0.33286950180952957
0.751365436062275
0.33286950180952957
0.33286950180952957
0.07025833211888727
0.770417518831394
0.770417518831394
0.33286950180952957
0.33286950180952957
0.770417518831394
0.8026852119582826
