0.10351016935678789
0.8159034016213649
0.17837408026112822
0.10351016935678789
0.833300642183321
0.29655268757742337
0.2602046152373689
0.9040656960935053
0.4527250922726934
0.8812163639694722
0.4634987367426372
0.247811727657562
0.4383746168652524
0.2602046152373689
0.8402000045460755
0.34630805967643696
0.17837408026112822
0.853979714501094
0.9448486927752558
0.060275155039852674
0.4720187005748862
0.8943030586085374
0.8812163639694722
0.5376914796660103
0.0785868514787179
0.7940322259656455
0.35987116154537
0.8759400396373461
0.8848743283380456
0.8523230421259971
0.3588920366089945
0.2775819395090989
0.04394123348166086
0.5860361276990336
0.67692222777553
0.6766841286828458
0.5981768841676947
0.7955472917607038
0.1411773442566379
0.5111414772972981
0.8235814075898962
0.17837408026112822
0.8402000045460755
0.5091951871717386
0.8235814075898962
0.6670829580283687
0.6602865245102901
0.743005055878616
0.9448486927752558
0.39758476034028634
0.35866522529113426
0.14637528286881077
0.18763392913240273
0.4097145537444519
0.8289565108976787
0.44776301736529583
0.44264599963035745
0.3734285403657308
0.5922750710188286
0.271385347685395
0.7235527502221777
0.3678033884233507
0.5732296231451941
0.06680101272577575
0.3236753462786696
0.5036723364974284
0.624758308994528
0.013281822548635691
0.5376914796660103
0.599098058275217
0.6670829580283687
0.4204516169444478
0.8159034016213649
0.0785868514787179
0.7464527988726354
0.6717118041739444
0.35987116154537
0.23154562018298086
0.7797083421802489
0.6861645012442553
0.3584260577073927
0.8159034016213649
0.599098058275217
0.20855998351293156
0.35866522529113426
0.14637528286881077
0.20547873319653834
0.388729950793096
0.7940322259656455
0.8184548903671692
0.3236753462786696
0.4641578671551524
0.11405930474108429
0.8698314063290544
0.6156558789836165
0.14637528286881077
0.4737470301221756
0.5310407462259861
0.6692256419194936
0.18763392913240273
0.06680101272577575
0.7318437656667749
0.9135704345930044
0.16136252686016603
0.8274821158281279
0.4451845724758273
0.7535931933268136
0.4772060751643259
0.4634987367426372
0.8023314086739807
0.22710078406997747
0.4214124471412951
0.67692222777553
0.8190986654478988
0.3457454681075592
0.5681173872983885
0.5192022052399117
0.8180818453040434
0.06680101272577575
0.7797083421802489
0.3637932155163719
0.8180818453040434
0.16814746124048097
0.3865485126350488
0.29130743593675945
0.8289565108976787
0.21100723912426375
0.33943843637671045
0.4641578671551524
0.3642304602230772
0.853979714501094
0.8212657066100281
0.5732296231451941
0.4097145537444519
0.23154562018298086
0.3457454681075592
0.09487348157625057
0.44264599963035745
0.8190986654478988
0.06644533606505475
0.5310407462259861
0.9112563211308388
0.67692222777553
0.6766841286828458
0.5189635365251943
0.06644533606505475
0.9112563211308388
0.7693528475230931
0.8274821158281279
0.4508828488498084
0.5091951871717386
0.5310407462259861
0.879891695425838
0.7797083421802489
0.06556722841483521
0.0785868514787179
0.47664092494344007
0.44264599963035745
0.060275155039852674
0.4451845724758273
0.8759400396373461
0.3695013896476371
0.3637932155163719
0.5376914796660103
0.3637932155163719
0.7318437656667749
0.3665979761228078
0.899317584392103
0.2237986717880036
0.8402000045460755
0.6238116748944356
0.6156558789836165
0.18763392913240273
0.20547873319653834
0.42384643645718073
0.5036723364974284
0.23429849011931883
0.6131203110449354
0.5310407462259861
0.47664092494344007
0.5189635365251943
0.2736879167423396
0.3800718638477128
0.8180818453040434
0.42384643645718073
0.4097145537444519
0.3695013896476371
0.67692222777553
0.9112563211308388
0.8943030586085374
0.5922750710188286
0.11863271950365295
0.6971451882865778
0.06556722841483521
0.29371641090115674
0.35987116154537
0.7940322259656455
0.2736879167423396
0.20314790728219378
0.6766841286828458
0.2197551130521871
0.2775819395090989
0.8848743283380456
0.20855998351293156
0.4097118040403212
0.2736879167423396
0.7464527988726354
0.3021493637116715
0.11863271950365295
0.6766841286828458
0.624758308994528
0.5192022052399117
0.16136252686016603
0.8196887267250276
0.4097118040403212
0.4688690224156848
0.013281822548635691
0.4688690224156848
0.29195496086333117
0.8523230421259971
0.3314575343430073
0.8643457881509532
0.247069784890476
0.29371641090115674
0.4508828488498084
0.271385347685395
0.271385347685395
0.1943547342918535
0.34630805967643696
0.4097118040403212
0.8289565108976787
0.8472606374775157
0.6717118041739444
0.3678033884233507
0.33982626648792325
0.5189635365251943
0.1411773442566379
0.23154562018298086
0.743005055878616
0.6717118041739444
0.6156558789836165
0.35866522529113426
0.06556722841483521
0.08102411313134547
0.8643457881509532
0.4214124471412951
0.33943843637671045
0.16814746124048097
0.388729950793096
0.7797083421802489
