0.08637523244924845
0.7333994245806005
0.08447316327231846
0.37655099560216376
0.7362101305003944
0.29843369865087194
0.2908739836668547
0.8791345330117833
0.3878754104912536
0.861281706768894
0.4367823204570469
0.3302845701018929
0.37316017627075915
0.2745687385933685
0.822240090615804
0.4152110384915453
0.17586679647389725
0.8667760511758027
0.8219851594074963
0.08637523244924845
0.39746105035421725
0.8481307553560726
0.3992528789712712
0.08637523244924845
0.36002067206374
0.5071371268421705
0.3932147171224243
0.3246141854510764
0.8418122879093658
0.7634303549761802
0.7916484061631612
0.32601532031315
0.2083498333379642
0.8481307553560726
0.6810315792483825
0.8021919046191868
0.4522824299463945
0.8194151668961035
0.37976617322181844
0.5493557213184147
0.8234220450926489
0.21936344639510943
0.8039869072478818
0.36975571609585867
0.8199905904981101
0.7750635247807411
0.7997991169903056
0.7333994245806005
0.8219851594074963
0.3703031024963521
0.37316017627075915
0.15430505929518917
0.30702236920446574
0.7916484061631612
0.3105604810828279
0.36002067206374
0.4367823204570469
0.619597578252752
0.5922750710188286
0.35833382911186556
0.37655099560216376
0.3974227959686916
0.5804593348044345
0.09017937080310842
0.2908739836668547
0.5071371268421705
0.7320372552222291
0.03197680179875422
0.5807957658937867
0.599098058275217
0.6608055586737992
0.41388735984322683
0.7333994245806005
0.15430505929518917
0.2960606194755013
0.7955940239071988
0.3668487499541566
0.7916484061631612
0.3279705000552987
0.7677633754645599
0.21936344639510943
0.7542302312413551
0.599098058275217
0.3406225117124407
0.30764576933521787
0.1608383647193251
0.3105604810828279
0.36975571609585867
0.6938067131662499
0.770009847204217
0.3165597292054347
0.36431718423487486
0.10612388109759227
0.7993947120734286
0.4116053569298696
0.5071371268421705
0.3878754104912536
0.5396777886210877
0.7362101305003944
0.2795617151931942
0.09017937080310842
0.7453802905864878
0.8460958181340245
0.30702236920446574
0.822832459125788
0.4137277672087307
0.22756131962190568
0.3932147171224243
0.31249273157614815
0.7654844919184547
0.3302845701018929
0.40426230446252226
0.6229214703692243
0.7801752252405865
0.3038443328635853
0.4522824299463945
0.3865521711914581
0.8186187012627985
0.3649206346128238
0.828076352146233
0.8186187012627985
0.8465187126234411
0.811636658494463
0.36002067206374
0.36431718423487486
0.8263607642612772
0.3029120133809175
0.3253850204428599
0.32864277556250926
0.32601532031315
0.4412364410706376
0.39606086085057235
0.6229214703692243
0.3877927490455327
0.3638950155222374
0.3488057999722663
0.1678746298614416
0.54905986427007
0.7916484061631612
0.13658079323515482
0.48430189982325217
0.8392269961172752
0.7654844919184547
0.5415787212872271
0.8392269961172752
0.3368577375228261
0.8791345330117833
0.8414988429657888
0.822832459125788
0.30598112444738157
0.3562273081957808
0.7993947120734286
0.8667760511758027
0.8194151668961035
0.2643979618250455
0.10612388109759227
0.41388735984322683
0.40426230446252226
0.06482095766942199
0.3992528789712712
0.828076352146233
0.2643979618250455
0.4116053569298696
0.3562273081957808
0.3649206346128238
0.7634303549761802
0.3635233330857322
0.8218957663718247
0.32864277556250926
0.3105604810828279
0.3434393558658371
0.3776137112156705
0.1608383647193251
0.2812070727135692
0.4116053569298696
0.5071371268421705
0.33749842898416227
0.6938067131662499
0.3105604810828279
0.3649206346128238
0.619597578252752
0.3164366571818032
0.38579974292914915
0.7574356382872788
0.7993947120734286
0.28160215185139825
0.2983718669081212
0.6810315792483825
0.7916484061631612
0.861281706768894
0.5016365274659457
0.25169400459772534
0.7280058119760777
0.15430505929518917
0.36002067206374
0.3494093513518463
0.8414988429657888
0.8392269961172752
0.3246141854510764
0.7955940239071988
0.32488514052094514
0.3668487499541566
0.8380910726930183
0.35833382911186556
0.3785932101455474
0.343359245878369
0.54905986427007
0.3085966111510856
0.2960606194755013
0.7997991169903056
0.6938067131662499
0.3865521711914581
0.28163257023664773
0.808063768727032
0.2960606194755013
0.40102222096211987
0.03197680179875422
0.3668487499541566
0.31066963213416754
0.7750635247807411
0.28160215185139825
0.7995304837555652
0.3246141854510764
0.2981837319970793
0.4367823204570469
0.3029120133809175
0.30702236920446574
0.3038443328635853
0.3434393558658371
0.3494093513518463
0.8465187126234411
0.828076352146233
0.37655099560216376
0.3368577375228261
0.32488514052094514
0.6469795995294542
0.37655099560216376
0.37655099560216376
0.619597578252752
0.29843369865087194
0.7280058119760777
0.3085966111510856
0.15430505929518917
0.08466245543183448
0.7995304837555652
0.5016365274659457
0.31066963213416754
0.3185516752375436
0.3434393558658371
0.811636658494463
