0.3322043418997882
0.3322022517938383
0.7705573662382543
0.3320936999803861
0.770504700758436
0.3322043418997882
0.331161318646394
0.7707671075658595
0.3326616292526468
0.7707054266806048
0.3326616292526468
0.33215074222680596
0.3319345245604185
0.33205304842885236
0.7705715977361245
0.33228872424413547
0.3203724158991356
0.7707333562819162
0.7571673569908395
0.33239149457075107
0.33221978960320553
0.7706441884457288
0.7700117148791689
0.3325027526711428
0.06786215983718613
0.33205304842885236
0.33229845799146185
0.3321845669102245
0.33233075300472
0.3322510159748342
0.3323842271504016
0.33232932575085494
0.7705143889563336
0.3325027526711428
0.7705715977361245
0.7696248828503354
0.3322749871538001
0.771381411998287
0.33233615830588786
0.33211433066597784
0.7702355886074486
0.3322536629329812
0.7704414121273594
0.33214635017133654
0.7701932456860731
0.8026852119582826
0.7700117148791689
0.7707754337433761
0.7705573662382543
0.33233965441990615
0.33262095215863186
0.7705383854746505
0.07273535883025742
0.7707114658128157
0.7689376481263066
0.33263073454138153
0.3321441354063248
0.7705955916752493
0.771023353206933
0.7705573662382543
0.33231118699278295
0.33228998224579537
0.7706276568328032
0.07273535883025742
0.3317437924183071
0.3325345005691776
0.77053968406889
0.06786215983718613
0.7705321679621608
0.7571673569908395
0.7707333562819162
0.3319661740798845
0.7706146420660765
0.33233965441990615
0.33215734927572665
0.33233965441990615
0.33224054570424766
0.3325345005691776
0.33231118699278295
0.7705994789439446
0.3323770611214712
0.3962729093915895
0.7689376481263066
0.3323466466479427
0.33231910720403823
0.33263073454138153
0.3325188133749664
0.3203724158991356
0.7705383854746505
0.7706020202758079
0.33218791333666325
0.3325027526711428
0.3322677523349489
0.7707114658128157
0.33231678383727664
0.3322735201927697
0.7709515288416491
0.3322959582614711
0.7706756776876894
0.3323855088531846
0.07273535883025742
0.7705324137541975
0.771023353206933
0.33225077494706856
0.771381411998287
0.3323869028767619
0.33247777188568073
0.33215074222680596
0.3324053551646052
0.770710716240626
0.3321834260579408
0.33232378122192757
0.33226788005461466
0.7709019089531739
0.33241510511999933
0.3321509816027989
0.3323591270488761
0.33206210899291777
0.3322110417132027
0.33251778930091835
0.7706146420660765
0.33291811770009677
0.3323225533990375
0.3321022155610509
0.31283479904181777
0.7702355886074486
0.33209253153023366
0.3320173393533918
0.331161318646394
0.33206210899291777
0.33202571387248725
0.33211433066597784
0.3322735201927697
0.7706020202758079
0.3323499170045856
0.3321561392194894
0.3322110417132027
0.3321441354063248
0.7707114658128157
0.33229845799146185
0.33213786759424213
0.7706276568328032
0.7706382522640807
0.7706382522640807
0.770504700758436
0.7705562768729005
0.7705143889563336
0.7706276568328032
0.7706092617942081
0.31283479904181777
0.333026081213516
0.7696248828503354
0.7705597733311172
0.7700117148791689
0.3323297477861996
0.3319345245604185
0.3321780557932491
0.3321441354063248
0.33224750070360803
0.3322560510051542
0.7709420676421062
0.3323466466479427
0.3322601685448406
0.7705383854746505
0.332175319886952
0.7707671075658595
0.33251778930091835
0.7707712544358105
0.33217258398065486
0.3323108686186897
0.33231678383727664
0.7705324137541975
0.332298101851428
0.33258546563585734
0.33291811770009677
0.33229981206159503
0.3324815057921917
0.3322560510051542
0.3325188133749664
0.7707333562819162
0.7705143889563336
0.7707637939225725
0.333026081213516
0.7689376481263066
0.7696248828503354
0.3323106377737664
0.33232378122192757
0.770591314629651
0.7707637939225725
0.7705854754705315
0.3331360535350388
0.3323770611214712
0.751365436062275
0.3322749871538001
0.3322022517938383
0.3323189025525879
0.7706333344459192
0.33206210899291777
0.770591314629651
0.770553641417882
0.3320771995988272
0.33262095215863186
0.770504700758436
0.33207046393533446
0.33216270979698004
0.33246070820500473
0.3321509816027989
0.33215734927572665
0.3321520229193011
0.7705143889563336
0.77053968406889
0.3322561607590509
0.33226788005461466
0.770612017749999
0.7701932456860731
0.3962729093915895
0.06786215983718613
0.3323492001748333
0.33205304842885236
0.770557190321522
0.3323283650958382
0.7709144068967817
0.33215330946107996
0.7701932456860731
0.33177679590718434
0.33232378122192757
0.33263073454138153
0.3320936999803861
0.33251778930091835
0.3322510159748342
0.7709019089531739
0.7709420676421062
0.770710716240626
0.3322677523349489
0.3323108686186897
0.3322022517938383
0.33230263003334115
0.33225982516235436
0.7706092617942081
0.3321022155610509
0.751365436062275
0.33251778930091835
0.33229845799146185
0.07273541531059584
0.7707054266806048
0.3331360535350388
0.3320173393533918
0.3323204702689479
0.33215734927572665
0.8026852119582826
