0.33196740974913314
0.33196740972183336
0.07025833211888727
0.7705502852052066
0.3319674097437095
0.3319674097354517
0.331967409711448
0.7705502852052066
0.33196740973294303
0.7705502852052066
0.3319674097296879
0.3319674097254888
0.3319674097398321
0.3319674097251197
0.7705502852052066
0.33196740973899475
0.3287075646486966
0.7705502852052066
0.7571673569908395
0.33196740974913314
0.3319674097344641
0.7705502852052066
0.3319674097213118
0.33196740972577315
0.3319674097164307
0.3319674097213118
0.3319674097256128
0.3319674097354517
0.7705502852052066
0.7705502852052066
0.33196740972577315
0.3319674097333747
0.7705502852052066
0.7705502852052066
0.7705502852052066
0.3319674097202028
0.3319674097262317
0.7705502852052066
0.3319674097320537
0.33196740972280103
0.7705502852052066
0.3319674097555365
0.7705502852052066
0.3319674097389754
0.7705502852052066
0.8026852119582826
0.7705502852052066
0.7705502852052066
0.7705502852052066
0.3319674097320537
0.33196740971922983
0.3319674097220125
0.3319674097251197
0.3319674097254888
0.33196740972022504
0.3319674097275212
0.33196740971126987
0.7705502852052066
0.7705502852052066
0.3319674097203467
0.33196740972632943
0.3319674097409807
0.7705502852052066
0.07025833211888727
0.33196740973064576
0.3319674096880198
0.7705502852052066
0.07025833211888727
0.7705502852052066
0.7571673569908395
0.7705502852052066
0.33196740971201444
0.7705502852052066
0.3319674097300456
0.3319674097238771
0.7705502852052066
0.33196740971333194
0.3319674097241078
0.33196740971929767
0.7705502852052066
0.33196740973244887
0.3962729093915895
0.7705502852052066
0.3319674097410173
0.33196740971922983
0.3319674097155756
0.3319674097220125
0.3287075646486966
0.7705502852052066
0.7705502852052066
0.3319674097124741
0.33196740973287797
0.33196740962109816
0.7705502852052066
0.33196740972183336
0.07025833211888727
0.3319674097561316
0.7705502852052066
0.7705502852052066
0.3319674097300456
0.07025833211888727
0.7705502852052066
0.7705502852052066
0.3319674097428725
0.7705502852052066
0.3319674097203467
0.3319674096880198
0.3319674097364276
0.33196740971333194
0.7705502852052066
0.331967409738038
0.33196740973287797
0.33196740971333194
0.7705502852052066
0.3319674097474909
0.3319674097336295
0.3319674097189246
0.3319674097282325
0.33196740972577315
0.07025833211888727
0.33196740973162003
0.3319674097271882
0.33196740972022504
0.3319674097289084
0.33196740971126987
0.7705502852052066
0.33196740972619004
0.3319674097282325
0.33196740973294303
0.3319674097212286
0.3319674097317312
0.3319674097278062
0.33196740971624056
0.7705502852052066
0.3319674097246797
0.3319674097401623
0.3319674097189246
0.3319674097164307
0.7705502852052066
0.3319674097503005
0.3319674097273775
0.3319674097296879
0.7705502852052066
0.3319674097246797
0.7705502852052066
0.7705502852052066
0.7705502852052066
0.7705502852052066
0.7705502852052066
0.33196740971849237
0.33196740974457617
0.7705502852052066
0.7705502852052066
0.7705502852052066
0.3319674097300456
0.33196740973013256
0.33196740973484634
0.3319674097164307
0.33196740973242367
0.33196740970628213
0.7705502852052066
0.3319674097410173
0.7705502852052066
0.7705502852052066
0.3319674097124741
0.7705502852052066
0.3319674097146262
0.7705502852052066
0.33196740973187544
0.33196740972208233
0.7705502852052066
0.33196740972183336
0.33196740972280103
0.3319674097153864
0.33196740972047123
0.33196740972573013
0.3319674097145748
0.7705502852052066
0.3319674097212286
0.3319674097264767
0.07025833211888727
0.33196740972347044
0.3319674097246797
0.7705502852052066
0.7705502852052066
0.33196740976192207
0.33196740972741023
0.7705502852052066
0.7705502852052066
0.7705502852052066
0.3319674097104594
0.3319674097389754
0.751365436062275
0.3319674097165284
0.3319674097311265
0.3319674097130651
0.7705502852052066
0.33196740971201444
0.7705502852052066
0.7705502852052066
0.33196740973175787
0.3319674097289335
0.7705502852052066
0.33196740971929767
0.3319674097005741
0.33196740971201444
0.3319674097286129
0.3319674097238771
0.3319674096655982
0.33196740972208233
0.7705502852052066
0.3319674097273775
0.3319674097555365
0.7705502852052066
0.7705502852052066
0.3962729093915895
0.07025833211888727
0.33196740972657474
0.33196740972741023
0.33196740971755756
0.3319674097213118
0.7705502852052066
0.7705502852052066
0.33196740971849237
0.3319674097226103
0.33196740972741023
0.33196740973013256
0.3319674097392997
0.33196740974865674
0.33196740972298944
0.7705502852052066
0.7705502852052066
0.7705502852052066
0.3319674097222128
0.33196740973175787
0.33196740972637034
0.33196740962109816
0.3319674097320537
0.3319674097286304
0.3319674097296879
0.751365436062275
0.33196740975850797
0.3319674097437095
0.07025833211888727
0.7705502852052066
0.7705502852052066
0.3319674097317312
0.3319674097208596
0.7705502852052066
0.8026852119582826
