0.10351016935678788
0.7469704781919911
0.42351375364656146
0.10103424793208243
0.7327348819604462
0.3174994997741317
0.21301398332613022
0.907661008612172
0.46323606119743455
0.8668956578934766
0.4251745362211267
0.3174994997741317
0.4139108689725394
0.21301398332613022
0.8402000045460755
0.40524754076196384
0.17837408026112822
0.8667760511758027
0.852425378909727
0.06482095766942199
0.47568239187454303
0.8501656925781209
0.7521144120301223
0.42351375364656146
0.44264599963035745
0.8630170999599546
0.21301398332613022
0.3174994997741317
0.8752368471885971
0.47629300709115246
0.40524754076196384
0.2662227380814653
0.07571198002160723
0.5804593348044345
0.6990564915412354
0.7521144120301223
0.507458326789585
0.8275446953773988
0.17642986138030617
0.466017110672815
0.8263607642612772
0.17837408026112822
0.8402000045460755
0.4428276766665902
0.855908760269446
0.6369004589104047
0.7332568554591951
0.7965276086313499
0.852425378909727
0.4109979839130627
0.3414629490555039
0.7989178966824558
0.3047766523462531
0.10134131834300963
0.41222119482233577
0.8418122879093658
0.3042861915060568
0.5811961261316643
0.5922750710188286
0.42351375364656146
0.1074827265615536
0.36515931279735714
0.5804593348044345
0.09569628617438238
0.31197824348973163
0.5422915239126619
0.624758308994528
0.03197680179875422
0.5811961261316643
0.599098058275217
0.6530630504149492
0.4204516169444478
0.8091174051476727
0.11967362368011207
0.2132319753786235
0.26429807564456875
0.44519265559216414
0.38615925880898644
0.3389048849624016
0.7332568554591951
0.4231870286539634
0.8159034016213648
0.599098058275217
0.3042861915060568
0.3080147745647072
0.145809932964753
0.2373987648597411
0.4428276766665902
0.6709603988286134
0.8184548903671692
0.31197824348973163
0.41222119482233577
0.11967362368011207
0.7989178966824558
0.7469704781919911
0.09569628617438238
0.4496181492133527
0.5803398817203573
0.6530630504149492
0.2132319753786235
0.0739125629285606
0.7513707235894316
0.9135704345930044
0.1722207973770481
0.8262154196744086
0.4139108689725394
0.24346541398193944
0.5077791102634005
0.44519265559216414
0.8091174051476727
0.3112507376471013
0.4037169542509048
0.6709603988286134
0.855908760269446
0.3047766523462531
0.507458326789585
0.504390293176484
0.38615925880898644
0.47568239187454303
0.07035678782716817
0.3446950740978705
0.8418122879093658
0.8386704415004212
0.3510438679251497
0.4100613874294661
0.8263607642612772
0.29543290176205944
0.33943843637671045
0.4641578671551524
0.3439405796058415
0.8501656925781209
0.5422915239126619
0.5748825419098353
0.3342319800765086
0.2811603061944331
0.37336155130181314
0.10134131834300963
0.44264599963035745
0.7989178966824558
0.09380359639605397
0.5803398817203573
0.43863217656960257
0.15009314077781202
0.145809932964753
0.44519265559216414
0.2811603061944331
0.907661008612172
0.8236820273669702
0.8229520731997181
0.43863217656960257
0.466017110672815
0.38615925880898644
0.8667760511758027
0.8275446953773988
0.11967362368011207
0.0785868514787179
0.45744274120808576
0.44264599963035745
0.06482095766942199
0.37336155130181314
0.8241765367579268
0.2662227380814653
0.3414629490555039
0.5077791102634005
0.3637932155163719
0.7513707235894316
0.3635233330857322
0.8175773243971568
0.23526009334263348
0.8229520731997181
0.6572555197883342
0.7469704781919911
0.1744982279962844
0.2373987648597411
0.47629300709115246
0.5132557796502946
0.2760499705754323
0.17837408026112822
0.20475000321803302
0.41222119482233577
0.5815702798098656
0.2736879167423396
0.40930508092928763
0.8221449729399657
0.7521144120301223
0.3342319800765086
0.29543290176205944
0.6990564915412354
0.8235576684971121
0.8668956578934766
0.5922750710188286
0.1942919435857059
0.7280058119760777
0.43863217656960257
0.36613481821568294
0.3909040116408022
0.8236820273669702
0.35345532133481067
0.35345532133481067
0.7144223033498415
0.23526009334263348
0.31766585784503
0.8752368471885971
0.3042861915060568
0.38191923595616295
0.2736879167423396
0.6256179969642045
0.2993353457290883
0.1942919435857059
0.7144223033498415
0.6572555197883342
0.504390293176484
0.1744982279962844
0.8229520731997181
0.3080147745647072
0.4688690224156848
0.03197680179875422
0.4688690224156848
0.2336056495553952
0.8619541494071554
0.3389048849624016
0.8630170999599546
0.35345532133481067
0.36613481821568294
0.42351375364656146
0.29543290176205944
0.2692102333977961
0.25218973466500766
0.2336056495553952
0.3909040116408022
0.8418122879093658
0.8241765367579268
0.26429807564456875
0.7327348819604462
0.3556243108864625
0.5815702798098656
0.2760499705754323
0.14524458306069524
0.466017110672815
0.26429807564456875
0.7280058119760777
0.3047766523462531
0.1074827265615536
0.09569628617438238
0.8630170999599546
0.4109979839130627
0.33943843637671045
0.2336056495553952
0.3510438679251497
0.8386704415004212
