0.22254540065878178
0.726446092351261
0.22254540065878178
0.3395605191771751
0.7362101305003944
0.22254540065878178
0.2804502163545357
0.8660735821082529
0.3878754104912536
0.861281706768894
0.4337352098583293
0.3302845701018929
0.3741620011919512
0.3030830590188236
0.7998077983631752
0.4337352098583293
0.2522514315658251
0.8431108713227287
0.8223762472298229
0.18494832079370357
0.337935894381234
0.8481307553560726
0.3394348572702874
0.3919782829318112
0.7718437107745059
0.7486658595209928
0.32048513171581194
0.762120039222786
0.34887619280145793
0.3219544181157483
0.7989403253811707
0.3394348572702874
0.21781220385738206
0.8481307553560726
0.6810315792483825
0.8021919046191868
0.4522824299463945
0.813367423067362
0.37004873009144146
0.5701180033246318
0.8001401670659388
0.22141291470180852
0.7998077983631752
0.35676106231347093
0.7607666794620759
0.7750635247807411
0.803980518405658
0.7715442397643498
0.8001401670659388
0.3582256031970216
0.3741620011919512
0.803980518405658
0.3302845701018929
0.7718437107745059
0.762120039222786
0.337935894381234
0.35717063578141
0.6234833349239203
0.5701180033246318
0.3566914558832472
0.32995673303391726
0.393595513228118
0.6323958394466361
0.0867868900584948
0.30134291681673897
0.3919782829318112
0.6496902728798619
0.03197680179875422
0.6552682758141564
0.599098058275217
0.7114627989482927
0.3727911972098623
0.726446092351261
0.11415407746385842
0.31750181579419406
0.803980518405658
0.7715442397643498
0.3919782829318112
0.8001401670659388
0.7595956628930985
0.22141291470180852
0.762120039222786
0.599098058275217
0.3600390464685663
0.3370934149299371
0.18915468705607968
0.29971673525830234
0.35676106231347093
0.7045575438421832
0.762120039222786
0.30134291681673897
0.36431718423487486
0.11415407746385842
0.7993947120734286
0.7045575438421832
0.0867868900584948
0.3878754104912536
0.29054599107940365
0.7718437107745059
0.3892270792531065
0.0889113246851551
0.7188381575946284
0.8460958181340245
0.3496717929227626
0.813367423067362
0.3920769612419801
0.22346238300850757
0.3932147171224243
0.31428316646890503
0.7188381575946284
0.3302845701018929
0.350688902605173
0.29971673525830234
0.7989403253811707
0.34449160762876513
0.4522824299463945
0.36744621822624507
0.2879131524279595
0.8226411807648133
0.0867868900584948
0.7607666794620759
0.2879131524279595
0.31897533791729865
0.3515104521491801
0.30478007443567473
0.8235988961100582
0.2879131524279595
0.2804502163545357
0.31463276867000833
0.32048513171581194
0.4442669526950735
0.3569757518432377
0.36744621822624507
0.4322979340562474
0.36646134355226134
0.3562374581311823
0.35129416450462003
0.4820162786571296
0.801740432616997
0.21781220385738206
0.29054599107940365
0.7989403253811707
0.2522514315658251
0.3318797563226789
0.393595513228118
0.36646134355226134
0.8660735821082529
0.8352767150191219
0.7148607508358514
0.30478007443567473
0.3562273081957808
0.393595513228118
0.8431108713227287
0.8078907864974519
0.31158750749622044
0.11415407746385842
0.34887619280145793
0.350688902605173
0.06482095766942199
0.3920769612419801
0.8162092681502408
0.2582737227316363
0.0867868900584948
0.6496902728798619
0.3601726733237712
0.7634303549761802
0.3635233330857322
0.8226411807648133
0.3394348572702874
0.667470059165709
0.7479599991031557
0.36913806700219004
0.2522514315658251
0.3377018989329934
0.4116053569298696
0.4442669526950735
0.3237485070993436
0.6552682758141564
0.29054599107940365
0.34887619280145793
0.667470059165709
0.3030830590188236
0.39603292265323725
0.7574124604649372
0.7993947120734286
0.2977395603889382
0.31428316646890503
0.6810315792483825
0.8078907864974519
0.861281706768894
0.3318797563226789
0.25169400459772534
0.7280058119760777
0.5701180033246318
0.3515104521491801
0.3494093513518463
0.8352767150191219
0.7486658595209928
0.3237485070993436
0.803980518405658
0.3377018989329934
0.3625349031807539
0.7993284883431887
0.39603292265323725
0.35995138859019665
0.3727911972098623
0.4820162786571296
0.3318797563226789
0.3419521496031106
0.40733226353325724
0.7045575438421832
0.36966190001308435
0.2796174503652567
0.7148607508358514
0.35717063578141
0.4492122706263957
0.03197680179875422
0.3565557877128143
0.3538965295531045
0.7750635247807411
0.3892270792531065
0.7486658595209928
0.31509633012588467
0.32048513171581194
0.35788119394730095
0.31374273175791373
0.3127514794692811
0.3569757518432377
0.3538965295531045
0.35995138859019665
0.8431730338925226
0.8265000769989939
0.6552682758141564
0.3305356508480039
0.31158750749622044
0.638755816887356
0.3505118966183998
0.3566914558832472
0.35623238316348155
0.3127514794692811
0.7280058119760777
0.35673991750437045
0.32995673303391726
0.0867868900584948
0.7479599991031557
0.7479599991031557
0.3305356508480039
0.3127514794692811
0.7479599991031557
0.8078907864974519
