0.6902140984484004
0.7141076393916959
0.7093430881131053
0.6942452324790728
0.7093430881131053
0.7113060463032785
0.7334724178812655
0.7039528691835447
0.7252652151406798
0.7154531631149933
0.7207059210645393
0.7135479860888362
0.7406595662684728
0.7171137920227687
0.6563534872714895
0.7224625686265153
0.7039528691835447
0.7199349087119916
0.7059024092515175
0.7251307442113597
0.7807855398003087
0.7198302560802244
0.7141076393916959
0.7216413392140003
0.7076298466202519
0.7109446922982731
0.7194276667194416
0.6807939773229491
0.7105564727984718
0.7200672328989154
0.7099060113686385
0.7154531631149933
0.7133459655730876
0.7091453989711984
0.7251307442113597
0.7528534158758937
0.7133459655730876
0.7224625686265153
0.6937917630674026
0.7079671167538123
0.7179468029573738
0.7174710678034577
0.7309239120588157
0.6942452324790728
0.7294916110852027
0.15930436778382934
0.6954635258987221
0.7110087579927734
0.7179468029573738
0.7207059210645393
0.725721101351701
0.7099060113686385
0.7021522588243777
0.7107153370010932
0.7140669237345372
0.7107874472046561
0.7083280429855403
0.7113060463032785
0.7220098096257147
0.6644350759045244
0.7061152203156419
0.7072820503424876
0.7315790362058952
0.20370470607155747
0.7045717663816866
0.7216413392140003
0.7140669237345372
0.7021522588243777
0.7140716644240817
0.7099310351650994
0.8152184342616423
0.7251307442113597
0.7254073421540758
0.7334724178812655
0.6907805354115227
0.7166347620821147
0.7375882488317834
0.707209948323495
0.6495700333808957
0.7264540082882366
0.6937917630674026
0.6982270154490413
0.7287679040798606
0.7048579567840174
0.7171137920227687
0.7166347620821147
0.7198302560802244
0.6724610801429884
0.7911727465644026
0.7190181460714586
0.7067778820024795
0.1509307798331316
0.7159932238613788
0.7215104982669492
0.7255235165054265
0.7279037306564778
0.750019381184821
0.7195246430671847
0.7129968792023971
0.6895243343313066
0.6563534872714895
0.7418794703011525
0.7113060463032785
0.7168205197157085
0.7195246430671847
0.16518484351466334
0.6845191029504644
0.6386811498347568
0.7175642376665827
0.6871618175333053
0.7095365459966546
0.6905861438985805
0.7437371180964705
0.7333308777481261
0.45715723401249575
0.7264540082882366
0.7406595662684728
0.7107153370010932
0.7247562446210458
0.7172830256417412
0.7154100953653073
0.7238850140558847
0.7140195528219221
0.7175642376665827
0.7298060961208575
0.7734389892042421
0.7184604640124251
0.7107873065257269
0.6563534872714895
0.7147176741610454
0.7186852754980485
0.7133459655730876
0.6938287029329037
0.7874300725240202
0.7333308777481261
0.7254073421540758
0.7860809992031432
0.7221479120214593
0.6919390565228023
0.22958219900542942
0.7147176741610454
0.7046706939096391
0.7279183442305247
0.7305223440772491
0.7300228573935049
0.7093430881131053
0.6081966963288592
0.6604945792016352
0.6973989211614403
0.6845191029504644
0.698714365370365
0.7223061621615857
0.7174710678034577
0.7334724178812655
0.7215104982669492
0.7344153427511576
0.7424556103979412
0.7129968792023971
0.6956848086715542
0.6938287029329037
0.7252652151406798
0.7135479860888362
0.7190181460714586
0.713457342314546
0.2690521438374501
0.7130255186393971
0.7118974932663377
0.6902140984484004
0.7135479860888362
0.7101858909858695
0.7123883886908793
0.7039089006734235
0.6996809635996183
0.7045717663816866
0.7052380001350659
0.7221479120214593
0.7039528691835447
0.7061152203156419
0.7172830256417412
0.7058961974913095
0.7081929211077177
0.7807855398003087
0.7217001898201812
0.7016816531964812
0.7143067012264014
0.7055305788358671
0.747413401108527
0.7278344841262977
0.08464789880022083
0.7093809768529417
0.7171137920227687
0.7418794703011525
0.6713928332964106
0.6942452324790728
0.6922708291015999
0.7220098096257147
0.7238850140558847
0.7045717663816866
0.0662836820358714
0.6087616353258516
0.7016816531964812
0.7406595662684728
0.7375882488317834
0.7059024092515175
0.7145443449238277
0.7207059210645393
0.7090451842190871
0.7528534158758937
0.710691194111036
0.7344153427511576
0.7224625686265153
0.7109156043950239
0.7184659716544558
0.7236790993059086
0.725091049345831
0.7057268809244895
0.7072820503424876
0.7118974932663377
0.7110087579927734
0.6706732863728937
0.7278344841262977
0.7107874472046561
0.7105564727984718
0.7140669237345372
0.7532242326503678
0.7252652151406798
0.13547815727829737
0.8225348288420806
0.7184604640124251
0.7109156043950239
0.7186955369920852
0.7117915146376178
0.7283714958076434
0.7117915146376178
0.7216413392140003
0.7194276667194416
0.7101858909858695
0.35878237543116387
0.6863115975273574
0.7164141676287089
0.7217001898201812
0.7129003386993178
0.6927113173544303
0.8924533346902126
0.7164091402882757
0.7019311008004235
0.7154531631149933
0.9503690748401274
0.7094527829244521
0.7094527829244521
