0.6423370876077057
0.11733962516128865
0.11733962516128865
0.725313053566472
0.7252682241117405
0.6766058564511158
0.7254360153730062
0.5098352139089348
0.7839409303850544
0.5935326949966059
0.14173724869819837
0.7288226218923148
0.17973867289996467
0.13441000591814717
0.7042701297997653
0.8134979183274514
0.7915900298904236
0.7284519721845765
0.3409998894558096
0.7292989309454139
0.7426438190712474
0.6906795176603024
0.7831493549323029
0.7667968503238587
0.15048548877709125
0.9622819608837117
0.7006096417587213
0.15289617096629432
0.7176015974679089
0.7179200814253228
0.7468960125938291
0.5599378855574553
0.7689683903329408
0.18772769300230263
0.7526708543433311
0.7454098649533476
0.662184282266352
0.7002298960777095
0.6619798743688992
0.34810927384807133
0.8024187517673154
0.7667968503238587
0.5628578732266138
0.7106012549037124
0.7831493549323029
0.15930436778382934
0.9622819608837117
0.7156891126499625
0.4697861041125274
0.4318146885529103
0.7176015974679089
0.16961395237620847
0.7252682241117405
0.6423370876077057
0.25585492175454505
0.08515068906018464
0.6648328769372238
0.6766058564511158
0.15595819965613972
0.6395572696249232
0.28763914417884884
0.778359965382216
0.7426438190712474
0.20091981619271784
0.8224453161759113
0.7526708543433311
0.8059440985685016
0.7337442517483064
0.4299256066834789
0.13531998184272365
0.8602637454548215
0.7292989309454139
0.7309078119581846
0.7454098649533476
0.5069707742985035
0.17973867289996467
0.7939931238774289
0.7252682241117405
0.2460855165568444
0.9238169426918073
0.5098352139089348
0.7635264526780489
0.5835952646271394
0.24578086056777626
0.48443375154370105
0.2325830057970325
0.4849713535522805
0.19437624160155276
0.8898989055432233
0.6688500406280471
0.7179200814253228
0.15595819965613972
0.7437087762355238
0.3196877815334407
0.15769794408070947
0.5935326949966059
0.8059440985685016
0.047248631891267885
0.7689683903329408
0.6239103972806667
0.6826299682696438
0.9539357091278495
0.8009958744012023
0.6999305737290112
0.3665017440439743
0.2440726113068334
0.7002298960777095
0.6516012498032182
0.9238169426918073
0.7229820170172723
0.40213047034493254
0.9991521817788352
0.18772769300230263
0.6747352173184833
0.45715723401249575
0.3409998894558096
0.17973867289996467
0.4822209226886969
0.8062451747533949
0.757128210365737
0.5835952646271394
0.3865045041104359
0.16961395237620847
0.7189479720760175
0.6326110873228562
0.9497617293472078
0.8602637454548215
0.1459033600101235
0.5711300762093542
0.1987960852263717
0.7292989309454139
0.9622819608837117
0.8153322681012907
0.22608191145791956
0.4763136272271693
0.6658988252994394
0.8082346148361257
0.5053082215907199
0.6919390565228023
0.22958219900542942
0.43876033406171966
0.9527756873436393
0.7006096417587213
0.6906795176603024
0.7337442517483064
0.6934082378577441
0.6081966963288592
0.5301831267385845
0.6826299682696438
0.8082192200266701
0.7176015974679089
0.6717701531630103
0.7535592662760386
0.3156175791268881
0.6811291392428955
0.7194403112392175
0.08419376154548605
0.19437624160155276
0.689296896177041
0.16707779879170326
0.7839409303850544
0.5069707742985035
0.18772769300230263
0.7468960125938291
0.2690521438374501
0.5457015908312025
0.0662836820358714
0.18859511966236908
0.7179200814253228
0.6638791686081774
0.6766058564511158
0.7156891126499625
0.6619798743688992
0.6389649693632491
0.6881063373390081
0.44867426583067066
0.7915900298904236
0.12435131654898103
0.7831493549323029
0.5375672938525549
0.7689683903329408
0.5835952646271394
0.7254360153730062
0.2440726113068334
0.2701953705148451
0.02561338502726651
0.7903559269596107
0.731607999357174
0.08464789880022083
0.6658988252994394
0.8024187517673154
0.11733962516128865
0.35715246938749845
0.7915900298904236
0.37870014781550154
0.08419376154548605
0.8611287272991069
0.4491705475808455
0.0662836820358714
0.5098352139089348
0.11260355378851294
0.15930436778382934
0.7823923874776356
0.7262311315478118
0.7336258143522696
0.8261498436266714
0.3156175791268881
0.8263729364324547
0.9770014168348391
0.3559880422937052
0.780595579626984
0.2898099820041097
0.5624443060029942
0.1987960852263717
0.6130954132415859
0.7172462163937426
0.7637872745090668
0.2928843303710531
0.612066464264228
0.6585361524630945
0.7530026293719262
0.08219372877829456
0.6619798743688992
0.7254360153730062
0.7731231159184148
0.6403311897649184
0.49814438899162566
0.8611287272991069
0.6648328769372238
0.25585492175454505
0.7635264526780489
0.6648328769372238
0.46701272342629185
0.047248631891267885
0.8259867745679715
0.44867426583067066
0.15048548877709125
0.28763914417884884
0.10425494819792548
0.7189479720760175
0.6446310920896983
0.7106012549037124
0.7437087762355238
0.8309709602525757
0.778359965382216
0.6670273797954454
0.13441000591814717
0.9503690748401274
0.3037882259340752
0.704240403452493
