0.7152885370381368
0.7153012059174301
0.7153112519268756
0.7157942505436092
0.7153972447515495
0.7153956030372391
0.715371226861978
0.7152642652707826
0.7153943098019587
0.7153782801112563
0.7156063402912944
0.7153458610062962
0.71529209407603
0.7153953257118518
0.7154404135036444
0.7154232754167134
0.7153831281404321
0.7153666107321331
0.715376697968057
0.7153750576266996
0.7153730193006331
0.7155384126116949
0.7154412624126963
0.7153719583711903
0.7154424753328869
0.7153247765773657
0.7155688117844942
0.7153230424669714
0.7153418444774015
0.715470328314051
0.7153245041007912
0.7153654070365209
0.7153418444774015
0.7153600086416062
0.7153075209531891
0.7153248253235746
0.7153588495647543
0.7154077530118154
0.7153012059174301
0.7154230458074168
0.7155489645489745
0.7153719583711903
0.71549605440357
0.7153495821719917
0.7152603134571387
0.7153613191671062
0.7154829300612651
0.7153112519268756
0.7152782746250902
0.7156063402912944
0.7155562251087586
0.7153112519268756
0.7153842064778067
0.7152251520408338
0.7153573441134126
0.715470328314051
0.7154212265728508
0.7153720104660176
0.7154118446846195
0.7155281267327407
0.7155294963680121
0.7153841503349798
0.7152660524128174
0.7153720104660176
0.71540701580579
0.715254035248603
0.7153573441134126
0.7152944234551664
0.7153972447515495
0.7152921683568807
0.7162624359667177
0.7153055094163907
0.7153654070365209
0.7153953257118518
0.715376697968057
0.715332769562235
0.7154412624126963
0.7153574540124313
0.7153060350573556
0.7152912663242197
0.7152691275214211
0.7153247765773657
0.7153336326071457
0.7154100192410343
0.7153574540124313
0.7154212265728508
0.7167156818012012
0.7153206706014837
0.7154068755062225
0.7153392531561464
0.7152990874957282
0.7155562251087586
0.715349150790443
0.7154203405025449
0.715371226861978
0.7154230458074168
0.7156143503737284
0.7152967281943604
0.7153702204309261
0.7152921683568807
0.7153075209531891
0.7153248253235746
0.7152036892895128
0.7153573441134126
0.7152251520408338
0.71540701580579
0.7154077530118154
0.715391436841179
0.7153377300741918
0.7153057822020532
0.715327401317917
0.7152550542661127
0.7153469231369596
0.7155769698370965
0.7153967953336137
0.7154837066693011
0.7147712433908033
0.7153206592362817
0.7153709198438838
0.7151167894431639
0.7147352088982433
0.7152990874957282
0.715379587346568
0.7155257230426385
0.7153397359844238
0.7153520067794914
0.7155384126116949
0.7155489645489745
0.7154173824268257
0.7155292597475982
0.7154232725477914
0.7155384126116949
0.7153495821719917
0.7152790011468095
0.7155281267327407
0.7147940337251558
0.7153842523601285
0.7153943098019587
0.7153145036258466
0.7153588495647543
0.7153015218035467
0.7155221519823196
0.7154849126047466
0.7154990369812287
0.7156495700552203
0.7153075209531891
0.7152832877031262
0.7153458610062962
0.715316504823495
0.7154232754167134
0.7153469231369596
0.7154849126047466
0.7152693407019346
0.7154404135036444
0.7154203405025449
0.7153032844760915
0.7152912663242197
0.7154404135036444
0.7152693407019346
0.715371226861978
0.7152832877031262
0.7153943098019587
0.7153600086416062
0.7154990369812287
0.7154829300612651
0.7152967281943604
0.7153520449125579
0.7153060350573556
0.7153342748030913
0.7153935897943905
0.7152782746250902
0.7150362509744549
0.7152206474147537
0.7153742893876432
0.7153230424669714
0.7153773789513892
0.7152642652707826
0.7152603134571387
0.7153613191671062
0.7153972447515495
0.7147352088982433
0.7153336326071457
0.715323661233407
0.7153719583711903
0.7153918583972464
0.7154424753328869
0.7153330103647778
0.7153520067794914
0.7155390780615183
0.7153845573570966
0.7154953135160075
0.7154291984738747
0.7153401640514553
0.7153498666170321
0.7156882244493649
0.7152642652707826
0.7153845573570966
0.715500743014099
0.7158138231647845
0.7153304242518717
0.7153036163905605
0.7153249921632264
0.7153588495647543
0.7154322302614601
0.7152439720381307
0.7151809834323387
0.7152885370381368
0.7153750576266996
0.7157054103691664
0.7152551226962739
0.7154437950364683
0.7153692222840794
0.715258396136376
0.7153061070742092
0.7152206474147537
0.7153666107321331
0.715391436841179
0.715500743014099
0.715332769562235
0.7156929642276543
0.7152410813790214
0.7152672722274515
0.7153418444774015
0.7156591375008198
0.7153407209951578
0.7153222843266032
0.7152672722274515
0.7152790011468095
0.7152755401748541
0.7153514954065533
0.7150820069461954
0.71532501271381
0.7167156818012012
0.7152618540948379
0.7153353680043048
0.7155688117844942
0.7151849424122873
0.7153953257118518
0.7153443089595889
0.7151940573870555
0.7153666107321331
0.7154424753328869
0.7153842064778067
0.7153207322622829
0.7153263289664616
0.7152628957897827
0.7152699079393813
0.715379587346568
0.7153860570671147
0.7152335085531464
