0.13127098575444857
0.14067482882836713
0.4488456886289618
0.6743679536978213
0.5767911942251255
0.8736294795578424
0.36051219362144143
0.4036228480715883
0.6746564470002643
0.6746564470002643
0.5779669924472435
0.8398650546697619
0.13127098575445
0.3430177016245567
0.44520649361359477
0.46129289670560514
0.8166507630843627
0.4036228480715883
0.12449585523938056
0.25440662655428026
0.4488456886289618
0.5429004807990783
0.09361580539225933
0.76640502338039
0.7888126779276883
0.4036228480715883
0.09361580539225933
0.5800026639957345
0.12409877124126095
0.12466114602455992
0.8450813524522574
0.09361580539225933
0.8450813524522574
0.8451288268480264
0.07759103333921728
0.14067482882836713
0.7282553867367574
0.7888126779276883
0.12434761458123869
0.9740463882932568
0.42787212776005623
0.5779669924472435
0.2728700410902978
0.8538342571256627
0.33942861018436465
0.4866899498361952
0.12057003210084713
0.3520451562387481
0.09361580539225933
0.6743679536978213
0.4488456886289618
0.8538342571256627
0.7337366730265122
0.8620697675151212
0.12453593219674368
0.1241005915681016
0.588715700091855
0.7282553867367574
0.37850504679108077
0.37850504679108077
0.44520649361359477
0.6698748067268909
0.42787212776005623
0.6524966526376794
0.6256488243821389
0.3488814761106357
0.3520451562387481
0.8603635691138452
0.6014829032467097
0.5829481894401084
0.7539784471142448
0.5829481894691299
0.4866899498361952
0.49948368428259055
0.8480111109510138
0.6014829032467097
0.12449980096440932
0.39736480533236784
0.7140045396811485
0.5779669924472435
0.4886107557972891
0.194244165789223
0.17593944808966935
0.8003729822864302
0.12427860468846988
0.7337366730265122
0.5429004807990783
0.11643138108024692
0.46129289670560514
0.7282553867367574
0.3430177016245567
0.5911561815281625
0.46129289670560514
0.7140045396811485
0.5779669924472435
0.5860214279123688
0.5829481894424595
0.6524966526376794
0.4036228480715883
0.5878638099517336
0.6298787974634485
0.7417294390017901
0.7539784471142448
0.09361580539225933
0.7360707408144289
0.1243249842223681
0.8003729822864302
0.366378709780696
0.8603635691138452
0.7417294390017901
0.6256488243821389
0.7612036943892002
0.1244072808943944
0.1243249842223681
0.6447749462774099
0.4573729312976963
0.7888126779276883
0.11643138108024692
0.76640502338039
0.12427860468846988
0.3430177016245567
0.13686781267495884
0.5779669924472435
0.4036228480715883
0.8776870305694221
0.12440213403471423
0.5767911942251255
0.13686781267495884
0.7417294390017901
0.4886107557972891
0.6395335010585446
0.6447749462774099
0.7612036943892002
0.8450338780564881
0.4106221408064399
0.1165942724458514
0.6179050092420668
0.3430177016245567
0.5218596817193948
0.7282553867367574
0.25440662655428026
0.5779669924472435
0.6298787974634485
0.6179050092420668
0.6743679536978213
0.5779669924472435
0.194244165789223
0.6179050092420668
0.36051219362144143
0.8166507630843627
0.4106221408064399
0.4573729312976963
0.8450338780564881
0.09361580539225933
0.4866899498361952
0.12409877124126095
0.3488814761106357
0.5218596817193948
0.8240194886721119
0.11568083847191096
0.5878638099517336
0.5175610130075754
0.7360707408144289
0.13127098575445095
0.12440213403471423
0.4886107557972891
0.5829481894401084
0.8668664113359438
0.8240194886721119
0.12434761458123869
0.11772059379760612
0.8398650546697619
0.12057003210084713
0.8166507630843627
0.11568083847191096
0.41459603710472476
0.13686781267495884
0.791932081965053
0.1244072808943944
0.25440662655428026
0.8603635691138452
0.1165942724458514
0.5175610130075754
0.5458440899246078
0.8213295223919439
0.41459603710472476
0.4886107557972891
0.37850504679108077
0.791932081965053
0.5911561815281625
0.7417294390017901
0.09361580539225933
0.17593944808966935
0.6698748067268909
0.6743679536978213
0.3520451562387481
0.39736480533236784
0.7360707408144289
0.33942861018436465
0.5829481893943353
0.5825595164228183
0.12448754810427493
0.5800026639957345
0.8213295223919439
0.8668664113359438
0.5829481893943353
0.5860214279123688
0.11772059379760612
0.9740463882932568
0.49948368428259055
0.5458440899246078
0.5825595164228183
0.2728700410902978
0.8736294795578424
0.12449585523938056
0.13686781267495884
0.8480111109510138
0.12432522434860012
0.13686781267495884
0.8620697675151212
0.588715700091855
0.07759103333921728
0.33942861018436465
0.3488814761106357
0.13127098575444932
0.5458440899246078
0.8620697675151212
0.7888126779276883
0.44520649361359477
0.13127098575445
0.6395335010585446
0.12453593219674368
0.7888126779276883
0.8776870305694221
0.12449367453434212
0.791932081965053
0.42787212776005623
0.20139579066296304
0.5829481894691299
0.20139579066296304
0.5779669924472435
0.8451288268480264
0.25440662655428026
0.588715700091855
0.366378709780696
0.1241005915681016
0.7282553867367574
0.3520451562387481
0.25440662655428026
0.194244165789223
