0.30947937338651343
0.10724616402345877
0.32485177335053533
0.8278130290431185
0.6300541770666143
0.8905932990801342
0.32485177335053533
0.5007411360425069
0.7752066890745613
0.6179457083455598
0.594621549774111
0.7853480529042193
0.08095876400489048
0.3339934011607867
0.40870787791504937
0.46732965181908326
0.7853480529042193
0.3545327173691445
0.108037141709356
0.16872691924606759
0.4464789466535646
0.4997678384109332
0.0728022081682114
0.8321978447348557
0.7613712572734761
0.40870787791504937
0.09141427080728104
0.7051246405743826
0.04073990935389192
0.11185828706927303
0.8407091199304082
0.01269962107490763
0.8489375082590024
0.781978625939743
0.018577485403517932
0.11807734781654752
0.7887570781610405
0.7833315939107797
0.07287434494223922
0.9740463882932568
0.515479701485167
0.7364538766936626
0.20283355450626228
0.8407091199304082
0.3198777622047748
0.4976170308347739
0.18069776543837496
0.44026709363272876
0.13717117506637916
0.8407083921209337
0.3049886317944245
0.8807095535872477
0.7408813459794281
0.639374460650314
0.03008298702774563
0.08616859554678274
0.45464524128063216
0.7032836312034245
0.21720604816123779
0.40868269443025496
0.49839414881126276
0.8489375082590024
0.515479701485167
0.5367736577462711
0.6772215977321568
0.3761711469156451
0.3612811304273144
0.8798031206718275
0.7032836312034245
0.5662288985675034
0.8905932990801342
0.6304763670062492
0.4976170308347739
0.48390935058931517
0.9242698874093236
0.41924719843372626
0.11064985154695796
0.4087579233967666
0.5736369545762232
0.6680880727586539
0.5367736577462711
0.16872691924606759
0.11807734781654752
0.8278130290431185
0.14035452684585453
0.8404734847614921
0.6179457083455598
0.13000457390267806
0.3545327173691445
0.6244719203372764
0.4087579233967666
0.7335207087379697
0.5007411360425069
0.7887570781610405
0.5736369545762232
0.49873993593289556
0.5287871000599551
0.7762228716038435
0.46732965181908326
0.6770738632312531
0.6039326448838406
0.766443336238373
0.6772215977321568
0.01269962107490763
0.764267305206088
0.10908881400246417
0.9370834234311545
0.36621202394310215
0.8798031206718275
0.6681558110864452
0.8391096786667149
0.9309987569769974
0.187763254486511
0.1092497190887155
0.6434563018536722
0.5287871000599551
0.8995924876589294
0.18069776543837496
0.4464789466535646
0.018577485403517932
0.3049886317944245
0.28247502476038777
0.5852405512919785
0.6039326448838406
0.9084358414956546
0.14035452684585453
0.6499795302109989
0.19244839027050564
0.7062505105973349
0.43126270719082127
0.7051246405743826
0.5797585312438827
0.8383230284620046
0.928926383017082
0.44026709363272876
0.05410599402093619
0.9370834234311545
0.3339934011607867
0.5534658999431471
0.6366741993299717
0.1275067257372195
0.5852405512919785
0.6499795302109989
0.53160450822761
0.6158075319167238
0.49855098780889684
0.2754570330116713
0.5737272392085756
0.43630544030986235
0.8321978447348557
0.333680557611429
0.3052381706674932
0.928926383017082
0.07287434494223922
0.5006523690763821
0.13434790232743868
0.3761711469156451
0.41924888133143445
0.8404734847614921
0.089682854137486
0.6376701474921342
0.4279088432316692
0.7752066890745613
0.19244839027050564
0.12762121159360185
0.34823996248395156
0.6003338486970456
0.9561112725936771
0.7062505105973349
0.1977444553817752
0.13668645855135358
0.8888603536586924
0.11416197507732789
0.7912326704124284
0.089682854137486
0.4279088432316692
0.20283355450626228
0.9309987569769974
0.04073990935389192
0.187763254486511
0.8391096786667149
0.21720604816123779
0.36621202394310215
0.6366741993299717
0.6244719203372764
0.3414315307915121
0.4327765519967401
0.29975362670312744
0.8383230284620046
0.43630544030986235
0.6681558110864452
0.0728022081682114
0.1977444553817752
0.5534658999431471
0.6434563018536722
0.2165283502571505
0.29975362670312744
0.764267305206088
0.2700175676954208
0.5689388329967294
0.6158075319167238
0.03008298702774563
0.5662288985675034
0.7762228716038435
0.7695296097387254
0.49855098780889684
0.7408813459794281
0.11064985154695796
0.9740463882932568
0.2749121570102123
0.5597763360186871
0.5689388329967294
0.45464524128063216
0.8995924876589294
0.2749121570102123
0.08616859554678274
0.9242698874093236
0.1092497190887155
0.30947937338651343
0.9281815918559237
0.4997678384109332
0.16851623456884562
0.34823996248395156
0.28247502476038777
0.08095876400489048
0.5597763360186871
0.8807095535872477
0.7613712572734761
0.6133543882008683
0.13668645855135358
0.6457820200442533
0.108037141709356
0.766443336238373
0.9561112725936771
0.03579318808018922
0.7695296097387254
0.3222965445125213
0.20902270839937243
0.6304763670062492
0.20902270839937243
0.594621549774111
0.781978625939743
0.43126270719082127
0.6003338486970456
0.3414315307915121
0.13434790232743868
0.6376701474921342
0.3612811304273144
0.1275067257372195
0.03579318808018922
