0.30947937338651343
0.1212979219417629
0.3240532643386559
0.8278130290431185
0.6303180457788861
0.8962177919418812
0.323973413437468
0.5007116626357858
0.7752066890745613
0.6179457083455598
0.594621549774111
0.7845379119561776
0.10548166895378427
0.33388952732603905
0.4086996145841012
0.46732965181908326
0.7864141368072508
0.3545327173691445
0.11033395422234546
0.16872691924606759
0.4464789466535646
0.4997678384109332
0.0728315137326602
0.8321978447348557
0.7613712572734761
0.4086996145841012
0.09027802861772805
0.7051246405743826
0.04073990935389192
0.110713318560311
0.8407088775641673
0.01269962107490763
0.8489375082590024
0.7824278535863762
0.018577485403517932
0.11807734781654752
0.7887570781610405
0.7824331386175132
0.07690753737681139
0.9740463882932568
0.515479701485167
0.6550602279574382
0.20283355450626228
0.8407088772087916
0.29494766495009783
0.4976170308347739
0.18069776543837496
0.44026709363272876
0.13684929300562
0.8407088772087916
0.30507051173715016
0.8807095535872477
0.7408813459794281
0.6382733170306835
0.03008298702774563
0.08616859554678274
0.4692772959349737
0.7032836312034245
0.2169942675662105
0.4086992210921513
0.4985614801788658
0.8489375082590024
0.4707459987124136
0.5367736577462711
0.6771754307006244
0.3761711469156451
0.3612811304273144
0.8798031206718275
0.7032836312034245
0.5662288985675034
0.9233522858369057
0.6303444326501133
0.4976170308347739
0.4692772959349737
0.9242698874093236
0.4226301679111203
0.11064985154695796
0.354255775049947
0.5736672845699041
0.6681219419225495
0.5367736577462711
0.1686215769074566
0.11807734781654752
0.8278130290431185
0.14035452684585453
0.8404734847614921
0.6179457083455598
0.10548166895378427
0.3545327173691445
0.6244719203372764
0.3128549174219858
0.7053434530161438
0.5007116626357858
0.7887570781610405
0.6550602279574382
0.49856784307572083
0.5287871000599551
0.7785041669289374
0.46732965181908326
0.7053434530161438
0.6039326448838406
0.766443336238373
0.6771754307006244
0.01269962107490763
0.764267305206088
0.10885004693847561
0.9210718572957666
0.36621202394310215
0.8798031206718275
0.6681388765044973
0.8391096786667149
0.9301183928766619
0.187763254486511
0.10885004693847561
0.6116074165487775
0.5287871000599551
0.8967802412280559
0.18069776543837496
0.4464789466535646
0.018577485403517932
0.305072461259596
0.28247502476038777
0.5852405512919785
0.6039326448838406
0.9322735570446659
0.14035452684585453
0.6485858256634467
0.19244839027050564
0.7062505105973349
0.43126270719082127
0.7051246405743826
0.6116074165487775
0.8383230284620046
0.928926383017082
0.44026709363272876
0.09422694817418743
0.9210718572957666
0.33388952732603905
0.5425352040853786
0.6382733170306835
0.12754485042181557
0.5852405512919785
0.6485858256634467
0.5425352040853786
0.6149900169821185
0.4985614801788658
0.27509413708101216
0.5736672845699041
0.43630544030986235
0.8321978447348557
0.3338883052809244
0.305072461259596
0.928926383017082
0.07283264086975438
0.5007113158898244
0.1212979219417629
0.3761711469156451
0.4226301679111203
0.8404734847614921
0.0902509752322625
0.6374211604515936
0.4279088432316692
0.7752066890745613
0.19244839027050564
0.1275449622244097
0.34823996248395156
0.6003338486970456
0.9233522858369057
0.7062505105973349
0.1977444553817752
0.13684739958173317
0.9208834859294679
0.11033395422234546
0.7864141368072508
0.0902509752322625
0.4279088432316692
0.20283355450626228
0.9301183928766619
0.04073990935389192
0.187763254486511
0.8391096786667149
0.2169942675662105
0.36621202394310215
0.640065250591822
0.6244719203372764
0.3414315307915121
0.4707459987124136
0.37719943399187983
0.8383230284620046
0.43630544030986235
0.6681388765044973
0.07283264086975438
0.1977444553817752
0.5534658999431471
0.640065250591822
0.3128549174219858
0.354255775049947
0.764267305206088
0.29494766495009783
0.5689388329967294
0.6149897175260985
0.03008298702774563
0.5662288985675034
0.7785041669289374
0.7695296097387254
0.4985452569284995
0.7408813459794281
0.11064985154695796
0.9740463882932568
0.2750930728700718
0.5597763360186871
0.5689388329967294
0.37719943399187983
0.8967802412280559
0.27509413708101216
0.08616859554678274
0.9242698874093236
0.1088863807703156
0.30947937338651343
0.9299423200565947
0.4997678384109332
0.1686215769074566
0.34823996248395156
0.28247502476038777
0.07690753737681139
0.5597763360186871
0.8807095535872477
0.7613712572734761
0.6149897175260985
0.13684739958173317
0.6485694291393579
0.110713318560311
0.766443336238373
0.9322735570446659
0.03579318808018922
0.7695296097387254
0.323973413437468
0.20902270839937243
0.6303444326501133
0.20902270839937243
0.594621549774111
0.7824278535863762
0.43126270719082127
0.6003338486970456
0.3414315307915121
0.09422694817418743
0.6374211604515936
0.3612811304273144
0.12754485042181557
0.03579318808018922
