0.30947937338651343
0.1212979219417629
0.3242129661410318
0.8278130290431185
0.6303180457788861
0.8950928933695318
0.3242129661410318
0.5007120093817472
0.7752066890745613
0.6179457083455598
0.594621549774111
0.7845379119561776
0.10548166895378427
0.33389563755161245
0.40870158204385076
0.46732965181908326
0.7845379119561776
0.3545327173691445
0.11033395422234546
0.16872691924606759
0.4464789466535646
0.4997678384109332
0.07282024236171836
0.8321978447348557
0.7613712572734761
0.40869843410825146
0.09054856247238352
0.7051246405743826
0.04073990935389192
0.110713318560311
0.8407089379780396
0.01269962107490763
0.8489375082590024
0.7824014284306919
0.018577485403517932
0.11807734781654752
0.7887570781610405
0.7824859889288818
0.07285631074873228
0.9740463882932568
0.515479701485167
0.7364538766936626
0.20283355450626228
0.8407088470018553
0.29494766495009783
0.4976170308347739
0.18069776543837496
0.44026709363272876
0.13686822724448816
0.8407088470018553
0.30506661269225843
0.8807095535872477
0.7408813459794281
0.6382733170306835
0.03008298702774563
0.08616859554678274
0.4692772959349737
0.7032836312034245
0.2169942675662105
0.40869843410825146
0.49855511728201085
0.8489375082590024
0.515479701485167
0.5367736577462711
0.6771754307006244
0.3761711469156451
0.3612811304273144
0.8798031206718275
0.7032836312034245
0.5662288985675034
0.9233522858369057
0.6303708195213404
0.4976170308347739
0.4692772959349737
0.9242698874093236
0.4226301679111203
0.11064985154695796
0.354255775049947
0.5736679899185944
0.6681219419225495
0.5367736577462711
0.16872691924606759
0.11807734781654752
0.8278130290431185
0.14035452684585453
0.8404734847614921
0.6179457083455598
0.10548166895378427
0.3545327173691445
0.6244719203372764
0.3128549174219858
0.7053434530161438
0.5007120093817472
0.7887570781610405
0.5736651685238334
0.49859042922294217
0.5287871000599551
0.7785041669289374
0.46732965181908326
0.7053434530161438
0.6039326448838406
0.766443336238373
0.6771754307006244
0.01269962107490763
0.764267305206088
0.10881371310663562
0.9189997722664811
0.36621202394310215
0.8798031206718275
0.6681219419225495
0.8391096786667149
0.9302944656967289
0.187763254486511
0.10881371310663562
0.6116074165487775
0.5287871000599551
0.8995924876589294
0.18069776543837496
0.4464789466535646
0.018577485403517932
0.30507441078204184
0.28247502476038777
0.5852405512919785
0.6039326448838406
0.9322735570446659
0.14035452684585453
0.6486678082838909
0.19244839027050564
0.7062505105973349
0.43126270719082127
0.7051246405743826
0.6116074165487775
0.8383230284620046
0.928926383017082
0.44026709363272876
0.09422694817418743
0.9250276559880389
0.33389563755161245
0.5534658999431471
0.6382733170306835
0.12754473861922144
0.5852405512919785
0.6485366360911802
0.53160450822761
0.6150025941349586
0.49855511728201085
0.2750994581357139
0.5736679899185944
0.43630544030986235
0.8321978447348557
0.3338760848297776
0.30507441078204184
0.928926383017082
0.07285631074873228
0.5007106223979015
0.1212979219417629
0.3761711469156451
0.4226301679111203
0.8404734847614921
0.09011570830493476
0.6374211604515936
0.4279088432316692
0.7752066890745613
0.19244839027050564
0.12754518582959792
0.34823996248395156
0.6003338486970456
0.9233522858369057
0.7062505105973349
0.1977444553817752
0.13686822724448816
0.9189997722664811
0.11033395422234546
0.7882903616583239
0.09011570830493476
0.4279088432316692
0.20283355450626228
0.9302944656967289
0.04073990935389192
0.187763254486511
0.8391096786667149
0.2169942675662105
0.36621202394310215
0.640065250591822
0.6244719203372764
0.3414315307915121
0.4260122959396602
0.37719943399187983
0.8383230284620046
0.43630544030986235
0.6681558110864452
0.07282024236171836
0.1977444553817752
0.5534658999431471
0.640065250591822
0.3128549174219858
0.354255775049947
0.764267305206088
0.29494766495009783
0.5689388329967294
0.6149834289496785
0.03008298702774563
0.5662288985675034
0.7785041669289374
0.7695296097387254
0.49853539657498813
0.7408813459794281
0.11064985154695796
0.9740463882932568
0.2750824307606683
0.5597763360186871
0.5689388329967294
0.37719943399187983
0.8950928933695318
0.2750994581357139
0.08616859554678274
0.9242698874093236
0.10895904843399558
0.30947937338651343
0.9295901744164605
0.4997678384109332
0.16851623456884562
0.34823996248395156
0.28247502476038777
0.08095876400489048
0.5597763360186871
0.8807095535872477
0.7613712572734761
0.6149834289496785
0.13680763768010998
0.6485366360911802
0.110713318560311
0.766443336238373
0.9322735570446659
0.03579318808018922
0.7695296097387254
0.3235741589315283
0.20902270839937243
0.6303180457788861
0.20902270839937243
0.594621549774111
0.7824014284306919
0.43126270719082127
0.6003338486970456
0.3414315307915121
0.09422694817418743
0.6374211604515936
0.3612811304273144
0.12754473861922144
0.03579318808018922
