0.17573208523050754
0.3180648096145761
0.7776516058791405
0.5351849222945231
0.3007745922978299
0.9796467471923546
0.3691497763884897
0.8635620972518268
0.27772154072236444
0.28182002772061265
0.114075211011435
0.3565663227144258
0.7703511921440559
0.822664994614674
0.4875747629465746
0.489434083847028
0.9217457158744458
0.10290398824792352
0.5285532695952477
0.20249312210863474
0.11403200811624223
0.15282953988543424
0.19113689095117126
0.5617316911293282
0.6058901791133282
0.8527175839504044
0.05811509732610194
0.7951524637951688
0.7819460606546755
0.11894650495550985
0.21688978556022354
0.5384251521328202
0.4948471570053211
0.7723973647387721
0.7950803532935348
0.4633158395150483
0.15644353477721967
0.10520944805720903
0.475279129571637
0.37623673001720004
0.4664902970025715
0.5735383630692946
0.8501775254341793
0.3265025600161544
0.21324196753664873
0.3818169254787078
0.6041297562810902
0.21369130172218853
0.7177972263255932
0.23614834904872056
0.5518880099630528
0.820390188238834
0.7991968555141304
0.22586580291444847
0.1619124259258445
0.5134186413014165
0.58745352637173
0.38860330288471145
0.12211708918367764
0.8009815832216958
0.11707426216623189
0.25142568358548645
0.5268359551324441
0.8527175839504044
0.49997270524799836
0.5278141355353834
0.7806355130088742
0.1961566038874824
0.3818169254787078
0.4620124949668623
0.4509564726986091
0.06898376202643292
0.5464284443495123
0.32183122914012985
0.5372055175945236
0.3723852482693626
0.31876347531206434
0.5909505427249635
0.5155590338870466
0.5278141355353834
0.21324196753664873
0.818577210767556
0.3249866879229163
0.15511493506167007
0.7790102881760244
0.46485126910306784
0.5817161747722279
0.37034696257008826
0.28181104345207714
0.8598420118372201
0.863833718872158
0.7703511921440559
0.7608732922793078
0.4664902970025715
0.5006795225288367
0.05811509732610194
0.5351849222945231
0.3007745922978299
0.7640408395428289
0.08230266267986427
0.1932430033459723
0.5268359551324441
0.32183122914012985
0.489434083847028
0.19113689095117126
0.8628490654356709
0.1516073666990732
0.7054880270504188
0.4961350912436355
0.4168567709835882
0.5093513653147121
0.8643466658865043
0.42973991674655976
0.1516073666990732
0.8369668919834249
0.822664994614674
0.19881185854300437
0.4620124949668623
0.12909499091465637
0.13888005662520148
0.46068562445886413
0.8813500179047922
0.5675842569901812
0.3736707970692065
0.3199744167683761
0.43266133216010794
0.5601516109178509
0.25246667639956893
0.3284688416938587
0.47240971314368
0.7772521673010667
0.5279885739746573
0.34452497850100405
0.20249312210863474
0.5235685406946557
0.46007314225815044
0.22454939086497694
0.15282953988543424
0.5181394597111333
0.8530350768306195
0.7611570133762474
0.43852825075483237
0.863833718872158
0.46007314225815044
0.7611570133762474
0.21688978556022354
0.5554999423131286
0.20914716760725238
0.7899062520532758
0.1676139875080562
0.5645057795366937
0.14382785640358245
0.4485259544193524
0.49748867626473436
0.4875747629465746
0.045561876678591906
0.16193661582696767
0.478304899505289
0.5093513653147121
0.6161646798067761
0.8309838413271349
0.10420983296144218
0.7640408395428289
0.7856740214032206
0.8168315002957671
0.8624185193106964
0.7819460606546755
0.4964801667866774
0.34452497850100405
0.1280988187888789
0.1961566038874824
0.3972902307696839
0.44438672575487914
0.49884589409135166
0.5384251521328202
0.7845181144496365
0.9096993032871897
0.9796467471923546
0.21595546566089924
0.3972902307696839
0.8570551526466327
0.43807475986276656
0.7991968555141304
0.13888005662520148
0.7786664689038603
0.26711905427835575
0.8624185193106964
0.157543842256127
0.18328627057316715
0.3265025600161544
0.44188280193575236
0.8013455695877179
0.13387037295668322
0.5285532695952477
0.5797154286183659
0.386481673879269
0.7839214371982364
0.27621802348082847
0.475279129571637
0.4964801667866774
0.17573208523050754
0.11894650495550985
0.17305084963222947
0.20086666581050916
0.8247201357564469
0.1390748039865777
0.042981790017700736
0.787829846261214
0.42973991674655976
0.8637478009214112
0.7772521673010667
0.3565663227144258
0.7755319168213162
0.13016388376591692
0.5620655751146104
0.386481673879269
0.5260154255255102
0.8530350768306195
0.5518880099630528
0.37800221977191695
0.877484838312647
0.20786047745246966
0.8898803524470998
0.2575770203409342
0.7266297640676321
0.37623673001720004
0.5601516109178509
0.8501635489632385
0.8013455695877179
0.739720801066416
0.818577210767556
0.17546347596511785
0.4731459593866506
0.820390188238834
0.17546347596511785
0.26612899606243146
0.3847337889642034
0.21369130172218853
0.7790102881760244
0.7168650813955362
0.49177427850681976
0.37800221977191695
0.8637478009214112
0.43266133216010794
0.8279503295881618
0.3199744167683761
0.49748867626473436
0.31876347531206434
0.478304899505289
0.23600961599854436
