0.10516953047572916
0.2182721379065155
0.6493344484040915
0.6278255322527726
0.34905725055194714
0.9917250005748822
0.3271876198466239
0.851350860111514
0.27772154072236444
0.36325495716987155
0.037086518743734254
0.5367176577805495
0.8658506502364575
0.943138226309905
0.46311817916561926
0.3256077161925769
0.9217457158744458
0.07221489680238724
0.5593118384363811
0.2182721379065155
0.018155878358370403
0.17867139226990814
0.14496128673333702
0.5156156731880956
0.6058901791133282
0.8022125717028441
0.058966779336063466
0.7387806737332375
0.7942190281406383
0.1617635405912802
0.35125163773013207
0.33714400275861184
0.5316926449065272
0.8516026352027599
0.8960156972350253
0.5230324628243767
0.23282058982007553
0.16198064202332832
0.6264582558485338
0.223118048432364
0.44404760271556976
0.6936243031435751
0.8369668919834249
0.4992824407032342
0.12787404957076998
0.29133814005170544
0.6936243031435751
0.21551234300674083
0.8168315002957671
0.12919412496699129
0.5774851919045901
0.9210677213513063
0.6819629449540493
0.3271876198466239
0.1335930796934598
0.47387212210315127
0.4851893878775058
0.3348180922104814
0.12211708918367764
0.8840996390204442
0.09584544773470427
0.3348180922104814
0.5909920729581408
0.8650893241781942
0.46155284174036293
0.5549487485419301
0.8357733345033853
0.1626188005845599
0.3795468398442573
0.5549487485419301
0.4055495641860405
0.06898376202643292
0.2950895767058056
0.2804858907086215
0.7204052930367321
0.46155284174036293
0.31712392432648073
0.6035611270659672
0.5576052139471823
0.53071179942879
0.140271855515551
0.8970636287226372
0.223118048432364
0.3042623270982625
0.8464844793782949
0.3602166690891586
0.6048764626496389
0.2727792759324078
0.048270991025537
0.8238278768973856
0.9603943417599863
0.7599811864606414
0.7856740214032206
0.45823018233016966
0.31712392432648073
0.058966779336063466
0.5699361999424282
0.12899585686232146
0.6228111364973451
0.08230266267986427
0.23358643872321305
0.4592986523231426
0.30453001973170335
0.6981088021941226
0.22978363524984846
0.6659900472428855
0.14236794488411877
0.6223119800196608
0.6035611270659672
0.40047961319991243
0.5941171510540123
0.9151765911742421
0.36325495716987155
0.07066810885082063
0.8369668919834249
0.7729067421062062
0.08022546397867203
0.37821945506960064
0.12899585686232146
0.2242593361082238
0.5156156731880956
0.908448477126022
0.6228111364973451
0.4977659643539488
0.3068941669511219
0.5188551743129163
0.6548136309600784
0.12813701419584067
0.30944482963740894
0.6548136309600784
0.5992919674401741
0.5316926449065272
0.2617816252667954
0.28845425444087414
0.5420572821787009
0.2622458259531829
0.21551234300674083
0.0674715077961715
0.45255438447403884
0.8768568981408351
0.8900748393657915
0.33424481568770437
0.8074872183865013
0.5783672795598345
0.9059126940671596
0.09251219543395625
0.5554999423131286
0.23358643872321305
0.7707890515875397
0.12813701419584067
0.5079795319507711
0.025022515786338073
0.5261197008314928
0.6264582558485338
0.6493344484040915
0.045561876678591906
0.17717445075446903
0.37507068588519743
0.5941171510540123
0.5185441226183996
0.8406072781652212
0.1377515570720637
0.9059126940671596
0.7856740214032206
0.8168315002957671
0.851072842241436
0.6930070536043619
0.4431059364928629
0.33714400275861184
0.016996773027006196
0.08230266267986427
0.33011913159700923
0.49350181658402936
0.45255438447403884
0.7599811864606414
0.7089046152141407
0.9109501294483575
0.9675684938098269
0.22208568788349992
0.5761175731593953
0.851072842241436
0.43807475986276656
0.7707890515875397
0.09840622224816375
0.7246563506922505
0.21757831933063831
0.8507948243713581
0.14236794488411877
0.3068941669511219
0.3989411658653549
0.35125163773013207
0.6031842400321192
0.11445974651932239
0.43807475986276656
0.5976991661074036
0.5260382685634825
0.8496550136827457
0.22929130683811272
0.44150712355294175
0.4977659643539488
0.2242593361082238
0.13571475374274655
0.18855785700833194
0.2727792759324078
0.841232118617751
0.10728775468942153
0.03040098922279777
0.6522156267467036
0.41791933739536347
0.7254976915143633
0.9109501294483575
0.5554999423131286
0.7246563506922505
0.07066810885082063
0.33011913159700923
0.37821945506960064
0.4851893878775058
0.9221354653497943
0.5163324241974361
0.29133814005170544
0.9675684938098269
0.1723191480554216
0.8912250600543907
0.24389719248996505
0.5909920729581408
0.22929130683811272
0.616168472497589
0.7974166553359611
0.8970636287226372
0.8167302839763166
0.7673497564304517
0.33424481568770437
0.5261197008314928
0.8406072781652212
0.2680100950250328
0.35500057341801283
0.40047961319991243
0.1171174938599624
0.7348278265456988
0.7204052930367321
0.6146489270565461
0.45404635155757556
0.9429774873931861
0.6930070536043619
0.8022125717028441
0.23282058982007553
0.41581269007375843
0.436744357141593
0.5079795319507711
0.24389719248996505
