0.2195599758222323
0.2745636337897027
0.5466652431793765
0.6403677954747871
0.22867575683980734
0.9917250005748822
0.29521122304485126
0.9904987632864087
0.27772154072236444
0.4318020674219557
0.037086518743734254
0.5165678534399464
0.8893359992535964
0.943138226309905
0.46311817916561926
0.3256077161925769
0.9217457158744458
0.07221489680238724
0.5706090196112674
0.2019766444799609
0.018155878358370403
0.1955792439485361
0.2099520898427717
0.5659176924866679
0.5307279202249984
0.8674651587263094
0.02542136323817068
0.7387806737332375
0.7663536370059757
0.10406307437937123
0.4024129508792418
0.3652150598451471
0.5234239926716224
0.909046896134425
0.8960156972350253
0.5230324628243767
0.28861462860197773
0.11799691688529035
0.6497322716649483
0.318362047293958
0.5147784500571997
0.7313027289343512
0.7476467552159176
0.47610053105396133
0.06448493394056498
0.27433871275358757
0.6023853604128249
0.2764231385674428
0.8104726055492418
0.0365932289421832
0.5502545609347298
0.9210677213513063
0.49545825306736535
0.3591640166483966
0.1335930796934598
0.4203190088368316
0.5599584658706693
0.4762638709946062
0.060863979940033675
0.8840996390204442
0.09584544773470427
0.2466776363446529
0.44049701405851893
0.862713489630079
0.5626166566510822
0.5556017749894728
0.8357733345033853
0.170636053723081
0.4856657290485915
0.6376811752780877
0.4055495641860405
0.0618089497937212
0.30280958258906077
0.28648601470972623
0.6518820753015134
0.3965858541264735
0.43084305411913704
0.719829600903539
0.570636690803195
0.5887172163333773
0.16282385282201006
0.8598035596391997
0.19126316520097497
0.30306244734250287
0.9014362975962789
0.3176226683405525
0.6048764626496389
0.3303160822228034
0.048270991025537
0.7333943423176389
0.9603943417599863
0.7017873422638715
0.6064741801049942
0.45040288392636874
0.22052284607120454
0.020470868183998348
0.5021912246067688
0.1062455914511925
0.7784658684133136
0.07615857425914463
0.1629105503481636
0.4773644949718806
0.30453001973170335
0.697577787022475
0.22978363524984846
0.7534920858407995
0.21043373410249355
0.6223119800196608
0.5891378764362868
0.4648274349837307
0.5953464097938855
0.9619218748209157
0.31507698108198734
0.03952257935737713
0.9701280988085722
0.7729067421062062
0.08022546397867203
0.35362824030143647
0.22179502099179937
0.19063838442816972
0.5575088730740967
0.908448477126022
0.5568674621211526
0.39660695104437693
0.28892891148720234
0.5188551743129163
0.5983855928373404
0.0776026361217732
0.30944482963740894
0.6505196650497171
0.5992919674401741
0.4038871067627171
0.3497719414038293
0.28845425444087414
0.5512037548677509
0.2622458259531829
0.12583289646475604
0.0674715077961715
0.40432377120120166
0.8684313075275685
0.8900748393657915
0.2744857667075168
0.8074872183865013
0.5797425710705165
0.9653409087560244
0.12065842051318187
0.587729495254883
0.21439029801436582
0.8360807106050956
0.1857755241104967
0.4100688847882139
0.025022515786338073
0.5466793758470173
0.6202937693126142
0.6986398173657704
0.045561876678591906
0.17717445075446903
0.37507068588519743
0.5928878923141391
0.576958897352128
0.85802416128815
0.1714400397647562
0.7915326611603108
0.7917839192029124
0.9178315419669835
0.854922406224551
0.8220844192753008
0.4920775168035666
0.30907294567207655
0.016996773027006196
0.09562156333329563
0.37751384113890873
0.4085156245230873
0.38759750716111663
0.8594232868350904
0.639343362014968
0.882445958693292
0.9617796709253728
0.22208568788349992
0.5761175731593953
0.8822655361831789
0.6615177642225775
0.8045206050349734
0.09840622224816375
0.8829160359437614
0.21757831933063831
0.689995076105112
0.15630666275214966
0.5166988685771394
0.2474789582938044
0.3527016908682403
0.5359032473850979
0.0973517682620254
0.3645072957147082
0.5692279074374011
0.604431686646495
0.7593926460954886
0.16955663134560006
0.44150712355294175
0.5818069261261406
0.12207298736593009
0.13571475374274655
0.18855785700833194
0.21788905021753158
0.841232118617751
0.10728775468942153
0.03040098922279777
0.6522156267467036
0.4977920071496874
0.7254976915143633
0.9754223407512297
0.5232703893713743
0.667402066994478
0.0361666872259121
0.2827244220551097
0.45584939827170023
0.4121496325224394
0.9221354653497943
0.46804827007652505
0.20312944025915358
0.9712922926373325
0.1723191480554216
0.8912250600543907
0.16334658144443215
0.7095063942927735
0.2890259823306254
0.616168472497589
0.7974166553359611
0.9343236978060748
0.8167302839763166
0.6961623077534751
0.34979087417897037
0.527425235369471
0.7285492481176011
0.3073444332102583
0.35500057341801283
0.3733167553739398
0.1171174938599624
0.7348278265456988
0.7889285107719507
0.6146489270565461
0.4959430705927117
0.9429774873931861
0.7661013458143695
0.739335819227494
0.17702655103817333
0.3250229210717648
0.436744357141593
0.681052438001658
0.14921593683720868
