0.18630596935867533
0.27419563475176234
0.7177972263255932
0.6078477090705608
0.3984958123003238
0.9796467471923546
0.3271876198466239
0.8635620972518268
0.27772154072236444
0.36325495716987155
0.037086518743734254
0.4843484779429375
0.7355193969464392
0.8918727522375631
0.5766609662568466
0.41481743979308033
0.9217457158744458
0.10290398824792352
0.6187629523554192
0.21610075138464965
0.018155878358370403
0.15947162389272956
0.1619608057280908
0.5156156731880956
0.6058901791133282
0.8536880874734795
0.06735313336053667
0.8173981854841315
0.7942190281406383
0.15746270184126132
0.35125163773013207
0.4050487553633527
0.4948471570053211
0.8516026352027599
0.8173981854841315
0.47057151245561724
0.18516863200516925
0.10520944805720903
0.5607802644994138
0.2884872670171073
0.4948471570053211
0.5735383630692946
0.8369668919834249
0.31026510958441467
0.20786047745246966
0.3249866879229163
0.6580943235863379
0.21369130172218853
0.7177972263255932
0.12909499091465637
0.5163224935543755
0.9210677213513063
0.7727625211029381
0.25584491994926883
0.1575860484516934
0.5501651889758425
0.45973781955605963
0.38860330288471145
0.12211708918367764
0.8009815832216958
0.09584544773470427
0.24614039702587137
0.5817161747722279
0.8650893241781942
0.27266289190796567
0.5549487485419301
0.7806355130088742
0.1626188005845599
0.3773216208210004
0.5549487485419301
0.3554845010477059
0.06898376202643292
0.4843484779429375
0.2804858907086215
0.6300243094341681
0.3723852482693626
0.25584491994926883
0.6035611270659672
0.5155590338870466
0.53071179942879
0.20305337229533596
0.8970636287226372
0.3249866879229163
0.3042623270982625
0.8338253786337786
0.33281805349926497
0.5817161747722279
0.35444657505811966
0.24614039702587137
0.8238278768973856
0.8743760609706959
0.8009815832216958
0.7056275104527986
0.5087925310712745
0.37975621894271105
0.06735313336053667
0.47251630087008584
0.20305337229533596
0.7178635274229472
0.08230266267986427
0.22454939086497694
0.47195573549266023
0.42270752632174274
0.5783399583839597
0.1619608057280908
0.8338253786337786
0.18516863200516925
0.6078477090705608
0.5615382723150557
0.3674236628457444
0.5457077665904874
0.8643466658865043
0.5059905093328436
0.10420983296144218
0.8369668919834249
0.7729067421062062
0.10520944805720903
0.4221866506799723
0.12909499091465637
0.15328099939404405
0.5163224935543755
0.9096993032871897
0.5675842569901812
0.4977659643539488
0.3068941669511219
0.42448715295496275
0.6548136309600784
0.2884872670171073
0.30944482963740894
0.5858381533180845
0.7043407856388949
0.5316926449065272
0.34452497850100405
0.18630596935867533
0.5420572821787009
0.2622458259531829
0.22454939086497694
0.19058921339909335
0.5050797992106106
0.8960167446575387
0.8900748393657915
0.43852825075483237
0.8743760609706959
0.5431734057553028
0.782996618990087
0.1383030765977595
0.5554999423131286
0.20990813787411405
0.7707890515875397
0.1676139875080562
0.5431734057553028
0.025022515786338073
0.43852825075483237
0.49942751218109016
0.6493344484040915
0.045561876678591906
0.17717445075446903
0.45973781955605963
0.5457077665904874
0.5185441226183996
0.8643466658865043
0.10420983296144218
0.8380450788819507
0.7856740214032206
0.8168315002957671
0.8711489511479134
0.7548686687903392
0.48461281866217787
0.34452497850100405
0.016996773027006196
0.15328099939404405
0.27419563475176234
0.4290356319536987
0.43364106028172766
0.7043407856388949
0.782996618990087
0.9096993032871897
0.9796467471923546
0.27266289190796567
0.5615382723150557
0.851072842241436
0.43807475986276656
0.7946507461724535
0.1438897402937197
0.7786664689038603
0.26711905427835575
0.8536880874734795
0.23830638028591156
0.13728123430822162
0.36093511895193203
0.4150210028702871
0.7056275104527986
0.11445974651932239
0.49942751218109016
0.5976991661074036
0.42270752632174274
0.7727625211029381
0.22929130683811272
0.4121323264419761
0.5858381533180845
0.2242593361082238
0.13571475374274655
0.18855785700833194
0.20086666581050916
0.8912485110863206
0.1383030765977595
0.03040098922279777
0.6935217266462013
0.35348932416027595
0.7806355130088742
0.8565813505756008
0.41481743979308033
0.7786664689038603
0.07066810885082063
0.5053681978738016
0.47057151245561724
0.4851893878775058
0.8912485110863206
0.6459003165298585
0.29133814005170544
0.9086117537462863
0.20786047745246966
0.8711489511479134
0.207037211636516
0.7177401311888251
0.4639861930172928
0.5087925310712745
0.7974166553359611
0.8970636287226372
0.7241951977182702
0.7673497564304517
0.1438897402937197
0.45852365808387235
0.7355193969464392
0.207037211636516
0.25959510021689725
0.4150210028702871
0.21369130172218853
0.7241951977182702
0.6459003165298585
0.5590614040586768
0.38103210285319455
0.9429774873931861
0.6481111611509405
0.8022125717028441
0.24340180684951776
0.41581269007375843
0.32913693117352827
0.5059905093328436
0.24389719248996505
