0.16578193525936705
0.27419563475176234
0.7776516058791405
0.5617316911293282
0.3007745922978299
0.9796467471923546
0.3271876198466239
0.8635620972518268
0.27772154072236444
0.28315416473260374
0.042981790017700736
0.43691462194802316
0.7552464044145619
0.8501775254341793
0.5766609662568466
0.41481743979308033
0.9217457158744458
0.10290398824792352
0.5620655751146104
0.21610075138464965
0.11403200811624223
0.1150698663717751
0.16193661582696767
0.5617316911293282
0.6058901791133282
0.8279503295881618
0.06735313336053667
0.8173981854841315
0.8090234525190119
0.0912426088137997
0.279144424683324
0.4050487553633527
0.4948471570053211
0.7608732922793078
0.7950803532935348
0.3894807659531088
0.18516863200516925
0.10520944805720903
0.5607802644994138
0.2884872670171073
0.4948471570053211
0.5735383630692946
0.8501775254341793
0.31026510958441467
0.15856072189250853
0.3249866879229163
0.6041297562810902
0.21369130172218853
0.7177972263255932
0.14382785640358245
0.5163224935543755
0.8309838413271349
0.7839214371982364
0.2567109701451015
0.1619124259258445
0.6041297562810902
0.5290067362136016
0.38860330288471145
0.12211708918367764
0.8009815832216958
0.11707426216623189
0.24614039702587137
0.5268359551324441
0.877484838312647
0.44632239104322513
0.5549487485419301
0.7806355130088742
0.1398465313753959
0.3773216208210004
0.5549487485419301
0.3554845010477059
0.06898376202643292
0.5464284443495123
0.2804858907086215
0.5372055175945236
0.3723852482693626
0.31876347531206434
0.5909505427249635
0.5155590338870466
0.53071179942879
0.28315416473260374
0.7838630447614918
0.3249866879229163
0.20914716760725238
0.8338253786337786
0.4194042814160543
0.5817161747722279
0.4284545540366611
0.2567109701451015
0.816825999702076
0.8743760609706959
0.8009815832216958
0.7608732922793078
0.49504096407588516
0.4706472456288834
0.04887706129166722
0.49065441597068016
0.3007745922978299
0.7504300732065171
0.08230266267986427
0.22454939086497694
0.5268359551324441
0.33305466658563027
0.5640507279009757
0.1619608057280908
0.8628490654356709
0.10108270251608772
0.7054880270504188
0.5536230194527716
0.38977799464386026
0.5536230194527716
0.8643466658865043
0.5059905093328436
0.14525790116005877
0.8369668919834249
0.7729067421062062
0.17175791417156028
0.3690762413917945
0.12909499091465637
0.13387037295668322
0.5163224935543755
0.9028580239723643
0.5675842569901812
0.3736707970692065
0.3068941669511219
0.42448715295496275
0.5601516109178509
0.3516523534050938
0.362232916253848
0.5290067362136016
0.7043407856388949
0.5279885739746573
0.34452497850100405
0.16578193525936705
0.5235685406946557
0.2622458259531829
0.22454939086497694
0.19058921339909335
0.49884589409135166
0.9028580239723643
0.816825999702076
0.43852825075483237
0.8532913767736201
0.537433025330915
0.7054880270504188
0.1390748039865777
0.5554999423131286
0.20914716760725238
0.7899062520532758
0.1676139875080562
0.5431734057553028
0.14382785640358245
0.4485259544193524
0.49942751218109016
0.5464284443495123
0.045561876678591906
0.16193661582696767
0.5372055175945236
0.5457077665904874
0.5279885739746573
0.8309838413271349
0.10420983296144218
0.7776516058791405
0.7856740214032206
0.8168315002957671
0.8624185193106964
0.7548686687903392
0.4284545540366611
0.34452497850100405
0.10108270251608772
0.15328099939404405
0.3736707970692065
0.44438672575487914
0.49884589409135166
0.7043407856388949
0.7168650813955362
0.9096993032871897
0.9796467471923546
0.26612899606243146
0.4706472456288834
0.8570551526466327
0.43807475986276656
0.8228617942069447
0.1438897402937197
0.7786664689038603
0.26711905427835575
0.8624185193106964
0.17175791417156028
0.18328627057316715
0.43691462194802316
0.362232916253848
0.7056275104527986
0.13387037295668322
0.49504096407588516
0.5976991661074036
0.42270752632174274
0.7839214371982364
0.18328627057316715
0.38977799464386026
0.5858381533180845
0.2242593361082238
0.14665040109722
0.18855785700833194
0.20086666581050916
0.792385118866261
0.1390748039865777
0.042981790017700736
0.787829846261214
0.35348932416027595
0.8521711475037367
0.8501635489632385
0.41111193293035553
0.7786664689038603
0.1150698663717751
0.5620655751146104
0.41111193293035553
0.5260154255255102
0.8570551526466327
0.6459003165298585
0.29133814005170544
0.877484838312647
0.20786047745246966
0.8898803524470998
0.2575770203409342
0.7266297640676321
0.4639861930172928
0.5601516109178509
0.8501635489632385
0.8970636287226372
0.7241951977182702
0.8532913767736201
0.17546347596511785
0.4731459593866506
0.8097965351505332
0.17546347596511785
0.26612899606243146
0.3847337889642034
0.21369130172218853
0.7241951977182702
0.7168650813955362
0.5590614040586768
0.38103210285319455
0.9429774873931861
0.5371509130769878
0.8279503295881618
0.33305466658563027
0.41581269007375843
0.31876347531206434
0.4194042814160543
0.23600961599854436
