0.34658264581920084
0.34840043650217856
0.8047806618618689
0.32886114235703023
0.34292796618523547
0.8110261677353915
0.3542473969984044
0.799783385437189
0.33235599509095387
0.34907779344372625
0.3475368134659984
0.33550151440015796
0.8101709124614334
0.7923157791660583
0.3331760141737776
0.36258210608895947
0.8179373990872234
0.10290398824792352
0.35649106768569516
0.348541828626766
0.34866791990409063
0.3503881192414396
0.3530268435670797
0.35664266432219077
0.8039846914966842
0.8039529706221966
0.35410659821156054
0.8053614958816039
0.794426564376682
0.3437524162558115
0.33663482838353087
0.3550636925052968
0.3861324743871879
0.8118266517511923
0.812861658790092
0.35086211446134197
0.3507634290602194
0.33239224522649
0.3421011799077012
0.3127292222916296
0.3643615680070832
0.3532747782236864
0.8061044000433033
0.3605071618954807
0.3166214530200178
0.3577388825511814
0.3736091120377327
0.34927549427860893
0.8074801661327747
0.33663482838353087
0.3449645043190412
0.809386804209604
0.810221156271475
0.3553355861881899
0.3484740172026968
0.3736091120377327
0.3533555135409493
0.33932103316161594
0.3443161142304334
0.8047806618618689
0.33761307533223794
0.3352430958382021
0.3550636925052968
0.8058960220475382
0.3705218290894961
0.3578088764199082
0.36059669253896687
0.3552450711784189
0.3543378230808448
0.38578885741317315
0.3645017383200307
0.34502532155152676
0.3352430958382021
0.35643878047862937
0.3441054108078694
0.35457960547416656
0.3553355861881899
0.3334430966037968
0.35618346054678157
0.33041046404536856
0.371412775483363
0.8053614958816039
0.3445452148156334
0.3533555135409493
0.8038397905514417
0.3349202301071795
0.8115265374544841
0.35672121663243395
0.3507634290602194
0.794426564376682
0.8101709124614334
0.8006856839210604
0.8059252861935382
0.3651057095158574
0.360341456542265
0.3262960828088277
0.3587756583456486
0.35247780511665106
0.8133606596078116
0.35029338128750975
0.34589498243673755
0.35457960547416656
0.34927549427860893
0.3563701949252139
0.348541828626766
0.8042791585623292
0.34946793629266526
0.8038416351664122
0.35218116891677054
0.3545094307999465
0.35218116891677054
0.8096970425223777
0.35577276735823743
0.34658264581920084
0.8134948705296849
0.8075148175769394
0.3421011799077012
0.3609845092226121
0.36141718585369637
0.3401625467273261
0.36939490077785875
0.8141769820291744
0.3462043153224675
0.33379577056936033
0.35029338128750975
0.35087892753699945
0.36702010237462357
0.3554964010175555
0.3588599948041029
0.3571459799684229
0.8053870914210848
0.36169902784566266
0.33550151440015796
0.34988202793576956
0.31516562475575316
0.3578137420696242
0.35069569172714654
0.32886114235703023
0.3750441089932596
0.8427607194855867
0.8082252163974235
0.356205662914253
0.8091499027599034
0.34613053331742516
0.8047834875266717
0.3582934812773554
0.3440837455560771
0.3599564133603639
0.7993343438377558
0.33932103316161594
0.3517448960519051
0.30251460710612393
0.34613053331742516
0.3571459799684229
0.3564522319042451
0.284499169056865
0.33768431321678244
0.36342984547550383
0.3444384478474908
0.7924340783361317
0.8087844217818907
0.2893600294641769
0.8059555582082039
0.8096970425223777
0.8006856839210604
0.8118266517511923
0.8027328539511192
0.3532747782236864
0.348552627781328
0.3518101145889124
0.34016686622077297
0.33379577056936033
0.33761307533223794
0.3319323263868126
0.35649106768569516
0.8087839201283997
0.8047660297888689
0.8110261677353915
0.34946793629266526
0.3906434518448717
0.8053870914210848
0.3401625467273261
0.8012015984074846
0.3586137801074825
0.8001079535551003
0.356376842270013
0.8326439326565331
0.34498208294805544
0.3443161142304334
0.3484740172026968
0.34941109732323467
0.8121893073277398
0.3572495720958042
0.34292796618523547
0.8080058926806939
0.3578088764199082
0.8175932668406027
0.34988202793576956
0.35227465891188436
0.3588599948041029
0.3238585594438271
0.3437524162558115
0.33161579367423766
0.35457378321379635
0.8038397905514417
0.35547550591248356
0.2726341168012374
0.8080058926806939
0.3445452148156334
0.7905629598417143
0.8147095693768751
0.3400950936380698
0.8027328539511192
0.38578885741317315
0.3443146793755752
0.33161579367423766
0.35675899588061244
0.8427607194855867
0.3449645043190412
0.35840636393903613
0.8175932668406027
0.34302889810820203
0.8001381995322707
0.3552450711784189
0.8033483218347093
0.35162109828640664
0.3331760141737776
0.8063845566392874
0.8047660297888689
0.8115298923715623
0.35547550591248356
0.35817248199237295
0.3513029644107056
0.8063845566392874
0.35087892753699945
0.3541081073764678
0.3545094307999465
0.3572495720958042
0.7958082873781036
0.8059555582082039
0.34840043650217856
0.35664266432219077
0.8053441076950384
0.35077107508562655
0.786329058384092
0.35577276735823743
0.3334430966037968
0.35672121663243395
0.3602085731942489
0.3577843788539101
