0.18630596935867533
0.27419563475176234
0.638579990328432
0.5989459143824065
0.3984958123003238
0.9796467471923546
0.3271876198466239
0.8635620972518268
0.27772154072236444
0.36325495716987155
0.037086518743734254
0.5367176577805495
0.8129159183485495
0.8918727522375631
0.6300243094341681
0.3256077161925769
0.9217457158744458
0.10290398824792352
0.5989459143824065
0.21610075138464965
0.018155878358370403
0.15947162389272956
0.1619608057280908
0.5156156731880956
0.6058901791133282
0.8022125717028441
0.058966779336063466
0.8173981854841315
0.7942190281406383
0.1050172658084086
0.35125163773013207
0.312799128599743
0.5316926449065272
0.8516026352027599
0.8173981854841315
0.5230324628243767
0.22796931912621976
0.13019343213574602
0.571395340022985
0.35348932416027595
0.458001669104115
0.6936243031435751
0.8369668919834249
0.37975621894271105
0.17198740047770983
0.29133814005170544
0.6225643440291007
0.25959510021689725
0.8168315002957671
0.12919412496699129
0.4889824025522513
0.9210677213513063
0.6819629449540493
0.28862994930413655
0.10290398824792352
0.5501651889758425
0.4851893878775058
0.38860330288471145
0.12211708918367764
0.8840996390204442
0.09584544773470427
0.3348180922104814
0.5817161747722279
0.8650893241781942
0.3359786472802102
0.5549487485419301
0.8357733345033853
0.1626188005845599
0.3773216208210004
0.5549487485419301
0.3554845010477059
0.06898376202643292
0.3920359896290284
0.2804858907086215
0.6300243094341681
0.46155284174036293
0.2230598905944011
0.6035611270659672
0.5155590338870466
0.53071179942879
0.17198740047770983
0.8970636287226372
0.3100026543776241
0.3042623270982625
0.8464844793782949
0.33281805349926497
0.5817161747722279
0.2727792759324078
0.1050172658084086
0.8238278768973856
0.9412649035548903
0.7178635274229472
0.7946507461724535
0.45823018233016966
0.37975621894271105
0.07573948738500985
0.5699361999424282
0.2230598905944011
0.7178635274229472
0.08230266267986427
0.23358643872321305
0.47195573549266023
0.3359786472802102
0.5783399583839597
0.1619608057280908
0.7532986627040533
0.14236794488411877
0.6481111611509405
0.6035611270659672
0.3100026543776241
0.5457077665904874
0.8960167446575387
0.43364106028172766
0.10420983296144218
0.8369668919834249
0.7729067421062062
0.08022546397867203
0.4221866506799723
0.12899585686232146
0.15328099939404405
0.4856860156380348
0.908448477126022
0.6228111364973451
0.4977659643539488
0.3068941669511219
0.42448715295496275
0.6548136309600784
0.17896032472284457
0.30944482963740894
0.6739103422822201
0.6487003848171484
0.5316926449065272
0.3080178541488136
0.18630596935867533
0.5420572821787009
0.2622458259531829
0.21551234300674083
0.13728123430822162
0.5050797992106106
0.8960167446575387
0.8900748393657915
0.38860330288471145
0.8074872183865013
0.5431734057553028
0.8570886227660333
0.07573948738500985
0.5554999423131286
0.23358643872321305
0.7707890515875397
0.12813701419584067
0.5431734057553028
0.025022515786338073
0.5370857800414562
0.5501651889758425
0.6493344484040915
0.045561876678591906
0.17717445075446903
0.4342862512346134
0.5457077665904874
0.5185441226183996
0.83267658711547
0.10420983296144218
0.9059126940671596
0.7856740214032206
0.8168315002957671
0.851072842241436
0.6930070536043619
0.48461281866217787
0.3080178541488136
0.016996773027006196
0.15328099939404405
0.27419563475176234
0.4856860156380348
0.43364106028172766
0.7599811864606414
0.7089046152141407
0.9109501294483575
0.9796467471923546
0.26744240824162147
0.5761175731593953
0.851072842241436
0.43807475986276656
0.7946507461724535
0.13019343213574602
0.83267658711547
0.26711905427835575
0.8507948243713581
0.23830638028591156
0.13728123430822162
0.3773216208210004
0.3750964017977435
0.6031842400321192
0.11445974651932239
0.43807475986276656
0.5976991661074036
0.5155590338870466
0.8635620972518268
0.22929130683811272
0.3984958123003238
0.4977659643539488
0.2242593361082238
0.13571475374274655
0.18855785700833194
0.24517879763152306
0.841232118617751
0.20709096082027173
0.03040098922279777
0.6935217266462013
0.35348932416027595
0.7254976915143633
0.9109501294483575
0.5040271633935838
0.7246563506922505
0.07066810885082063
0.4221866506799723
0.37821945506960064
0.4851893878775058
0.9412649035548903
0.571395340022985
0.29133814005170544
0.9086117537462863
0.1723191480554216
0.8912250600543907
0.24389719248996505
0.6225643440291007
0.28321765479836225
0.5396433258316041
0.7974166553359611
0.8970636287226372
0.8167302839763166
0.7673497564304517
0.23830638028591156
0.458001669104115
0.7532986627040533
0.2680100950250328
0.25959510021689725
0.49729838212696237
0.1171174938599624
0.6935217266462013
0.7204052930367321
0.6541366151000606
0.45404635155757556
0.9429774873931861
0.6481111611509405
0.8022125717028441
0.23282058982007553
0.41581269007375843
0.3854945864146487
0.5783399583839597
0.24389719248996505
