0.20946083941346177
0.37191136970449734
0.7860286603102977
0.5156278491751263
0.20742490165463245
0.8900873154418225
0.40128060780581043
0.8313794763829786
0.40167212440646777
0.3465344031531249
0.18356773042049807
0.4464287660785345
0.8143927949977223
0.7992890832561154
0.4201339109790815
0.49760046647820594
0.863837751876132
0.10290398824792352
0.4772917985236891
0.3562735657284226
0.15165064571811654
0.15282953988543424
0.2724160034123107
0.44104441739560496
0.790239093180598
0.8150136159942464
0.20946083941346177
0.8238883797393937
0.7819460606546755
0.13998665337749794
0.208025740129187
0.5030660807987251
0.5076310529209576
0.7666353285090399
0.8128230236314822
0.4921549197372782
0.42255378668645405
0.13410106797670096
0.3087647688360089
0.3464597677432175
0.46511020583268337
0.42319950010341234
0.846946292605762
0.43904986203875485
0.38373155641386564
0.4654764318799559
0.481927503608305
0.3484041842479183
0.7177972263255932
0.22026584065722507
0.4264524422494775
0.7623158985574572
0.8046435504122644
0.24223192244291078
0.18757719673124662
0.45445422811174185
0.4278532295201867
0.3714472044690749
0.29678587868658224
0.8240939737832176
0.11707426216623189
0.21365888985594483
0.4915007021580149
0.801850933202249
0.3535243969289992
0.45065594367143813
0.47140543170435817
0.20128616084318818
0.45912165821797163
0.5321280912529682
0.3969634036956112
0.15165064571811654
0.32865014626579436
0.4141791011307695
0.5372055175945236
0.40742231363462966
0.46511020583268337
0.5023095957120276
0.3087647688360089
0.42255378668645405
0.2525867305940117
0.8147458301535493
0.34482249247821933
0.38838464146312324
0.8075424430573076
0.5105853626829742
0.7345440543235314
0.45714827974174427
0.29678587868658224
0.8298760527048332
0.8143927949977223
0.8162693391146579
0.798873795355872
0.4278532295201867
0.5117465987387466
0.13462910401131356
0.5080530928309087
0.2535635116133548
0.768036046089688
0.12925425380893776
0.39886815176066287
0.4625484970120699
0.4141791011307695
0.4654764318799559
0.15900346415924382
0.8075424430573076
0.20128616084318818
0.7908788427730157
0.36124920027881197
0.4256520473793376
0.4682484857419704
0.819775212730222
0.4725002891650655
0.10890745324460321
0.846946292605762
0.8089087292049214
0.24065293052402587
0.4062647058471152
0.15534189480238925
0.20789515525518437
0.3143036388418506
0.8059297878778182
0.4303090351449991
0.4609241094378368
0.14505937925479195
0.42191365204357795
0.49777562373730666
0.14642732414534834
0.40128060780581043
0.49777562373730666
0.7824861910775469
0.45942736376184123
0.4464287660785345
0.28896564954179793
0.517076951688815
0.5446062338747553
0.32044450499763666
0.21234112404652933
0.3215018383922048
0.9191688092754582
0.8004291530829415
0.4556732809330917
0.8683769245132513
0.3464597677432175
0.7700489460669974
0.20172968684161013
0.4727135910075922
0.3562735657284226
0.790239093180598
0.13751275348830744
0.4622189229568094
0.3143036388418506
0.42980178721727524
0.4629194532955519
0.46297845563609064
0.09222096665189669
0.2724160034123107
0.5133816031086074
0.42358148191504724
0.7623158985574572
0.7628653555154561
0.1279085998302577
0.7773858630108705
0.8029508465507151
0.8168315002957671
0.8298760527048332
0.7759131718975567
0.45714827974174427
0.4414750653169121
0.12925425380893776
0.24052288255717275
0.3871565689019605
0.4433451954426374
0.4915007021580149
0.3465344031531249
0.8267171311012147
0.8255129708709953
0.9191688092754582
0.15931705011493116
0.4299350799547763
0.8672699954796399
0.44104441739560496
0.7738592109723504
0.13410106797670096
0.7982532038358034
0.3529306242223523
0.8201816564489377
0.15900346415924382
0.32865014626579436
0.40653548911009485
0.387236173458295
0.7889937952679725
0.11344912836308356
0.45218174822158813
0.7411360852369521
0.24065293052402587
0.8099980175684136
0.36124920027881197
0.3484041842479183
0.5030660807987251
0.2333151956614738
0.15355855125481893
0.18515813099626172
0.26936298636502043
0.8131350661962535
0.1795339847558306
0.042981790017700736
0.7878575607956579
0.43805756318034855
0.7700489460669974
0.8255129708709953
0.47140543170435817
0.8046435504122644
0.13016388376591692
0.4142018196757705
0.3144125809792172
0.4299350799547763
0.8900873154418225
0.5251920126467209
0.4201339109790815
0.8672699954796399
0.3609600237057927
0.8898803524470998
0.21234112404652933
0.7266297640676321
0.38373155641386564
0.39886815176066287
0.8004291530829415
0.8174637433012435
0.7702162724192084
0.4062647058471152
0.3346452428220034
0.3609600237057927
0.7411360852369521
0.18515813099626172
0.3529306242223523
0.37282597472762313
0.21529054364120603
0.801850933202249
0.7773858630108705
0.42191365204357795
0.26819051059702065
0.8267722519070924
0.45445422811174185
0.7824861910775469
0.3919532118090127
0.4643585465826424
0.42319950010341234
0.4524684353364631
0.21335624594651978
