0.49759259928541705
0.8415719308035972
0.13442144826540142
0.7513846838930466
0.7726785037747828
0.8523435478681661
0.6048917757196943
0.3252858389408272
0.5964141891005537
0.7204869913591972
0.10985924328297277
0.8986669428725157
0.09857054418341153
0.6453495230221427
0.7932551345301839
0.7513846838930466
0.0922534612325262
0.6643053798199487
0.6613973983029034
0.33071659023492306
0.39312075764199167
0.08778958609953239
0.916213342387308
0.08422368554697948
0.8523435478681661
0.35047016871781184
0.6976000058205287
0.1393042546269324
0.8947860533191223
0.8809419786582977
0.16562792917395225
0.6839344695007189
0.4778511487130187
0.1701744351850983
0.8594329905015379
0.2045670378365131
0.9557630441817649
0.9580576497806886
0.6038664923231809
0.5710782642664838
0.35560271620585543
0.9297681722947344
0.302432429023454
0.09817581356436939
0.8280089213373099
0.4509381037107157
0.6839344695007189
0.9449849233468002
0.8916184096384343
0.16609878720506843
0.8955705427096721
0.4382557638444472
0.16562792917395225
0.09831733633613796
0.6428213284755152
0.9040974904750572
0.7122382407496349
0.7950410934916261
0.27088153152723426
0.501751861235788
0.6048917757196943
0.13442144826540142
0.16609878720506843
0.7388988776631303
0.2999631877403569
0.9444502072856917
0.22669193294877182
0.22655976486162283
0.20288858802718707
0.6261662370622821
0.7101119347302882
0.37571965755478853
0.8242376910294323
0.33922181572081833
0.1701744351850983
0.6298890987282396
0.08725441059844191
0.8594329905015379
0.86197730934244
0.04074593669217563
0.7204869913591972
0.32980527164933676
0.5122912938210963
0.10985924328297277
0.9040974904750572
0.6440781142506096
0.008713274281306305
0.9385375123946611
0.3252858389408272
0.6784844226717125
0.8809419786582977
0.07874178610223403
0.9449849233468002
0.9385375123946611
0.6174087654864213
0.9191003166921372
0.7932551345301839
0.12706392416569368
0.80990104241721
0.6389514228126028
0.9778177132572761
0.22575736112928996
0.2096646629248568
0.735851429300352
0.20745809496453133
0.8787422605513404
0.6389514228126028
0.7539261332557288
0.3686803735631119
0.302432429023454
0.6396355087724088
0.2332167891414681
0.2740945658207093
0.4509381037107157
0.587993199976125
0.6601828141306931
0.13248273518235426
0.745563242187202
0.8237685483536399
0.07284042330331825
0.8657798311964757
0.3105799052716054
0.8866831479217381
0.8916184096384343
0.27088153152723426
0.7584535873394314
0.2211839725065329
0.39312075764199167
0.779453190357223
0.7539261332557288
0.4258936846954607
0.38303724687847396
0.08422368554697948
0.6595583713841291
0.8438365611015088
0.30328166077314117
0.46328251986598323
0.667075794486425
0.31134986216083604
0.16038573233713627
0.14402791190473596
0.4649743890808765
0.9727557856135293
0.7788402495782998
0.09857054418341153
0.22319753872133624
0.3983381272778576
0.8280089213373099
0.973466196557744
0.08289247825801194
0.16358601177474202
0.8932005113534268
0.6919549271949637
0.35988081659241655
0.5896814543431056
0.46671222312394456
0.35178616670694884
0.7676192944553752
0.7201651502593864
0.16371881969733496
0.7512641319266362
0.30866977712347743
0.8866831479217381
0.7501698623865498
0.2454561959411347
0.43425952056183204
0.9858651013106531
0.5771728509792496
0.6554555275981657
0.22655976486162283
0.8117543933809684
0.33687322698857514
0.35178616670694884
0.48757653541298696
0.20288858802718707
0.676930901032359
0.2096646629248568
0.888910263239839
0.6298890987282396
0.5815209554576273
0.08778958609953239
0.6738522557031075
0.6453495230221427
0.745563242187202
0.7950410934916261
0.6428213284755152
0.6396355087724088
0.7035296648529985
0.7582194026248978
0.9211031827575036
0.8657798311964757
0.33071659023492306
0.20551911039617254
0.12375549489611326
0.4258936846954607
0.5785086859103288
0.292618002467692
0.16371881969733496
0.5715306646791707
0.2999631877403569
0.6601828141306931
0.2654328620944984
0.5408392450243263
0.5076086631578471
0.18596942331710617
0.2332167891414681
0.5745471835250084
0.9191003166921372
0.4011718056096507
0.12706392416569368
0.6613973983029034
0.0922534612325262
0.916213342387308
0.6790008194324533
0.10204246180879753
0.6261662370622821
0.30328166077314117
0.70453774685278
0.6938896586256014
0.35047016871781184
0.8932005113534268
0.8986669428725157
0.24217305680582724
0.15621857741677594
0.07652673857142059
0.7879393004760655
0.9211031827575036
0.5745471835250084
0.9600091727935253
0.8823486511193949
0.9184812598629053
0.33449351338621536
0.04509176674316917
0.6268938057818103
0.6689838864381055
0.7068245813587217
0.10105151489403139
0.13248273518235426
0.5964141891005537
0.6669246641324993
0.08725441059844191
0.8849758102780176
0.735851429300352
0.7159619149150734
0.7011730019245394
0.8415719308035972
0.6947642771491586
0.38303724687847396
0.22669193294877182
0.6689838864381055
