0.3172491123297586
0.8739799973979157
0.152220615177441
0.6933816625268374
0.41995844899043105
0.4125026039642779
0.4125026039642779
0.5577020935171745
0.1756079159727679
0.28238420993331365
0.5465599018437985
0.4451640432634523
0.33782729655396754
0.23372369172699065
0.7892371836860925
0.4824308046090219
0.8286113441063072
0.4497354101666687
0.3203759880768107
0.47416094293343747
0.4340124679508087
0.7467226539961779
0.2698328498624767
0.739147862469653
0.9963667259472748
0.1343556669016773
0.829990556113237
0.10852437324977249
0.35084426499511834
0.16592275037442697
0.5558850807118383
0.43059227167949965
0.7822679458376818
0.31015732319002665
0.7378343468332218
0.3706422492203199
0.7049875183209695
0.4451640432634523
0.36094409418009477
0.3120799658969572
0.2445279135637218
0.6377338300533536
0.43705711861218377
0.05700551382762986
0.3817415212969685
0.5762422443185568
0.37604003732625674
0.09813592576806163
0.8615104781134368
0.9146682807923456
0.7827144123308724
0.20897889649169754
0.2445279135637218
0.3817415212969685
0.7211860356022753
0.6933816625268374
0.5221619424734478
0.1756079159727679
0.3331503777923668
0.28999508652625167
0.404634021790389
0.910305144577975
0.28542208053355256
0.5385547596577644
0.4398055693025933
0.5515162200305925
0.026117409454276985
0.13462335448145252
0.8806651608233698
0.14625441847210063
0.16887701141467348
0.3889296498941225
0.7936229956883736
0.07385226161855774
0.28238420993331365
0.8286113441063072
0.12265029159542737
0.7236949347800222
0.13462335448145252
0.9033125454128592
0.6523240625892439
0.10138327596241781
0.7078646340035444
0.25763898893604
0.43705711861218377
0.26774677949539216
0.25544637390855707
0.8420552240856427
0.04617427576099409
0.3203759880768107
0.3768245156977288
0.16887701141467348
0.5933157117250517
0.964636269864734
0.6377338300533536
0.3337103108780841
0.4272785446657217
0.6622670935651411
0.10499559859928864
0.27624781113976526
0.8094690530545692
0.8394684721014901
0.28999508652625167
0.33566971223156394
0.26067493574873485
0.6374650568252581
0.9179193838667824
0.46630782289880757
0.0671330344593224
0.4931309964085649
0.37045453964587505
0.7018034014791135
0.8739799973979157
0.9034838267157292
0.4813817197212765
0.01080246771624005
0.38565191601255655
0.519324461160255
0.09324804994082714
0.10671513094916107
0.5221619424734478
0.29932250022226203
0.4974600730494738
0.33942747443483356
0.9084680977335855
0.41904196732610444
0.838024359602287
0.04877145753638401
0.890549191912923
0.13090358600257135
0.8394684721014901
0.36094409418009477
0.4272785446657217
0.26067493574873485
0.8087020282303669
0.12265029159542737
0.48132336973144757
0.17522429909931214
0.2566939590654037
0.3763208787163592
0.05416227065351098
0.4294125717607763
0.5678167904398095
0.277161874521321
0.8934994900629152
0.16072085595379004
0.5515162200305925
0.5067665201884953
0.4824308046090219
0.8699556264550714
0.9341510348051582
0.7936229956883736
0.9418729971724585
0.792006350446601
0.03971856908020166
0.25763898893604
0.7378343468332218
0.4931827355731959
0.4931309964085649
0.19774759160171762
0.12963388820021216
0.23372369172699065
0.47736448649300056
0.9993928280801966
0.5852576929937041
0.8849921610868816
0.40146942045441
0.06493637327956736
0.6270231970866944
0.890549191912923
0.3337103108780841
0.5841066990456381
0.9428538018127867
0.8551243246211423
0.3040258251072458
0.5590769935088928
0.28085075480926547
0.3762054051880238
0.6238872695956299
0.09616742247587795
0.31145224035480834
0.1406794081904723
0.12599123649353372
0.739147862469653
0.9319788802080404
0.5392434103820355
0.31793677527186937
0.020281331741508146
0.21824444666102577
0.5571756290861012
0.8047724062021809
0.6523240625892439
0.5385547596577644
0.7344392624644309
0.5378096919220875
0.7049875183209695
0.08202812255790182
0.20389044060014172
0.8847759484853571
0.8083416641379075
0.5247703383715357
0.7614664670574622
0.9428538018127867
0.15341624964494
0.027619539539061266
0.12599123649353372
0.910305144577975
0.5306649590075836
0.7892371836860925
0.32338079906397343
0.8057880630637495
0.504154288929066
0.07197407264678368
0.24999504021983743
0.31158695030921746
0.8615104781134368
0.9033125454128592
0.9659028699129173
0.8849921610868816
0.7520806626575431
0.4222070103412846
0.4803366989115462
0.041422419235658814
0.45432212608681866
0.8934994900629152
0.05728266674374949
0.9467743877815424
0.4497354101666687
0.7701706554507567
0.5558850807118383
0.31286415359548325
0.5306649590075836
0.7581250056086724
0.6107262878565147
0.31158695030921746
0.33942747443483356
0.5000312675640709
0.4798819078227071
0.7822679458376818
0.09324804994082714
0.4931827355731959
0.5045238031290535
0.6955813126084338
0.5577020935171745
0.8966868748533781
0.10143418323331321
0.5521979815819552
0.560648627541502
0.23994051476099498
0.49375131029400754
