0.6252727141409131
0.8437791844163376
0.20654887416876663
0.7526367053346252
0.7550529964645849
0.710103056755564
0.6776269737375078
0.23923696354823792
0.6607156231894934
0.7381176903152924
0.21999269091792661
0.8199544423293348
0.22856044358777367
0.8653066728387035
0.7443819771671617
0.758459102278156
0.27676379313232025
0.8494525817868108
0.7646840190620616
0.28232315948553766
0.29402681878788267
0.17510080271644307
0.6981329190204141
0.17409518445887906
0.8335673961969108
0.25465139844238005
0.7339903262315607
0.18997950563882687
0.8335673961969108
0.7179934032497854
0.196437306874888
0.7381176903152924
0.5253349520768358
0.28232315948553766
0.8635006159423131
0.1751707485341138
0.7658574002738433
0.8463717081536557
0.6560969261560355
0.8004551364504802
0.2918754838280746
0.7359798231170831
0.2037906885010247
0.2618147925573413
0.6806429112715112
0.5863223927974439
0.8059015901890424
0.8002169085147772
0.7575812823976069
0.20064032434320916
0.7832997164120825
0.41207776445709565
0.22356091515893284
0.16854158461130198
0.6738195888762181
0.8090120918672872
0.8208602554691878
0.855049147069368
0.08435107312121123
0.5723158239110735
0.699192129408936
0.22433258903196132
0.24263146857531726
0.7085584075385429
0.22555251894749895
0.8996750673000781
0.20224894780606284
0.21759400446940325
0.24183964188496782
0.620775443147634
0.7476571072455289
0.2918754838280746
0.7527251491590703
0.3182445735340303
0.21999269091792661
0.5253349520768358
0.20522771085997538
0.8312850143756306
0.7516728223175662
0.11968237310470506
0.7179934032497854
0.18820149695664198
0.682094024390834
0.21131679671849485
0.8392100118400652
0.6565973020403377
0.08435107312121123
0.8429918020662337
0.24263146857531726
0.7383867814436356
0.7345327526007988
0.1491492546733743
0.8131524023391006
0.8429918020662337
0.7285650164847545
0.9217859977865539
0.7762154512013923
0.20294780829573736
0.7574759424048145
0.6913394462416997
0.7453060918599448
0.2871789066001471
0.22471135514395812
0.7590953238617848
0.17510080271644307
0.7933948778627793
0.7506665098912435
0.7244997831390267
0.22822389331556775
0.2792021949866982
0.6762346686979752
0.20039608561429795
0.21334344444552866
0.405353827899126
0.6893128382193411
0.7266891859773101
0.15482496155772826
0.7354731395860108
0.8312850143756306
0.20064032434320916
0.7453060918599448
0.28754958823673127
0.7475363598429859
0.855049147069368
0.196437306874888
0.8295841973751408
0.21211514923419875
0.29402681878788267
0.7836947963560376
0.7351586460541546
0.6034891060381004
0.35732703420026807
0.17409518445887906
0.7244997831390267
0.7476571072455289
0.28754958823673127
0.6138384796856395
0.642031278318466
0.3025763039434405
0.20795558760364724
0.15779146388224877
0.6806429112715112
0.8004551364504802
0.6523639623004616
0.23198897584541028
0.2617925193365942
0.5183607488307166
0.7832997164120825
0.8205196036298941
0.13742481573382212
0.25477953371763956
0.8023016221450902
0.7266891859773101
0.23198897584541028
0.7036687405376962
0.4874466043233723
0.20795558760364724
0.7658574002738433
0.7516728223175662
0.20224894780606284
0.7524867302701086
0.23923696354823792
0.8161374600987994
0.7617119238428809
0.20799202683266044
0.358221382621067
0.9054928156626867
0.2618147925573413
0.6841519808891854
0.21759400446940325
0.7540612528090662
0.22083044772466096
0.22225739471138248
0.6034891060381004
0.28550928981388857
0.6252727141409131
0.2205235288396018
0.7802003589944964
0.8653066728387035
0.6138384796856395
0.11412796998430869
0.6776269737375078
0.6877616518532782
0.7575812823976069
0.8114016564478662
0.7240643421737925
0.748845873479982
0.7545252345660682
0.8567013412198878
0.8114016564478662
0.7247750173203047
0.25465139844238005
0.21016130380540582
0.21621263600979534
0.39439672406550286
0.7036687405376962
0.21334344444552866
0.1758179020815509
0.7193744645833359
0.2531062024672318
0.748845873479982
0.20490982864709384
0.7089714634106292
0.452603613211482
0.22471135514395812
0.2058564411663964
0.6981329190204141
0.8362262538388987
0.452603613211482
0.20294780829573736
0.7339903262315607
0.19530620364357343
0.8635006159423131
0.726215876053856
0.12082386483084005
0.6512190197514851
0.20795558760364724
0.6652115610919694
0.7524867302701086
0.2617925193365942
0.8025104990983105
0.8199544423293348
0.20799202683266044
0.18830988875447033
0.19342367059389864
0.7288233997352556
0.8022837092658384
0.6565973020403377
0.8464854566772236
0.710103056755564
0.869220206213946
0.2531062024672318
0.11412796998430869
0.642031278318466
0.7403137958650541
0.726215876053856
0.143399809458536
0.15482496155772826
0.6523639623004616
0.6841519808891854
0.18739073170291126
0.7574759424048145
0.682094024390834
0.8002169085147772
0.7540612528090662
0.7637627559193677
0.7634361376008767
0.35732703420026807
0.22934546602052605
0.7403137958650541
