0.4216116635931114
0.83409369667868
0.152220615177441
0.7276138410068157
0.34199504063016806
0.3359450092975347
0.2534793478165911
0.4508326982847888
0.3569561161277708
0.3615643903932718
0.6655276761613829
0.4414529818058033
0.4427989055329421
0.1694933090469285
0.821221387283962
0.5532193568370231
0.7174707528202228
0.24874220560784888
0.40081146139262647
0.5059969934861029
0.49198489857536065
0.81249168275646
0.25038783006522614
0.7414330742041508
0.9963667259472748
0.040296399906545544
0.8303435820516549
0.10852437324977249
0.3310462807699167
0.09916127881329462
0.4969221031978913
0.43059227167949965
0.8459327121331899
0.2948228000558517
0.7235880310089003
0.4361530979089421
0.8122739117446945
0.3858042833978511
0.38406089180622205
0.3120799658969572
0.26064089323063455
0.6167868249505857
0.3743507183005941
0.05700551382762986
0.48276133706444013
0.5687022727319607
0.4150136878901234
0.09813592576806163
0.9083174389255846
0.9146682807923456
0.8239957504575939
0.20897889649169754
0.2873365587466896
0.28467085115051816
0.7211860356022753
0.5492689981992166
0.5142031389288951
0.08224009778341945
0.24070162280891783
0.30912052517712985
0.404634021790389
0.8232122834659082
0.28542208053355256
0.5740656273716211
0.3640477556170222
0.6195679235344482
0.026117409454276985
0.04480418106829853
0.8296375301748191
0.24140176554523818
0.10189462284171191
0.3889296498941225
0.7815102453398131
0.04854324442382085
0.20320402947335547
0.863816954538689
0.09188433354591474
0.7236949347800222
0.2244425278946065
0.9313397655335025
0.7322294724829033
0.10138327596241781
0.7895521081175324
0.23205632961989597
0.49976351892377346
0.09995464210021343
0.25544637390855707
0.8420552240856427
0.04617427576099409
0.43045705574331095
0.3768245156977288
0.23585939998763505
0.5933157117250517
0.964636269864734
0.6586808351561215
0.34209665138822865
0.45982491547249527
0.659224828697812
0.10499559859928864
0.28816248305662306
0.8094690530545692
0.7718670096483954
0.26943521414232474
0.33566971223156394
0.4132315406776029
0.6367314341942253
0.9179193838667824
0.48034962313009033
0.0671330344593224
0.5088975063241292
0.37045453964587505
0.7018034014791135
0.9138662981171513
0.9034838267157292
0.4813817197212765
0.01080246771624005
0.38565191601255655
0.519324461160255
0.0261094588876718
0.10671513094916107
0.5301207460180005
0.29932250022226203
0.4974600730494738
0.30357586918339674
0.9084680977335855
0.41904196732610444
0.838024359602287
0.04877145753638401
0.8971984478908239
0.13090358600257135
0.917470477145518
0.26190583661895606
0.5395150320511539
0.16387774507853115
0.8087020282303669
0.05835149137515472
0.4767581138635155
0.09696925038203319
0.2566939590654037
0.3763208787163592
0.05416227065351098
0.4294125717607763
0.5678167904398095
0.277161874521321
0.9188914480548904
0.16072085595379004
0.5837822159051528
0.5005373210501431
0.33975175854507367
0.8699556264550714
0.9341510348051582
0.7191384593058073
0.9418729971724585
0.792006350446601
0.03971856908020166
0.32011215644231483
0.8232077000791906
0.420002196423199
0.4513036278307626
0.19774759160171762
0.12963388820021216
0.33309171655230396
0.5034253451552385
0.9993928280801966
0.5852576929937041
0.8171124303898579
0.4993629717254232
0.06493637327956736
0.6270231970866944
0.8838999359350221
0.35210873318206126
0.5841066990456381
0.9158213313876243
0.8551243246211423
0.33348224066680854
0.5590769935088928
0.28085075480926547
0.3762054051880238
0.6238872695956299
0.09616742247587795
0.23679616635646772
0.1406794081904723
0.16294837266853757
0.6725594456746941
0.9319788802080404
0.5392434103820355
0.31793677527186937
0.020281331741508146
0.25549354112558964
0.5851285615714396
0.8047724062021809
0.5810751256786781
0.5398080451046469
0.8165544623396179
0.5378096919220875
0.688587213187104
0.08202812255790182
0.20389044060014172
0.8847759484853571
0.8083416641379075
0.56193637718453
0.7510659244665292
0.969886272237949
0.24848100791472527
0.027619539539061266
0.08903410031852987
0.9973980056900417
0.567669026790294
0.7359551964608594
0.3030141870086335
0.8057880630637495
0.4957364197024319
0.07197407264678368
0.24999504021983743
0.26382748187444294
0.9119362817823552
0.9259599300023488
0.9659028699129173
0.9528718917839052
0.6342934094649758
0.4222070103412846
0.4803366989115462
0.041422419235658814
0.45432212608681866
0.9547048188020668
0.05728266674374949
0.9467743877815424
0.5359198114277506
0.7701706554507567
0.6454623385248689
0.31286415359548325
0.6194107211746617
0.7581250056086724
0.6107262878565147
0.26203606229271037
0.30602885122266554
0.5031404319302505
0.4798819078227071
0.6261771598895565
0.16038664099398248
0.4948486326366993
0.6300536290162573
0.7293417250808031
0.6381986794562909
0.8966868748533781
0.10143418323331321
0.5521979815819552
0.40800159840364947
0.05110707139896309
0.49375131029400754
