0.4433314554155293
0.8272589103719202
0.14014639515452987
0.6570050176670861
0.45314647356182036
0.41626453190794055
0.31402747122125374
0.41476216536494753
0.3021523901046273
0.12940288850054038
0.34004874708192645
0.46975496665840005
0.3021523901046273
0.4972756458273996
0.7443517129643175
0.16869214253801468
0.8871372922936542
0.47536853282466807
0.3931885631947698
0.47748094300120936
0.5101645775939869
0.6570050176670861
0.41401807253689593
0.8465467242732853
0.9109784518358
0.34442778193228896
0.8483958648378687
0.1562074069249571
0.35084426499511834
0.23097497957859267
0.42668541807783567
0.4364354254828214
0.8230917758812084
0.40512593773374905
0.7838338809237841
0.3525564249751034
0.7849988640433496
0.5506050276556466
0.41978739814323696
0.4276084424464571
0.34618997994083717
0.48982298809851565
0.3903099121654712
0.22325627112315388
0.3525564249751034
0.4439742654435267
0.42286467139161593
0.0910797089113041
0.8581549638387096
0.9109784518358
0.7896195156338922
0.4331483433928638
0.2493729075357197
0.3608893805129285
0.804633631175365
0.8223013798929761
0.4433314554155293
0.1756079159727679
0.4170041303218762
0.2827576049124561
0.44353241319970543
0.9181971077265958
0.3126826061727487
0.4774735319303922
0.4277193919042121
0.5177364957452533
0.026117409454276985
0.14019350299325148
0.8483958648378687
0.1930974666165478
0.16887701141467348
0.41626453190794055
0.8415595028484038
0.12281566851694015
0.28238420993331365
0.8060676927900254
0.23652873589676443
0.7236949347800222
0.13462335448145252
0.8581549638387096
0.6331337586927095
0.18291320408957973
0.7028502370598785
0.32028988833196725
0.3903099121654712
0.36934029347349295
0.17679114983830935
0.8420552240856427
0.18824797198955537
0.3931885631947698
0.34712365379832116
0.17847911943975098
0.6899620545492409
0.964636269864734
0.47536853282466807
0.405669339227543
0.41252020040801884
0.7469378420535726
0.12469557195793406
0.2456745242192936
0.8199281344345568
0.8004674695794762
0.32441430349571776
0.405669339227543
0.32864816784164513
0.5028371908438107
0.8939375051609268
0.4277193919042121
0.1650595119199735
0.4863618586545812
0.3516297173554799
0.6331337586927095
0.8453330793251497
0.9034838267157292
0.5025002684347887
0.0910797089113041
0.3812214947220652
0.3856600026364496
0.09324804994082714
0.14897366266234988
0.5343609221586232
0.21770721551766498
0.46975496665840005
0.4151609490845858
0.8455912550322289
0.4923922687498925
0.8453330793251497
0.09166661561951858
0.8230917758812084
0.14897366266234988
0.8394684721014901
0.42286467139161593
0.48165030918399604
0.23097497957859267
0.8087020282303669
0.23652873589676443
0.48982298809851565
0.30308782331361567
0.18086225126551425
0.4347130517413706
0.05416227065351098
0.4294125717607763
0.4038578448216392
0.171038270350823
0.905846548258078
0.2475884594703011
0.5672873813379943
0.41476216536494753
0.451359040071275
0.8939375051609268
0.8490356142142886
0.7936229956883736
0.9260890708752167
0.792006350446601
0.03971856908020166
0.2827576049124561
0.7449575047453825
0.4031862191540597
0.4227664727311764
0.18824797198955537
0.19518618040758456
0.2456745242192936
0.5205341425648361
0.905846548258078
0.5852576929937041
0.8810641709617596
0.4276084424464571
0.06493637327956736
0.7187230421003714
0.8436787058209442
0.40470459545165216
0.5025002684347887
0.8727675545889139
0.8551243246211423
0.17874835237739312
0.4715847973485957
0.18701510973771068
0.4461854328878071
0.6586344660612337
0.09272482652123193
0.22325627112315388
0.09166661561951858
0.14014639515452987
0.7173645875390434
0.8199281344345568
0.48791922199589316
0.22368456425780917
0.020281331741508146
0.1650595119199735
0.5016515717797951
0.7838338809237841
0.706086662684468
0.48057126439531556
0.7702534776272282
0.4331483433928638
0.7849988640433496
0.09437162675353145
0.12281566851694015
0.7985156422437392
0.8255901777243251
0.5144623136503008
0.8004674695794762
0.8727675545889139
0.32988647909531765
0.04245110314140538
0.12599123649353372
0.9181971077265958
0.4972668751273571
0.7443517129643175
0.2472095347073982
0.7227035627476815
0.4972668751273571
0.12469557195793406
0.3608893805129285
0.31402747122125374
0.8129973822645599
0.9033125454128592
0.9659028699129173
0.8810641709617596
0.7318402734228769
0.49981344817983225
0.48992873065774745
0.11311220285354515
0.406091646435743
0.8415595028484038
0.04245110314140538
0.928889629215945
0.42086048567174994
0.8564406839925665
0.4364354254828214
0.273293922661237
0.5016515717797951
0.7581250056086724
0.7028502370598785
0.3286339706927649
0.42640314603533047
0.48157966275440267
0.4344057788584148
0.7450662899206131
0.09324804994082714
0.432170280166402
0.42713567901511185
0.7173645875390434
0.5028371908438107
0.8966868748533781
0.19518618040758456
0.4347130517413706
0.4151609490845858
0.2656502909807935
0.4972756458273996
