0.7441202305134818
0.7441202305134871
0.2294060054825917
0.7441202305134845
0.7441202305134885
0.7441202305134824
0.7441202305134836
0.22940600548266948
0.7441202305134752
0.744120230513483
0.22940600548269482
0.7441202305134842
0.22940600548264467
0.744120230513483
0.7441202305134846
0.7441202305134912
0.2294060054826286
0.7441202305134813
0.7441202305134835
0.22940600548263934
0.22940600548256296
0.2294060054826202
0.744120230513483
0.2294060054825815
0.7441202305134841
0.2294060054826023
0.744120230513484
0.2294060054826735
0.7441202305134857
0.7441202305134794
0.2294060054825979
0.7441202305134911
0.7441202305134818
0.22940600548262263
0.7441202305134844
0.22940600548257353
0.7441202305134764
0.7441202305134881
0.7441202305134886
0.7441202305134842
0.2294060054826656
0.7441202305134866
0.2294060054826289
0.22940600548259085
0.7441202305134782
0.7441202305134853
0.7441202305134749
0.744120230513481
0.7441202305134872
0.22940600548257706
0.74412023051348
0.22940600548266285
0.22940600548279352
0.2294060054826102
0.7441202305134876
0.7441202305134853
0.744120230513475
0.7441202305134794
0.22940600548264448
0.7441202305134901
0.7441202305134833
0.22940600548263346
0.22940600548308376
0.7441202305134811
0.22940600548276902
0.7441202305134859
0.2294060054825403
0.22940600548266896
0.2294060054826337
0.7441202305134813
0.7441202305134855
0.2294060054826768
0.7441202305134831
0.22940600548274495
0.22940600548264575
0.7441202305134857
0.22940600548257528
0.7441202305134875
0.7441202305134813
0.22940600548264448
0.7441202305134856
0.22940600548263812
0.7441202305134818
0.2294060054825971
0.7441202305134831
0.7441202305134917
0.22940600548254084
0.744120230513477
0.22940600548279352
0.7441202305134906
0.7441202305134885
0.22940600548255172
0.7441202305134837
0.7441202305134803
0.7441202305134752
0.7441202305134895
0.744120230513484
0.22940600548266948
0.7441202305134755
0.7441202305134835
0.7441202305134808
0.22940600548262263
0.2294060054826016
0.7441202305134886
0.22940600548258092
0.7441202305134835
0.7441202305134882
0.7441202305134749
0.22940600548266643
0.2294060054826289
0.7441202305134846
0.22940600548263074
0.2294060054825971
0.22940600548267567
0.7441202305134818
0.7441202305134778
0.2294060054826102
0.7441202305134861
0.7441202305134813
0.2294060054825917
0.7441202305134808
0.22940600548259138
0.7441202305134882
0.7441202305134835
0.2294060054825628
0.744120230513486
0.22940600548266285
0.2294060054825904
0.7441202305134857
0.7441202305134811
0.7441202305134862
0.22940600548268858
0.2294060054826314
0.7441202305134857
0.7441202305134768
0.22940600548272339
0.7441202305134791
0.7441202305134873
0.22940600548270929
0.22940600548261017
0.22940600548286777
0.7441202305134808
0.7441202305135104
0.7441202305134836
0.22940600548265333
0.22940600548256718
0.5183607488307166
0.7441202305134873
0.7441202305134882
0.22940600548245488
0.22940600548258416
0.7441202305134791
0.7441202305134841
0.2294060054827658
0.7441202305134782
0.7441202305134773
0.22940600548259085
0.744120230513483
0.7441202305134833
0.22940600548256174
0.7441202305134859
0.22940600548245488
0.744120230513482
0.744120230513482
0.22940600548260637
0.22940600548286777
0.7441202305134842
0.22940600548267187
0.7441202305134833
0.22940600548258092
0.7441202305134786
0.22940600548263346
0.22940600548268866
0.7441202305134931
0.22940600548298884
0.7441202305134871
0.22940600548250178
0.7441202305134864
0.7441202305134873
0.7441202305134884
0.2294060054826016
0.744120230513487
0.7441202305134917
0.7441202305134882
0.7441202305134822
0.7441202305134915
0.7441202305134879
0.7441202305134768
0.7441202305134833
0.744120230513489
0.7441202305134784
0.22940600548262405
0.2294060054826768
0.229406005482591
0.22940600548274495
0.7441202305134689
0.22940600548259754
0.22940600548256174
0.744120230513483
0.22940600548274498
0.744120230513485
0.2294060054826339
0.7441202305134836
0.22940600548262965
0.22940600548274404
0.2294060054826286
0.7441202305134766
0.7441202305134971
0.22940600548265938
0.22940600548258194
0.7441202305134809
0.22940600548258838
0.7441202305134844
0.7441202305134966
0.22940600548245843
0.7441202305134897
0.22940600548268866
0.7441202305134813
0.7441202305134864
0.22940600548268722
0.7441202305134789
0.7441202305134836
0.22940600548263926
0.22940600548260226
0.22940600548255172
0.7441202305134857
0.7441202305134818
0.7441202305134917
0.7441202305134824
0.7441202305134884
0.7441202305134818
0.22940600548269482
0.22940600548257536
0.7441202305134912
0.7441202305134833
0.7441202305135086
0.22940600548250178
0.22940600548265333
0.7441202305134773
0.7441202305134784
0.22940600548261017
0.7441202305134778
0.7441202305134841
0.7441202305134784
0.744120230513477
0.7441202305134855
0.7441202305134818
0.22940600548268858
0.22940600548264575
0.7441202305134953
