0.5128678809912546
0.9412925945191175
0.07284042330331825
0.6576207677883725
0.7753048586265465
0.7601894894156934
0.5523345523923231
0.3119770710958823
0.5128678809912546
0.6784844226717125
0.15191599139814738
0.9879580857881262
0.4201698538314207
0.6595583713841291
0.9664306659154708
0.7601894894156934
0.09688975629862406
0.615342467998988
0.48734926476875184
0.22705089208583684
0.3294709421633346
0.050187038389915395
0.8694019879690167
0.04908837458474713
0.8444342086902648
0.3855950576260036
0.7198962836141809
0.1393042546269324
0.9580576497806886
0.9056844523680103
0.1116407834019032
0.5815209554576273
0.5771728509792496
0.22575736112928996
0.8315183737114894
0.11651607320533419
0.9557630441817649
0.9580576497806886
0.6038664923231809
0.37852944644678777
0.16038573233713627
0.9297681722947344
0.3105799052716054
0.057204775100062055
0.906459174382549
0.5181556403759974
0.6868941794466107
0.9575988421509972
0.963426349210591
0.16609878720506843
0.8955705427096721
0.4382557638444472
0.020127863334528984
0.08315770540575684
0.6537998562890558
0.9839572899206821
0.7791981182716197
0.8943706055960116
0.2821464459243931
0.4201698538314207
0.6038664923231809
0.08270915565629788
0.16609878720506843
0.6039637453447364
0.22646944683313963
0.9444502072856917
0.22669193294877182
0.30814048498341495
0.15349714827391292
0.70453774685278
0.7101119347302882
0.4011718056096507
0.8242376910294323
0.36077549409920456
0.08336144588382172
0.6328843916746689
0.02391263924950149
0.8107080684143675
0.86197730934244
0.04074593669217563
0.5867040254364643
0.2518304868486688
0.5122912938210963
0.15191599139814738
0.8242376910294323
0.7101119347302882
0.008713274281306305
0.9699052802961265
0.36077549409920456
0.6784844226717125
0.8351657746197922
0.07874178610223403
0.906459174382549
0.9699052802961265
0.6174087654864213
0.8654448477707453
0.6334442854867925
0.15349714827391292
0.9405213680736605
0.7944458236235294
0.9975777767338635
0.22575736112928996
0.17112230545733076
0.6887567807388207
0.2742475046574211
0.8787422605513404
0.7314755955543129
0.7994029023000384
0.3944544461726659
0.4065205941026315
0.6396355087724088
0.2590608548401474
0.30434050878000596
0.383720567045434
0.5076086631578471
0.5985594503646168
0.16518837386874397
0.5981458431141442
0.9639871461688055
0.07284042330331825
0.8444342086902648
0.3105799052716054
0.9020703909180546
0.7452503345365438
0.3146661964236378
0.8315183737114894
0.22151614757308147
0.4567705731206487
0.6925543407824102
0.8128367961725157
0.43792855003808207
0.38303724687847396
0.09090915828010981
0.6595583713841291
0.8438365611015088
0.30918273944732855
0.5213285184742856
0.7155847265082446
0.2998588090858909
0.16038573233713627
0.14402791190473596
0.4649743890808765
0.9727557856135293
0.7788402495782998
0.02210380743569451
0.22319753872133624
0.3955044489460645
0.6804837664371495
0.9886495584128311
0.08289247825801194
0.2507377040886556
0.8932005113534268
0.8565497668166877
0.35988081659241655
0.526153806866182
0.46671222312394456
0.3935584066648853
0.8547548224736009
0.7187663222611492
0.13977058066055603
0.7994029023000384
0.30866977712347743
0.9297681722947344
0.7881014840234647
0.31881863340191496
0.41213491523750395
0.9858651013106531
0.5771728509792496
0.7466948661912294
0.1449790447398307
0.7163390422687412
0.2732589338395016
0.3935584066648853
0.473401209590186
0.24331175694925772
0.6684730010973445
0.2955974996078842
0.9501350034898435
0.6268938057818103
0.5815209554576273
0.09804095938521562
0.7314980421287663
0.6311406746601562
0.7314755955543129
0.7376890468111045
0.6537998562890558
0.6396355087724088
0.6868941794466107
0.7376890468111045
0.8509120541831301
0.8871254537026867
0.4219924910025933
0.20551911039617254
0.12375549489611326
0.4156933340909643
0.6248390258598787
0.2732589338395016
0.1422113243730856
0.6557120645895894
0.36912821768653986
0.6284107010664226
0.20551911039617254
0.5408392450243263
0.5076086631578471
0.13857894410160487
0.2438486228614126
0.5289922699537338
0.9727557856135293
0.4011718056096507
0.20682607119850915
0.7031253615532339
0.08761716616642834
0.9630246968055992
0.7042555678557716
0.08336144588382172
0.7212058519053169
0.2973805820989538
0.70453774685278
0.7264037587008247
0.3855950576260036
0.8932005113534268
0.8093757999569052
0.2306820493826126
0.14066868527164156
0.06969203125901946
0.8162277121320397
0.9912943113318771
0.6878696418002431
0.9600091727935253
0.924758999948017
0.9184812598629053
0.2998588090858909
0.04509176674316917
0.6268938057818103
0.6613755585503779
0.7042555678557716
0.050187038389915395
0.09977709649596456
0.5158974771687485
0.5666257520039174
0.15059618194738233
0.9035995806239993
0.7753048586265465
0.7159619149150734
0.7072850161215722
0.7418512670880767
0.6947642771491586
0.38303724687847396
0.22669193294877182
0.5780442937709308
