0.37053188961064687
0.7532324106071296
0.18870915730648216
0.7177009442102078
0.9935634718400748
0.7109734200987212
0.9095452041708925
0.35204412766431514
0.30316435508397677
0.4344454616955434
0.7862530073965678
0.3245297154596504
0.5952129685673547
0.24632626607479696
0.619048279591133
0.11272979561397094
0.31475090066414535
0.17525455719104388
0.5508496058528422
0.9660193865022352
0.629398412680535
0.4562701659702435
0.6500060865052135
0.23391484706061527
0.5819936462080462
0.26585313384374104
0.110418772956566
0.2818621205166735
0.6173290807306961
0.17567721811863074
0.11272979561397094
0.37053188961064687
0.11920054905351263
0.4562701659702435
0.6550795920253762
0.8040795584747115
0.1801156502758048
0.22462255263765674
0.6306470198209502
0.6518240542800426
0.6153714084001266
0.23864744360893175
0.10705457009982974
0.7919895726985797
0.7519945514295497
0.4645984868932196
0.11422542342764994
0.5395563701178585
0.1419424136104944
0.6414472371434483
0.23126205212283923
0.7882207205565196
0.26582328049420456
0.7656888664737983
0.0934051262779087
0.8619487909870498
0.31729223948446217
0.20885564962167175
0.7238469809425112
0.6326285722881482
0.8040795584747115
0.8589804679831318
0.10556130012763232
0.10191460643925937
0.26700586318601705
0.9095371932735175
0.2663985033392928
0.9222661296393628
0.21490503799795663
0.4618233652552765
0.47299468257817845
0.15565032110680993
0.6445393038551626
0.2809106999841172
0.42271557474531696
0.4785037966654545
0.9095371932735175
0.8398018236172651
0.8512860653928709
0.30529042424260405
0.31878608264291625
0.5835061768205202
0.2626797041010488
0.6902473141355564
0.5489209198861154
0.9660193865022352
0.5486078713698931
0.29764538540955365
0.015283383309037668
0.3975967772018939
0.6153714084001266
0.5320142503970541
0.31878608264291625
0.8049439473681286
0.9023558742661817
0.04405150762844823
0.7238469809425112
0.17567721811863074
0.3461242673023216
0.1930012013692848
0.9095452041708925
0.6338030331544613
0.3717159957994452
0.916921726418883
0.5417297606730225
0.6326285722881482
0.4041856046157698
0.6729542140779485
0.3508676924317471
0.48351176148512287
0.32241998512731496
0.9275020524899451
0.22462255263765674
0.629398412680535
0.7919895726985797
0.9023558742661817
0.1307935250139854
0.9403795969069999
0.6594334930122594
0.8811770760404389
0.7632909131742744
0.4785037966654545
0.6188930094040722
0.6306470198209502
0.6338030331544613
0.6224004884491118
0.27538621492088095
0.487731148530964
0.4982961468082784
0.14240878622925013
0.25559924089375147
0.8201301606466321
0.2809106999841172
0.5079090047920505
0.2543529449491213
0.5314716673229674
0.4982961468082784
0.7632909131742744
0.4027528883793226
0.9275020524899451
0.9606718321181875
0.29283327203410325
0.6173290807306961
0.6550795920253762
0.8078989952618411
0.5698985130294428
0.5698985130294428
0.8811770760404389
0.21490503799795663
0.9627320428193668
0.7109734200987212
0.9403795969069999
0.536967366580267
0.2543529449491213
0.6594334930122594
0.34372760347448394
0.23062769748018927
0.8619487909870498
0.14121541023904988
0.3527019987287412
0.47299468257817845
0.055464216921009446
0.15565032110680993
0.637722405580126
0.46828212459343377
0.9738601067857807
0.10978523105716165
0.110418772956566
0.4983497889154374
0.9079549589281735
0.11920054905351263
0.2626797041010488
0.6875734348748244
0.8037492871224841
0.3975967772018939
0.3461242673023216
0.23680887462662845
0.536967366580267
0.3245297154596504
0.9037039730848211
0.9079549589281735
0.6526407159381922
0.7351523641210322
0.28300301158844277
0.16234311946414107
0.4222398588032904
0.9606718321181875
0.2523997453387068
0.06843211481196232
0.5858426112831214
0.6445393038551626
0.3106517934385599
0.26585313384374104
0.5320142503970541
0.4645984868932196
0.06633978570643578
0.29283327203410325
0.16902627117559726
0.14121541023904988
0.6188930094040722
0.15760869963964466
0.28300301158844277
0.23864744360893175
0.3881675518761165
0.4421720442448137
0.7351523641210322
0.7155215220100445
0.6587547658997698
0.5804811155955721
0.6651462019639826
0.12500593329953338
0.6091713086978421
0.6684482909430647
0.416141803886162
0.3881675518761165
0.27538621492088095
0.9240695839634487
0.3347496272154394
0.6526407159381922
0.46044392718834837
0.4783254968024693
0.5459890327161159
0.5819936462080462
0.12542694056223314
0.8274828979990567
0.21001136510641566
0.23391484706061527
0.6636591863407306
0.9037039730848211
0.7683572933321579
0.7095499056344738
0.916921726418883
0.06717841979688399
0.7431246347118364
0.6875734348748244
0.04715171921702388
0.8765286270121442
0.5395563701178585
0.3252651531368813
0.6224004884491118
0.1879098062254393
0.45984416836757874
0.30454860496567454
0.25559924089375147
0.8640906534697091
0.5209645567649595
0.21695221796140196
0.7431246347118364
0.24047793410539414
0.35204412766431514
