0.1890694032041017
0.7532324106071296
0.21489065526541518
0.7177009442102078
0.9935634718400748
0.6619479066774885
0.9269034578157356
0.35113069050203005
0.30316435508397677
0.4344454616955434
0.7862530073965678
0.3195385267545968
0.6113388459982458
0.17525455719104388
0.637616910788005
0.2149972122406045
0.31475090066414535
0.17525455719104388
0.301765060122523
0.9697347705184982
0.6900025472706504
0.4785437758359805
0.6767358365452671
0.19265259099086332
0.5228788169112253
0.2538476328832898
0.1423793718841058
0.3152574231625033
0.5790870911364636
0.24156920518009986
0.10003265066570874
0.4634249457415154
0.1001296643813454
0.426713511236258
0.48456241193732047
0.7827842970566743
0.2178225143223595
0.034144706644293144
0.62327633646516
0.6518240542800426
0.6749237482058468
0.23127251515383182
0.10705457009982974
0.74474538382672
0.7592437190323795
0.43831143692518604
0.20529844115733975
0.5331237075196011
0.1419424136104944
0.48456241193732047
0.1423793718841058
0.7882207205565196
0.26582328049420456
0.699393138979987
0.15266554591152426
0.7827842970566743
0.4033224268460851
0.14334842646387858
0.8319845939676096
0.6462088649851634
0.8926941399442564
0.9004487171661337
0.11771747397735594
0.10191460643925937
0.16192893039220357
0.960093918563903
0.39319672277361306
0.9222661296393628
0.2506566374794527
0.45536460591711925
0.39258785169428523
0.25562270586198954
0.6642970026702919
0.28482637325313204
0.42271557474531696
0.5486078713698931
0.8175122188001298
0.7869095072902739
0.8512860653928709
0.30529042424260405
0.2333865606700627
0.6263191667821417
0.23127251515383182
0.7532324106071296
0.5489209198861154
0.9623040024859721
0.5486078713698931
0.4785437758359805
0.015283383309037668
0.24118842017331452
0.5890592114159283
0.4922075274273525
0.3398816552870209
0.8049439473681286
0.9368295599521065
0.04405150762844823
0.6955618998793839
0.06717841979688399
0.18731535287396428
0.1353457652591169
0.8921869505260493
0.6953102620109142
0.23510093418880915
0.916921726418883
0.6025812502500943
0.5993501805630594
0.46508629736969664
0.8049439473681286
0.3508676924317471
0.620965555508769
0.3195748171177486
0.9269034578157356
0.346061264085555
0.6244436130599971
0.8319845939676096
0.9449048200279729
0.1307935250139854
0.9403795969069999
0.654132091260022
0.9761011446843102
0.6901457842079524
0.46508629736969664
0.5454642639632826
0.6244436130599971
0.6653164499310419
0.5790870911364636
0.4051885305343361
0.4082005593723226
0.5266287846893369
0.08778224927259953
0.23510093418880915
0.8201301606466321
0.40017966742155153
0.5079090047920505
0.21489065526541518
0.5460341481185883
0.45536460591711925
0.8364360421405965
0.4027528883793226
0.9281006471641546
0.9516088937178767
0.10191460643925937
0.6719192258760325
0.7449747956849064
0.7419162571694813
0.637616910788005
0.513187816345752
0.7862530073965678
0.21195348715408768
0.9627320428193668
0.7064253181873978
0.9403795969069999
0.6399255033188413
0.24156920518009986
0.74474538382672
0.2942584841753549
0.1890694032041017
0.8640906534697091
0.09372166317161756
0.17163089607576815
0.39258785169428523
0.055464216921009446
0.05825970315302814
0.6290200287459644
0.5665260006630131
0.9738601067857807
0.1523920423174393
0.058494426448990944
0.4136220095081741
0.9222661296393628
0.13827143372567985
0.26595865597018375
0.6159031507172691
0.8037492871224841
0.43831143692518604
0.4222398588032904
0.2616642620991692
0.48095490744181923
0.38352692837350766
0.9368295599521065
0.8936437882169842
0.62327633646516
0.8738817333542008
0.32757405247815174
0.09372166317161756
0.4222398588032904
0.9697347705184982
0.2178225143223595
0.06843211481196232
0.5890592114159283
0.651356202130199
0.301765060122523
0.30454860496567454
0.4783254968024693
0.5629978087997133
0.06633978570643578
0.35113069050203005
0.16902627117559726
0.2086877412711956
0.6138790301502954
0.1353457652591169
0.40017966742155153
0.15487490209054855
0.3195385267545968
0.46175504933612327
0.6706793747004247
0.7869095072902739
0.6872626976383609
0.6200964417463972
0.6651462019639826
0.12500593329953338
0.6091713086978421
0.6684482909430647
0.3508676924317471
0.46568331031367305
0.3195748171177486
0.9240695839634487
0.39319672277361306
0.6684482909430647
0.6421347821128105
0.4783254968024693
0.5459890327161159
0.5331237075196011
0.05825970315302814
0.8274828979990567
0.3832776388650402
0.17987163402017242
0.6636591863407306
0.8705783862175358
0.7539302896076415
0.7095499056344738
0.916921726418883
0.06717841979688399
0.8211030674596903
0.7592437190323795
0.04715171921702388
0.8765286270121442
0.5459890327161159
0.43207271232078504
0.6706793747004247
0.18675020924677685
0.508553393405478
0.30454860496567454
0.2616642620991692
0.8640906534697091
0.5209645567649595
0.21695221796140196
0.6651462019639826
0.24047793410539414
0.26582328049420456
