0.3575334927457272
0.8064747792969127
0.23626513644582722
0.8294762417239187
0.9935634718400748
0.694749095718634
0.8930369155915183
0.33637629922404044
0.3387441518153162
0.34314707274560763
0.6685635299090934
0.23709685597430857
0.6953073003174621
0.2676995239856443
0.6129012924460324
0.14749435522113807
0.35145922627013093
0.12395291364175932
0.5827140825141678
0.8332728583432929
0.6489187689093341
0.36689129158079714
0.6804897533019674
0.2567866418404976
0.6043123196138304
0.2605848930719239
0.2567866418404976
0.29948825128138157
0.7349230221680519
0.24645400395654982
0.1621882425547658
0.20882826136737492
0.25822190187562505
0.35441401391633376
0.6283579638879782
0.694525018260836
0.24781871352745105
0.22872935262573274
0.5861883902469863
0.6656045876811663
0.6260042512798643
0.28266479264074773
0.1514550171240408
0.8099079906425025
0.8099079906425025
0.31600997854839724
0.18160677039875167
0.4685765736598762
0.17271486762040494
0.6343618815591584
0.3878755501511452
0.8396208788892439
0.31897469322672833
0.7871575092731581
0.12395291364175932
0.8487823416579254
0.29151040030924485
0.3980262786832613
0.6983795900375764
0.6940942663253604
0.7349230221680519
0.9043163828218497
0.14030306642817608
0.2165698401869941
0.2702992708413518
0.8318855088424215
0.28780037985806994
0.8396208788892439
0.23144349503144387
0.5345977131109322
0.2702992708413518
0.24230867938964923
0.7162465785472631
0.2921263273195764
0.23955472986834483
0.47155114177933705
0.9095371932735175
0.7756630423345281
0.7102896030996145
0.24548291933112215
0.24230867938964923
0.6344401777476057
0.31121117034911133
0.6344401777476057
0.5969790029480944
0.9217973223408507
0.6102297430232921
0.3156809748658963
0.18160677039875167
0.41031035066209565
0.6260042512798643
0.6100071905469738
0.24548291933112215
0.852805913790907
0.7649286109312868
0.178723028903472
0.7698121863296362
0.24645400395654982
0.34828961177256135
0.2165435632387466
0.7268814562057639
0.5323910289596285
0.35441401391633376
0.916921726418883
0.5861883902469863
0.7162465785472631
0.518382110990453
0.666944604813781
0.27544813740935403
0.2849237511443742
0.2254427748656113
0.8387092994658196
0.3494377220696574
0.6542078063098757
0.6542078063098757
0.794040429558097
0.24842845004439368
0.7804594945071023
0.6893865498290016
0.8871069958159786
0.6833437308347383
0.35796738733002476
0.6624780744673199
0.6818782735976938
0.5533456892350492
0.6102297430232921
0.2849237511443742
0.518382110990453
0.5470772941349644
0.2254427748656113
0.18300900692515873
0.8965927553489534
0.23955472986834483
0.35796738733002476
0.24080386597642914
0.28496221574931774
0.6100071905469738
0.7698121863296362
0.4027528883793226
0.8335777643147474
0.9113103115526187
0.33637629922404044
0.793881304705155
0.6773822544625122
0.713853349583802
0.5985670326405026
0.6661335138596266
0.6685635299090934
0.14770889826113875
0.8596400589041513
0.6776633283468683
0.9403795969069999
0.6721624434086406
0.2368217776541557
0.7555940189788348
0.27828259373424086
0.23088934707807668
0.6458652356372222
0.23127659434681197
0.5506919978080722
0.3878755501511452
0.14770889826113875
0.36689129158079714
0.5533456892350492
0.43311053464267635
0.9738601067857807
0.17115994172803065
0.19205359906947272
0.3387441518153162
0.7292048484003312
0.19198081707573061
0.3275226784965003
0.6489187689093341
0.6753327593561562
0.2981895903329854
0.4974046069000892
0.3275226784965003
0.8452912800511209
0.2966083397849314
0.8452912800511209
0.7994135650824846
0.5521039278554793
0.7994135650824846
0.27544813740935403
0.29361440281791296
0.23626513644582722
0.9606718321181875
0.2605848930719239
0.23396092280861314
0.4081866814658803
0.6818782735976938
0.2707907825217051
0.23354087240230037
0.31897469322672833
0.5458301489866689
0.06633978570643578
0.19443699369088824
0.29151040030924485
0.23127659434681197
0.7756630423345281
0.1919943786957361
0.29361440281791296
0.178723028903472
0.2165698401869941
0.47724056478582944
0.6776633283468683
0.6012209967784865
0.6624780744673199
0.6543987334004695
0.7258073217526333
0.12906832591010164
0.6661335138596266
0.8387092994658196
0.41375287943343614
0.31896875603167135
0.3346219608401527
0.9240695839634487
0.26771292142141734
0.708688116212297
0.5827140825141678
0.4709286591028048
0.6145204264666932
0.6753327593561562
0.14749435522113807
0.708688116212297
0.21001136510641566
0.25822190187562505
0.6816720516201894
0.7555940189788348
0.6632320585518675
0.7661804727987596
0.8227492703626464
0.1278645687194084
0.7431246347118364
0.6605775609751025
0.21492398710178331
0.794040429558097
0.5458301489866689
0.3411768477879037
0.8525375579406616
0.2921263273195764
0.3156809748658963
0.23088934707807668
0.15098649360713134
0.7258073217526333
0.6343618815591584
0.31600997854839724
0.7462895722243077
0.2371963905830047
0.41031035066209565
