0.27144889906815084
0.706465429286194
0.2714510241767496
0.7064632225156101
0.9935634718400748
0.7064893364396432
0.7064665802333041
0.2714553193973051
0.2714537316754231
0.2714524520836745
0.7064606222447863
0.27145071620090233
0.7064781459234586
0.2714538118438343
0.70646172830683
0.2714538031293174
0.2714449480404251
0.27144614795122723
0.7064524365331237
0.7064547577159067
0.7064740865893564
0.27145717076604625
0.7064704443681571
0.2714531866023464
0.7064553609722295
0.2714507367943141
0.2714550927883528
0.27144943280542805
0.7064515088815592
0.27145336205619197
0.2714504551112127
0.27145359492755805
0.2714515642918928
0.27145106731255786
0.7064542939743612
0.706465025749582
0.27145137756360715
0.27144711102237584
0.7064704443681571
0.7064750520873132
0.7064612052486294
0.27145354242867026
0.27145385286791185
0.7064735610696095
0.706495422585665
0.27145717076604625
0.2714518303338329
0.27145246394806066
0.27145065114510886
0.706460532217552
0.27144714312331814
0.7064639544401204
0.2714473549170505
0.7064606063261045
0.27144924952802274
0.7064531700087533
0.2714520156076362
0.2714514595143608
0.7064523027864399
0.7064751928400086
0.7064701351454998
0.7064612052486294
0.27145350600727053
0.27145130254623817
0.27145036793406013
0.7064555588120225
0.27145145694623285
0.706460532217552
0.2714634971812463
0.7064772351442452
0.2714498994408327
0.27145275592138113
0.7064628997212642
0.2714550927883528
0.2714498300564159
0.27144916899640903
0.7064727717721897
0.7064606013901116
0.7064661744376255
0.2714532441585029
0.27146274355965205
0.7064893364396432
0.2714525851257843
0.7064505362132538
0.7064647052619222
0.7064674707024001
0.7064595924453716
0.27145204350952107
0.27145158896786
0.2714461831320807
0.7064725588956486
0.7064461282374198
0.2714527646899876
0.7064582868844924
0.7064635647770369
0.2714504551112127
0.7064606063261045
0.27145064272115454
0.2714511925265351
0.2714537316754231
0.7064580483467964
0.7064676694499578
0.2714511529258038
0.916921726418883
0.706478114860075
0.7064461282374198
0.7064841587652708
0.7064808520221243
0.2714850606719711
0.27145013794587525
0.27145863427675343
0.7064665802333041
0.27144926332283487
0.7064711258328504
0.7064543886620145
0.706451022547631
0.27145137756360715
0.7064723431564333
0.7064650682071105
0.7064606222447863
0.7064559146778526
0.27145145694623285
0.7064630192512121
0.7064631366569398
0.7064586285446472
0.7064462795767369
0.27145275592138113
0.7064723431564333
0.706475067791754
0.27146025629841714
0.27145071620090233
0.7064638342907423
0.2714518875904269
0.27145246394806066
0.27144711102237584
0.27145277541676244
0.7064565427486341
0.7064642832669996
0.7064695709022036
0.706454931867805
0.7064778482308753
0.27145215558262803
0.7064515088815592
0.7064552327859075
0.7064527186374076
0.7064676694499578
0.7064667608656915
0.706459914590688
0.2714634971812463
0.7064579802646132
0.7064687996644154
0.9403795969069999
0.7064689699878366
0.2714454226897154
0.7064674388227983
0.27145036793406013
0.271450589842951
0.7064531700087533
0.27145064357981785
0.7064529412780142
0.2714486177991306
0.2714508318790692
0.706466867983249
0.7064547577159067
0.27145359028608124
0.7064571986770978
0.27145063464778724
0.2714502797136278
0.27145065114510886
0.7064750520873132
0.2714518875904269
0.27146274355965205
0.7064642832669996
0.7064628997212642
0.27145103087793954
0.7064580483467964
0.2714582228884057
0.7064575048143931
0.27145201859825335
0.7064598213381952
0.7064553905094102
0.70646172830683
0.7064643072789832
0.27145146424747923
0.27145204350952107
0.2714516608080735
0.7064553706075561
0.27145354242867026
0.27144883176120793
0.2714513491861045
0.7064562427662733
0.2714511587731445
0.2714513491861045
0.2714458013520473
0.7064635378582984
0.27145023543923913
0.2714511587731445
0.27145385286791185
0.27145158896786
0.7064799299337543
0.2714502797136278
0.2714483935272308
0.27144916899640903
0.27144406146580574
0.27145178541968285
0.706475067791754
0.7064573273267447
0.7064257637417024
0.7064553706075561
0.7064586293558602
0.27144406146580574
0.706465025749582
0.7064555588120225
0.2714513133464823
0.2714508318790692
0.271450589842951
0.9240695839634487
0.27145069018706597
0.7064618156968836
0.7064650682071105
0.2714515732425462
0.7064698769978983
0.7064377799078339
0.27145103087793954
0.7064636306216316
0.271450640486077
0.271451591143853
0.7064552327859075
0.7064679503758242
0.7064667608656915
0.7064686430272465
0.7064686430272465
0.2714505718147573
0.7064647052619222
0.7064783310070963
0.27145106731255786
0.7064582868844924
0.27145303887457384
0.27145069018706597
0.706451022547631
0.27145350600727053
0.2714522007113848
0.27145359492755805
0.2714629773950509
0.7064811254511493
0.7064643072789832
0.27145023543923913
0.7064679503758242
0.2714620023621752
0.2714531866023464
