0.1950799169266484
0.6437561111144467
0.6437561111144467
0.1950799169266484
0.6437561111144467
0.6437561111144467
0.1950799169266484
0.1950799169266484
0.1950799169266484
0.6437561111144467
0.1950799169266484
0.6437561111144467
0.6437561111144467
0.6437561111144467
0.1950799169266484
0.6437561111144467
0.6437561111144467
0.1950799169266484
0.1950799169266484
0.1950799169266484
0.1950799169266484
0.6437561111144467
0.1950799169266484
0.6437561111144467
0.6437561111144467
0.1950799169266484
0.6437561111144467
0.1950799169266484
0.1950799169266484
0.6437561111144467
0.6437561111144467
0.1950799169266484
0.6437561111144467
0.6437561111144467
0.1950799169266484
0.6437561111144467
0.6437561111144467
0.1950799169266484
0.6437561111144467
0.1950799169266484
0.6437561111144467
0.1950799169266484
0.6437561111144467
0.1950799169266484
0.1950799169266484
0.6437561111144467
0.6437561111144467
0.1950799169266484
0.6437561111144467
0.1950799169266484
0.6437561111144467
0.6437561111144467
0.6437561111144467
0.6437561111144467
0.6437561111144467
0.6437561111144467
0.6437561111144467
0.6437561111144467
0.1950799169266484
0.1950799169266484
0.1950799169266484
0.6437561111144467
0.6437561111144467
0.6437561111144467
0.1950799169266484
0.6437561111144467
0.6437561111144467
0.6437561111144467
0.6437561111144467
0.6437561111144467
0.6437561111144467
0.6437561111144467
0.6437561111144467
0.6437561111144467
0.6437561111144467
0.6437561111144467
0.1950799169266484
0.6437561111144467
0.6437561111144467
0.6437561111144467
0.6437561111144467
0.1950799169266484
0.1950799169266484
0.6437561111144467
0.6437561111144467
0.1950799169266484
0.1950799169266484
0.6437561111144467
0.6437561111144467
0.6437561111144467
0.6437561111144467
0.6437561111144467
0.1950799169266484
0.1950799169266484
0.6437561111144467
0.6437561111144467
0.6437561111144467
0.6437561111144467
0.1950799169266484
0.6437561111144467
0.1950799169266484
0.6437561111144467
0.6437561111144467
0.1950799169266484
0.1950799169266484
0.6437561111144467
0.1950799169266484
0.4115166545021165
0.18489780563668673
0.6437561111144467
0.6437561111144467
0.1950799169266484
0.6437561111144467
0.1950799169266484
0.6298851541497442
0.1950799169266484
0.1950799169266484
0.1950799169266484
0.6437561111144467
0.1950799169266484
0.1950799169266484
0.6437561111144467
0.6437561111144467
0.6437561111144467
0.1950799169266484
0.1950799169266484
0.6437561111144467
0.6437561111144467
0.6437561111144467
0.6437561111144467
0.6437561111144467
0.6437561111144467
0.6437561111144467
0.6437561111144467
0.1950799169266484
0.1950799169266484
0.6014431188391645
0.1950799169266484
0.1950799169266484
0.6437561111144467
0.1950799169266484
0.6437561111144467
0.1950799169266484
0.1950799169266484
0.6437561111144467
0.6437561111144467
0.6437561111144467
0.6437561111144467
0.6437561111144467
0.6437561111144467
0.1950799169266484
0.6437561111144467
0.6437561111144467
0.6437561111144467
0.1950799169266484
0.6437561111144467
0.6437561111144467
0.6437561111144467
0.1950799169266484
0.1950799169266484
0.6437561111144467
0.4918237458630973
0.6437561111144467
0.6437561111144467
0.1950799169266484
0.6437561111144467
0.6437561111144467
0.6437561111144467
0.1950799169266484
0.1950799169266484
0.1950799169266484
0.6437561111144467
0.6437561111144467
0.6437561111144467
0.6437561111144467
0.6437561111144467
0.6437561111144467
0.1950799169266484
0.6437561111144467
0.6437561111144467
0.6437561111144467
0.6437561111144467
0.6437561111144467
0.6437561111144467
0.6437561111144467
0.6298851541497442
0.6437561111144467
0.1950799169266484
0.1950799169266484
0.6437561111144467
0.6437561111144467
0.1950799169266484
0.1950799169266484
0.1950799169266484
0.6437561111144467
0.1950799169266484
0.1950799169266484
0.1950799169266484
0.6014431188391645
0.6437561111144467
0.1950799169266484
0.1950799169266484
0.1950799169266484
0.6437561111144467
0.1950799169266484
0.6437561111144467
0.6437561111144467
0.6437561111144467
0.1950799169266484
0.6437561111144467
0.6437561111144467
0.6437561111144467
0.6437561111144467
0.6437561111144467
0.6437561111144467
0.6437561111144467
0.1950799169266484
0.6437561111144467
0.6437561111144467
0.6437561111144467
0.1950799169266484
0.18489780563668673
0.6437561111144467
0.6437561111144467
0.1950799169266484
0.1950799169266484
0.1950799169266484
0.6437561111144467
0.6437561111144467
0.1950799169266484
0.1950799169266484
0.1950799169266484
0.6437561111144467
0.6437561111144467
0.6437561111144467
0.1950799169266484
0.6437561111144467
0.6437561111144467
0.6437561111144467
0.6437561111144467
0.6437561111144467
0.1950799169266484
0.6437561111144467
0.4918237458630973
0.4115166545021165
0.6437561111144467
0.1950799169266484
0.1950799169266484
0.6437561111144467
0.6437561111144467
