0.1949994458348807
0.1949994458348807
0.1949994458348807
0.6435303337563458
0.6435303337563458
0.6435303337563458
0.6435303337563458
0.6435303337563458
0.6435303337563458
0.6435303337563458
0.6435303337563458
0.1949994458348807
0.6435303337563458
0.1949994458348807
0.1949994458348807
0.1949994458348807
0.1949994458348807
0.6435303337563458
0.1949994458348807
0.6435303337563458
0.1949994458348807
0.1949994458348807
0.6435303337563458
0.6435303337563458
0.6435303337563458
0.6435303337563458
0.1949994458348807
0.6435303337563458
0.6435303337563458
0.6435303337563458
0.6435303337563458
0.1949994458348807
0.6435303337563458
0.1949994458348807
0.6435303337563458
0.6435303337563458
0.6435303337563458
0.6435303337563458
0.6435303337563458
0.6435303337563458
0.1949994458348807
0.1949994458348807
0.6435303337563458
0.6435303337563458
0.6435303337563458
0.1949994458348807
0.6435303337563458
0.1949994458348807
0.6435303337563458
0.6435303337563458
0.6435303337563458
0.6435303337563458
0.6435303337563458
0.6435303337563458
0.6435303337563458
0.6435303337563458
0.6435303337563458
0.1949994458348807
0.6435303337563458
0.6435303337563458
0.6435303337563458
0.1949994458348807
0.6435303337563458
0.6435303337563458
0.1949994458348807
0.6435303337563458
0.6435303337563458
0.6435303337563458
0.6435303337563458
0.6435303337563458
0.1949994458348807
0.6435303337563458
0.6435303337563458
0.6435303337563458
0.6435303337563458
0.6435303337563458
0.1949994458348807
0.6435303337563458
0.6435303337563458
0.6435303337563458
0.1949994458348807
0.6435303337563458
0.1949994458348807
0.6435303337563458
0.6435303337563458
0.1949994458348807
0.1949994458348807
0.6435303337563458
0.6435303337563458
0.6435303337563458
0.6435303337563458
0.6435303337563458
0.1949994458348807
0.1949994458348807
0.6435303337563458
0.6435303337563458
0.6435303337563458
0.6435303337563458
0.1949994458348807
0.6435303337563458
0.1949994458348807
0.6435303337563458
0.6435303337563458
0.1949994458348807
0.1949994458348807
0.6435303337563458
0.1949994458348807
0.4115166545021165
0.18744333345917713
0.6435303337563458
0.6435303337563458
0.1949994458348807
0.6435303337563458
0.1949994458348807
0.6435303337563458
0.1949994458348807
0.1949994458348807
0.1949994458348807
0.6435303337563458
0.1949994458348807
0.1949994458348807
0.6435303337563458
0.6435303337563458
0.6435303337563458
0.1949994458348807
0.1949994458348807
0.6435303337563458
0.6435303337563458
0.6435303337563458
0.6435303337563458
0.6435303337563458
0.6435303337563458
0.6435303337563458
0.6435303337563458
0.1949994458348807
0.1949994458348807
0.6014431188391645
0.1949994458348807
0.1949994458348807
0.6435303337563458
0.1949994458348807
0.6435303337563458
0.1949994458348807
0.1949994458348807
0.6435303337563458
0.6435303337563458
0.6435303337563458
0.6435303337563458
0.6435303337563458
0.6435303337563458
0.1949994458348807
0.6435303337563458
0.6435303337563458
0.6435303337563458
0.1949994458348807
0.6435303337563458
0.6435303337563458
0.6435303337563458
0.1949994458348807
0.1949994458348807
0.6435303337563458
0.4918237458630973
0.6435303337563458
0.6435303337563458
0.1949994458348807
0.6435303337563458
0.6435303337563458
0.6435303337563458
0.1949994458348807
0.1949994458348807
0.1949994458348807
0.6435303337563458
0.6435303337563458
0.6435303337563458
0.6435303337563458
0.6435303337563458
0.6435303337563458
0.1949994458348807
0.6435303337563458
0.6435303337563458
0.6435303337563458
0.6435303337563458
0.6435303337563458
0.6435303337563458
0.6435303337563458
0.6435303337563458
0.6435303337563458
0.1949994458348807
0.1949994458348807
0.6435303337563458
0.6435303337563458
0.1949994458348807
0.1949994458348807
0.1949994458348807
0.6435303337563458
0.1949994458348807
0.1949994458348807
0.1949994458348807
0.6014431188391645
0.6435303337563458
0.1949994458348807
0.1949994458348807
0.1949994458348807
0.6435303337563458
0.1949994458348807
0.6435303337563458
0.6435303337563458
0.6435303337563458
0.1949994458348807
0.6435303337563458
0.6435303337563458
0.6435303337563458
0.6435303337563458
0.6435303337563458
0.6435303337563458
0.6435303337563458
0.1949994458348807
0.6435303337563458
0.6435303337563458
0.6435303337563458
0.1949994458348807
0.18744333345917713
0.6435303337563458
0.6435303337563458
0.1949994458348807
0.1949994458348807
0.1949994458348807
0.6435303337563458
0.6435303337563458
0.1949994458348807
0.1949994458348807
0.1949994458348807
0.6435303337563458
0.1949994458348807
0.6435303337563458
0.1949994458348807
0.6435303337563458
0.6435303337563458
0.6435303337563458
0.6435303337563458
0.6435303337563458
0.1949994458348807
0.6435303337563458
0.4918237458630973
0.4115166545021165
0.6435303337563458
0.1949994458348807
0.1949994458348807
0.6435303337563458
0.6435303337563458
