0.9079274104467218
0.30143306430215044
0.9359562808481405
0.5637173352638697
0.29730711604089655
0.8967642441298791
0.8516294526738715
0.7284387411177145
0.2188660619434404
0.6492170428322053
0.37052751917133175
0.9359562808481405
0.7011864526452694
0.20583971646836477
0.5967081719203275
0.41091026519927987
0.3194375220317094
0.8650924546604786
0.6268697652823569
0.9195647888992985
0.19420998758521313
0.3025852193076121
0.2928202557551955
0.6040653094031765
0.7079990561912277
0.03887705041744503
0.2704047226123001
0.8620876135976048
0.6686296015669668
0.4460650323339945
0.8620876135976048
0.6972140512842766
0.8194706349888625
0.1975554627528487
0.6473047135176349
0.5837065888048202
0.9079274104467218
0.8739938151579074
0.186015543252592
0.8956864262398767
0.6322046872780172
0.13767839782287913
0.6482065233836452
0.8486425788778413
0.9028976542042582
0.5635337853889228
0.6569056459708392
0.8381176248881154
0.3013877024315424
0.5671522782398076
0.13767839782287913
0.10612720990033128
0.16135915920875377
0.22765636939979933
0.8737649176774505
0.7079990561912277
0.86408865600926
0.9270176644044472
0.4097128546820936
0.8149220105190262
0.07186963516955261
0.20583971646836477
0.3541398080808543
0.412206099220219
0.5166742148210174
0.6608861900648388
0.186015543252592
0.19420998758521313
0.8799203136514194
0.9281554795885035
0.3194375220317094
0.2595810531409338
0.6949923775724702
0.6660474647615988
0.6352158777170455
0.34805985574510667
0.2609614604006629
0.32392030644514275
0.19906714410476603
0.5166742148210174
0.6492170428322053
0.9561868865381107
0.5857436996102077
0.2040281273522957
0.9256775485256994
0.6574789904395724
0.9370240890133462
0.7706637300302875
0.0644052442681304
0.049287853223518086
0.6739285974001719
0.4687908060723096
0.613925788711704
0.09350176764510604
0.6517633435093363
0.6949923775724702
0.6354954487683121
0.8516294526738715
0.0215679987086555
0.7779830252247533
0.09938536629160974
0.48609803309597005
0.03887705041744503
0.2458575916096045
0.283196906083193
0.6985120949427988
0.6739285974001719
0.26909588429170245
0.2928202557551955
0.6042210352641083
0.25128461144730296
0.6271182275855366
0.8872185200955365
0.8855897579794815
0.7721113149145733
0.2595810531409338
0.09874156354248295
0.1982809508505278
0.8872185200955365
0.2704047226123001
0.8855897579794815
0.5257027649395046
0.6268697652823569
0.6473047135176349
0.39018629024663104
0.31589495343276663
0.8701855761748519
0.5671522782398076
0.1998229847807247
0.05430900469400716
0.22765636939979933
0.7721113149145733
0.283196906083193
0.4141504955350719
0.6901260911735889
0.26601732611345924
0.17572679873838218
0.9915266479181077
0.16674664990069535
0.731929357364877
0.44333580537933703
0.1472682511011842
0.23937638092244973
0.9166031039705078
0.6985120949427988
0.15886361338957855
0.731929357364877
0.16210967643160107
0.049287853223518086
0.6241189850022753
0.0684327097078517
0.04376080871019758
0.9166031039705078
0.8650924546604786
0.3078441630269272
0.6323155738740831
0.0215679987086555
0.6354954487683121
0.9195647888992985
0.6139754862722238
0.1582562990969288
0.4460650323339945
0.16674664990069535
0.8701855761748519
0.5633740058492427
0.23206261988049706
0.5637173352638697
0.86408865600926
0.26399234529309945
0.7328877942307441
0.41091026519927987
0.7228549091474431
0.8492646391041461
0.3541398080808543
0.04376080871019758
0.8795632017729038
0.13917165111196833
0.6271182275855366
0.09350176764510604
0.160267595514841
0.8511684997221427
0.16990016541509376
0.8511684997221427
0.07701097051236448
0.2321124051440654
0.3075181248808987
0.6644603899999134
0.4097128546820936
0.2576760930317895
0.6322046872780172
0.6872550881571285
0.8149220105190262
0.10156852788900655
0.5092186305912367
0.42923941911755625
0.09938536629160974
0.8972492230996271
0.14530635144374732
0.6042210352641083
0.6644603899999134
0.5837065888048202
0.6139754862722238
0.12456515652346896
0.2321124051440654
0.12456515652346896
0.5779036561726536
0.3078441630269272
0.8194706349888625
0.8799203136514194
0.882347895080402
0.10156852788900655
0.3804869559190318
0.2506170928509251
0.6563087714051205
0.7779830252247533
0.17572679873838218
0.21789687263145258
0.28598665302619897
0.2136077174372057
0.6243009576044434
0.8737649176774505
0.9561868865381107
0.895551796705509
0.23206261988049706
0.22493629220125555
0.07701097051236448
0.10612720990033128
0.6569056459708392
0.6563087714051205
0.32392030644514275
0.6529251018768396
0.05430900469400716
0.44333580537933703
0.16210967643160107
0.882347895080402
0.8381176248881154
0.4687908060723096
0.6352158777170455
0.1982809508505278
0.2972979278746835
0.3916061458110685
0.15886361338957855
0.6241189850022753
0.30147842617275844
0.1998229847807247
0.9028976542042582
0.7706637300302875
0.6584200609257557
0.5635337853889228
0.412206099220219
