0.9079274104467218
0.15414162361394246
0.9437570821077776
0.5015309538791839
0.3718409449397929
0.8663668067916374
0.8435373081308979
0.6267315928322422
0.20988411114655858
0.718080995384853
0.39616454885427876
0.9801347541665436
0.6329300639377459
0.2815419700207267
0.5438288261817031
0.1384388607812752
0.4217739937255571
0.9782744344128295
0.5944844217472279
0.9494948191462922
0.05580225452886611
0.29040947973581066
0.2638255847535358
0.6868089051520815
0.7172509044591552
0.0264990404008269
0.32310891304896505
0.9401782282390204
0.6743542468807273
0.39041183776557065
0.9401782282390204
0.49872249466552143
0.906123066411487
0.13831403119403868
0.5257574682184689
0.6037579672607416
0.9079274104467218
0.8464630325089166
0.024448581490156107
0.8529470508460699
0.6317335264712594
0.3186186392073572
0.6556512650804242
0.7545655626848848
0.8663668067916374
0.6798594128939395
0.6852978669791023
0.649427673397427
0.38197238056492555
0.649427673397427
0.003901856601088771
0.095187474366277
0.244126351022174
0.244126351022174
0.9294266143980832
0.8375683201231576
0.8356855355500014
0.9922458735190643
0.3880164778884476
0.9437570821077776
0.11017321750826636
0.08034241281228827
0.1821650992890435
0.3930591957155162
0.45410641347664016
0.5719808161702871
0.07709910103236711
0.3186186392073572
0.9833726947978411
0.8921414500960854
0.3046534178419076
0.11068790155828659
0.6437515312490741
0.6231907147684838
0.5670430780237856
0.46403982181648407
0.2199657704837918
0.38994896783366995
0.28617690319251865
0.7103473069311795
0.8466475761554774
0.8456695147790037
0.5857436996102077
0.08757306287618323
0.9187788402484033
0.5614167583143376
0.9294266143980832
0.7138890905512705
0.015112692990968402
0.020754224592156367
0.822681173971758
0.3361543568655042
0.6977032784031627
0.0451530057856078
0.7170263482738755
0.6242552709676967
0.6886479275960712
0.8996836274554477
0.0215679987086555
0.7528891022036786
0.15180193078255852
0.3755318533506971
0.04329833364396796
0.16789579326764245
0.3409885524666071
0.6977032784031627
0.7171820920744714
0.3144649590282973
0.434527901621377
0.4583179320518995
0.20828313900849094
0.6884533053775592
0.9243971515817104
0.9624687667862133
0.8375683201231576
0.3179872225783892
0.03505576362584273
0.32376768565274827
0.820465391770893
0.20828313900849094
0.7640569741845129
0.5463037755122209
0.5944844217472279
0.6768661499499273
0.3880164778884476
0.2530063310328079
0.8529470508460699
0.6886479275960712
0.14499488215151823
0.047691498630828055
0.31699930910250906
0.8237649905068412
0.2638255847535358
0.49872249466552143
0.7022254187227943
0.26867968475323567
0.11263843903319773
0.9915266479181077
0.08757306287618323
0.7025752648195491
0.37113798842124046
0.16617418304708953
0.33890674722586783
0.9435695674529834
0.8864309053765487
0.0028130918699057483
0.7172509044591552
0.12720234350922122
0.03921070382752967
0.46696947754827745
0.07779187343880589
0.04373308413846905
0.9314699959492947
0.8519744465985655
0.34112732455217804
0.5351135994858437
0.0215679987086555
0.6275768850298002
0.8519744465985655
0.5905097732582478
0.11263843903319773
0.5266959749259272
0.23152312162626643
0.9314699959492947
0.6275768850298002
0.29040947973581066
0.6743542468807273
0.8924917764685187
0.3409885524666071
0.7171820920744714
0.3848195415831027
0.6768661499499273
0.6599072641962402
0.5121649613709978
0.04373308413846905
0.7707797840506692
0.08802102039124649
0.7025752648195491
0.095187474366277
0.28617690319251865
0.906123066411487
0.09402223432378909
0.8346759318045676
0.024448581490156107
0.3718409449397929
0.4144855118512446
0.6199139330847343
0.38981862512487
0.30625001481061476
0.6317335264712594
0.7373669886728127
0.6362232797225866
0.08034241281228827
0.5351135994858437
0.3930591957155162
0.11068790155828659
0.8495672080992188
0.08802102039124649
0.5783485305448245
0.820465391770893
0.6329300639377459
0.6453385781440107
0.251161039739072
0.4144855118512446
0.021814672279283687
0.5719808161702871
0.34112732455217804
0.6997251315005555
0.858737083820472
0.8280066886267966
0.06336515353982292
0.3361543568655042
0.12391743013813317
0.6940226792689144
0.9187788402484033
0.21413318094983086
0.20617024632144554
0.33890674722586783
0.2196506281260041
0.5478149812092482
0.9404439660921797
0.9966485083983696
0.9404439660921797
0.13831403119403868
0.11836986220908474
0.11113750235032493
0.11836986220908474
0.6174073185102752
0.5478149812092482
0.14466084914669597
0.5257574682184689
0.047691498630828055
0.38197238056492555
0.22849666776870614
0.9494948191462922
0.9496208118462767
0.5332652586332752
0.6940226792689144
0.14499488215151823
0.23152312162626643
0.46696947754827745
0.16789579326764245
0.7138890905512705
0.434527901621377
0.31699930910250906
0.9249732168507929
0.8512673997255977
0.69677848078624
0.5614167583143376
0.3590723579953179
