0.9079274104467218
0.30147842617275844
0.9437570821077776
0.5637173352638697
0.3718409449397929
0.8981731658274914
0.8516294526738715
0.793887492160213
0.24790406848451343
0.7176315437296622
0.36921409340287065
0.9641695090809217
0.7227748756934018
0.26893350485339673
0.6070803399799619
0.3618539598640865
0.3390541257864364
0.89976001959223
0.6268697652823569
0.9378362982662933
0.09796059040685223
0.3041983511570999
0.3456128473546607
0.6486435689168968
0.6820492767872243
0.03753762143373973
0.2793721884785773
0.9513234975126168
0.6400451518496572
0.36268425734625664
0.7728517296825927
0.6972140512842766
0.8275273093317921
0.22449198724289357
0.5691726413582044
0.45450267185895266
0.9079274104467218
0.8739938151579074
0.09531138226862282
0.8538530707786143
0.6316700810056808
0.13767839782287913
0.5578089178074487
0.8644621948572909
0.8943393492811389
0.5713743117662022
0.6852978669791023
0.7029385696310044
0.3242344463313437
0.7386041289598417
0.13767839782287913
0.16269993366337965
0.19152977619474998
0.2517411519426147
0.9362118797603991
0.7557069339495954
0.86408865600926
0.9922458735190643
0.3887664346821936
0.9437570821077776
0.03735280068527031
0.08143904384584799
0.2381469511043561
0.41858840038845324
0.4702549773507417
0.7043381747628785
0.14709479430392847
0.2912221119804465
0.910453441704552
0.8921414500960854
0.22449198724289357
0.19306589675990443
0.6586789360652034
0.6144633857935353
0.6266144730168783
0.4283449933304856
0.25549087798509634
0.3618539598640865
0.16269993366337965
0.7071661245299664
0.793887492160213
0.9641695090809217
0.5857436996102077
0.14709479430392847
0.9329630427486106
0.6305747376313746
0.9378362982662933
0.68438324324777
0.06144755802985224
0.03080330292407181
0.7227748756934018
0.36268425734625664
0.6586789360652034
0.057259858512511676
0.6820492767872243
0.6639468215823191
0.6354954487683121
0.8516294526738715
0.0215679987086555
0.7614583729585822
0.10441888179466079
0.45111391413831214
0.0435836386559843
0.3013079277802531
0.2477809083513917
0.6639468215823191
0.6486435689168968
0.3144649590282973
0.3456128473546607
0.5873947404526974
0.20828313900849094
0.6316383582728915
0.9100335817014628
0.9513234975126168
0.8405842576322051
0.3041983511570999
0.03735280068527031
0.2381469511043561
0.8644034584896101
0.20828313900849094
0.8203131880379273
0.5963202624558509
0.6268697652823569
0.6259037166485555
0.3887664346821936
0.40536829693768495
0.8644034584896101
0.5963202624558509
0.12009117825889762
0.06863689274158385
0.2517411519426147
0.7036383721969415
0.2907189344873219
0.4169260613627676
0.6759140075842993
0.22553366031894123
0.22549074176638018
0.9915266479181077
0.09891943191449937
0.731929357364877
0.37113798842124046
0.09531138226862282
0.28598665302619897
0.937519781701139
0.7386041289598417
0.034711671072456804
0.731929357364877
0.09796059040685223
0.06736293050640854
0.5594870498894562
0.06863689274158385
0.04359043163246088
0.937519781701139
0.7700973658505379
0.3013079277802531
0.6400451518496572
0.0215679987086555
0.6354954487683121
0.8528392231191264
0.6139754862722238
0.2307363714317902
0.5067200335834174
0.24790406848451343
0.8759676938600938
0.47810444278158853
0.3001408575112881
0.5637173352638697
0.86408865600926
0.2307363714317902
0.7557069339495954
0.4599665705344732
0.7128220240641421
0.7728517296825927
0.4702549773507417
0.04393118578793427
0.8739938151579074
0.11582699609320773
0.6469145395029173
0.09716544251915399
0.21789687263145258
0.8979391385445391
0.06144755802985224
0.8979391385445391
0.03753762143373973
0.19152977619474998
0.3537622785366509
0.6385330800784959
0.4169260613627676
0.35381216561019707
0.6250295422827726
0.68438324324777
0.7700973658505379
0.07628953476439075
0.5578089178074487
0.3930591957155162
0.08143904384584799
0.8982651962507548
0.09716544251915399
0.5067200335834174
0.6972140512842766
0.6117199185979969
0.6139754862722238
0.20661652573167372
0.2628416435434796
0.15054954442758423
0.5594870498894562
0.3411394771567018
0.7108565832549534
0.8538530707786143
0.8203131880379273
0.07628953476439075
0.2907189344873219
0.26893350485339673
0.6913353034324927
0.8275273093317921
0.19306589675990443
0.21789687263145258
0.28598665302619897
0.25918677498919734
0.5863360038606931
0.8982651962507548
0.9482042639952998
0.8943393492811389
0.08958228685233964
0.2477809083513917
0.09891943191449937
0.11582699609320773
0.6316383582728915
0.6250295422827726
0.28598665302619897
0.5863360038606931
0.04393118578793427
0.45450267185895266
0.15054954442758423
0.9494948191462922
0.8963023529711496
0.5332652586332752
0.644172660601374
0.11258513923069768
0.3411394771567018
0.3361083830944006
0.16789579326764245
0.644172660601374
0.30147842617275844
0.35381216561019707
0.9100335817014628
0.8534883441858001
0.6981146742083391
0.5713743117662022
0.41858840038845324
