0.9079274104467218
0.30147842617275844
0.9359562808481405
0.5637173352638697
0.37052751917133175
0.8972492230996271
0.8516294526738715
0.7420072126133501
0.216229373646744
0.7299674784609059
0.37052751917133175
0.9359562808481405
0.7420072126133501
0.28895223933705416
0.5967081719203275
0.41091026519927987
0.3390541257864364
0.9183920543027881
0.6268697652823569
0.9195647888992985
0.19420998758521313
0.3025852193076121
0.32695740419736297
0.6040653094031765
0.7079990561912277
0.03753762143373973
0.3009720874581243
0.9513234975126168
0.6686296015669668
0.43470214546483704
0.7728517296825927
0.6972140512842766
0.8275273093317921
0.1825240093832192
0.6683503322025529
0.5837065888048202
0.9079274104467218
0.8739938151579074
0.22493629220125555
0.8538530707786143
0.6320938006819512
0.13767839782287913
0.5578089178074487
0.8644621948572909
0.896279265160131
0.5556932590116435
0.6883165852057975
0.8381176248881154
0.30180331740496047
0.7386041289598417
0.13767839782287913
0.10612720990033128
0.161540020453382
0.2609614604006629
0.9183920543027881
0.7079990561912277
0.86408865600926
0.9270176644044472
0.3887664346821936
0.8149220105190262
0.09395117255642726
0.12272719359967536
0.2362943061862146
0.412206099220219
0.4702549773507417
0.6901260911735889
0.14709479430392847
0.19420998758521313
0.9270176644044472
0.9281554795885035
0.2916214103005135
0.2595810531409338
0.7100686545118928
0.6660474647615988
0.6262590948327169
0.36832705124753645
0.2609614604006629
0.32392030644514275
0.21258691612247818
0.7071661245299664
0.7299674784609059
0.9561868865381107
0.5857436996102077
0.14709479430392847
0.9329630427486106
0.6574789904395724
0.9370240890133462
0.6872550881571285
0.0644052442681304
0.03080330292407181
0.6683503322025529
0.4801536929414671
0.613925788711704
0.08983809277105809
0.6820492767872243
0.6639468215823191
0.6354954487683121
0.8516294526738715
0.0215679987086555
0.7100686545118928
0.10118973610075652
0.4528082929986324
0.0435836386559843
0.2676284703087477
0.2571064755838106
0.625141412721506
0.5633740058492427
0.2810852929995943
0.3089709738207116
0.520948706155825
0.28106647265446916
0.6316502542976874
0.8872185200955365
0.885818342775272
0.7721113149145733
0.2595810531409338
0.03735280068527031
0.2362943061862146
0.8872185200955365
0.23937638092244973
0.8853611731836909
0.5779036561726536
0.6268697652823569
0.6262590948327169
0.3887664346821936
0.31545097862831306
0.8701855761748519
0.5647927605445631
0.20057882545668337
0.06504222538571805
0.22150275024013683
0.7721113149145733
0.22150275024013683
0.4169260613627676
0.6901260911735889
0.31545097862831306
0.21228194636479603
0.9915266479181077
0.08558923131687726
0.731929357364877
0.4401783095062386
0.1472682511011842
0.23937638092244973
0.937519781701139
0.7386041289598417
0.034711671072456804
0.731929357364877
0.16596305376627335
0.0644052442681304
0.6040653094031765
0.06863689274158385
0.04376080871019758
0.937519781701139
0.811792855018169
0.2676284703087477
0.6325373470662149
0.0215679987086555
0.6354954487683121
0.9195647888992985
0.6139754862722238
0.16596305376627335
0.43470214546483704
0.24790406848451343
0.8701855761748519
0.5633740058492427
0.3025852193076121
0.5637173352638697
0.86408865600926
0.21496375512476773
0.7557069339495954
0.41091026519927987
0.7128220240641421
0.7728517296825927
0.4702549773507417
0.04376080871019758
0.8739938151579074
0.12754523048575073
0.6225862008733858
0.09716544251915399
0.21789687263145258
0.8511684997221427
0.06504222538571805
0.8511684997221427
0.06822852667411955
0.21228194636479603
0.3075181248808987
0.66029117843286
0.4169260613627676
0.35381216561019707
0.6320938006819512
0.6872550881571285
0.8149220105190262
0.07886428930511938
0.5092186305912367
0.4058237980519847
0.12272719359967536
0.8972492230996271
0.14530635144374732
0.5067200335834174
0.6686296015669668
0.5837065888048202
0.6139754862722238
0.19907315096321185
0.2916214103005135
0.09395117255642726
0.5779036561726536
0.36832705124753645
0.8114139606459329
0.8328229628983916
0.8853611731836909
0.07225903071925516
0.2907189344873219
0.28895223933705416
0.6883165852057975
0.8275273093317921
0.14530635144374732
0.21789687263145258
0.28598665302619897
0.1472682511011842
0.6225862008733858
0.8982651962507548
0.9561868865381107
0.8943393492811389
0.161540020453382
0.22493629220125555
0.08558923131687726
0.10612720990033128
0.6316462889560888
0.6250295422827726
0.32392030644514275
0.5967081719203275
0.04393118578793427
0.4401783095062386
0.15054954442758423
0.8849040035921097
0.8381176248881154
0.4801536929414671
0.644172660601374
0.11258513923069768
0.30673428872173214
0.3361083830944006
0.22930736387748218
0.644172660601374
0.30147842617275844
0.20057882545668337
0.9102435117030074
0.8328229628983916
0.6981146742083391
0.5713743117662022
0.412206099220219
