0.16965531075230655
0.4383183421486345
0.8516068896086354
0.4830692210298073
0.3935712251416637
0.4788689139153207
0.8527062782811106
0.4731573688362296
0.8612085434030815
0.4731573688362296
0.4755145942427084
0.44198080541058826
0.8398653394880777
0.6745765388552187
0.20299004880534866
0.469280499769772
0.8137334157891466
0.8398653394880777
0.7537344583899452
0.1980699259237149
0.4721817038817792
0.4422406518944763
0.11780577453589786
0.6477085004022388
0.5069566083546817
0.5341850442908764
0.4685255347257352
0.44198080541058826
0.8209029247169629
0.4830692210298073
0.5988737432402851
0.1980699259237149
0.1984657750639205
0.44198080541058826
0.458349578620966
0.15832726515576928
0.1980540240603695
0.424802859127228
0.43687377479687606
0.7537344583899452
0.8126721617310939
0.4378368196980484
0.48829132221265875
0.2628968990878587
0.5034450084553843
0.7951834653074219
0.5275459501426021
0.1984657750639205
0.5174914096907922
0.48829132221265875
0.4631242284468767
0.157281833051447
0.47080867191284037
0.47080867191284037
0.7923155457331869
0.5988737432402851
0.8196691478018661
0.5240862766816725
0.4634864827638432
0.46255411283974457
0.8398653394880777
0.5865980506395413
0.8315909967221269
0.8315909967221269
0.5034450084553843
0.7590748554722063
0.15832726515576928
0.458349578620966
0.4685255347257352
0.7590748554722063
0.1502089185628755
0.4803053413949283
0.21295219739284774
0.21749910497557787
0.7807842786691648
0.8710824737510142
0.16965531075230655
0.23904875852853677
0.6745765388552187
0.4830692210298073
0.3853881810068535
0.36439467805160586
0.40292072108169613
0.7630681811887742
0.8311507361984991
0.1984657750639205
0.46629978901883096
0.47080867191284037
0.3151888899636057
0.26320418932983336
0.7807842786691648
0.9852188421414445
0.458349578620966
0.11780577453589786
0.15191744228162293
0.6964675493943474
0.6477085004022388
0.8196513708721924
0.3935712251416637
0.44337525530798
0.48829132221265875
0.8666641563969353
0.8376301977959504
0.44337525530798
0.48829132221265875
0.8508333167525959
0.3733741715877171
0.8259827109262317
0.12695562574078315
0.4524017380275398
0.8478493216273859
0.47267913697172204
0.3519491633453846
0.4239000402305249
0.2724128621076724
0.3128917726772711
0.7951834653074219
0.8449341564681792
0.8710824737510142
0.8305646810289307
0.8666641563969353
0.5240862766816725
0.8231845437740039
0.47267913697172204
0.17286358845951436
0.20299004880534866
0.8616148360518897
0.2183174725638893
0.5595188828667536
0.7804447515728055
0.7951834653074219
0.2724128621076724
0.4591587516939485
0.4769345648357062
0.18111047352452136
0.15832726515576928
0.1980540240603695
0.15191744228162293
0.5264493872149917
0.26320418932983336
0.4372072842645206
0.8508160353046579
0.16825767739541309
0.1984657750639205
0.4479898507832819
0.6964675493943474
0.16331143705841925
0.5057413755542294
0.23683173155467918
0.3128917726772711
0.8508333167525959
0.5032418044532208
0.4731573688362296
0.49754305819547523
0.48317666174945817
0.8209029247169629
0.15639872406886468
0.6477085004022388
0.4755145942427084
0.22216829970613913
0.46629978901883096
0.8590216739888582
0.1502089185628755
0.8516068896086354
0.4551932749410203
0.3853881810068535
0.6745765388552187
0.8398653394880777
0.1497966621732752
0.16331143705841925
0.36439467805160586
0.49636159419586884
0.4803053413949283
0.8217691563285153
0.5343564137708317
0.3856120381590033
0.45968148367173384
0.08810214894210654
0.484542125978658
0.5366542042859719
0.48693074427524624
0.8612085434030815
0.48693074427524624
0.20299004880534866
0.4591587516939485
0.6343910300635168
0.5069566083546817
0.1980540240603695
0.1944339772071606
0.4685255347257352
0.4725482452550485
0.11780577453589786
0.16445848105242827
0.4507286549818476
0.4496329580941052
0.08810214894210654
0.23904875852853677
0.12695562574078315
0.3935712251416637
0.5089462697269311
0.20084957650283597
0.4263815986294686
0.8458790000612948
0.7537344583899452
0.2503384562061564
0.5089462697269311
0.4891373025622249
0.8125786836008363
0.4507286549818476
0.41414481185990454
0.8612085434030815
0.8125786836008363
0.8196691478018661
0.4422406518944763
0.4491227199536014
0.5988737432402851
0.4378368196980484
0.8121937728713995
0.8508160353046579
0.7923155457331869
0.19447432739511003
0.375906751887826
0.4491227199536014
0.8305646810289307
0.1980699259237149
0.5069566083546817
0.2560378254201565
0.8478837366103875
0.4263815986294686
0.5216600365209398
0.22216829970613913
0.17286358845951436
0.5239991912441061
0.49917574675282617
0.23683173155467918
0.20837928866424058
0.2183174725638893
0.17736283212429807
0.4364877363233541
0.906209898754818
0.5275459501426021
0.18394873555542204
0.4444056569219051
0.7804447515728055
0.8259827109262317
0.8478837366103875
0.4378368196980484
0.424802859127228
0.4788689139153207
0.4804795122700611
