0.2545375920597859
0.25452455485477804
0.2545333745594487
0.2545335418470478
0.25453705669887144
0.2545353883210246
0.25453407959902274
0.25453563760645553
0.2545318967808253
0.2545387233230389
0.2545364880828878
0.2545333745594487
0.2545314154057988
0.25452966552955436
0.25453457070609836
0.2545356629448665
0.25453381655004953
0.2545352236087542
0.25453578636003277
0.25453158740873616
0.2545353883210246
0.2545339018438529
0.2545346805390036
0.2545314154057988
0.2545335418470478
0.25453457070609836
0.25453407450316234
0.2545327487444602
0.25453582078688575
0.2545351466244811
0.2545357914866386
0.25453476511566747
0.2545358207318363
0.25453318178301654
0.25453454990892804
0.2545339307784709
0.2545375920597859
0.25453537038516955
0.25453478327558354
0.25453573562121534
0.25453578636003277
0.2545356111514035
0.25452849618430234
0.254533309495605
0.2545358529521263
0.2545339018438529
0.25453445400820307
0.25453439148087575
0.25453799154269924
0.2545357867510693
0.25454291705857734
0.25453406338938817
0.25453434175585415
0.25453509717270223
0.2545340000662186
0.25453410173654895
0.2545365591513682
0.25453784888811776
0.2545367280309757
0.25452717437972183
0.2545334274665722
0.25453538725922037
0.25453475277462756
0.2545349300510087
0.25454531188607854
0.25453628070764145
0.2545410603330196
0.25453715330397214
0.2545279059041461
0.25453575033066783
0.25453436012767794
0.2545353883210246
0.2545364671001659
0.2545354312439964
0.2545347204065674
0.2545346349692376
0.2545325893785449
0.2545336224098216
0.25453715330397214
0.25453480348254937
0.2545349300510087
0.2545351765064739
0.25453138424892846
0.2545308332084198
0.2545306430912741
0.25453987632298875
0.254534626282015
0.25453582078688575
0.2545363180597812
0.2545339307784709
0.25453500977255833
0.2545368356575623
0.25453671002407097
0.2545356328081407
0.2545339110382507
0.2545403803454044
0.25453381655004953
0.25453407959902274
0.2545367280309757
0.25453715330397214
0.25453628070764145
0.2545353018939786
0.25453801459474523
0.254533568470162
0.25453405344425484
0.2545329483357221
0.2545356003953824
0.2545350691713059
0.2545352236087542
0.2545349964366907
0.254533309495605
0.25453407380910575
0.2545357914866386
0.25445271741253267
0.25453137404279663
0.25453477444098516
0.2545370983120352
0.25454531188607854
0.2545327487444602
0.254533309495605
0.25453515632237933
0.254534284712416
0.2545433725912889
0.2545333745594487
0.25453365949173656
0.2545375920597859
0.25453817766309045
0.2545327487444602
0.25453705669887144
0.7710876487407408
0.2545355438132728
0.25452572449000216
0.2545355438132728
0.2545338842351428
0.25453439148087575
0.2545367280613926
0.2545364671001659
0.2545350117075918
0.25453159311442314
0.2545357867510693
0.25448563502566945
0.25453779516781566
0.25453428973265213
0.2545333578421545
0.25453443187229324
0.25453573562121534
0.2545356003953824
0.2545363180597812
0.2545219822317224
0.2545267828920634
0.2545318967808253
0.25453512009074925
0.2545357914866386
0.25453515632237933
0.25453372579078054
0.25453744160575686
0.25453281922238963
0.2545346349692376
0.25453034366122096
0.2545318967808253
0.2545331396871929
0.25454382187733304
0.2545329483357221
0.25454382187733304
0.25453511862221806
0.2545347266306108
0.25453439148087575
0.2545369469266181
0.25453416048867905
0.2545356629448665
0.2545343594255216
0.25453184123292877
0.2545343678347441
0.2545353297825652
0.2545342547601945
0.2545307023289882
0.25454237538149305
0.2545344489393381
0.2545336250899854
0.25453454990892804
0.25453563760645553
0.25452966552955436
0.2545353018939786
0.2545364593316964
0.25453416048867905
0.25452455485477804
0.2545349964366907
0.2545355191410257
0.2545341391196858
0.2545325893785449
0.25453705669887144
0.2545364880828878
0.2545356629448665
0.25451915803829545
0.2545347407663572
0.25453649099936865
0.25453476511566747
0.2545349654723521
0.2545365591513682
0.2545348389957433
0.2545356111514035
0.2545336533034504
0.25453406338938817
0.25453454990892804
0.2545339922204325
0.2545388301274273
0.25452849618430234
0.25453578636003277
0.2545279059041461
0.25453654878134396
0.2545357499138501
0.2545333993994663
0.25452849618430234
0.25453575033066783
0.2545336250899854
0.2545316780582356
0.25453426356476844
0.254534418284117
0.25453138424892846
0.25453110332824763
0.25453518936985114
0.2545385344722479
0.2545358529521263
0.2545343594255216
0.25453286315166074
0.2545383671745527
0.25454358787860043
0.2545076963055229
0.25452792272124497
0.25453010101211254
0.25453457070609836
0.2545351118776799
0.25452717437972183
0.2545314154057988
0.25453158740873616
0.2545341391196858
0.2545367280309757
0.2545357781292785
0.25454291705857734
0.2545349025805734
0.25453445400820307
0.2545346007881075
0.25454291705857734
0.25453365949173656
0.25453237171729665
0.25453467012575937
0.2545368257925071
0.25453711730579265
0.2545318199080822
0.2545349025805734
