0.19480133958053977
0.6252752457572023
0.2687578803243629
0.22063007188363284
0.2687578803243629
0.2581253726851569
0.2498275586882294
0.2066914962394751
0.355590048840302
0.2581253726851569
0.2631050989893152
0.22056011947602622
0.272610194969714
0.27893339298783526
0.26678301942583654
0.4184459758913263
0.2631050989893152
0.2680774298115474
0.25968800975189227
0.3437061640838121
0.6191230528434537
0.6296738660864167
0.27728759043286794
0.2163827652323118
0.19384524019073132
0.26175875116897973
0.2713610343669126
0.2776005353798566
0.2695910800114029
0.2090457063730775
0.2561486500216173
0.29522716702346735
0.21624671569536236
0.2631050989893152
0.2759271788402737
0.30941533067065863
0.2246594425304156
0.2725804657611078
0.26827259854750685
0.6081934814458397
0.2246594425304156
0.5938554319176212
0.8489943624503132
0.2093470249858427
0.28586336937674106
0.23432502079666243
0.2066914962394751
0.2485062317239606
0.7002135894970462
0.6413170697291208
0.2340080116009502
0.2093470249858427
0.23271585324398103
0.2675540607286551
0.25968800975189227
0.31448031678954363
0.3976803383119773
0.6506711290098297
0.19911738139161553
0.254295486642426
0.22680235520125533
0.2498275586882294
0.652434595581024
0.2163827652323118
0.23237626932667796
0.22063007188363284
0.24809133780417814
0.5938554319176212
0.21581146304271148
0.16838438282060098
0.05156355261723555
0.29692398599615816
0.29567712548949293
0.2581253726851569
0.2467615559762819
0.23863045473522998
0.002796094060050547
0.2561486500216173
0.2467275737994933
0.1910676150667804
0.1843686721709658
0.22056011947602622
0.3503836494715577
0.26827259854750685
0.7317761018147633
0.9436064035271016
0.2676195538725205
0.19384524019073132
0.24982755868822942
0.2165005812038346
0.05464153540963246
0.2340080116009502
0.6163490371338449
0.6372784800277254
0.26175875116897973
0.291965430433289
0.27357104205466803
0.8858445515424013
0.9155465043779863
0.6661138273494073
0.4054832209713678
0.24809133780417814
0.20598643870316297
0.7737970941326205
0.27728759043286794
0.25666015844746015
0.7317761018147633
0.2163827652323118
0.3629905977596121
0.2702418873542318
0.26827259854750685
0.2713610343669126
0.23934949628298885
0.2998347248859881
0.1843686721709658
0.27357104205466803
0.2764872781799541
0.23547682821930901
0.5803916678455638
0.2759271788402737
0.3150749128961128
0.8998060790969848
0.29126235436568765
0.22894129438819547
0.2702418873542318
0.19480133958053977
0.31714148610544146
0.695721184141953
0.6779938659284486
0.8205536476204861
0.4994390026420904
0.23237626932667796
0.26678301942583654
0.7100078938938369
0.2485062317239606
0.2182600627143408
0.6233176428369447
0.5948052715160648
0.23237626932667796
0.2647655368162356
0.6506711290098297
0.20779654164710126
0.2163736484495985
0.202815149138481
0.9353182739978656
0.6081934814458397
0.2567783521762937
0.3673681332299963
0.2722484473265846
0.23935672770972816
0.27893339298783526
0.1716453646228028
0.20779654164710126
0.6226292282085666
0.21132348829466507
0.6164780050987735
0.3504197086061889
0.2680774298115474
0.19911738139161553
0.6252752457572023
0.21414157498563538
0.6214874001642021
0.6445456414063718
0.24830075136983543
0.18217612674893857
0.6030717287224082
0.9436064035271016
0.3976803383119773
0.6779938659284486
0.2395990890153549
0.807439399501102
0.2290443418893999
0.8739108547625024
0.6030717287224082
0.8858445515424013
0.8489943624503132
0.5938554319176212
0.3009620006908769
0.18913205498024196
0.4834509713017513
0.22452546822742211
0.27728759043286794
0.9823317502684983
0.26678301942583654
0.21525761171761693
0.30576687755231746
0.7383632107173473
0.25910931009792015
0.9032944370985692
0.7855875675635314
0.6413170697291208
0.6191230528434537
0.3503836494715577
0.6164780050987735
0.9492233505547949
0.22063007188363284
0.7932983705888689
0.20638400039053803
0.6214874001642021
0.2290443418893999
0.355590048840302
0.19384524019073132
0.6252752457572023
0.2019519202527007
0.27966066942171414
0.11250616034240732
0.6387445623872468
0.2246594425304156
0.6081934814458397
0.8489943624503132
0.355590048840302
0.23658918766147807
0.10322381495897208
0.2764872781799541
0.16838438282060098
0.29692398599615816
0.25495640175574574
0.24350646735484155
0.21987437091069906
0.892677215847856
0.254295486642426
0.28586336937674106
0.18425014998382222
0.27893339298783526
0.2066914962394751
0.2675540607286551
0.2395990890153549
0.5948052715160648
0.22056011947602622
0.2687578803243629
0.32552502446501286
0.2713610343669126
0.7002135894970462
0.272610194969714
0.695721184141953
0.8205536476204861
0.20598643870316297
0.17391571020915103
0.22972739600972006
0.2680774298115474
0.2093470249858427
0.23720471927303433
0.4834509713017513
0.6348956984654437
0.30576687755231746
0.545881452771283
0.25735472662604175
0.3437061640838121
0.6166355684386866
0.26852789642210234
