0.3981174685237394
0.44951604184906246
0.3820618714311418
0.4532864311241994
0.07136663557043252
0.22135136485388202
0.3324616080344981
0.24895286841490055
0.18502554488378534
0.11336318111582186
0.2726658839943584
0.3318478305129815
0.35731292897768463
0.3271126446294708
0.47621023013970765
0.08084421606509375
0.3878327070957311
0.2579815004086736
0.06952953235903657
0.11825902126182511
0.023083491783529912
0.3266717654430125
0.39202803894109184
0.40706237278822355
0.3587377436980277
0.39305375019533306
0.029804538761128936
0.2723613167932369
0.35730903086504007
0.24740419927660026
0.27548843274096424
0.4430944008342415
0.11258849713616673
0.3408666039348417
0.33827594200898387
0.1475918144433546
0.3620848229383349
0.4655002017250706
0.24574493919368248
0.1267404802302128
0.17173839506472036
0.23560543397858144
0.33459407012629105
0.20441779242994274
-0.04471521175345276
0.008121404400651684
0.14726241440430338
0.07681126629115212
0.42248398734463505
0.29382765709861824
0.08642643274956138
0.04657121427049627
0.46879440627975266
0.1910597240586
0.29526040407419213
0.3091610107906681
0.05294128242612486
0.11271954444235736
0.3686797354797472
0.1740602039571103
0.35717054000614484
0.24084035743582377
0.4271888244468746
0.5870300134879991
0.11098548298837517
0.32150082566479926
0.06650864159533557
0.26553496509390906
-0.15314910261462658
0.23421530073568972
0.2625769163160631
0.13439364855961555
0.12799275634667118
0.33329174297245134
0.23606663541587292
0.20496388792703477
0.4179193344142783
0.25390035956226065
0.18532375940510998
-0.1210969648019878
0.3527534161864053
0.05278463782649556
0.2737837522202981
0.3038999783810285
0.5605492332809019
0.24195917014173784
0.5398964628992345
0.02721585441326102
0.2915969716113586
0.4593168231296247
-0.09328575460985428
0.13971872553197284
0.17639439929186287
0.2854274232838748
-0.05186100733240347
0.21950893108058386
0.3028902707026183
0.35733402195195674
0.3711430241203415
0.3073375314286722
0.39017138831598797
0.36330158053041156
0.20263060177620015
0.2218188282873624
0.13191646622365755
-0.0015993242214986355
0.15683984822637642
0.1303137194081948
0.45627428114118246
0.2240121357096788
0.3025608274270327
0.14438499912261074
0.25930857264465007
0.4438770220581825
-0.019711445512718435
0.3581261184763423
0.14024795328477477
0.08242014721345485
0.38276914960139147
0.440360167031716
0.08497717368517979
0.30532223489394666
0.22079819929923603
0.22397944463190317
0.06804635827927927
0.3889435377950218
0.6529912517026882
0.3575693025797865
0.32752867663444607
0.44811372670451805
0.24751916862864065
0.4296577276378436
0.10956504422214199
0.316019956935009
0.22802969009076668
0.20446371937818703
0.38102467699134773
0.17376611613230897
0.008820708070480968
0.6027312349596848
0.29761488438433714
0.20151429502622656
0.08243019545341124
0.2424537050270578
0.27199586919811874
0.27949769278897657
0.19736814759610216
0.23673385290861668
0.25202254681099695
0.15791862193459721
0.10352484409582546
0.23663820149063977
0.13154350286376637
0.3913443739614311
0.2011441655450781
0.4290134896529472
-0.19517933396920226
0.3605863585672243
0.4259853387508877
0.1268792127708012
0.2292509575206919
-0.06686396922930703
0.08924362522615008
0.2684964162035608
0.5825177464361453
0.2766621111724717
0.2795895932397073
0.12279917330662564
0.0013520335613708468
0.11357165287033207
0.41667321809665453
0.10760234547634363
0.09573771297869485
0.4531910654426797
0.3057477654955262
0.227331870192058
-0.05288132601407992
0.2305141579188094
0.2717765353756547
0.3542004942107746
0.28197500123589786
-0.04746355217008714
0.026133351761948895
0.4818570844759216
0.1495509901146336
0.1409010776278612
0.3276618138458705
0.3860866214464365
0.36317706627067603
0.17335415440110166
-0.06017583227772249
0.42086442822815523
0.2184131657400962
0.4027525348264523
0.3200110893353319
0.042933744859716
0.4192937331238929
0.25849807365999045
0.27817074664335545
0.11191497613057874
0.04314086471353854
0.1093636434064944
0.3777964281949609
0.2893418123354046
0.08638197801119418
0.1863244166751115
0.25501028469190373
0.23215179377969528
0.13634560688439065
0.12099490663784833
0.16686266368251104
0.4460575343342757
0.3083123086743634
0.22830600611395535
0.2230759244817967
0.4332415095377648
0.2987623683077158
0.16680763028933104
0.09387366079169601
0.25280412224104204
0.37618494788414336
0.38821320739388004
0.35386443519611044
0.33686388788681043
0.3417745942178757
0.3633937755207068
0.3387973370292106
0.21647668068394751
0.4107071588987876
0.15555233642661798
0.2538625942912774
0.43396425374041
0.31697324878117344
0.3279706811086104
0.24903769429338207
0.18232592193220004
0.38274032578287737
0.40726214104056035
0.37958160284610476
0.06458662081660621
0.36706511562240346
0.4483149459428295
0.09154748336084874
-0.030884519353209707
0.39802212765887474
0.2855396641101045
0.4678742943626095
0.3805269485805284
-0.011615501069135148
0.20686482776446893
