0.2507285135310393
0.2676034912371987
0.23252595780650917
0.25223657786118325
0.25255413979695834
0.2463429633266192
0.25591925296784895
0.26447972981387774
0.2596043315161336
0.253551015329001
0.2600636692270652
0.2562299591449811
0.24658023409634763
0.24266256491283697
0.2525504398177949
0.2565616859097782
0.256880691980387
0.26041737219106925
0.2545884342099934
0.2525504398177949
0.24917947278491326
0.25239823627249136
0.25627391823016166
0.24956263919201324
0.24739724363438023
0.26046905253454206
0.253551015329001
0.235878788268071
0.2562299591449811
0.24658023409634763
0.2584425096732501
0.2589777000331403
0.28090037271820945
0.24323732572628184
0.235878788268071
0.2713530013411077
0.2463429633266192
0.7653620848679518
0.6154113548272031
0.24697444712168615
0.6360870892465845
0.51333067465655
0.24266256491283697
0.26723686510006417
0.23781561848974067
0.702102586394482
0.252189528862985
0.702102586394482
0.2537993192907966
0.2664943452279073
0.51333067465655
0.25477930145139677
0.2530065112707605
0.25223657786118325
0.256880691980387
0.25688277494664374
0.24956263919201324
0.2524308226734804
0.2486268030670019
0.2534918594800098
0.2574625542885405
0.2664201622354834
0.2549886776442853
0.22526680239513405
0.80594211140735
0.24165220048868777
0.24165220048868777
0.24917947278491326
0.6900306658476764
0.26052431922026836
0.2503430462444657
0.27212109716297156
0.6450040602755722
0.24088961147857132
0.26365172164759443
0.24956263919201324
0.25223657786118325
0.28340239938096107
0.2528045793376706
0.21232539424105135
0.25537049109824167
0.2667745530483235
0.2779075284258121
0.24901620591796902
0.24956263919201324
0.9436064035271016
0.7018429474823598
0.24739724363438023
0.2545884342099934
0.24338491626596837
0.25458012223759136
0.252189528862985
0.24036269484528014
0.6405455747610784
0.24658597810334967
0.291965430433289
0.2709353159553092
0.25255413979695834
0.25679759124008944
0.25477930145139677
0.26442393748700715
0.2562534181732818
0.25509776082166574
0.6976422471484114
0.2596043315161336
0.25627391823016166
0.7018429474823598
0.2596043315161336
0.2574625542885405
0.25179316268215957
0.28723615835015204
0.24826489124519263
0.2586126937538693
0.6494205979127521
0.24464982660474113
0.2588067588710576
0.2664943452279073
0.25866956097996363
0.24553777409422964
0.25331503876804057
0.26052431922026836
0.24840139219817167
0.2463429633266192
0.24940598686571894
0.2663001195845523
0.2071546263073109
0.26350216812860155
0.2562534181732818
0.6403402625947239
0.7653849536802583
0.26041737219106925
0.2688434651890488
0.24327684882335235
0.6116937149279937
0.25083574559074495
0.25143148627651074
0.6450040602755722
0.259986090371282
0.2753804597161169
0.2586126937538693
0.25624211213574266
0.278244998525768
0.2507285135310393
0.24697444712168615
0.2587396104977251
0.6627291914305435
0.25477930145139677
0.2936351761505765
0.24338491626596837
0.24219442485125012
0.25535185258654264
0.2562299591449811
0.24036269484528014
0.6154113548272031
0.2503430462444657
0.6164780050987735
0.256880691980387
0.2578252664568753
0.2486268030670019
0.6886216618575113
0.25255413979695834
0.6214874001642021
0.24729506289562658
0.24928552078725705
0.2071546263073109
0.25679759124008944
0.9436064035271016
0.2753804597161169
0.27212109716297156
0.24536021494883986
0.7543821757697088
0.268299436203462
0.80594211140735
0.6403402625947239
0.23781561848974067
0.7653620848679518
0.2616414912331096
0.24184442593447894
0.24822654238076483
0.2745229126460811
0.26568073436126033
0.25331503876804057
0.25356978098664873
0.2525504398177949
0.2332970494738671
0.2610783515075006
0.7440851955994079
0.26442393748700715
0.25239823627249136
0.7586818346891473
0.2548643256437287
0.26271834123972204
0.24253344745781144
0.6164780050987735
0.25458012223759136
0.2528045793376706
0.25239823627249136
0.2642394456448173
0.25348107243708157
0.26447972981387774
0.2709353159553092
0.24928552078725705
0.6450040602755722
0.25591925296784895
0.2578252664568753
0.2510853335932101
0.24266256491283697
0.6627291914305435
0.24452703253028674
0.253551015329001
0.2664943452279073
0.2565616859097782
0.24266256491283697
0.2565049424995865
0.2272382785998884
0.26350216812860155
0.2537993192907966
0.25472752165000845
0.24818082454532658
0.7986334880835821
0.26041737219106925
0.25856075267599143
0.23781561848974067
0.2584425096732501
0.26046905253454206
0.2534147698853556
0.2605611102957305
0.23252595780650917
0.2589777000331403
0.2655355293210538
0.2750709288606046
0.2596502033123233
0.7870595407482515
0.2688434651890488
0.6900306658476764
0.7870595407482515
0.24739724363438023
0.2570946179641272
0.25283233388698917
0.2536443612135548
0.22473179858752812
0.25302864785694124
0.51333067465655
0.6360870892465845
0.28723615835015204
0.6116937149279937
0.2576196612418907
0.278244998525768
0.25535185258654264
0.2644181914960764
