0.25462465587923816
0.2535327956862008
0.2555502911540426
0.2548572195801731
0.25178123692089527
0.25241008155739436
0.2512989464335157
0.25308924306230546
0.25623777872649717
0.7088179131676718
0.25479816843261244
0.2546109572765037
0.25830635403072333
0.2552530872761169
0.25548963083605347
0.2585927284227279
0.25841218748647254
0.2570470021144154
0.25819944303047243
0.2533407141759594
0.2555502911540426
0.2594325803727788
0.2555502911540426
0.2552530872761169
0.25365544427827125
0.25570170518927876
0.25477069912363876
0.25487962898910493
0.25819944303047243
0.2548572195801731
0.25487962898910493
0.25138129928267244
0.2656272590461714
0.25493018238783854
0.25684042000102214
0.2510646750857307
0.6643758228257679
0.25616067640381807
0.7088179131676718
0.249126540796051
0.25436481631371605
0.2556900368655087
0.25659195066429996
0.2535327956862008
0.6643758228257679
0.25365544427827125
0.24780357132864606
0.25684042000102214
0.251521020982505
0.25659195066429996
0.25616067640381807
0.25551931867657934
0.25493018238783854
0.2522444457636526
0.2547962884605164
0.25365544427827125
0.7762222472142548
0.2531024981034458
0.2559046420196656
0.2562451018367778
0.25241008155739436
0.2553538452540473
0.25454514362841024
0.23373061362319209
0.80594211140735
0.2514841355260803
0.2501151038622827
0.25599645984333036
0.2541361605943899
0.2501151038622827
0.252579892377552
0.2594325803727788
0.6450040602755722
0.2532963617463256
0.25548963083605347
0.25308924306230546
0.2533217186293943
0.2557120457561832
0.25282838148048425
0.25479816843261244
0.2545392507036662
0.26026676906013013
0.25841218748647254
0.254278968275558
0.250075271535477
0.9436064035271016
0.685403982923416
0.2525094448572441
0.25485622211019915
0.24338491626596837
0.2577056794062665
0.24977572522642114
0.25425712973866793
0.6404429186779012
0.2525094448572441
0.26054806100239153
0.25515303000272144
0.2577056794062665
0.25242497295687716
0.2594325803727788
0.25659195066429996
0.2530610574102562
0.2508575855001385
0.6998724167714467
0.2533407141759594
0.2561628885049661
0.685403982923416
0.2562924495343517
0.25892620009736383
0.2547716257389849
0.7088179131676718
0.2563884604643365
0.25234674458228834
0.25308508950830527
0.249126540796051
0.2588067588710576
0.2529486455616738
0.2545699298755926
0.2533338006678199
0.2555502911540426
0.254278968275558
0.24774481911898838
0.251521020982505
0.25548963083605347
0.2545232509603089
0.25308924306230546
0.24970332312314267
0.25020910760768894
0.6404429186779012
0.7762222472142548
0.25477069912363876
0.2570470021144154
0.25483653800525163
0.7088179131676718
0.251243098759429
0.24977572522642114
0.6450040602755722
0.26172541604245136
0.2562451018367778
0.2554602127289946
0.24895702570106276
0.278244998525768
0.254821722357062
0.24939599460842046
0.2561628885049661
0.6627291914305435
0.2545013296709773
0.25486833886391674
0.2533742095876892
0.2508575855001385
0.25616067640381807
0.2559703267288385
0.2540930032858046
0.6159446799629883
0.25819944303047243
0.25316483538378903
0.2572063273111705
0.25242497295687716
0.26054806100239153
0.2537845989287378
0.2535613228508974
0.2548572195801731
0.25487962898910493
0.25296503890359945
0.24895702570106276
0.25841218748647254
0.9436064035271016
0.2585927284227279
0.2535613228508974
0.2590652748936213
0.7565180927146649
0.25011852502421505
0.80594211140735
0.6403402625947239
0.24774481911898838
0.2534016287589068
0.2557120457561832
0.24563985860753346
0.249126540796051
0.2656272590461714
0.2546109572765037
0.252928325643434
0.251999244210198
0.2564298488311321
0.24903968473122337
0.2553538452540473
0.251407159493939
0.26296450599139026
0.25321957855481203
0.253840498611547
0.2512989464335157
0.2571669609358472
0.25310033349070693
0.6159446799629883
0.252500176326039
0.25321957855481203
0.25241008155739436
0.25720971185036046
0.25638573176566776
0.2561521207007767
0.2535726164397681
0.24790834462210523
0.6450040602755722
0.25545157983215744
0.2585927284227279
0.2535978241755454
0.25643863479049367
0.6627291914305435
0.25472887686504536
0.2556495880916118
0.25623777872649717
0.261048607615416
0.2525094448572441
0.2518572531503686
0.250622216957559
0.25483653800525163
0.2546109572765037
0.25439794938944504
0.25623777872649717
0.24939599460842046
0.2551039655082981
0.25684042000102214
0.2533407141759594
0.2551118732970727
0.25570170518927876
0.252500176326039
0.25393121806528723
0.251032026753747
0.2535726164397681
0.2546525549793482
0.2546525549793482
0.2533947210139287
0.25471202396617765
0.25643863479049367
0.250622216957559
0.7762222472142548
0.2512989464335157
0.25790994318538685
0.25386984312274063
0.25711803598354305
0.25310033349070693
0.2572063273111705
0.25790994318538685
0.6689650183644722
0.26423695877443076
0.6643758228257679
0.2535327956862008
0.26355969173825855
0.25360423540634297
0.25983358638678544
