0.7847880425925237
0.7692568505477545
0.27505269022439727
0.7832558399009336
0.8294594895153716
0.8439056819886916
0.7781646570249534
0.7806655057706653
0.25360172297620975
0.7758651814854606
0.7709254516837895
0.34181452680120916
0.7950858392778174
0.24155140050990292
0.8343522917756259
0.7928312878282674
0.31557383049055066
0.7385352010879288
0.7791728563876816
0.7732710884307185
0.7514414180690239
0.7785822456049556
0.7727590825786247
0.7931857419150594
0.7930845692214481
0.7822336188281405
0.29118435816436655
0.7751236856003141
0.7870302634354875
0.7697970060555089
0.312784860361911
0.7773234057685284
0.7692568505477545
0.7706146026964417
0.7852851832399965
0.7672063391783457
0.7847880425925237
0.7836110774837519
0.7849000180197572
0.7672063391783457
0.7928312878282674
0.7358810611755099
0.7616807332841726
0.7746260595380251
0.7910219198766218
0.7632640493819294
0.261673221203829
0.7913140071259953
0.793092785674442
0.7746260595380251
0.4741878241469724
0.29205490557479824
0.22796073257867025
0.7851450528818226
0.7330643065127787
0.7747561304943517
0.40069311625837456
0.7906483216077641
0.7697970060555089
0.7376355497705311
0.7720364085720547
0.24155140050990292
0.7234862302788848
0.7439285172966535
0.7782835057254848
0.29955704125779786
0.3224523839626454
0.7745016976734946
0.7632640493819294
0.31939876991396754
0.8439056819886916
0.7744821923179837
0.7751236856003141
0.3740997791332727
0.7847752684706161
0.7234862302788848
0.7876249873232254
0.7632640493819294
0.25972485173625826
0.7785822456049556
0.7699929047217461
0.7795905757015605
0.7672063391783457
0.7735459677989435
0.9536847447983378
0.8085180766951822
0.8054075730376997
0.7930845692214481
0.7828983061662452
0.7870302634354875
0.08351504413607413
0.7930845692214481
0.25360172297620975
0.7860529562990314
0.7833615989505117
0.34997188108851907
0.2809106012256798
0.776698580723138
0.7649394653056821
0.7745016976734946
0.7795905757015605
0.7697923376749864
0.31557383049055066
0.7646562848988516
0.7860529562990314
0.25360172297620975
0.777106979557494
0.7821649150147423
0.7806655057706653
0.7376355497705311
0.7782835057254848
0.7721919732154878
0.34997188108851907
0.7779315809945664
0.23500928422034573
0.3438902300258249
0.2870922924608539
0.261673221203829
0.7539878985098509
0.7753251987654197
0.4741878241469724
0.7571315137162965
0.8014170858776708
0.8000762797697086
0.7638838989833033
0.7784387050994173
0.7863179246248202
0.24598705179665176
0.7781646570249534
0.7821593637144703
0.2959502809641436
0.7724583528328995
0.33106455840005444
0.7847880425925237
0.8294594895153716
0.7784387050994173
0.7632825747890079
0.7833615989505117
0.7358810611755099
0.7913140071259953
0.7906483216077641
0.7711449937216702
0.7097018798380239
0.7833534108532207
0.7799870800627784
0.841834421605631
0.29205490557479824
0.7821649150147423
0.24236058758953485
0.34181452680120916
0.23172631959033033
0.34181452680120916
0.7833534108532207
0.8734352433566985
0.8439056819886916
0.7706146026964417
0.22058993596841048
0.7732710884307185
0.7852851832399965
0.7692568505477545
0.3168938095407108
0.7960868706747875
0.22058993596841048
0.7791728563876816
0.7606331074068944
0.7699929047217461
0.8129378834257465
0.7097018798380239
0.3782342005973591
0.7773234057685284
0.7753251987654197
0.3224523839626454
0.3775959398306998
0.7616807332841726
0.7571315137162965
0.7822476427216487
0.27505269022439727
0.3775959398306998
0.841834421605631
0.7444727269895318
0.3168938095407108
0.27482523887832166
0.7910219198766218
0.7849000180197572
0.22796073257867025
0.23500928422034573
0.7822336188281405
0.7385352010879288
0.833024228774593
0.7330643065127787
0.7776546576015693
0.3373898934650647
0.7781965749425407
0.8734352433566985
0.7886140430355467
0.30629567398198754
0.761871813865007
0.7744821923179837
0.7960868706747875
0.35756218286220465
0.31138563406794006
0.8294594895153716
0.7822336188281405
0.7884282752850809
0.7777803246220043
0.27505269022439727
0.18280100729404436
0.7836963478017356
0.8343522917756259
0.29118435816436655
0.7836963478017356
0.28718073451353926
0.2317120602483364
0.806915375784989
0.29118435816436655
0.7744821923179837
0.7847752684706161
0.7729294241632254
0.24598705179665176
0.785480013893426
0.7358810611755099
0.7928312878282674
0.20265178343117654
0.29955704125779786
0.7950858392778174
0.7849000180197572
0.7871621029108958
0.26155282250123413
0.7865466333799761
0.23172631959033033
0.27673556250826714
0.7815019985285985
0.7864066188953438
0.7727590825786247
0.24155140050990292
0.7832558399009336
0.7864066188953438
0.8031578389635169
0.7724583528328995
0.18280100729404436
0.7748255716500848
0.7539878985098509
0.7764650511288193
0.40069311625837456
0.7385352010879288
0.31557383049055066
0.8343522917756259
0.7950858392778174
0.7732710884307185
0.7441055798043561
