0.19480133958053977
0.27110235858976367
0.27867831249779274
0.2476126579278577
0.6776087964670396
0.7586818346891473
0.2624058344681848
0.6627291914305435
0.25327375020960174
0.2439375405024971
0.6030717287224082
0.24765991048214628
0.23816288557277296
0.24373483423979858
0.2605883798931407
0.2825304640667115
0.6030717287224082
0.2501612845550269
0.25960044833872536
0.22804051701763597
0.2575943382113253
0.24761585525199123
0.2501612845550269
0.2476126579278577
0.7440851955994079
0.2721498770161021
0.27867831249779274
0.2248736011967526
0.21141570787901942
0.22564333084211455
0.25342005561998926
0.27097469229592125
0.23461741002514286
0.2248736011967526
0.28149986264161986
0.30941533067065863
0.2246594425304156
0.25329423868102896
0.6081934814458397
0.20246728563773875
0.2541827812377117
0.23406307567048854
0.7653849536802583
0.25960044833872536
0.30865715995180487
0.22766939754272475
0.24761585525199123
0.24761585525199123
0.7986334880835821
0.28149986264161986
0.4834509713017513
0.25960044833872536
0.2248736011967526
0.26512025703412995
0.2636537818122064
0.31448031678954363
0.7986334880835821
0.2575943382113253
0.22564333084211455
0.254295486642426
0.26817175859453396
0.24373483423979858
0.27097469229592125
0.22526680239513405
0.2455450986397963
0.22054421728990817
0.23772422718284444
0.602277972226232
0.21141570787901942
0.20246728563773875
0.05156355261723555
0.29692398599615816
0.28168416635613674
0.2439375405024971
0.27110235858976367
0.23494917912233113
0.2449439768969055
0.24373483423979858
0.28404839377600827
0.20003222558789635
0.2310246267437006
0.2501612845550269
0.31390886757420655
0.2449439768969055
0.2476126579278577
0.9436064035271016
0.2636537818122064
0.2349323614715307
0.28404839377600827
0.24338491626596837
0.18085524400168806
0.23816288557277296
0.6412314322416262
0.6360870892465845
0.26175875116897973
0.291965430433289
0.27184081740831856
0.8285298754299203
0.9155465043779863
0.6412314322416262
0.32463251324793335
0.24510664750694433
0.20598643870316297
0.6976422471484114
0.25888640268043733
0.25666015844746015
0.7586818346891473
0.22526680239513405
0.3629905977596121
0.25330836580883737
0.25550134579089895
0.2721498770161021
0.2439620982977159
0.27110235858976367
0.2049543984221267
0.27357104205466803
0.2764872781799541
0.2455450986397963
0.5803916678455638
0.27867831249779274
0.3150749128961128
0.24406032947859102
0.25888640268043733
0.25327375020960174
0.25663838203750516
0.19480133958053977
0.25550134579089895
0.30784347184369204
0.6776087964670396
0.7653849536802583
0.4994390026420904
0.2556133690602836
0.2885977682062222
0.7100078938938369
0.2363029537482113
0.2541827812377117
0.6233176428369447
0.27437777194489665
0.2753804597161169
0.2721498770161021
0.6506711290098297
0.2865536291064213
0.20849216678598226
0.24464322547245101
0.9353182739978656
0.6627291914305435
0.2567783521762937
0.30865715995180487
0.24338491626596837
0.23935672770972816
0.2625240170237644
0.21141570787901942
0.23723873117323516
0.6226292282085666
0.23119843412884758
0.6164780050987735
0.2811193902844214
0.2496947125969552
0.24464322547245101
0.6267414525336071
0.21414157498563538
0.6214874001642021
0.2811193902844214
0.25762458522989473
0.18217612674893857
0.6030717287224082
0.9436064035271016
0.2753804597161169
0.2885977682062222
0.2575943382113253
0.807439399501102
0.25327375020960174
0.8739108547625024
0.6030717287224082
0.8285298754299203
0.8489943624503132
0.24322838948543507
0.23816288557277296
0.2049543984221267
0.4834509713017513
0.2624058344681848
0.251144628740882
0.9823317502684983
0.2624058344681848
0.20849216678598226
0.28032305986515804
0.7440851955994079
0.25330836580883737
0.22054421728990817
0.7586818346891473
0.6776087964670396
0.28149986264161986
0.27097469229592125
0.6164780050987735
0.30865715995180487
0.24239531826672708
0.7172649014152475
0.2517040719623638
0.6214874001642021
0.3098981720673373
0.355590048840302
0.23365431539910433
0.6267414525336071
0.2019519202527007
0.2496947125969552
0.22054421728990817
0.27184081740831856
0.6627291914305435
0.6081934814458397
0.8489943624503132
0.355590048840302
0.23594710684400685
0.20003222558789635
0.24818082454532658
0.16838438282060098
0.2517040719623638
0.24203420101054463
0.23594710684400685
0.24818082454532658
0.7986334880835821
0.25762458522989473
0.2926818066556764
0.18425014998382222
0.25342005561998926
0.26817175859453396
0.2691847078496606
0.23772422718284444
0.6100402586366336
0.2396629748171162
0.2575012087069348
0.32552502446501286
0.25663838203750516
0.7440851955994079
0.28622245992785106
0.695721184141953
0.8300338858970951
0.20598643870316297
0.21097808111287875
0.24510664750694433
0.2694532647212022
0.22473179858752812
0.23720471927303433
0.4834509713017513
0.6360870892465845
0.28032305986515804
0.545881452771283
0.25735472662604175
0.2865536291064213
0.6166355684386866
0.25342005561998926
