0.6908616528254685
0.683184006661701
0.8194692625855123
0.8374837755163359
0.749049024937397
0.8101190378132768
0.8653002578753948
0.7646032396141381
0.9066720359960927
0.8479508230797774
0.5776435907809455
0.7601684421130781
0.8889857698508202
0.583012088941365
0.8356604231480638
0.7227959534345423
0.8693657522639482
0.8448546265241142
0.6840105104908746
0.6820732693398984
0.9255676353313638
0.7241242733717673
0.8762225964928063
0.8213888799216422
0.689123720420123
0.7651716687269435
0.8288499825438217
0.719113493784101
0.6375295745050302
0.9451646416913021
0.7660291069274505
0.8369246240889902
0.735413102796348
0.8300825765896295
0.853321723976596
0.7060277885588614
0.7189073311825506
-0.1359280913133776
-0.055875524304860404
0.7782393893072189
0.01219921568374371
0.1061102905094944
0.7074221550457958
0.7406794407201519
0.81141120864737
-0.09566745855448436
0.7396677455207609
-0.07699930379269145
0.7487030744147997
0.9008536024632099
0.12192948827505574
0.7389397956738627
0.882513677509527
0.8816654469941957
0.5738383925573548
0.7632945656441446
0.6763551654932888
0.8952981839892189
0.9780798126751802
0.8619738503179328
0.769370866479744
0.7507309714112782
0.8268685941789733
0.746783692900068
-0.11312870870160589
0.8058775474562746
0.684632666924042
0.756548829154595
0.08258604214079344
0.7612105044837519
0.8240336342016661
0.813644845665206
-0.06303795894857564
0.8773435153593585
0.812787901597793
0.7847840815891564
0.6619122011205002
0.6767310833895699
0.7140165142981679
0.6326109483831313
0.899969826743848
0.7729387946467965
0.8332589408471248
0.7716313625826747
0.7151335033460233
-0.1823520699631735
-0.14208199935014484
0.7889429213106297
0.9359568281345175
0.833847487692361
0.8860655244893266
0.8387700076184063
0.923616630725025
0.06868131173442814
0.9059283164443154
0.7079821984717702
0.7151314211963724
0.9399946478426862
0.8796430285673004
0.8126215287107696
0.855808670501757
0.77967573368346
0.6603980945363536
-0.21758520856071825
0.9441722687641299
0.7192093072890143
0.007794919583813245
0.8371894083333496
0.8105209616889472
0.7613559480317365
0.5968332443117083
0.9284673920145026
0.65723290763476
-0.09710254669001235
0.8534989225551909
0.8182381790907389
0.8043622768588101
0.7919811601652638
0.8274539715083217
0.8266498061021662
0.7242716538673543
0.745667814483593
0.8795610605322159
0.8173857500125158
0.7432167352618654
0.7114624896352822
0.7935908174785694
0.8690586451731829
-0.014031761159432972
0.01759323433958711
0.8914712316027565
0.8175385752057158
0.8568813262745648
-0.04317119546676418
0.7240224325961372
0.7460007937546727
0.09861252288226316
0.9112492313665983
0.5220522319018748
0.8139390500594237
0.810642452413387
0.8014035976939543
0.7767807546829575
0.7237955733689883
0.9082347032181903
-0.1299918879893085
0.6938304424979027
0.8221727078927947
0.7233375625324626
0.8776227158779719
0.8012579738610959
0.7735636166871369
0.8655568444984101
0.03745101180901199
0.7766233865703241
0.028710332046739184
0.9866828491290306
0.7767730409166824
0.7316432961777363
-0.06695670554117984
0.7558648374830693
-0.013694359381666335
0.7404877958114282
0.8191399992985251
0.7676670203895015
0.8034353935836892
-0.32617378839712025
0.8168474416255058
0.8031075420079447
0.8165074796175081
-0.15064348538487693
0.8864130363471037
-0.1793251019759769
-0.09018468978569995
0.8192083328495912
0.04105630095016705
0.6989975885021278
0.685748787606906
0.608926907005249
0.8759184257004459
0.8663039217194297
0.7238926450456675
0.7747907057626866
0.7240121934642688
0.7321905430773079
0.8158991200837378
0.030478242407413474
0.7134600269597062
0.7862170349556208
-0.11489171792220643
0.7701965630927289
0.7411674819413729
0.9090702196950851
0.018351483476258704
0.8773112832678448
0.8622273027934957
0.8939573131766679
0.8896939032202085
0.8458483583121562
0.784469811314016
0.7512252589169791
0.8675366803725036
0.055285671830156806
0.9130672567094613
0.6085506486187
0.831390828562746
0.8303868681545318
-0.026426929085461088
0.6726811862296374
0.8191285176285688
0.8969988418076656
0.9029949402100205
0.803796001718892
0.8540173887945324
0.752436550190669
0.67462460605508
0.7870294273845253
0.7940317583887802
0.7824989584179142
-0.27390773754524556
0.8681625231978116
0.7554683093747391
0.8557105905996073
0.9138291616390614
0.910453405514987
0.8392553457229257
0.836072416963597
0.7925774745874634
0.7106235508821604
0.6809188590377813
0.7094848121992886
0.6335510349667635
-0.11310336548091288
0.8911294928431329
-0.03182940639733121
-0.02112170613411321
0.8216428985071861
0.6779745179823747
0.7761456732535824
0.7789297335110099
0.732795166851272
0.6762119718424512
0.08313593369113388
0.005833549767678671
0.7621865238053946
0.010920683494868865
0.6935805676257039
0.7259389831269977
0.7705747876785325
0.7944598430121271
