0.9999811750138808
0.9999699420264438
0.9999916366513582
0.9999902398398424
0.9999855994968682
0.999993344059479
0.9999931016822078
0.9999969386520262
0.9999906941333732
0.999985115228841
0.999980622736388
0.9999944789039977
0.9999890198565259
0.9999860665274494
0.9999926872127538
0.9999957185196933
0.9999951844209792
0.9999884962172133
0.9999912640866497
0.9999899277601818
0.9999962530988222
0.9999951714965934
0.9999888234022225
0.9999908967983838
0.9999911266577338
0.9999857933387319
0.9999940456265889
0.999984369784221
0.9999831179902436
0.9999952016978411
0.9999918625776498
0.9999962498256165
0.9999891415859703
0.9999938991414729
0.999994901706261
0.999989903630594
0.9999886023717118
0.9999935505871381
0.999993147279202
0.9999941250725985
0.9999922688462065
0.999992887733842
0.9521931292496618
0.9999930650485304
0.9999958141765445
0.9999941651482017
0.9999818197881267
0.999993868704608
0.9999907907816085
0.9999947620148413
0.9999778474129367
0.9999953301934117
0.9999958204653383
0.9999934810572714
0.999994611481333
0.9999966659657656
0.9306992688096667
0.9999866826852714
0.9999931330317875
0.9999804087814627
0.9504993757194579
0.9999936069514432
0.9999946590633189
0.9999866593000641
0.9999728164171545
0.9422452626006987
0.9999834666014794
0.9999935291341985
0.9999809713973966
0.9999955824173815
0.9999959260829001
0.9999940457868135
0.9999937417917685
0.9999931072207929
0.9999853697526238
0.999992488753924
0.999993316975162
0.9999926590058718
0.9999914164690163
0.9999928239685867
0.9999967776202014
0.9999954276625925
0.9999906072063652
0.9999883406399372
0.9999830548246086
0.9999851138550201
0.9999935434446793
0.9999920484215964
0.9999938582036206
0.9999871089464324
0.9999952899001627
0.9999934214119574
0.9999936388281079
0.952205253076934
0.9999957143887596
0.9999719945652649
0.9999894765901954
0.9999960431439292
0.9999938137468962
0.9999924982848056
0.9999938742947371
0.9999922600853861
0.9999896438938952
0.9999944043684332
0.9999924405842309
0.9999823121636986
0.9999882638010522
0.9999905450402483
0.9999950887806829
0.9999940128878931
0.9999912223928479
0.9999936750255226
0.9999953762600844
0.9420481978985236
0.9999891040037279
0.9999958544788451
0.9999893007873928
0.9999678321840892
0.9999908347750674
0.9999878687212311
0.9999883584261493
0.9999921430021776
0.999970883985101
0.9999932546567227
0.9999922113809612
0.9445582607236761
0.9537942463820749
0.9999909151647433
0.9999925949503438
-0.3398132334999813
0.9999955417204404
0.999973005919655
0.999990918536795
0.9999932996015968
0.9999942097846639
0.9999927843286329
0.999992855997411
0.9999919313909129
0.9999859620888694
0.9422533495232935
0.9998753367122594
0.999991003792132
0.9999925958891318
0.9999910546735218
0.9999955764711518
0.9999935175341136
0.9370015909359855
0.9999940497995751
0.9999660996833376
0.9999773859974327
0.9229994860246244
0.999993321298288
0.999993654560563
0.9999911841167277
0.9999936925129151
0.948660154443992
0.9999950651708004
0.9466940889802165
0.9999853266328436
0.9999915371609568
0.9999944707789511
0.9999739401725088
0.9999937524380023
0.9999781238294777
0.9999914402648852
0.9999943391540406
0.9999951020081962
0.9999910762757139
0.9999963139501882
0.9999942004811581
0.944549847642342
0.9999843150104335
0.9999949348094157
0.9999952698277365
0.999995107227774
0.999986379986661
0.9999777649117317
0.9999959331496763
0.999992765524486
0.9999939411063062
0.9999963731827164
0.9566777458196731
0.9999879526733676
0.9999919538090872
0.9999966534542426
0.9999759311880257
0.9999940388931277
0.9999950616585791
0.9999929564382458
0.9999921498722418
0.9999811578024614
0.9566813364949077
0.9999943534583783
0.9521721392099676
0.9999935056187763
0.9999897426365761
0.9999959633400475
0.9999916680671084
0.9999936999536913
0.9522079989670583
0.9999931522042592
0.999992084249657
0.9999906637002646
0.9999905990901492
0.9999943207249347
0.9999874519202291
0.9999860541535822
0.9999941414119476
0.999983224926249
0.9999911650015086
0.9999929959565996
0.9999914890071324
0.9999837390462364
0.9999783731581348
0.9999860865794233
0.999985150073384
0.9999925367875775
0.9999837378903779
0.9999835779498107
0.9999916603610532
0.9999947983660327
0.9999884265306153
0.9999965084275776
0.9999965361201557
0.999991476193727
0.9999901313130156
0.9999795657435024
0.9999293819846009
0.9999812201026024
0.99998698501225
0.9999945636626649
0.9504998998857355
0.9999768644120135
0.9999830933151604
0.9999903639483357
0.9340026777511728
0.9999933417234805
0.9999939435902586
0.9999780129136956
0.9999940877027481
0.9999915618768028
0.9999947135737565
0.913364533875984
0.9486646835654581
0.9999912923753067
0.9999912390237379
0.9504965398229551
0.9999939630314996
0.9999860425785199
0.999994285972884
