0.3582565833021454
0.6782160882627595
0.6000883642479876
0.789974847886959
0.08354826709351856
0.30167961843381613
0.14188288784968234
0.595281121040671
0.14035452684585453
0.6124362784834466
0.8443267633868046
0.6886113388740266
0.05288182304519701
0.3535505553972862
0.837251237611309
0.2876849775500971
0.6000883642479876
0.49933774608057874
0.8652376734833922
0.02790044220102572
0.5930089186052958
0.16102664947466827
0.14365953602876802
0.4027093022119464
0.8448320149487922
0.14508065804988388
0.11816823217549743
0.14365953602876802
0.05288182304519701
0.06382256033750969
0.5645625713324082
0.48839296346711564
0.5017260270985602
0.514699157494599
0.46264978499065995
0.7280379613780336
0.218185108616046
0.6925039585840707
0.8717871004089436
0.20649828814397597
0.06594577911882604
0.07900379124463222
0.4255798588674826
0.8888603536586924
0.3340863753223716
0.3549321851606437
0.9165736003727613
0.7932959818210005
0.5119872537016976
0.49860701232183713
0.6782160882627595
0.789974847886959
0.6524085292399271
0.32971313525041335
0.8140582110987518
0.08781396950413428
0.46264978499065995
0.11816823217549743
0.2588590656349292
0.837251237611309
0.823340062965947
0.6779701756201002
0.4043282330712066
0.9076515629504491
0.05796909676127231
0.5024938760452673
0.4105232812165619
0.7889534588691905
0.07996900218885442
0.27925826408311616
0.7797029674316365
0.5118717029950115
0.21136767175932086
0.37648007323286553
0.44826359361824536
0.8654310957006693
0.7932959818210005
0.08949307408509558
0.7664926353341657
0.7359314053067636
0.4043282330712066
0.3340863753223716
0.6023676529365866
0.23534137205624725
0.5961923711262009
0.12631228737720415
0.5649470788476724
0.6846219274799905
0.6151211757038338
0.2932690438165084
0.2111045259952199
0.7359314053067636
0.25765014013245435
0.08680955780086104
0.4996054528994034
0.6409197889131237
0.7225953827497175
0.09291755940050117
0.5166090181380231
0.06537907518873906
0.8831613887806531
0.6719126237072326
0.6686802490269443
0.45075592141530874
0.6409197889131237
0.6579849484521163
0.07900379124463222
0.5336256629324716
0.4250673589752999
0.6508263917018912
0.5930089186052958
0.30167961843381613
0.5118717029950115
0.08354826709351856
0.32212782548117114
0.218185108616046
0.043891765801165994
0.8970318896401307
0.49933774608057874
0.14508065804988388
0.32212782548117114
0.5813163031322142
0.6151211757038338
0.7900715422386552
0.8652376734833922
0.44275821489749717
0.2876849775500971
0.8970318896401307
0.27587067140137633
0.7132342479393201
0.17509915359270278
0.12631228737720415
0.6278746984710811
0.6988703179178489
0.6348483628053068
0.6508263917018912
0.4162484421873183
0.8997611531525783
0.6400279468333612
0.5616298509997372
0.32971313525041335
0.47482155841094276
0.11494260202386514
0.4162484421873183
0.3995661774709802
0.18597830461822573
0.5017260270985602
0.6148381438347277
0.9076515629504491
0.2339256064317028
0.23534137205624725
0.06594577911882604
0.5966161424643194
0.14188288784968234
0.8448320149487922
0.17283431171789512
0.4407944913359222
0.5649470788476724
0.37648007323286553
0.7823937494255357
0.6902901656009168
0.5357599206868915
0.8282387920748647
0.5336256629324716
0.27587067140137633
0.11494260202386514
0.7515158373758679
0.055516494058996155
0.24873976987947125
0.7664926353341657
0.5791235228889067
0.747725029630325
0.5645625713324082
0.8409297546343701
0.5813163031322142
0.6866902492301857
0.8481499359716266
0.6719126237072326
0.07996900218885442
0.9678208198039915
0.6888862507267232
0.1301778920979293
0.42064916072742276
0.11863229412870407
0.34014181863134707
0.8140582110987518
0.4708162660965991
0.3806715223304413
0.6400279468333612
0.16102664947466827
0.9561112725936771
0.19018887350133862
0.9561112725936771
0.7132342479393201
0.4105232812165619
0.49860701232183713
0.6148381438347277
0.514699157494599
0.8481499359716266
0.14035452684585453
0.7859184430227044
0.6975425683642111
0.5961923711262009
0.06537907518873906
0.9678208198039915
0.6866902492301857
0.7104632092484319
0.7083508931257421
0.1301778920979293
0.05796909676127231
0.5791235228889067
0.6686802490269443
0.09291755940050117
0.7922106522421268
0.06382256033750969
0.3995661774709802
0.6925039585840707
0.08949307408509558
0.4122098038295182
0.6064969179638304
0.9165736003727613
0.3435569255558417
0.8831613887806531
0.693916366982564
0.055516494058996155
0.4255798588674826
0.6124362784834466
0.5166090181380231
0.7798765430590301
0.7280379613780336
0.7515158373758679
0.3790524712282547
0.7889534588691905
0.0679608985314244
0.21136767175932086
0.6888862507267232
0.9660753294373401
0.25765014013245435
0.8997611531525783
0.3549321851606437
0.11863229412870407
0.7798765430590301
0.27925826408311616
0.054211908566054415
0.3535505553972862
0.4311802004960783
0.4122098038295182
0.9590111858332079
0.45075592141530874
0.5359151157710405
