0.7381296308967482
0.16318510028601874
0.14943894297521682
0.1720597777111449
0.6432300562075004
0.21257550722456053
0.19286829878534512
0.4542293644762112
0.4215965954587238
0.23485666015395995
0.1344260690567683
0.263102728293122
0.2188870797121536
0.46290966854123705
0.5395283653345224
0.09924864908630064
0.14212571594795925
0.5003138271968903
0.14112516991673044
0.2652682913249995
0.21020306591317653
0.21020306591317653
0.1344260690567683
0.2188870797121536
0.4057746885138784
0.7612992526335628
0.6942325437014791
0.5003138271968903
0.17754168292088998
0.1720597777111449
0.23237631835038208
0.17695805653164362
0.19344647338422616
0.10085763580671542
0.8906462096946418
0.19344647338422616
0.6103540328739556
0.15581555780878154
0.14943894297521682
0.26078284242254085
0.11305112839400577
0.25793960197372373
0.242875730130616
0.5318609230695588
0.9407036983217253
0.6899301941703804
0.6040870977668279
0.27048831846947685
0.4215965954587238
0.212407200114038
0.19788290085202825
0.23485666015395995
0.212407200114038
0.14212571594795925
0.8585050941832508
0.7381296308967482
0.2582525106038552
0.5492469377184821
0.5838514511775839
0.6899301941703804
0.99550138952038
0.14212571594795925
0.15060958199493257
0.22973920015823562
0.47374045453751557
0.5493851947248372
0.12704060441370515
0.4181339563367946
0.25282887611549976
0.7434358664600434
0.5003138271968903
0.9248598163319566
0.22973920015823562
0.16537905422349253
0.9202462847743431
0.09924864908630064
0.04057881256777185
0.28766104627413935
0.48007608785638034
0.4057746885138784
0.22091862979518026
0.19286829878534512
0.09924864908630064
0.3296727492572805
0.6217720769668145
0.46752787617880287
0.11807532579487648
0.8442510761994861
0.5110102273810453
0.19285919005042562
0.1139123708088878
0.3066281399588101
0.6942325437014791
0.05176458693172814
0.2195349440632114
0.2761660234648731
0.1139123708088878
0.498320526404149
0.47374045453751557
0.8906462096946418
0.24287423237626288
0.23236320480168626
0.8119905253761344
0.8906462096946418
0.6440203680439844
0.3136419635064953
0.13539673657168427
0.20330916475919136
0.23865317844081776
0.21111344968426216
0.14112516991673044
0.17488719515980924
0.3296463848906017
0.7381296308967482
0.05748593072159547
0.17316605283174336
0.3023330428771268
0.22091862979518026
0.46290966854123705
0.5395283653345224
0.17754168292088998
0.21245782976314964
0.1720597777111449
0.21108805425203522
0.6440203680439844
0.2582525106038552
0.20971861182040613
0.6899301941703804
0.5493851947248372
0.2867652438537302
0.2195349440632114
0.263102728293122
0.20594909873758344
0.3136419635064953
0.46290966854123705
0.03972158119398694
0.6627087104906162
0.20229867707261484
0.5217019645592087
0.18196092095507058
0.16318510028601874
0.21146080970406472
0.6040870977668279
0.4113939429755138
0.1344260690567683
0.7057097991360799
0.17135107599895544
0.2551091680624821
0.7514551407301442
0.23865317844081776
0.16537905422349253
0.45006085819166175
0.5920830627443695
0.10766007932957888
0.29893543495338604
0.19324344474550229
0.4033109106591978
0.2188870797121536
0.15581555780878154
0.14943894297521682
0.352470103054118
0.5067015375890258
0.41602947433374143
0.37359506707112
0.2336905578899435
0.1561269538853574
0.5780802695819944
0.22254445858194233
0.39893213722620907
0.9310714903802776
0.271238827688131
0.9407036983217253
0.22120378574278282
0.22383444200292776
0.4215965954587238
0.07590245467350129
0.13958121072450236
0.9249138128767179
0.24950844218192178
0.028307359075877114
0.2454611354509826
0.2321186477699544
0.263102728293122
0.508853832350773
0.9407036983217253
0.23237631835038208
0.13588185986911847
0.18196092095507058
0.6086352436205442
0.508853832350773
0.19984302960686612
0.191020257737393
0.6044074107898629
0.5365551923064815
0.5060764630706985
0.19344647338422616
0.2113042528066067
0.3968065428361609
0.1336013041908344
0.19540851294883438
0.8941855199416326
0.29397631443549893
0.24950844218192178
0.2652682913249995
0.38021520996876756
0.19540851294883438
0.14112516991673044
0.43820327237447604
0.923486877279382
0.8677019512606173
0.2551091680624821
0.20594909873758344
0.21020306591317653
0.13195714762007904
0.43820327237447604
0.7236881286156615
0.07590245467350129
0.242875730130616
0.6432300562075004
0.83832979702804
0.9511606556021722
0.6103540328739556
0.600716668538186
0.633108027943309
0.6942325437014791
0.13939298723871948
0.2381338954444029
0.48007608785638034
0.4218034676850062
0.5891134711966804
0.21225164051011336
0.15581555780878154
0.5395283653345224
0.6616486739211441
0.21018327402228232
0.18406531995265576
0.42515553347689006
0.2450229126862174
0.18822524950966754
0.498320526404149
0.49576598055802457
0.14981681776990735
0.6494535384260124
0.07184423178188049
0.805271787950716
0.4057746885138784
0.22383444200292776
0.9202462847743431
0.6432300562075004
0.2160561518408069
