0.2154234685772387
0.21553739123998836
0.2153977603962208
0.2157582695525013
0.21554872948433948
0.21566395194227053
0.21554094994478798
0.21557161576790745
0.21560379982008737
0.21567090173106265
0.21547750004873154
0.21556254360094088
0.21558262094175287
0.2157217333000735
0.2156022382391246
0.21543220201501423
0.21553253627211133
0.21580073425292778
0.21538427288555637
0.21558037535620647
0.2156002105323238
0.21567163573110473
0.2155999743157078
0.21552194537821426
0.21566118902763132
0.21572048229352603
0.21569462242769555
0.21567113675166924
0.21506529439279945
0.2153963496695354
0.21549938983768813
0.21538427288555637
0.21559500840215304
0.2156161110092127
0.2151307445876498
0.2157815575969356
0.2153802319887049
0.2158668443595527
0.2153147918866275
0.2156189750160871
0.21569462242769555
0.21568001602093692
0.21550942638309734
0.2155144702652934
0.2156056046614602
0.2157695540931233
0.2156459651155818
0.21557298988629472
0.21557161576790745
0.21571873151756257
0.21564845031335592
0.2156771987169741
0.2152712871469874
0.21566481959522332
0.21566481959522332
0.21571052168849542
0.21566118902763132
0.2154464325658982
0.2155591020040725
0.2155713298112436
0.21544623392907788
0.21560828103565197
0.21558504102532505
0.2157404185879683
0.21576373642545538
0.21544574966177013
0.2155866625328092
0.21553177667690784
0.21541261926332503
0.2155469493447219
0.215589540832971
0.21551481981910933
0.2155551006137545
0.2155496890873836
0.2154101222100326
0.21562453346770968
0.21559500840215304
0.2159673922540603
0.21572048229352603
0.21553787838094665
0.21575159203169603
0.21547750004873154
0.21553177667690784
0.2157696761564058
0.21543570756143338
0.21564836235721893
0.21552571319599015
0.215466172319381
0.21566345935943845
0.21540405479894006
0.2157619154037008
0.21569462242769555
0.21553253627211133
0.21553099499383355
0.21532992974979287
0.21558427284433945
0.21574502627074457
0.21552152525698573
0.2155713298112436
0.215483703955613
0.2156002105323238
0.21544574966177013
0.21558546211299034
0.21571484273885547
0.21521897999504713
0.2156856045823191
0.2154714498718743
0.21553739123998836
0.21564585466949482
0.21551903780834017
0.21543220201501423
0.21556254360094088
0.2158668443595527
0.21553179044434143
0.2152281453779139
0.21560379982008737
0.215558255553271
0.21561143517705997
0.21565680811150936
0.21558504102532505
0.21532533744765905
0.21584620292501008
0.21554094994478798
0.21580510021894997
0.21554872948433948
0.21552194537821426
0.21567090173106265
0.2154863461930551
0.21544389793419008
0.21538427288555637
0.2155551006137545
0.2162596674038576
0.21484287128077761
0.21545293539604438
0.21553865807801922
0.21597309731083714
0.21529370775843878
0.2156459651155818
0.2156189750160871
0.21539174840951866
0.2153977603962208
0.21514629222528894
0.21563672805788558
0.21555905863229674
0.21546806278152109
0.21585252979464517
0.2156002105323238
0.21553865807801922
0.21533411704703107
0.2158585119680585
0.21550506555286472
0.21570622200967113
0.21558662296995282
0.2157815575969356
0.21560354041604599
0.2157217333000735
0.2153069336591726
0.21545293539604438
0.21554094994478798
0.21558037535620647
0.21556444504973107
0.21567113675166924
0.21572943076295992
0.21571052168849542
0.21560379982008737
0.21580073425292778
0.2155999743157078
0.2155496890873836
0.21565536027913676
0.2156161110092127
0.21551903780834017
0.21548661587758774
0.21531024367025312
0.21553739123998836
0.2156209782617061
0.2157582695525013
0.2158797984645461
0.21556254360094088
0.21550942638309734
0.21529370775843878
0.2152735013121553
0.2156209782617061
0.21550872018032372
0.21577542382604986
0.21486126482769985
0.21541091427495476
0.2155469493447219
0.21581847240268995
0.21558427284433945
0.21566395194227053
0.2157561074697069
0.2153977603962208
0.2154234685772387
0.21565225794179718
0.21554872948433948
0.215483703955613
0.21544359219101772
0.21615764003044358
0.21567090173106265
0.2156856045823191
0.21577542382604986
0.21557298988629472
0.21533304437562847
0.21571212249336677
0.21560828103565197
0.21558662296995282
0.2158203973772885
0.21549097247378832
0.2154132002070528
0.21567163573110473
0.21562930817654533
0.21549938983768813
0.21579846315412018
0.2155690851813015
0.2156771987169741
0.2156022382391246
0.2157582695525013
0.21560330437239872
0.21533411704703107
0.21547947555779168
0.21546396207535076
0.2155156926094666
0.21571212249336677
0.2151200306649932
0.21553577472703114
0.21541116407196081
0.21549486917859598
0.2150315738976042
0.21580073425292778
0.21555998596836834
0.21559500840215304
0.21566118902763132
0.215466172319381
0.2154376334232263
0.21560330437239872
0.21549935817675667
0.21572048229352603
0.2160469505922089
0.21566395194227053
0.21555180447053587
0.21543220201501423
0.2156471640828549
0.21555498031482712
0.2155866625328092
0.21554356501725316
0.21516851793474337
0.2155023898535939
0.2155999743157078
0.21531423265184232
0.21559288628487425
