0.21556420577542496
0.21556939468904188
0.21556813507047753
0.21556755013729556
0.21558088081705643
0.21557330923810428
0.2155779769552696
0.2155639244378811
0.21556905807649826
0.21554774292204795
0.21556367471796026
0.21559018767495178
0.21555878649638216
0.21556218317343448
0.215574419058732
0.21556014469774365
0.21557102949135365
0.21554996464268114
0.2155501359559877
0.21556929245517456
0.21556369269519765
0.21556014469774365
0.21556403023482443
0.21559018767495178
0.21556004939283016
0.21555824636083012
0.21557823084078823
0.21559601097100126
0.21558062357369745
0.21558088081705643
0.21557341150642728
0.2155662737758364
0.2155501359559877
0.21557358415406683
0.215567222713261
0.21556989409455882
0.21555428756758377
0.21556236701732437
0.2155614852626574
0.21556153847231754
0.2155463287789866
0.21556153847231754
0.21557083003377242
0.2155765426309718
0.21556142107988677
0.21556849558826463
0.21556014469774365
0.21556939468904188
0.21556989409455882
0.2155631309065382
0.21558193060982359
0.21558062357369745
0.21554126600526965
0.21556796731260142
0.21556329055839252
0.21556236701732437
0.2155682284588093
0.21556991046277585
0.21554937740547697
0.21555878649638216
0.21555048456579406
0.2155467893984915
0.21557648156067252
0.2155426660693567
0.21556813507047753
0.2155490645253301
0.21557290567407983
0.2155499105334169
0.21561167505940762
0.2155518555863198
0.21557482982870182
0.2155507171204608
0.2155463287789866
0.21559018767495178
0.21556779353742872
0.2155567763956506
0.2155662737758364
0.21554774292204795
0.21558193060982359
0.21556004939283016
0.21556989409455882
0.21556554371468384
0.21557482982870182
0.21556686519038415
0.21555132851854555
0.215583427956363
0.21556438389948906
0.21557734024667485
0.21556331370117457
0.21555173141108042
0.21556940749168296
0.21557930681925597
0.21556211496406272
0.21556534166754093
0.2155567763956506
0.21556733674515413
0.21556796731260142
0.21554996464268114
0.21555966666293083
0.21557530165941666
0.21556971377402326
0.2155518555863198
0.21557273471860827
0.21556173769176878
0.21556399704169707
0.21553379525601704
0.21551362054993323
0.21556939468904188
0.21559929203679631
0.21558250546470922
0.21557261990421636
0.2155682284588093
0.21557637908274443
0.21559021705019132
0.21557687283989513
0.2155707957267172
0.2155765426309718
0.21556495144990412
0.21558188587231722
0.21557404179495343
0.21556367471796026
0.21557290567407983
0.21557128706354978
0.21558249709780253
0.21556534166754093
0.21556813507047753
0.21556721801526846
0.21556720942241267
0.2155832055307851
0.2155524225607578
0.21557484903885968
0.21557083003377242
0.21555589046291823
0.21554669388144643
0.21554937740547697
0.21597309731083714
0.21557424591188426
0.2155631608480202
0.21558249709780253
0.21556236701732437
0.21556974926744277
0.21557179446832161
0.2155616349147623
0.21556874488791905
0.21556367471796026
0.21556849558826463
0.21557102949135365
0.21556529324728002
0.21556755013729556
0.21550643008240034
0.2155779769552696
0.21555077990718963
0.21557070703475445
0.21556755013729556
0.2155613659083023
0.21556372181331307
0.21556331370117457
0.21554996464268114
0.21556218317343448
0.21556403023482443
0.2155832055307851
0.2155740230075089
0.21556979051738906
0.21558444105183022
0.21557547659367726
0.21555589046291823
0.2155905139519773
0.2155696421860418
0.2155767726029826
0.21555959185296655
0.21554669388144643
0.21558062357369745
0.21555991609661487
0.21556281726094173
0.2155075587740465
0.21556142107988677
0.21556905807649826
0.21558250546470922
0.21558611624969293
0.2155593099517711
0.2155766817029433
0.2155639244378811
0.21555824636083012
0.21556218317343448
0.21557322163780293
0.21555704490964858
0.21555994891772734
0.21556929245517456
0.21557128706354978
0.21557827209246738
0.2155643289982919
0.21554344729169203
0.21556379978046142
0.21557273471860827
0.21554872948433948
0.21556495144990412
0.21557668562335777
0.2155677852174823
0.21557299908357455
0.2156856045823191
0.21557353323404096
0.21552764342894384
0.21554312380818966
0.21556929245517456
0.21558088081705643
0.2155614852626574
0.21557261990421636
0.21556974926744277
0.21556390235486272
0.21555777363862433
0.21559396244351256
0.21557823084078823
0.21557383914350414
0.2155631608480202
0.2155683218873997
0.21556895724316524
0.2155765426309718
0.21557083003377242
0.2155165149229977
0.21557827209246738
0.21556566903763372
0.21555408918024396
0.21559134460778973
0.2155499105334169
0.21557383914350414
0.21560489578033315
0.2155639244378811
0.2155493658909268
0.2155688118521734
0.2155812981805033
0.21556703518085205
0.21556601598046074
0.21555535857889496
0.21557080996305092
0.21556106453823878
0.2155651257796145
0.21557070703475445
0.21556678690126233
0.2155490645253301
0.21556743492888464
0.21555788578689958
0.21557102949135365
0.21556379978046142
0.21556106453823878
0.21555940247408656
0.21556420577542496
0.21555940247408656
0.2155767726029826
0.21556481171441777
0.2155643289982919
