0.21131895935432954
0.21583700575914413
0.21587591725040758
0.21576866549356244
0.21661449871780147
0.21525345876062754
0.21421068987221384
0.21461098845362903
0.2155612909458535
0.21482768496900925
0.21632300996343679
0.2148143719860133
0.21556917027807088
0.21646781535920936
0.21466753232022237
0.21504258320256933
0.2144325845543202
0.2151600265093036
0.21667154670112754
0.21491317728936318
0.21506260315165884
0.21662314736695862
0.21587838802612772
0.21548493018005574
0.21359451164477106
0.2158261742419366
0.21520022654079854
0.21576866549356244
0.21340681644067105
0.21522985488509627
0.21490958858280548
0.21632300996343679
0.2155701771283177
0.21408550076519747
0.21731003635329302
0.2157847815122352
0.21667154670112754
0.21735848690078693
0.21354919973070988
0.21627923084241757
0.21731329111582867
0.21237062206844626
0.21602454530265972
0.2175411876590311
0.21243633608341828
0.21525228297186227
0.2133848925331714
0.21482353068748053
0.21482768496900925
0.21661449871780147
0.21359451164477106
0.21688302608474216
0.21506260315165884
0.2148708776233379
0.21471146687316864
0.21504017639919273
0.21359451164477106
0.21455821214408108
0.2165827952864268
0.2167662370289676
0.21554467637486308
0.2153966858639723
0.2173152566465144
0.21583700575914413
0.21606080663908692
0.21583080702556703
0.21583080702556703
0.21247090044389869
0.21756582625071308
0.2147134132973676
0.216402462939794
0.21526140516180747
0.21587178676003307
0.21490958858280548
0.2136868285351697
0.22143527013434008
0.2143397494799618
0.2201133224494908
0.2147293071679789
0.21472717472931804
0.21367004804057954
0.21591433360704537
0.21750366196120377
0.2167393735912948
0.2089712909277078
0.23266628482522986
0.21134296332322172
0.2159793563688461
0.21408745795784445
0.23788725843563477
0.21639319759495315
0.21627923084241757
0.21527375714443617
0.2156911749983427
0.2144325845543202
0.215292700838476
0.21565923902570613
0.2151600265093036
0.21583700575914413
0.2155701771283177
0.2221198291855093
0.21731003635329302
0.2153806960584649
0.21688302608474216
0.21504670642511917
0.21481226254682503
0.21421068987221384
0.2172443957269182
0.21728311696827463
0.21738077713665918
0.21193481892571353
0.21989830127447588
0.21530911734579103
0.2140196394302316
0.21138341867111804
0.21669378139792758
0.22121772522702265
0.21527375714443617
0.22063918784062683
0.2158261742419366
0.20611311476489147
0.21735848690078693
0.21533515060843944
0.21849818794192855
0.21478504902712392
0.21587838802612772
0.21423847554719003
0.21482768496900925
0.21421068987221384
0.21422143334262442
0.2152608313720573
0.22121772522702265
0.21689555593588286
0.21525345876062754
0.21602454530265972
0.2153806960584649
0.21653254391076115
0.2171617235324487
0.5217019645592087
0.21524828377021696
0.21496376153345473
0.21548493018005574
0.21728311696827463
0.21626753055986028
0.21632300996343679
0.21455821214408108
0.21565069982581686
0.21388081130153033
0.2157206244055078
0.21608242777234965
0.21178386199864416
0.21894173906517428
0.21422102097255666
0.2144893361501851
0.2143194346315579
0.2175399539880778
0.21505446512706164
0.21470024751583003
0.21602454530265972
0.21306626273630547
0.2136868285351697
0.21246030160113782
0.21554467637486308
0.21358067942731243
0.21667154670112754
0.2152608313720573
0.21388081130153033
0.21548493018005574
0.21626753055986028
0.21606074440414078
0.21573657199505836
0.2098327688167114
0.2157847815122352
0.21504017639919273
0.2143737921961819
0.21731329111582867
0.21623808235520034
0.21742194556904235
0.21584519270298894
0.2155184052120169
0.22003633247454124
0.21599104652317774
0.2137429170434841
0.2140250014658156
0.21989830127447588
0.21472717472931804
0.2126331534779083
0.21854407244224647
0.21481226254682503
0.2160118013838925
0.21637082070366798
0.21646781535920936
0.21446803281671645
0.21388584400422203
0.21884131307825305
0.2155701771283177
0.2144893361501851
0.21139569542147252
0.2151448233090184
0.21277530331513272
0.21344943533009786
0.21678034098959176
0.2156769672724078
0.2148878851673174
0.21985211056770332
0.21408745795784445
0.21531653352075808
0.21292007041820346
0.2116303337834717
0.21573657199505836
0.2153119865075904
0.21587178676003307
0.21677618012523203
0.21359557382657587
0.2158606075419406
0.214769578041488
0.21674835872034448
0.21533515060843944
0.2144942513583172
0.21313981625743592
0.21756582625071308
0.2134853636910582
0.2148878851673174
0.21467606148953663
0.21623889264773982
0.2125197293057232
0.21674835872034448
0.21117545802379536
0.2167393735912948
0.2155612909458535
0.21516371114588903
0.2148098892238368
0.21565923902570613
0.20952489836846536
0.21584519270298894
0.2154959509724682
0.21646781535920936
0.2130682800580048
0.2147862931157473
0.21661449871780147
0.21559316200289094
0.21340681644067105
0.2164154716401567
0.21344943533009786
0.21466753232022237
0.21789032334209454
0.22063918784062683
0.21758938359974203
0.21490958858280548
0.21653254391076115
