0.21536885061454053
0.2155050769569582
0.21568224829091096
0.21557096489338812
0.2156276559418213
0.21551945248936757
0.21558291182957287
0.2153944504374183
0.21555245971840786
0.21559674889707134
0.21556342130721734
0.2155848391377255
0.2155723345909684
0.21560556507429698
0.21565039719455878
0.21562039794314758
0.21554947358482904
0.2153944504374183
0.21554799459535193
0.21555912523294266
0.21553366364439974
0.21561781481636424
0.21555711304771988
0.2155723345909684
0.2156293767997418
0.2155898098130413
0.21560348872861343
0.2156290013020732
0.21535825539551268
0.2155787499843819
0.21557358744870495
0.21561781481636424
0.21553337890986704
0.2155716085312376
0.2155242674656983
0.21554492607397027
0.21557574166198268
0.21557736902960564
0.21564891459426697
0.21554019428624183
0.21558085634062304
0.21554033938466868
0.21550942638309734
0.21557096489338812
0.2155934586235759
0.21561105533606684
0.21562179196334086
0.21558702891529694
0.21550115421391047
0.2156354341248974
0.2156293767997418
0.21569247979637074
0.21556033763722612
0.21559914305273828
0.21559914305273828
0.21568811402979113
0.21566118902763132
0.21552666100032425
0.21551945248936757
0.2155965856707213
0.21547254079299227
0.21552736002032752
0.21556342130721734
0.21561861430286905
0.21564783557570175
0.21556975625893338
0.21557096489338812
0.21553177667690784
0.21550115421391047
0.21560556507429698
0.21557013348487933
0.21551481981910933
0.2155551006137545
0.2155496890873836
0.21548918874614484
0.21561134481749855
0.21549077314106765
0.21565237931536058
0.21559699012195574
0.21553787838094665
0.21554386731654154
0.21548028807538588
0.21562888700866165
0.21548918874614484
0.21543570756143338
0.21595401488053828
0.2155961639447063
0.21562039794314758
0.21558643557072488
0.21562179196334086
0.21557672851369714
0.21556265555065776
0.21556211496406272
0.2155587352373269
0.21550227551056228
0.21558427284433945
0.21563062686709
0.21555413865269984
0.21561446882561008
0.21554492607397027
0.2156002105323238
0.21545193428312093
0.21556555866604118
0.2155480652964513
0.21535267271046402
0.21571000845418312
0.2154714498718743
0.21547277207510165
0.21570924826698365
0.21554454226564893
0.21540303828430252
0.2155848391377255
0.21561446882561008
0.21552666100032425
0.21543233160438982
0.21554257971429522
0.215558255553271
0.21560348872861343
0.21565680811150936
0.2155906194814962
0.21553366364439974
0.21568224829091096
0.21558177427479253
0.21561445674930146
0.2155723345909684
0.21545748643443632
0.21559674889707134
0.21562319884291895
0.2155354078101922
0.21538427288555637
0.2156538847372155
0.21552666100032425
0.2153088232681246
0.21533806896010615
0.21558291182957287
0.21597309731083714
0.2155270124152023
0.2155668765557057
0.21559326879844298
0.21551546092436955
0.2155050769569582
0.21557358744870495
0.21563672805788558
0.21560581934496426
0.21544761011031144
0.21561781481636424
0.2155354078101922
0.2155662566171153
0.21542009937359943
0.21553337890986704
0.21555245971840786
0.21554348761488384
0.21558662296995282
0.21559276070611455
0.21551611231010045
0.21556472217070755
0.2155600111722967
0.21563062686709
0.21557022811695994
0.21564891459426697
0.21561134481749855
0.21554348761488384
0.21550941178201133
0.21564041688435354
0.21551945248936757
0.21546147281132222
0.2155999743157078
0.21559543456233035
0.21560581934496426
0.2156161110092127
0.21558521173020842
0.21557358744870495
0.21548918874614484
0.21568811402979113
0.21555704451748414
0.2157582695525013
0.2156290013020732
0.21554947358482904
0.2155934586235759
0.21553337890986704
0.2156275200913149
0.2155965856707213
0.2155934586235759
0.21558605267595776
0.21545748643443632
0.2154964299137784
0.2156275200913149
0.21564783557570175
0.21560719020584385
0.21562039794314758
0.2156354341248974
0.21548457123297013
0.21554386731654154
0.21557574166198268
0.21554872948433948
0.215483703955613
0.2155766804400343
0.2156443029153502
0.21567090173106265
0.2156856045823191
0.21557672851369714
0.21551133357919391
0.21552470816274272
0.21560038565046102
0.2156276559418213
0.21554492607397027
0.21565039719455878
0.2156276559418213
0.2155600111722967
0.21550485234560546
0.21562930817654533
0.2155280805961222
0.21579846315412018
0.2155690851813015
0.21555711304771988
0.21556731153438477
0.21552736002032752
0.21560719020584385
0.2155480652964513
0.21553485062461597
0.21571221397505033
0.2155156926094666
0.21566543020398232
0.2151200306649932
0.21558291182957287
0.21559699012195574
0.21547277207510165
0.2153944504374183
0.21558521173020842
0.21556472217070755
0.21565062320074024
0.21559622096883713
0.21558085634062304
0.21554799459535193
0.21560330437239872
0.2155242674656983
0.21560556507429698
0.21561339019026696
0.21556615374121157
0.2155587352373269
0.2155511720694169
0.21559543456233035
0.21561861430286905
0.2155898098130413
0.21558992445456562
0.21535825539551268
0.2155716085312376
0.21559674889707134
0.21546147281132222
0.21559288628487425
