0.21556811975819307
0.21556835126041998
0.21556815928566267
0.2155681413849618
0.21556814454814854
0.21556813493880392
0.21556812449741028
0.215568125244635
0.21556811283704913
0.2155680750726399
0.21556814829239038
0.21556814778550662
0.2155680847698954
0.21556810214176333
0.21556807641165507
0.21556815512303248
0.21556810860727257
0.21556804880094063
0.2155680967486953
0.21556813956657236
0.21556811993588074
0.21556812198763894
0.21556817070345194
0.21556812542093726
0.2155681335548301
0.2155680750726399
0.21556809390374573
0.21556815419254374
0.21556814454814854
0.21556811221275118
0.2155680203503928
0.2155681073525593
0.21556811044322957
0.21556815455011366
0.21556823932624664
0.2155681609796577
0.21556815928566267
0.21556816405938015
0.21556817783378573
0.21556816405938015
0.2155681183217549
0.21556812816408058
0.21556814739670083
0.21556810728399056
0.21556816007849078
0.21556810642643745
0.21556816321941683
0.2155681606906192
0.2155681335548301
0.21556801065109996
0.2155681321554983
0.21556811359209274
0.21556817783378573
0.2155681436071871
0.21556818405272193
0.2155681110736695
0.21556811263173795
0.21556816380955682
0.21556811369447226
0.21556786955655974
0.21556799766093196
0.215568105296539
0.21556813770441022
0.21556811799470343
0.21556798701721203
0.21556828394048755
0.2155681608075133
0.21556816007849078
0.21556810860727257
0.21556814560610774
0.21556813956657236
0.21556822285739627
0.21556809702462335
0.21556810771139365
0.21556812518654803
0.2155681006210597
0.21556822285739627
0.21556820350704098
0.21556813080829243
0.215568105296539
0.2155680188213301
0.21556814386388884
0.21556811283704913
0.21556813677357822
0.21556807926101154
0.21556810771139365
0.21556816973852685
0.21556815512303248
0.21556805599338136
0.21556804714891264
0.21556817333768205
0.2155680750726399
0.21556819702074326
0.21556815502459314
0.2155681039100848
0.21556846099880814
0.21556807955307836
0.21556799775021362
0.21556833917860277
0.21556820641623634
0.21556818046344853
0.21556808648753625
0.2155681687538581
0.21556820641623634
0.21556812542093726
0.21556809466818194
0.21556808182399737
0.21556815017522027
0.21556819821481824
0.2155681073525593
0.2155681762564691
0.21556808369370942
0.21556819821481824
0.21556805847398156
0.21556812353380933
0.21556814992849288
0.21556819916727274
0.21556807467893743
0.2155680888733074
0.21556810255001227
0.2155681830292261
0.2155681335548301
0.21556805545258692
0.2155681413849618
0.21556804491433468
0.21556819194743623
0.2155681295450696
0.2155680548077826
0.21556810028448004
0.21556814739670083
0.21556805599338136
0.21556807467893743
0.21556817977966727
0.2155680706188402
0.21556810642643745
0.21556811975819307
0.21556820350704098
0.21556810728399056
0.21556812906720824
0.215568079599976
0.2155680892489935
0.21556810214176333
0.2155682419730992
0.21556835126041998
0.21556815928566267
0.21556813942734307
0.2155681316335919
0.21556814386388884
0.21556815561916465
0.21556805386602854
0.21556812449741028
0.21556804705477856
0.21556808545259706
0.2155681061418409
0.21556813770441022
0.21556812353991764
0.21556833917860277
0.21556812740478257
0.21556810214176333
0.21556814324132237
0.21556814192464235
0.2155681641337325
0.2155681413849618
0.21556812353380933
0.21556879783301106
0.2155681292556304
0.21556813080829243
0.21556813493880392
0.21556808381157525
0.21556820064260965
0.2155680706188402
0.21556820641623634
0.21556813597642874
0.21556803653937628
0.21556808412545958
0.2155680458610434
0.21556806749222815
0.21556823075408843
0.2155681608075133
0.2155681609796577
0.21556805545258692
0.21556811618332924
0.21556814192464235
0.2155681204821409
0.21556808369370942
0.21556811263173795
0.21556813365791247
0.21556813493880392
0.21556812198763894
0.21556815512303248
0.2155682393483549
0.21556814669565327
0.21556814281391465
0.2155681687538581
0.21556809128053062
0.21556806487811722
0.21556817070345194
0.21556803841311764
0.21556825810079547
0.21556814778550662
0.21556809893980375
0.21556814778550662
0.2155681004625065
0.2155681039100848
0.21556812449741028
0.21556801065109996
0.21556812198763894
0.21556806770399298
0.21556824704947714
0.21556732498591258
0.21556808190702226
0.21556804829348164
0.21556812542093726
0.21556797800812466
0.21556814992849288
0.21556824704947714
0.2155680847698954
0.2155682944567468
0.21556828394048755
0.21556804714891264
0.21556814829239038
0.21556812518654803
0.21556817333768205
0.21556811221275118
0.21556813977901165
0.21556806987555782
0.21556809702462335
0.21556808648753625
0.21556813340662973
0.21556811044322957
0.2155681004625065
0.21556802201565206
0.21556823075408843
0.21556801552247284
0.2155681387067749
0.21556819702074326
0.21556811283704913
0.21556811799470343
0.2155680967486953
0.2155681436071871
0.21556796820711055
0.2155681316335919
0.21556848089228733
0.215568130628782
0.21556811044322957
0.21556810860727257
0.21556808294039792
0.21556811077985674
0.21556814454814854
0.21556818046344853
