0.21556236171456872
0.21556668626592504
0.21556702187687346
0.21556721748628171
0.21556447891378508
0.21556810396767548
0.2155668218742873
0.21558298777463006
0.21556856516044762
0.21556625812473276
0.2155678907055448
0.21557745961612496
0.21556347431442216
0.21556651712958996
0.21557067275751995
0.21558578596810266
0.21557157553105222
0.21555957493883557
0.21556982397163185
0.21557157553105222
0.215571818825022
0.21556668626592504
0.21556784492191725
0.21556563997958836
0.21556362189804112
0.21555967296997133
0.21556810396767548
0.21556721748628171
0.21557017860390668
0.21556424455631681
0.21556784492191725
0.21556113164221333
0.21556362189804112
0.21558578596810266
0.21556785810851586
0.2155626279604791
0.21556327253300236
0.21556501906493283
0.2155726767881092
0.21556663955616895
0.21556642436891435
0.21556399924320804
0.21556912625668687
0.2155508561716853
0.2155695700737903
0.21557120812829852
0.21557302815243906
0.21556326555409897
0.21556466655801665
0.21556326555409897
0.21556789894082293
0.21556455154358609
0.21554843586195108
0.21556656110082084
0.2155679747662893
0.21557638009206193
0.2155682284588093
0.21567117817617762
0.21557043802870227
0.21556905534175683
0.21556449466859484
0.2155467893984915
0.21557638009206193
0.21556447891378508
0.21556810396767548
0.21556113164221333
0.21558578596810266
0.21556498179754624
0.21558790605859815
0.21556245034709887
0.21557064573485307
0.21555881978565605
0.2155463287789866
0.21557027670745102
0.21556779353742872
0.2155567763956506
0.21556113164221333
0.21554774292204795
0.21558193060982359
0.21556362189804112
0.21556542175820306
0.21556554371468384
0.21557068783489575
0.21557696004045415
0.21555132851854555
0.215583427956363
0.21557124063796052
0.21557406891442674
0.21555957493883557
0.21555173141108042
0.21556663955616895
0.2155709332864905
0.215566585486523
0.21556347154025468
0.21556530834783572
0.21556702187687346
0.21556786944189865
0.21554996464268114
0.2155564912108497
0.21556526075255844
0.21556642436891435
0.21556526075255844
0.215570162309322
0.21557017860390668
0.21556236171456872
0.21553379525601704
0.21555964165532987
0.21556466655801665
0.21557696004045415
0.21557302380306642
0.21557261990421636
0.21557745961612496
0.21556548778171877
0.21557638009206193
0.21556837539094187
0.2155735538758968
0.21556571811969139
0.21556495144990412
0.21558188587231722
0.2155667736999519
0.21556586868030067
0.21556832243546828
0.2155674578653235
0.21557302815243906
0.21556825594680004
0.21556651712958996
0.21556855605491365
0.21556720942241267
0.21557684584760975
0.21556531477640295
0.21557745961612496
0.21556954757952473
0.2155614216364656
0.21554669388144643
0.21555740995331388
0.21567117817617762
0.21556896354937213
0.21556631837677168
0.2155668218742873
0.21556236701732437
0.21556633471132858
0.21564064768394134
0.21556563997958836
0.21556472289418208
0.21556721748628171
0.21556633555165036
0.2155674276892874
0.21556915367175755
0.21556856516044762
0.2155669228339561
0.21557067275751995
0.21556649985263215
0.21556878360864604
0.21556425260775094
0.21556424455631681
0.21557153131368803
0.21556331370117457
0.2155656418752937
0.21555740995331388
0.21557017860390668
0.21557218348937499
0.21556685137190226
0.21557336575106023
0.21556837539094187
0.21556226347178276
0.21561520697441872
0.21558193409292292
0.21556732930687902
0.2155674578653235
0.21556789894082293
0.21555848568121647
0.21558062357369745
0.21556347431442216
0.21556883729102339
0.21556856516044762
0.21556142107988677
0.21556366775784971
0.21556784492191725
0.2155714146490719
0.2155626279604791
0.2155766817029433
0.21556799042449729
0.2155695700737903
0.21556799042449729
0.2155726767881092
0.21555962905181494
0.21556982397163185
0.21556975758174826
0.21556702187687346
0.21557827209246738
0.2155676013264414
0.2155686938202025
0.21556379978046142
0.21557043802870227
0.21554906317561606
0.21556526075255844
0.21557302380306642
0.21556579327989364
0.21557063694821413
0.21557615290506096
0.21557353323404096
0.2155508561716853
0.21554312380818966
0.21555962905181494
0.21558088081705643
0.21556631407591353
0.21556785810851586
0.2155651183580102
0.21556349712733966
0.2155638178913357
0.21556915367175755
0.2155701429478659
0.21556758956932742
0.21557063694821413
0.2155668218742873
0.2155697494828133
0.21556327253300236
0.21556874013290364
0.2155584653044047
0.21556256682099748
0.21557256192068408
0.21555408918024396
0.21556982397163185
0.21555967296997133
0.2155614216364656
0.21557067275751995
0.21556466655801665
0.2155493658909268
0.21556786944189865
0.2155812981805033
0.21555848568121647
0.21556501906493283
0.21555820346753252
0.21556767112310732
0.21555761180299626
0.21557124063796052
0.21556542175820306
0.21556678690126233
0.21556735789304407
0.21556743492888464
0.21555964165532987
0.21557227401474274
0.21556663955616895
0.21556106453823878
0.21556849350377072
0.2155669228339561
0.21555940247408656
0.2155716790447528
0.21557947562607147
0.2155676013264414
