0.6793163974796042
0.7997307637473187
0.7700816872865502
0.17761443685544281
0.22727857413415944
0.97406821069376
0.2652984200301543
0.17538279644361915
0.5456826491690695
0.27244782671987544
0.23533421979743344
0.8333710672716067
0.21537301119250507
0.4469732204040827
0.8286949567327199
0.7997307637473187
0.23751602789733686
0.23751602789733686
0.17803269338117808
0.14204172336976714
0.7992819151315891
0.235049204124573
0.21537301119250507
0.8402661401954897
0.21625671797984633
0.21261856099463566
0.23630082180368878
0.17395320744122758
0.21293012404874032
0.8340720543477558
0.7997307637473187
0.17538279644361915
0.5527471658750064
0.6080074625546009
0.2605736219670968
0.18297383257845143
0.21646928343025465
0.1867474256313042
0.19048125842250277
0.5527471658750064
0.7237286404229051
0.816574550167157
0.21011334641102852
0.7237286404229051
0.22727857413415944
0.27244782671987544
0.8171487671357441
0.2269568319360058
0.5365356823771283
0.8286949567327199
0.9392690821106531
0.18297383257845143
0.19473237870834292
0.7593507272151659
0.23043145748688298
0.19216562176835517
0.6963038256477112
0.3743591795859658
0.7992819151315891
0.17761443685544281
0.5292971509263964
0.6793163974796042
0.21725199451260777
0.1867474256313042
0.21293012404874032
0.7943928185223332
0.17573175143486175
0.8678624191885187
0.21191876528293332
0.5117243620337651
0.5503923269730274
0.8340720543477558
0.8635779332131995
0.18110493011161782
0.6080074625546009
0.9038833107877857
0.1782191835816009
0.1778516745211111
0.1777070582575997
0.6963038256477112
0.7190786296395321
0.2652984200301543
0.8429356511448466
0.19746057331686495
0.19139118632576685
0.415316673838386
0.8333710672716067
0.8635779332131995
0.8678624191885187
0.2269568319360058
0.2652984200301543
0.5117243620337651
0.09495925819386146
0.8402661401954897
0.8429356511448466
0.20610215976587898
0.1777070582575997
0.27244782671987544
0.6706580477250634
0.17761443685544281
0.6423910305860695
0.7593507272151659
0.19265134489296984
0.20610215976587898
0.7700816872865502
0.2605736219670968
0.20762125269083292
0.21011334641102852
0.7941098101670845
0.9142953264283151
0.16599770098242494
0.21191876528293332
0.6158486283881591
0.208105932083528
0.8635779332131995
0.23630082180368878
0.4732718055776086
0.4033589577556608
0.9103472652592391
0.27053852507501136
0.816435596700535
0.6158486283881591
0.4033589577556608
0.8044307929353582
0.6560855171207786
0.902707499554336
0.1884435719530867
0.902707499554336
0.19746057331686495
0.5365356823771283
0.4732718055776086
0.19720609290571367
0.9142953264283151
0.3743591795859658
0.781828086167522
0.24906584125296236
0.9048079309702268
0.19265134489296984
0.23043145748688298
0.4731286418786596
0.24030721379140524
0.24906584125296236
0.781828086167522
0.6189378234191821
0.21191876528293332
0.40728851134605276
0.5026337448036007
0.9103472652592391
0.749333128055842
0.5292349307869554
0.208105932083528
0.14204172336976714
0.902707499554336
0.1789298581479124
0.18297383257845143
0.8678624191885187
0.23752796649082136
0.3606299461165848
0.97406821069376
0.5503923269730274
0.4469732204040827
0.6348675736205157
0.27350589307838286
0.21293012404874032
0.415316673838386
0.09523225541043978
0.9007942147239452
0.7237286404229051
0.5456826491690695
0.39930430759148827
0.8044307929353582
0.35916434946836073
0.40728851134605276
0.9038833107877857
0.3606299461165848
0.6560855171207786
0.6189378234191821
0.26992669086730875
0.5292349307869554
0.09495925819386146
0.2511267305112259
0.6706580477250634
0.8034731392264441
0.7921352657206737
0.7921352657206737
0.18979663780337475
0.8107633828839852
0.19139118632576685
0.22367160180439877
0.7941098101670845
0.17118785469289657
0.6729200457694354
0.19048125842250277
0.6423910305860695
0.1954621578814303
0.30551125726422373
0.21261856099463566
0.6348675736205157
0.6572435773064385
0.9038833107877857
0.17538279644361915
0.6572435773064385
0.5024443172957859
0.6347108562671103
0.35916434946836073
0.1997022901243486
0.30551125726422373
0.7700816872865502
0.8743374284298934
0.9337935516453877
0.17395320744122758
0.21066500988935644
0.21011334641102852
0.19746057331686495
0.9007942147239452
0.816574550167157
0.20762125269083292
0.27053852507501136
0.19473237870834292
0.4730032887260701
0.09956202635466121
0.09956202635466121
0.09523225541043978
0.5456826491690695
0.8752216214488299
0.09491093516855122
0.22041350296402656
0.6158035870782622
0.6347108562671103
0.19048125842250277
0.5503923269730274
0.2605736219670968
0.9142953264283151
0.2511267305112259
0.736238041017248
0.7811252097784996
0.24030721379140524
0.9337935516453877
0.44310038696958276
0.5026337448036007
0.22367160180439877
0.6557300522771365
0.1782191835816009
0.22041350296402656
0.16599770098242494
0.22768705092536357
0.26992669086730875
0.23752796649082136
0.37157172592188636
0.6158035870782622
