0.5325029028949446
0.9372511301264992
0.38036422662379293
0.19037524561798713
0.21255993332278764
0.97406821069376
0.9472079823562529
0.13687597579618607
0.8728802750582669
0.6849581212523228
0.10379557649471682
0.6230523864743645
0.38036422662379293
0.2625359407396181
0.9472079823562529
0.9954761021383954
0.08012653801329465
0.699689470409393
0.9372511301264992
0.12726240177813933
0.8728802750582669
0.26085920502094684
0.97406821069376
0.8728802750582669
0.39312757305356966
0.97406821069376
0.23293165346002598
0.13687597579618607
0.38036422662379293
0.5445159297630378
0.9064058056520581
0.8224294260466812
0.9078245840061753
0.6781448055958066
0.7432830164099258
0.14191955653765798
0.9700005762419006
0.16678673554305723
0.15905515076524543
0.25569372185983297
0.6691407248238072
0.7646945268882271
0.20154277397371145
0.5835921885951849
0.21255993332278764
0.296794803519818
0.7028615109531353
0.37982892636308374
0.48346929864602856
0.6813611444368949
0.9392690821106531
0.14191955653765798
0.19037524561798713
0.6781448055958066
0.18093835923324686
0.9700005762419006
0.23335825417686212
0.39312757305356966
0.7179383428319356
0.9789964176979254
0.5022282105650937
0.5843885148500636
0.13901646878644205
0.5250288086014089
0.19854106044375847
0.2405274826724475
0.5847489218238153
0.8948184146010395
0.9713815079769768
0.5431296117443662
0.21369552882105589
0.37982892636308374
0.49803455461443247
0.18478871206897352
0.6781448055958066
0.9215581444490774
0.21980049630980508
0.9251476420471946
0.5175284228648467
0.7583324963716684
0.6691407248238072
0.3680971743871841
0.8231916035395401
0.23335825417686212
0.19139118632576685
0.415316673838386
0.6837691004599318
0.8166331903621289
0.8944169571659548
0.28589737196218157
0.3680971743871841
0.5431296117443662
0.08499014158289875
0.8052747025311797
0.8231916035395401
0.20610215976587898
0.6735984677361041
0.2848856932978675
0.6706580477250634
0.10811152434802224
0.7061665214014525
0.6369955087693608
0.2006013217612005
0.20610215976587898
0.8506144226325358
0.25569372185983297
0.007219508655654461
0.15985857051553184
0.8240178747714828
0.9142953264283151
0.26085920502094684
0.2006013217612005
0.6158486283881591
0.22229006275463714
0.8765457503317904
0.6400890989844127
0.45303025440249967
0.4225502933472696
0.04443982279120473
0.32492376461577654
0.8686448012785629
0.6158486283881591
0.4225502933472696
0.2830092527666861
0.6560855171207786
0.9508424717390995
0.5867866149767047
0.7654791425749383
0.20536077568175237
0.48346929864602856
0.4889634948215021
0.6849581212523228
0.9142953264283151
0.3493866178847628
0.22579325767738742
0.2576041998334772
0.9457663435800976
0.304825162830921
0.18093835923324686
0.45303025440249967
0.24030721379140524
0.2405274826724475
0.8686448012785629
0.6567717826554286
0.17988311653514277
0.7061665214014525
0.5066117224677129
0.8992541048683945
0.699689470409393
0.4889634948215021
0.21369552882105589
0.12726240177813933
0.9508424717390995
0.1700910840257407
0.45826562892068035
0.9472079823562529
0.18933493842334514
0.3373355332520064
0.97406821069376
0.5893329902933004
0.4219950771463338
0.7298833518500194
0.2848856932978675
0.9396336308685163
0.415316673838386
0.09523225541043978
0.9954761021383954
0.7459218353228798
0.5885861573679525
0.48466699590414675
0.8285727310392114
0.39554570982895143
0.3820190034423987
0.9372511301264992
0.36937181483692694
0.6560855171207786
0.5835921885951849
0.35128045909472094
0.5655679864221006
0.08499014158289875
0.2511267305112259
0.6706580477250634
0.915869276500682
0.7432830164099258
0.6735984677361041
0.10811152434802224
0.9078245840061753
0.19139118632576685
0.22367160180439877
0.8240178747714828
0.20536077568175237
0.6729200457694354
0.15905515076524543
0.576397560695148
0.20536077568175237
0.30551125726422373
0.08012653801329465
0.5847489218238153
0.7370299992073457
0.9215581444490774
0.10811152434802224
0.6068997522113009
0.49448836196756174
0.5175284228648467
0.3373355332520064
0.19037524561798713
0.30551125726422373
0.8506144226325358
0.8743374284298934
0.9337935516453877
0.13687597579618607
0.2576083761898471
0.15985857051553184
0.22229006275463714
0.8186100994770475
0.875670600955407
0.2625359407396181
0.32492376461577654
0.5523938520490029
0.4943353591975476
0.1468233905972951
0.41688939655551716
0.09523225541043978
0.44103265899943045
0.21817956758127216
0.08499014158289875
0.19854106044375847
0.6230523864743645
0.7417234583247239
0.15905515076524543
0.5885861573679525
0.2699711676321388
0.9142953264283151
0.2511267305112259
0.6415442023153675
0.7679122890673394
0.24030721379140524
0.9337935516453877
0.44310038696958276
0.5066117224677129
0.22367160180439877
0.6533634774043098
0.13663787085339674
0.19854106044375847
0.07113619694390305
0.2633632343878278
0.18857292263989656
0.3576960582213574
0.37157172592188636
0.5758771218793879
