0.6592161734619881
0.21190537768004583
0.7628902743336997
0.21190536827381487
0.21190536867128412
0.2119054821101225
0.7628902743336997
0.21190537921869823
0.21190536827381487
0.21190535678382516
0.2119053859733274
0.8158422455788661
0.21190541380105526
0.21190535763726343
0.21190535617531847
0.2119052815977662
0.21190536316868389
0.21190534411374395
0.2119053338629263
0.21190541939206894
0.21190532775451631
0.21190541939206894
0.21190539581387585
0.21190534786590698
0.21190544543022552
0.21190535362790092
0.7628902743336997
0.8158422455788661
0.21190536827381487
0.21190536918749722
0.21190541380105526
0.21190537768004583
0.21190532775451631
0.21190527743847035
0.21190531360791318
0.21190533955781543
0.21190543947248053
0.21190537921869823
0.21190549650009027
0.2119053859733274
0.21190538431984887
0.6549366035958667
0.21190536316868389
0.782623808184661
0.21190536867128412
0.2119053859733274
0.6592161734619881
0.21190534619752618
0.527346304472179
0.2119053713838447
0.8676643994886531
0.2119053417216047
0.21190539581387585
0.7873901502991423
0.21190534541814712
0.21190531360791318
0.21190535362790092
0.3743591795859658
0.7886841808716409
0.21190534541814712
0.5775542448046749
0.7247461302605656
0.21190534619752618
0.2119053338629263
0.21190537726228142
0.7551337723444996
0.21190546287225034
0.7734202806070901
0.21190541811357233
0.21190504576421382
0.6026139601829935
0.782623808184661
0.21190528625679075
0.2119055060094016
0.2133650185362273
0.8461354306022384
0.7882541462151076
0.2119053484480955
0.21190537768004583
0.21161020577124645
0.8574581933185558
0.21190550714570727
0.8158422455788661
0.2119052287571037
0.19443514048757396
0.7908179578532721
0.21190537921869823
0.7862533542424646
0.7734202806070901
0.2119053526846112
0.21190542071899687
0.21190528625679075
0.9038798056838323
0.8043719951475434
0.8158422455788661
0.7815646553671411
0.8574581933185558
0.2391769000296856
0.788252404525117
0.2119053417216047
0.6447224676708425
0.7908179578532721
0.21190535763726343
0.7815646121379742
0.788252404525117
0.21190523889370508
0.21190532356959474
0.21190536316868389
0.7595297239194627
0.9038797515732481
0.16599770098242494
0.2076158151604539
0.2119053695264344
0.21052491415531283
0.7822562466917754
0.7628902743336997
0.4731693519099234
0.40200740770093657
0.9103472652592391
0.21190528003090736
0.7818736214037654
0.788252404525117
0.40200740770093657
0.8043719951475434
0.6560855171207786
0.9038812664989081
0.17999561172139253
0.9038812664989081
0.21190532752363486
0.527346304472179
0.45813393649987966
0.21190535678382516
0.9038797515732481
0.3743591795859658
0.7818736214037654
0.21190533790492982
0.9038818567970657
0.2133650185362273
0.21190537874031282
0.4731693519099234
0.22538810038529355
0.1728022732388986
0.7818736214037654
0.5066418912166808
0.21190541811357233
0.40728851134605276
0.5025706023009959
0.9103472652592391
0.7815646121379742
0.21190527743847035
0.21052491415531283
0.21190538664814643
0.9038812664989081
0.21190532356959474
0.2119053417216047
0.7734202806070901
0.2187174487855964
0.36014141390051013
0.21190554482817608
0.6026139601829935
0.5066418912166808
0.6348675736205157
0.2391769000296856
0.21190537726228142
0.2119053484135948
0.7289567796911895
0.9007942147239452
0.8676643994886531
0.5775542448046749
0.40200740770093657
0.7886841808716409
0.21190537411754762
0.40728851134605276
0.8487153522884732
0.36014141390051013
0.6560855171207786
0.7822562466917754
0.26992669086730875
0.5743034273508749
0.9038797515732481
0.2511267305112259
0.788255604012712
0.7247461302605656
0.7917832176163373
0.7917832176163373
0.21190535967389
0.21190535617531847
0.19443514048757396
0.2213982269881384
0.7595297239194627
0.2076158151604539
0.6014209526445761
0.21190546287225034
0.6447224676708425
0.21190533516877139
0.30551125726422373
0.21190549650009027
0.6348675736205157
0.6572435773064385
0.8461354306022384
0.21190543947248053
0.6572435773064385
0.5025706023009959
0.6621326600336758
0.36014141390051013
0.21190544762125021
0.30551125726422373
0.7882389028571546
0.8743374284298934
0.8574581933185558
0.2119053197735251
0.2187174487855964
0.21190528625679075
0.6014209526445761
0.9007942147239452
0.6549366035958667
0.21190540538676939
0.21190529870855757
0.21161020577124645
0.4731693519099234
0.1728022732388986
0.9038798056838323
0.7289567796911895
0.8574581933185559
0.8461354306022384
0.903879968015585
0.22031367898944793
0.6684223807840592
0.6621326600336758
0.21190546287225034
0.5743034273508749
0.21190523889370508
0.9038796874337119
0.2511267305112259
0.21190542972970988
0.21190545536968572
0.22538810038529355
0.8487153522884732
0.45813393649987966
0.5025706023009959
0.2213982269881384
0.6684223807847156
0.17999561172139253
0.22031367898944793
0.16599770098242494
0.21190504576421382
0.26992669086730875
0.2187174487855964
0.37157172592188636
0.6684223807840592
