0.7220012851933281
0.7229536386256763
0.19798757789680668
0.20438624332016922
0.21799724370330298
0.97406821069376
0.20847015998594623
0.5292660408566758
0.8402661401954897
0.27244782671987544
0.20745736167958834
0.8333710672716067
0.20424971346982027
0.4469732204040827
0.8286949567327199
0.80928113483914
0.21898126702762175
0.29834217844842953
0.17803269338117808
0.17344851562739982
0.7992819151315891
0.20504195425828745
0.20847015998594623
0.8402661401954897
0.22160677495792608
0.21799724370330298
0.23077364270941278
0.1733240847118965
0.21199119816950307
0.7919189284612362
0.80928113483914
0.17444537465143348
0.8168616586514506
0.6080074625546009
0.2605736219670968
0.18297383257845143
0.2078066084276707
0.19068313875482423
0.2078066084276707
0.5527471658750064
0.7229536386256763
0.8168616586514506
0.20605747284482087
0.7229536386256763
0.20847015998594623
0.27244782671987544
0.8168616586514506
0.2194293847352669
0.5365356823771283
0.8286949567327199
0.9392690821106531
0.18118736733744856
0.19798757789680668
0.7593507272151659
0.22174971943131172
0.19216562176835517
0.6963038256477112
0.3743591795859658
0.7992819151315891
0.19068313875482423
0.5292660408566758
0.7220012851933281
0.2194293847352669
0.1867474256313042
0.2124606611091217
0.7942513143447089
0.20438624332016922
0.8678624191885187
0.209589925354512
0.5117243620337651
0.5503923269730274
0.8340720543477558
0.8635779332131995
0.18110493011161782
0.6080074625546009
0.9038833107877857
0.1782191835816009
0.1778516745211111
0.1777070582575997
0.6963038256477112
0.7214036350312185
0.2652984200301543
0.8429356511448466
0.19788508166296293
0.19139118632576685
0.415316673838386
0.8333710672716067
0.8635779332131995
0.8678624191885187
0.23058513783288784
0.2652984200301543
0.5117243620337651
0.09596598788782466
0.8402661401954897
0.8429356511448466
0.20610215976587898
0.1777070582575997
0.27280051550604456
0.6706580477250634
0.19105620173771184
0.6423910305860695
0.7593507272151659
0.19629302135281756
0.86916579510763
0.7186706676537532
0.2605736219670968
0.20762125269083292
0.2066592791354558
0.7941805622558966
0.9142953264283151
0.16599770098242494
0.2066592791354558
0.6158486283881591
0.208105932083528
0.8635779332131995
0.23077364270941278
0.47318902844965255
0.4033589577556608
0.9103472652592391
0.27053852507501136
0.816435596700535
0.6929651578373547
0.4033589577556608
0.8044307929353582
0.6560855171207786
0.902707499554336
0.1884435719530867
0.9037577152622814
0.19782443761352034
0.5365356823771283
0.473177833171171
0.19798757789680668
0.9142953264283151
0.3743591795859658
0.781828086167522
0.24906584125296236
0.9037577152622814
0.19629302135281756
0.22174971943131172
0.47318902844965255
0.24030721379140524
0.24906584125296236
0.781828086167522
0.6189378234191821
0.209589925354512
0.40728851134605276
0.5025745487074086
0.9103472652592391
0.7917025912017989
0.5292504858218157
0.208105932083528
0.17344851562739982
0.902707499554336
0.19105620173771184
0.18118736733744856
0.8678624191885187
0.23752498184245024
0.3606299461165848
0.97406821069376
0.6116561863712314
0.4469732204040827
0.6348675736205157
0.27280051550604456
0.2124606611091217
0.415316673838386
0.09523225541043978
0.9007942147239452
0.7229536386256763
0.5456826491690695
0.39930430759148827
0.8044307929353582
0.29834217844842953
0.40728851134605276
0.86916579510763
0.3606299461165848
0.6560855171207786
0.7112054813228131
0.26992669086730875
0.5292504858218157
0.9142953264283151
0.2511267305112259
0.6706580477250634
0.7112054813228131
0.7921352657206737
0.7919189284612362
0.18979663780337475
0.8107633828839852
0.19139118632576685
0.22367160180439877
0.7941805622558966
0.17257053106706208
0.6116561863712314
0.19048125842250277
0.6423910305860695
0.1954621578814303
0.30551125726422373
0.21799724370330298
0.6348675736205157
0.6572435773064385
0.86916579510763
0.17444537465143348
0.6572435773064385
0.5025627094881702
0.6347108562671103
0.35916434946836073
0.1997022901243486
0.30551125726422373
0.7186706676537532
0.8743374284298934
0.9337935516453877
0.1733240847118965
0.20745736167958834
0.20605747284482087
0.6116561863712314
0.9007942147239452
0.816574550167157
0.20762125269083292
0.27053852507501136
0.20426771308746958
0.47311965168947073
0.0980277703010613
0.0980277703010613
0.09523225541043978
0.5456826491690695
0.8111912090575043
0.09596598788782466
0.22041350296402656
0.6357668196776993
0.6347108562671103
0.19048125842250277
0.5503923269730274
0.2605736219670968
0.9142953264283151
0.2511267305112259
0.29834217844842953
0.2078066084276707
0.24030721379140524
0.9337935516453877
0.44310038696958276
0.5025745487074086
0.22367160180439877
0.6357668196776993
0.1782191835816009
0.22041350296402656
0.16599770098242494
0.22768705092536357
0.26992669086730875
0.23752498184245024
0.37157172592188636
0.6158035870782622
