0.761455052699602
0.761455052699602
0.21244899804232686
0.21244899804232686
0.21244899804232686
0.21244899804232686
0.757227112184346
0.21244899804232686
0.21244899804232686
0.21244899804232686
0.21244899804232686
0.21244899804232686
0.21244899804232686
0.21244899804232686
0.21244899804232686
0.21244899804232686
0.21244899804232686
0.21244899804232686
0.21244899804232686
0.21244899804232686
0.21244899804232686
0.21244899804232686
0.21244899804232686
0.21244899804232686
0.21244899804232686
0.21244899804232686
0.7633322970774931
0.21244899804232686
0.21244899804232686
0.21244899804232686
0.21244899804232686
0.21244899804232686
0.21244899804232686
0.21244899804232686
0.21244899804232686
0.21244899804232686
0.21244899804232686
0.21244899804232686
0.21244899804232686
0.21244899804232686
0.21244899804232686
0.759807996776278
0.21244899804232686
0.21244899804232686
0.21244899804232686
0.21244899804232686
0.759807996776278
0.21244899804232686
0.21244899804232686
0.21244899804232686
0.7803476583538346
0.21244899804232686
0.21244899804232686
0.7582763371037966
0.21244899804232686
0.21244899804232686
0.21244899804232686
0.4126059608075191
0.7596953865103095
0.21244899804232686
0.21244899804232686
0.7701839983721899
0.21244899804232686
0.21244899804232686
0.21244899804232686
0.7661790340813734
0.21244899804232686
0.760741950645511
0.21244899804232686
0.21244899804232686
0.21244899804232686
0.21244899804232686
0.21244899804232686
0.21244899804232686
0.21244899804232686
0.8232738525093182
0.7668180146626155
0.21244899804232686
0.21244899804232686
0.21244899804232686
0.7668084837077414
0.21244899804232686
0.7672370692053665
0.21244899804232686
0.21244899804232686
0.21244899804232686
0.21244899804232686
0.7607420331157146
0.757227112184346
0.21244899804232686
0.21244899804232686
0.21244899804232686
0.9038804134716374
0.7542543111382711
0.7672370692053665
0.7685337865392758
0.21244899804232686
0.23017564406650778
0.7668197033656698
0.21244899804232686
0.6792291744395512
0.7582763371037966
0.21244899804232686
0.7685337865392758
0.76680546051721
0.21244899804232686
0.21244899804232686
0.21244899804232686
0.7661790340813734
0.9038804134716374
0.20020388457836447
0.21244899804232686
0.21244899804232686
0.757227112184346
0.7613949822706918
0.6822306160474516
0.4731693519099234
0.4041200728306529
0.8266435156197645
0.21244899804232686
0.7623542367070247
0.7668180146626155
0.4041200728306529
0.7542543111382711
0.6560855171207786
0.9038804134716374
0.21244899804232686
0.9038804134716374
0.21244899804232686
0.21244899804232686
0.45813393649987966
0.21244899804232686
0.9038804134716374
0.4126059608075191
0.7623542367070247
0.21244899804232686
0.9038804134716374
0.21244899804232686
0.6792291744395512
0.4731693519099234
0.22538810038529355
0.1728022732388986
0.7623542367070247
0.5066418912166808
0.21244899804232686
0.4041200728306529
0.5025706023009959
0.8266435156197645
0.7685337865392758
0.21244899804232686
0.21244899804232686
0.21244899804232686
0.9038804134716374
0.21244899804232686
0.21244899804232686
0.7607420331157146
0.21244899804232686
0.36014141390051013
0.21244899804232686
0.21244899804232686
0.5066418912166808
0.6822306160474516
0.23017564406650778
0.21244899804232686
0.21244899804232686
0.76680546051721
0.9007942147239452
0.7803476583538346
0.757217252831968
0.4041200728306529
0.7596953865103095
0.21244899804232686
0.4041200728306529
0.816339039253136
0.36014141390051013
0.6560855171207786
0.761455052699602
0.26992669086730875
0.5753870331688082
0.9038804134716374
0.2511267305112259
0.7668197033656698
0.7701839983721899
0.7571980287989594
0.7571980311807855
0.21244899804232686
0.21244899804232686
0.21244899804232686
0.21828000090060706
0.7633322970774931
0.21244899804232686
0.6014209526445761
0.21244899804232686
0.757217252831968
0.21244899804232686
0.30551125726422373
0.21244899804232686
0.7571980311807855
0.6664439776202744
0.8232738525093182
0.21244899804232686
0.6664439776202744
0.7668037579196046
0.6621326600336758
0.21244899804232686
0.21244899804232686
0.30551125726422373
0.7668039489219444
0.8743374284298934
0.7506976751901753
0.21244899804232686
0.21244899804232686
0.21244899804232686
0.6014209526445761
0.9007942147239452
0.6624242165136587
0.21244899804232686
0.21244899804232686
0.21244899804232686
0.4731693519099234
0.1728022732388986
0.9038804134716374
0.76680546051721
0.7506976751901753
0.8232738525093182
0.9038804134716374
0.21244899804232686
0.6624242165136587
0.6621326600336758
0.21244899804232686
0.5753870331688082
0.21244899804232686
0.9038804134716374
0.2511267305112259
0.21244899804232686
0.21244899804232686
0.22538810038529355
0.816339039253136
0.45813393649987966
0.5025706023009959
0.21828000090060706
0.6624242165136587
0.21244899804232686
0.21244899804232686
0.20020388457836447
0.21244899804232686
0.26992669086730875
0.21244899804232686
0.37157172592188636
0.6624242165136587
