0.8161660035309897
0.21099607977873527
0.20869625901785582
0.5199948021482196
0.7586623774340491
0.97406821069376
0.20869625901785582
0.2060219770709619
0.8227352618388626
0.8164238694340199
0.21099607977873527
0.8274788533375522
0.7800418140311877
0.4469732204040827
0.2110675913616454
0.8063863902196768
0.7551722254531894
0.2175722529174895
0.20419015245090946
0.20979057600499015
0.7992819151315891
0.20979057600499015
0.21463040917798254
0.8164238694340199
0.21125251555136537
0.2119703301300134
0.2110675913616454
0.17999648081290787
0.20847091340920543
0.7872146583921606
0.8108740671509599
0.2060219770709619
0.8227352618388626
0.2132616758724006
0.21559802458344762
0.20847091340920543
0.21140753197487083
0.205399135158871
0.21140753197487083
0.2351086979131724
0.20480699417739592
0.8205493765596936
0.20911709477051266
0.813930144922095
0.21253163772736963
0.2351086979131724
0.8206555841296898
0.21426230926836798
0.5365356823771283
0.8227352618388626
0.8676643994886531
0.207138441789551
0.21188300310914143
0.7811837931117799
0.21319908118168462
0.19993416494999672
0.6963038256477112
0.3743591795859658
0.7992819151315891
0.21135788398338637
0.5635472568948476
0.734905819223319
0.21731650325281981
0.22115155457338243
0.20911709477051266
0.8164238694340199
0.21099607977873527
0.8490570223725022
0.2175722529174895
0.5199948021482196
0.5912348999051634
0.813930144922095
0.7551722254531894
0.20326222844750372
0.21559802458344762
0.8463844951515789
0.6912140873788589
0.20326222844750372
0.19993416494999672
0.6963038256477112
0.7800418140311877
0.2099082653133224
0.8274788533375522
0.20734707210104375
0.19443514048757396
0.415316673838386
0.20476144385656528
0.7865657399715925
0.8490570223725022
0.20929616318820746
0.2099082653133224
0.5199948021482196
0.09619507482262873
0.8233928003582691
0.8274788533375522
0.20869625901785582
0.20471589353573463
0.2391769000296856
0.6912140873788589
0.20597738480303207
0.6423910305860695
0.7586623774340491
0.20952428663602765
0.7953479286985238
0.7184775978401396
0.22250551804641805
0.20594260662284697
0.2066592791354558
0.7691775646018881
0.9129295702117272
0.16599770098242494
0.2066592791354558
0.20952428663602765
0.20844334984512142
0.8161660035309897
0.21463040917798254
0.47316935191461473
0.40200872757403694
0.9103472652592391
0.220119464405639
0.8063863902196768
0.6912140873788589
0.40200872757403694
0.8233928003582691
0.6560855171207786
0.9065105434779114
0.17999648081290787
0.9048716545399316
0.20610624660260432
0.5365356823771283
0.45813393649987966
0.20594260662284697
0.9124287935297929
0.3743591795859658
0.808315359732017
0.2351086979131724
0.9048716545399316
0.20875506159488377
0.20611116160682152
0.47316935191461473
0.22538810038529355
0.1728022732388986
0.808315359732017
0.567692214596494
0.21426230926836798
0.40728851134605276
0.5025706025418655
0.9103472652592391
0.7811837931117799
0.2132616758724006
0.20844334984512142
0.20507810711534122
0.9065105434779114
0.205883263037498
0.20656309237771003
0.8490570223725022
0.23926142817911997
0.36014142135492017
0.97406821069376
0.5912348999051634
0.4469732204040827
0.6348675736205157
0.2391769000296856
0.20911709477051266
0.415316673838386
0.7184775978401396
0.9007942147239452
0.8676643994886531
0.567692214596494
0.40200476795473594
0.7884383882364407
0.21731650325281981
0.40728851134605276
0.7953479286985238
0.36014142135492017
0.6560855171207786
0.7350026949770634
0.26992669086730875
0.5569841755004488
0.09619507482262873
0.2511267305112259
0.7730649075857018
0.734905819223319
0.7919552663602822
0.7919552663602822
0.2060219770709619
0.8176810250142491
0.19443514048757396
0.2213982269881384
0.7691775646018881
0.20610624660260432
0.5912348999051634
0.21045946701084436
0.6423910305860695
0.20610624660260432
0.30551125726422373
0.21319908118168462
0.6348675736205157
0.6572435773064385
0.8456373015035564
0.21389410078774354
0.6572435773064385
0.5025706018192568
0.6347108562671103
0.36014139899169006
0.2119703301300134
0.30551125726422373
0.7184775978401396
0.8743374284298934
0.8965451295104705
0.20752046949007097
0.21167590408157283
0.2191994304878214
0.5912348999051634
0.9007942147239452
0.8205493765596936
0.2090202092454303
0.220119464405639
0.21188300310914143
0.473169351900541
0.1728022732388986
0.9124287935297929
0.7184775978401396
0.8965451295104705
0.8463844951515789
0.09619507482262873
0.22031367898944793
0.6291128149642271
0.6347108562671103
0.21045946701084436
0.5569841755004488
0.23350218359073693
0.9114272401659247
0.2511267305112259
0.2175722529174895
0.21140753197487083
0.22538810038529355
0.8967629565404992
0.45813393649987966
0.5025706025418655
0.2213982269881384
0.6291128149642271
0.17999387862076832
0.22031367898944793
0.16599770098242494
0.20963425589446152
0.26992669086730875
0.23926142817911997
0.37157172592188636
0.6291115965052062
