0.21955275852783196
0.21955275852783196
0.21955275852783196
0.7484483170801006
0.21955275852783196
0.21955275852783196
0.21955275852783196
0.21955275852783196
0.7484483170801006
0.21955275852783196
0.7484483170801006
0.7484483170801006
0.21955275852783196
0.21955275852783196
0.21955275852783196
0.21955275852783196
0.21955275852783196
0.7484483170801006
0.21955275852783196
0.21955275852783196
0.7484483170801006
0.21955275852783196
0.21955275852783196
0.21955275852783196
0.21955275852783196
0.21955275852783196
0.21955275852783196
0.7484483170801006
0.7484483170801006
0.7484483170801006
0.21955275852783196
0.7484483170801006
0.21955275852783196
0.7484483170801006
0.21955275852783196
0.7484483170801006
0.21955275852783196
0.21955275852783196
0.21955275852783196
0.21955275852783196
0.7484483170801006
0.7484483170801006
0.7484483170801006
0.7484483170801006
0.21955275852783196
0.21955275852783196
0.21955275852783196
0.21955275852783196
0.21955275852783196
0.21955275852783196
0.7484483170801006
0.7484483170801006
0.21955275852783196
0.7484483170801006
0.21955275852783196
0.7484483170801006
0.21955275852783196
0.21955275852783196
0.7484483170801006
0.21955275852783196
0.21955275852783196
0.21955275852783196
0.21955275852783196
0.21955275852783196
0.21955275852783196
0.7484483170801006
0.7484483170801006
0.7484483170801006
0.21955275852783196
0.7484483170801006
0.21955275852783196
0.21955275852783196
0.21955275852783196
0.21955275852783196
0.7484483170801006
0.7484483170801006
0.7484483170801006
0.7484483170801006
0.21955275852783196
0.21955275852783196
0.7484483170801006
0.21955275852783196
0.7484483170801006
0.7484483170801006
0.21955275852783196
0.7484483170801006
0.21955275852783196
0.21955275852783196
0.21955275852783196
0.21955275852783196
0.7484483170801006
0.21955275852783196
0.8055736754407699
0.7484483170801006
0.7484483170801006
0.7484483170801006
0.7484483170801006
0.21955275852783196
0.21955275852783196
0.21955275852783196
0.7484483170801006
0.7484483170801006
0.21955275852783196
0.7484483170801006
0.7484483170801006
0.21955275852783196
0.21955275852783196
0.21955275852783196
0.7484483170801006
0.8055736754407699
0.21955275852783196
0.21955275852783196
0.21955275852783196
0.21955275852783196
0.7484483170801006
0.21955275852783196
0.21955275852783196
0.3659602589467448
0.21955275852783196
0.21955275852783196
0.7484483170801006
0.7484483170801006
0.3659602589467448
0.7484483170801006
0.5824835041105902
0.8055736754407699
0.21955275852783196
0.8055736754407699
0.21955275852783196
0.21955275852783196
0.21955275852783196
0.21955275852783196
0.8055736754407699
0.21955275852783196
0.7484483170801006
0.21955275852783196
0.8055736754407699
0.21955275852783196
0.7484483170801006
0.21955275852783196
0.21955275852783196
0.21955275852783196
0.7484483170801006
0.21955275852783196
0.21955275852783196
0.3659602589467448
0.4868825758605787
0.7484483170801006
0.7484483170801006
0.7484483170801006
0.21955275852783196
0.21955275852783196
0.8055736754407699
0.21955275852783196
0.21955275852783196
0.21955275852783196
0.21955275852783196
0.21955275852783196
0.21955275852783196
0.21955275852783196
0.21955275852783196
0.7484483170801006
0.21955275852783196
0.21955275852783196
0.21955275852783196
0.7484483170801006
0.21955275852783196
0.7484483170801006
0.7484483170801006
0.21955275852783196
0.7484483170801006
0.21955275852783196
0.3659602589467448
0.7484483170801006
0.21955275852783196
0.5824835041105902
0.7484483170801006
0.21955275852783196
0.4868825758605787
0.8055736754407699
0.21955275852783196
0.21955275852783196
0.7484483170801006
0.8055736754407699
0.21955275852783196
0.21955275852783196
0.21955275852783196
0.21955275852783196
0.21955275852783196
0.21955275852783196
0.21955275852783196
0.7484483170801006
0.7484483170801006
0.7484483170801006
0.21955275852783196
0.4323099080189573
0.21955275852783196
0.7484483170801006
0.7484483170801006
0.7484483170801006
0.21955275852783196
0.7484483170801006
0.7484483170801006
0.21955275852783196
0.21955275852783196
0.21955275852783196
0.3659602589467448
0.7484483170801006
0.8743374284298934
0.7484483170801006
0.21955275852783196
0.21955275852783196
0.21955275852783196
0.7484483170801006
0.7484483170801006
0.21955275852783196
0.21955275852783196
0.21955275852783196
0.21955275852783196
0.4323099080189573
0.21955275852783196
0.8055736754407699
0.7484483170801006
0.7484483170801006
0.7484483170801006
0.8055736754407699
0.7484483170801006
0.5033555544232491
0.21955275852783196
0.7484483170801006
0.7484483170801006
0.21955275852783196
0.8055736754407699
0.21955275852783196
0.21955275852783196
0.21955275852783196
0.21955275852783196
0.7484483170801006
0.3659602589467448
0.4868825758605787
0.21955275852783196
0.5033555544232491
0.21955275852783196
0.7484483170801006
0.21955275852783196
0.21955275852783196
0.21955275852783196
0.7484483170801006
0.4868825758605787
0.7484483170801006
