0.6793163974796042
0.23086346655502185
0.8286949567327199
0.5365356823771283
0.22687009734295532
0.97406821069376
0.8803258032103548
0.1529621293658935
0.8170179749461908
0.27244782671987544
0.23461278475198138
0.2034852671537498
0.8359180264517599
0.4469732204040827
0.8286949567327199
0.8170179749461908
0.21096153653003616
0.749333128055842
0.17803269338117808
0.14204172336976714
0.7992819151315891
0.235049204124573
0.23461278475198138
0.8170179749461908
0.22806034377046772
0.235049204124573
0.23630082180368878
0.17395320744122758
0.2110794115783945
0.8362536485380077
0.7877828562471548
0.1729139183661272
0.8171487671357441
0.6080074625546009
0.2605736219670968
0.2028543720159576
0.7581710648161522
0.2028543720159576
0.7811252097784996
0.2605736219670968
0.1529621293658935
0.8167135036337789
0.20714824180905342
0.6625429798290132
0.22687009734295532
0.27244782671987544
0.8171487671357441
0.2102165569576344
0.5365356823771283
0.8286949567327199
0.9392690821106531
0.17281236181033788
0.19283717338597953
0.7617023992552588
0.23043145748688298
0.8318904601575039
0.6963038256477112
0.3743591795859658
0.7992819151315891
0.16341156953839236
0.5299193523208063
0.6793163974796042
0.2102165569576344
0.17803269338117808
0.21038512844432194
0.7943928185223332
0.17179569562852584
0.8429356511448466
0.2295684524371953
0.5117243620337651
0.5591578890405358
0.8318904601575039
0.8635779332131995
0.2092477308573421
0.6080074625546009
0.9342855531303688
0.1782191835816009
0.1529621293658935
0.1729139183661272
0.6963038256477112
0.7190786296395321
0.30855501067545316
0.8429356511448466
0.20714824180905342
0.19139118632576685
0.415316673838386
0.8284825939372539
0.8635779332131995
0.8803258032103548
0.23461278475198138
0.30855501067545316
0.5117243620337651
0.09242229936507419
0.8359180264517599
0.8429356511448466
0.20610215976587898
0.7949588352328307
0.27244782671987544
0.6706580477250634
0.17281236181033788
0.6423910305860695
0.7152283152038877
0.18929295584744973
0.20610215976587898
0.7993524701088567
0.2605736219670968
0.1547780744221099
0.21893254902875325
0.7943928185223332
0.9142953264283151
0.16599770098242494
0.2295684524371953
0.6158486283881591
0.21096153653003616
0.8635779332131995
0.23630082180368878
0.47303890981878927
0.4074136079198332
0.9103472652592391
0.27053852507501136
0.8152974045883912
0.6158486283881591
0.39930430759148827
0.781828086167522
0.6560855171207786
0.8985066367225545
0.2028543720159576
0.9079585780940631
0.2012560881992035
0.5365356823771283
0.47420270928481356
0.6625429798290132
0.9142953264283151
0.3743591795859658
0.781828086167522
0.24906584125296236
0.9079585780940631
0.18929295584744973
0.23043145748688298
0.4723950128375549
0.24030721379140524
0.24906584125296236
0.781828086167522
0.6189378234191821
0.2295684524371953
0.40728851134605276
0.5028231723114156
0.9103472652592391
0.749333128055842
0.5289238300897503
0.2034852671537498
0.14204172336976714
0.8985066367225545
0.17179569562852584
0.17281236181033788
0.8803258032103548
0.23752796649082136
0.3606299461165848
0.97406821069376
0.5495418042922418
0.4469732204040827
0.6348675736205157
0.27350589307838286
0.20924614268741312
0.415316673838386
0.09523225541043978
0.9007942147239452
0.7849143010167968
0.5495418042922418
0.39930430759148827
0.8270334997031945
0.35916434946836073
0.40728851134605276
0.932902269739631
0.3606299461165848
0.6560855171207786
0.6189378234191821
0.26992669086730875
0.5289238300897503
0.09633646441520312
0.2511267305112259
0.6706580477250634
0.8452438791976294
0.7921352657206737
0.7921352657206737
0.1848127187110512
0.8107633828839852
0.19139118632576685
0.22367160180439877
0.7938268018118356
0.1529621293658935
0.6729200457694354
0.1802411193687361
0.6423910305860695
0.18621515755858775
0.30551125726422373
0.21096153653003616
0.6348675736205157
0.6572435773064385
0.932902269739631
0.1848127187110512
0.6572435773064385
0.5020654622801561
0.6347108562671103
0.35916434946836073
0.19283717338597953
0.30551125726422373
0.781069691937405
0.8743374284298934
0.9337935516453877
0.17395320744122758
0.21066500988935644
0.22076971329009443
0.20714824180905342
0.9007942147239452
0.8167135036337789
0.23086346655502185
0.27053852507501136
0.186687761198695
0.47303890981878927
0.10416479451546096
0.09633646441520312
0.09523225541043978
0.5347589773399604
0.9342855531303688
0.09633646441520312
0.23044187748373118
0.6557300522771365
0.6347108562671103
0.1802411193687361
0.5495418042922418
0.2605736219670968
0.9142953264283151
0.2511267305112259
0.7039180898829974
0.7811252097784996
0.24030721379140524
0.9337935516453877
0.44310038696958276
0.5028231723114156
0.22367160180439877
0.6557300522771365
0.1782191835816009
0.21038512844432194
0.16599770098242494
0.2299644424864873
0.26992669086730875
0.23752796649082136
0.37157172592188636
0.5758771218793879
