0.5811038641829357
0.23436046701758947
0.8493537230544446
0.19452041845297363
0.642668449839328
0.97406821069376
0.6484110977950759
0.8282407335068777
0.8099311805461032
0.19526754024373036
0.7717106243382896
0.12370432891839565
0.48149414690218695
0.4469732204040827
0.8282407335068777
0.8640559669805249
0.19526754024373036
0.7717106243382896
0.17803269338117808
0.13643429265946286
0.7992819151315891
0.26085920502094684
0.2686625906372948
0.8550980323832543
0.39933174128716886
0.642668449839328
0.2713897603613681
0.13687597579618607
0.22446332246750247
0.8409875150314216
0.8640559669805249
0.8370013866911129
0.8099311805461032
0.6484110977950759
0.2605736219670968
0.23436046701758947
0.7059431038533983
0.1733894181439762
0.7059431038533983
0.2605736219670968
0.83795896397965
0.818524683915641
0.21615328553424618
0.6342751549237539
0.22600748246575408
0.2713897603613681
0.8168668039094649
0.23436046701758947
0.5365356823771283
0.8282407335068777
0.9392690821106531
0.1785034828298915
0.19452041845297363
0.720618583673259
0.24099633594422137
0.8318904601575039
0.6342751549237539
0.3743591795859658
0.7992819151315891
0.17080104251670836
0.5299193523208063
0.580833518846225
0.20102166361158327
0.17803269338117808
0.21770163976587667
0.8308100752974537
0.19336753863470293
0.8308100752974537
0.19296678455883098
0.5117243620337651
0.5591578890405358
0.8318904601575039
0.2253861410459427
0.19577271155943274
0.6484110977950759
0.9356688365211066
0.1782191835816009
0.83795896397965
0.5175284228648467
0.7583324963716684
0.6691407248238072
0.3680971743871841
0.8489984390685429
0.20536310052012363
0.19139118632576685
0.415316673838386
0.8284825939372539
0.8635779332131995
0.8944169571659548
0.23436046701758947
0.3680971743871841
0.5117243620337651
0.09242282294082498
0.8347988305823096
0.8489984390685429
0.20610215976587898
0.8258219563353578
0.27350589307838286
0.6706580477250634
0.16295511904394874
0.6423910305860695
0.7098380467345164
0.19768757451085314
0.20610215976587898
0.8493537230544446
0.2605736219670968
0.1547780744221099
0.22600748246575408
0.8240178747714828
0.9142953264283151
0.26085920502094684
0.19909181599513126
0.6158486283881591
0.21318032678345536
0.8635779332131995
0.20121188324600947
0.4736828068000236
0.4074136079198332
0.9103472652592391
0.21615328553424618
0.8120701252611413
0.6158486283881591
0.4074136079198332
0.781828086167522
0.6560855171207786
0.8890546953510459
0.16575621977817873
0.9174105194655717
0.1733894181439762
0.5365356823771283
0.4922796737574
0.6342751549237539
0.9142953264283151
0.3743591795859658
0.781828086167522
0.24906584125296236
0.9174105194655717
0.19768757451085314
0.21986657902954457
0.45303025440249967
0.24030721379140524
0.24906584125296236
0.781828086167522
0.6189378234191821
0.19909181599513126
0.40728851134605276
0.5028231723114156
0.9103472652592391
0.7313991206120017
0.5289238300897503
0.21369552882105589
0.13643429265946286
0.8890546953510459
0.12370432891839565
0.1785034828298915
0.9472079823562529
0.23752796649082136
0.3518880773962426
0.97406821069376
0.5591578890405358
0.4469732204040827
0.6348675736205157
0.27350589307838286
0.9396336308685163
0.415316673838386
0.09523225541043978
0.9007942147239452
0.7849143010167968
0.552801685405812
0.3911950072631434
0.8181489729546292
0.3664406215404789
0.40728851134605276
0.9315189863488932
0.36937181483692694
0.6560855171207786
0.6189378234191821
0.26992669086730875
0.5289238300897503
0.09242282294082498
0.2511267305112259
0.6706580477250634
0.915869276500682
0.7432830164099258
0.8409875150314216
0.16295511904394874
0.8099311805461032
0.19139118632576685
0.22367160180439877
0.8240178747714828
0.17853482611420168
0.6729200457694354
0.15905515076524543
0.6423910305860695
0.1733894181439762
0.30551125726422373
0.5889436821936144
0.6348675736205157
0.6572435773064385
0.9315189863488932
0.16295511904394874
0.6572435773064385
0.5020654622801561
0.6347108562671103
0.3518880773962426
0.19452041845297363
0.30551125726422373
0.8493537230544446
0.8743374284298934
0.9337935516453877
0.13687597579618607
0.21066500988935644
0.21615328553424618
0.21318032678345536
0.9007942147239452
0.818524683915641
0.29772301862214007
0.32492376461577654
0.48149414690218695
0.4736828068000236
0.11590676609009692
0.09242282294082498
0.09523225541043978
0.5148094081836915
0.9356688365211066
0.09242125221357265
0.21770163976587667
0.6131368576471552
0.6347108562671103
0.15905515076524543
0.5566154075866462
0.2605736219670968
0.9142953264283151
0.2511267305112259
0.6729033462219809
0.7059431038533983
0.24030721379140524
0.9337935516453877
0.44310038696958276
0.5028231723114156
0.22367160180439877
0.6983232469071178
0.1782191835816009
0.21770163976587667
0.07113619694390305
0.24099633594422137
0.26992669086730875
0.23752796649082136
0.37157172592188636
0.5758771218793879
