0.6793163974796042
0.2116228854364174
0.21548232766351494
0.17573175143486175
0.22687009734295532
0.97406821069376
0.14204172336976714
0.1698051783187311
0.23915238397226443
0.27244782671987544
0.23424331574748172
0.8429356511448466
0.2225046625984589
0.4469732204040827
0.8286949567327199
0.816157689767291
0.23915238397226443
0.23915238397226443
0.17803269338117808
0.14204172336976714
0.7992819151315891
0.235049204124573
0.23424331574748172
0.8264680006989753
0.21625671797984633
0.235049204124573
0.23630082180368878
0.17395320744122758
0.21016277713290385
0.8362536485380077
0.8002420293702208
0.1729139183661272
0.8171487671357441
0.6080074625546009
0.2605736219670968
0.8034731392264441
0.1729139183661272
0.20205523010758053
0.19048125842250277
0.5527471658750064
0.7237286404229051
0.8167135036337789
0.19415549569172452
0.7237286404229051
0.22841726991472133
0.27244782671987544
0.8171487671357441
0.2340585812452319
0.5365356823771283
0.8286949567327199
0.9392690821106531
0.1740327718902158
0.1997022901243486
0.8034731392264441
0.23043145748688298
0.1825001981490722
0.6963038256477112
0.3743591795859658
0.7992819151315891
0.17498991081975182
0.5294215912052783
0.6793163974796042
0.2102165569576344
0.17803269338117808
0.21023689423670988
0.7943928185223332
0.17573175143486175
0.8678624191885187
0.2295684524371953
0.5117243620337651
0.5527471658750064
0.8318904601575039
0.8635779332131995
0.18110493011161782
0.6080074625546009
0.9342855531303688
0.1782191835816009
0.1698051783187311
0.1729139183661272
0.6963038256477112
0.7190786296395321
0.2652984200301543
0.8429356511448466
0.2031804004842526
0.19139118632576685
0.415316673838386
0.8284825939372539
0.8635779332131995
0.8678624191885187
0.23424331574748172
0.2652984200301543
0.5117243620337651
0.09503174273182681
0.8264680006989753
0.8429356511448466
0.20610215976587898
0.1825001981490722
0.27244782671987544
0.6706580477250634
0.18964304329546047
0.6423910305860695
0.7152283152038877
0.19415549569172452
0.20610215976587898
0.7993524701088567
0.2605736219670968
0.1789298581479124
0.21893254902875325
0.7941098101670845
0.9142953264283151
0.16599770098242494
0.2116228854364174
0.6158486283881591
0.2127265970133062
0.8635779332131995
0.23630082180368878
0.4735403224291471
0.4033589577556608
0.9103472652592391
0.27053852507501136
0.816157689767291
0.6158486283881591
0.4033589577556608
0.8044307929353582
0.6560855171207786
0.9016572838463907
0.2028543720159576
0.9016572838463907
0.20205523010758053
0.5365356823771283
0.4735403224291471
0.21548232766351494
0.9142953264283151
0.3743591795859658
0.781828086167522
0.24906584125296236
0.9079585780940631
0.19415549569172452
0.23043145748688298
0.4727169613281721
0.24030721379140524
0.24906584125296236
0.781828086167522
0.6189378234191821
0.2116228854364174
0.40728851134605276
0.5028231723114156
0.9103472652592391
0.749333128055842
0.5291727106475144
0.2034852671537498
0.14204172336976714
0.9016572838463907
0.1789298581479124
0.1740327718902158
0.8678624191885187
0.23752796649082136
0.3606299461165848
0.97406821069376
0.5527471658750064
0.4469732204040827
0.6348675736205157
0.27350589307838286
0.21016277713290385
0.415316673838386
0.09523225541043978
0.9007942147239452
0.7237286404229051
0.5421503908161011
0.39930430759148827
0.8044307929353582
0.35916434946836073
0.40728851134605276
0.8886821896164943
0.3606299461165848
0.6560855171207786
0.6189378234191821
0.26992669086730875
0.5291727106475144
0.09481428911793076
0.2511267305112259
0.6706580477250634
0.8034731392264441
0.7921352657206737
0.7921352657206737
0.17843969421707953
0.8107633828839852
0.19139118632576685
0.22367160180439877
0.7941098101670845
0.1698051783187311
0.6729200457694354
0.19048125842250277
0.6423910305860695
0.1825001981490722
0.30551125726422373
0.2127265970133062
0.6348675736205157
0.6572435773064385
0.8886821896164943
0.17843969421707953
0.6572435773064385
0.5020654622801561
0.6347108562671103
0.35916434946836073
0.1997022901243486
0.30551125726422373
0.781069691937405
0.8743374284298934
0.9337935516453877
0.17395320744122758
0.21066500988935644
0.22076971329009443
0.2031804004842526
0.9007942147239452
0.8167135036337789
0.23086346655502185
0.27053852507501136
0.18976246729233726
0.4728779355734807
0.10416479451546096
0.09503174273182681
0.09523225541043978
0.5421503908161011
0.9342855531303688
0.09481428911793076
0.22041350296402656
0.6557300522771365
0.6347108562671103
0.19048125842250277
0.5527471658750064
0.2605736219670968
0.9142953264283151
0.2511267305112259
0.736238041017248
0.7811252097784996
0.24030721379140524
0.9337935516453877
0.44310038696958276
0.5028231723114156
0.22367160180439877
0.6557300522771365
0.1782191835816009
0.22041350296402656
0.16599770098242494
0.22841726991472133
0.26992669086730875
0.23752796649082136
0.37157172592188636
0.5758771218793879
