0.7220012851933281
0.780748025863693
0.1957608834499622
0.5365356823771283
0.2116458545583985
0.97406821069376
0.2421192411700903
0.17311437713545283
0.20736763467201488
0.7220012851933281
0.2006842829919587
0.8333710672716067
0.20714486945857702
0.4469732204040827
0.8177569534614744
0.8235391327278162
0.2319764263881685
0.29834217844842953
0.18239005950624115
0.1957608834499622
0.7992819151315891
0.20106081823090002
0.2116458545583985
0.8402661401954897
0.22160677495792608
0.21486898496280898
0.23077364270941278
0.18088382833249161
0.21486898496280898
0.7918107598315176
0.780748025863693
0.17444537465143348
0.8247505240389635
0.6080074625546009
0.2397116072770001
0.18208059995795
0.20736763467201488
0.1950609422585192
0.19882309361017622
0.5527471658750064
0.7229536386256763
0.8167181044093037
0.19954783851681868
0.7229536386256763
0.2116458545583985
0.27244782671987544
0.8168616586514506
0.2194293847352669
0.5365356823771283
0.8247505240389635
0.9392690821106531
0.18208059995795
0.19771426245456322
0.7809907489594003
0.2213578144408203
0.1951507390877686
0.6963038256477112
0.3743591795859658
0.7992819151315891
0.1948813486000204
0.5292660408566758
0.7220012851933281
0.2194293847352669
0.18239005950624115
0.21326343572701748
0.7942159383003027
0.2006842829919587
0.8678624191885187
0.209589925354512
0.5117243620337651
0.5912348999051634
0.8231953204235681
0.8358870563981281
0.18031222552044884
0.6080074625546009
0.8807383003343485
0.1782191835816009
0.18031222552044884
0.1777070582575997
0.6963038256477112
0.7214036350312185
0.2421192411700903
0.8429356511448466
0.19788508166296293
0.19139118632576685
0.415316673838386
0.8333710672716067
0.8497324948056638
0.8678624191885187
0.23058513783288784
0.2421192411700903
0.5117243620337651
0.09596598788782466
0.8402661401954897
0.8429356511448466
0.20736763467201488
0.1777070582575997
0.27280051550604456
0.6706580477250634
0.1904264197705433
0.6423910305860695
0.7593507272151659
0.19954783851681868
0.86916579510763
0.7186706676537532
0.2605736219670968
0.20762125269083292
0.2066592791354558
0.7942159383003027
0.9142953264283151
0.16599770098242494
0.2066592791354558
0.2124606611091217
0.208105932083528
0.8497324948056638
0.23077364270941278
0.47318902844965255
0.40234529521461765
0.9103472652592391
0.27053852507501136
0.816435596700535
0.6929651578373547
0.40234529521461765
0.8044307929353582
0.6560855171207786
0.9030575714569845
0.18088382833249161
0.9030575714569845
0.1950609422585192
0.5365356823771283
0.473177833171171
0.19798757789680668
0.9142953264283151
0.3743591795859658
0.781828086167522
0.24906584125296236
0.9037577152622814
0.19954783851681868
0.22174971943131172
0.47318902844965255
0.24030721379140524
0.24906584125296236
0.781828086167522
0.5823102362941258
0.209589925354512
0.40728851134605276
0.502571588902599
0.9103472652592391
0.7809907489594003
0.5292504858218157
0.208105932083528
0.18683593632093723
0.9030575714569845
0.19105620173771184
0.17951952092927984
0.8678624191885187
0.23752498184245024
0.3598971477924727
0.97406821069376
0.5912348999051634
0.4469732204040827
0.6348675736205157
0.27280051550604456
0.21326343572701748
0.415316673838386
0.09523225541043978
0.9007942147239452
0.7229536386256763
0.5663512816335766
0.4013316326735745
0.8044307929353582
0.29834217844842953
0.40728851134605276
0.8807383003343485
0.3606299461165848
0.6560855171207786
0.7112054813228131
0.26992669086730875
0.5292504858218157
0.9142953264283151
0.2511267305112259
0.6706580477250634
0.7112054813228131
0.792027097090955
0.792027097090955
0.1904264197705433
0.8177569534614744
0.19139118632576685
0.22367160180439877
0.7941805622558966
0.17311437713545283
0.5912348999051634
0.19882309361017622
0.6423910305860695
0.1950609422585192
0.30551125726422373
0.2213578144408203
0.6348675736205157
0.6572435773064385
0.8807383003343485
0.17444537465143348
0.6572435773064385
0.5025686290977893
0.6347108562671103
0.3598971477924727
0.19771426245456322
0.30551125726422373
0.7186706676537532
0.8743374284298934
0.9337935516453877
0.17338630016964818
0.20745736167958834
0.20605747284482087
0.6116561863712314
0.9007942147239452
0.8167181044093037
0.20762125269083292
0.27053852507501136
0.20714486945857702
0.47311965168947073
0.0980277703010613
0.9142953264283151
0.09523225541043978
0.5456826491690695
0.8235391327278162
0.09596598788782466
0.22041350296402656
0.6257852033779807
0.6347108562671103
0.19882309361017622
0.5663512816335766
0.2397116072770001
0.9142953264283151
0.2511267305112259
0.29834217844842953
0.2039565306487445
0.24030721379140524
0.9337935516453877
0.44310038696958276
0.502571588902599
0.22367160180439877
0.6357668196776993
0.1782191835816009
0.22041350296402656
0.16599770098242494
0.22471838517833764
0.26992669086730875
0.23752498184245024
0.37157172592188636
0.6257852033779807
