0.5325029028949446
0.6525857730908109
0.3602053350936165
0.9060777426029032
0.31989178356558834
0.04080441744637642
0.3353155668973319
0.17368757923105005
0.6423470408782773
0.1305950196276079
0.2582692407038708
0.5667957070910905
0.42075577873074144
0.006464931590735912
0.17237339426803633
0.9951351676972789
0.04631185806866689
0.7338164024043228
0.9529441158039211
0.14482578044633598
0.9504867499665891
0.24038288243154282
0.5928006834597284
0.7952738001499449
0.5163933060943063
0.989959214957892
0.23293165346002598
0.6182184090688863
0.3601315660470209
0.6391299514547747
0.9064058056520581
0.8224294260466812
0.9029296638063171
0.8990869570506477
0.7392832600233445
0.05380893420307542
0.7692807786703474
0.11126533667259886
0.5675704273500563
0.5096208151134857
0.12056233441071418
0.7646945268882271
0.6619830501422999
0.5455079859187356
0.09839052943359838
0.3826169875521942
0.7028615109531353
0.42955288590133356
0.40758222222979423
0.6813611444368949
0.9392690821106531
0.3368593705550368
0.438674802595592
0.18380108477765122
0.19839847380051334
0.9659329417900411
0.13459450231057823
0.29517577341442036
0.6941532273391473
0.9789964176979254
0.563423762130757
0.5843885148500636
0.17257012142199413
0.5250288086014089
0.23686641039328105
0.24181504840592483
0.019176326612750816
0.8948184146010395
0.9713815079769768
0.48763444661311217
0.19510755051685924
0.31755437985302315
0.49803455461443247
0.19588984490689698
0.6740703301096657
0.18066104463969057
0.2853850990564114
0.9251476420471946
0.577333675191948
0.7583324963716684
0.6545123491876825
0.3810808664575278
0.8786170260257713
0.3295119295568034
0.14969402338082183
0.3981804230749034
0.7149524278290527
0.8166331903621289
0.889746957281262
0.28589737196218157
0.4999588298943577
0.5746447174852731
0.1401585786197328
0.8052747025311797
0.7677661810533091
0.17818923106732654
0.751088360132174
0.28863857436023044
0.5850752149108184
0.7189793747503564
0.8055173156010247
0.6120079673964218
0.24860341763934368
0.23401508846443142
0.8506144226325358
0.25378324388618867
0.007219508655654461
0.09729074180225872
0.8278986486023384
0.6009640917865273
0.28133552761035086
0.1525992258830573
0.6711054767226653
0.20295521680125095
0.8765457503317904
0.6400890989844127
0.5432812203866817
0.40562889442082006
0.04443982279120473
0.261052041067086
0.8012373161708815
0.5997441766851215
0.4394716922737192
0.27688052541459784
0.6914928549331052
0.5502483323914851
0.5553548208845233
0.7654791425749383
0.9572203307199685
0.4698659054147565
0.47806467832437494
0.7301839401235453
0.9384752454925739
0.3493866178847628
0.986411385599352
0.2746809169945069
0.9457663435800976
0.304825162830921
0.17649078443221888
0.41172514960745177
0.2610741616236292
0.23923991693897018
0.8182857020654553
0.5956052224789216
0.17988311653514277
0.6068157272018805
0.4309640520996413
0.8992541048683945
0.722904967945579
0.49986231131862924
0.2080880494125893
0.05217271281910851
0.9508424717390995
0.1700910840257407
0.45826562892068035
0.999999007546551
0.18933493842334514
0.4194586873413122
0.9581772064296281
0.6118702734955104
0.4219950771463338
0.7298833518500194
0.004901125644089954
0.9396336308685163
0.43245292460186857
0.009275642767229031
0.9958170365795119
0.7459218353228798
0.5514299153847209
0.48466699590414675
0.8285727310392114
0.39554570982895143
0.3820190034423987
0.9594860927106607
0.36937181483692694
0.6206781793084519
0.6193629248143736
0.35128045909472094
0.5655679864221006
0.9349056384827747
0.21174739281074018
0.7562408805393085
0.915869276500682
0.7472827727965071
0.22800942268291102
0.11093368369242962
0.9476638131539422
0.23308834927071187
0.22322514031867458
0.8201371009406272
0.23390094945321194
0.6729200457694354
0.9237512645657279
0.576397560695148
0.0762653244711291
0.3916228511187735
0.0288170612835853
0.5870623882810759
0.7370299992073457
0.883630196187494
0.10528936500361485
0.6068997522113009
0.49448836196756174
0.45772317053774547
0.25521237916270056
0.19037524561798713
0.21939966340967398
0.6347959727704321
0.8743374284298933
0.9551841145274433
0.11680586055420761
0.2576083761898471
0.09350961374354283
0.3347320825294886
0.8186100994770475
0.875670600955407
0.34413352224598937
0.3887954881644671
0.5523938520490029
0.44538949800841354
0.1468233905972951
0.41688939655551716
0.18118886805365053
0.4363524947162386
0.2722004435773193
0.029821704546064698
0.44535756748837574
0.328962261869874
0.7155346275821083
0.15659173985292407
0.76092615233004
0.2699711676321388
0.8901154073640564
0.29050606821171165
0.6415442023153675
0.7665437994643315
0.2195402659591813
0.912402988763332
0.44310038696958276
0.5822593928357847
0.22411806329012296
0.6533634774043098
0.13663787085339674
0.16021571049423589
0.07113619694390305
0.2633632343878278
0.18857292263989656
0.3576960582213574
0.37157172592188636
0.46372520545577
