0.3416043635256294
0.8133541175420504
0.3415928300116439
0.34158465862602877
0.34161595361553854
0.8143326048908103
0.3415670556532444
0.3415868089583961
0.3415992897812248
0.34158307272272
0.3416439141248865
0.34157321906468735
0.3416004670543299
0.34156497310881007
0.3415895532515236
0.34155851964171907
0.34159475763105235
0.8136307833531452
0.34153773456212194
0.3415845996706053
0.3415717576138479
0.8134317526092486
0.8143326048908103
0.8134501659822899
0.3415805745148297
0.34159475763105235
0.8134272726071232
0.8135635881844254
0.34156810507503227
0.8136307833531452
0.34193313057039637
0.3415679429147888
0.3415597570664245
0.3415907445804524
0.3415917021874537
0.3415634580806815
0.3416439141248865
0.34158465862602877
0.34162589509344005
0.3416856917984479
0.34157321906468735
0.3415861191988814
0.813422792604998
0.34158065159098666
0.3415892782485013
0.34159469935707554
0.34153719217516193
0.34155704653795815
0.34156800124562947
0.3415633407251019
0.34156731582137007
0.34153773456212194
0.34156061313847036
0.3415896822839553
0.34156515125083803
0.3416137066637961
0.8132666730539905
0.3415717576138479
0.34158745938974194
0.3415895532515236
0.3415471199533487
0.34157510914543715
0.34157796630744897
0.8133541175420504
0.3415656245412251
0.8132584166756848
0.34157327317428643
0.34159705072446284
0.3417086741097161
0.8132584166756848
0.34161595361553854
0.3420081164197086
0.3416439141248865
0.3416329349545583
0.34156551273853236
0.8137058061117741
0.8133541175420504
0.34153418724011647
0.3416194805558413
0.38686609683134554
0.34155935782997066
0.3415773714646271
0.3416143220297631
0.8132666730539905
0.34154316001640844
0.34156347118300184
0.8134343350782458
0.34156895474412585
0.3415992897812248
0.35827485361020817
0.34156491323237065
0.34158785619239634
0.34155935782997066
0.3418735038077993
0.34161103929423503
0.3405457012530869
0.34159122955437315
0.8133541175420504
0.3415634580806815
0.34162135406811484
0.34155917075147885
0.34157587942887996
0.34159475763105235
0.3415705150291772
0.3415664057368451
0.3415992897812248
0.3416687529381454
0.3444654258882575
0.3033486668358841
0.8135635881844254
0.3416194805558413
0.34160092412846815
0.8134501659822899
0.3416110748550336
0.8132947233615064
0.8132871908116502
0.8131498433491168
0.34153768878709756
0.8135550222810259
0.3417050658134593
0.813363267597221
0.3415843447499921
0.3415752527890388
0.5306593652294929
0.34158307272272
0.3416004670543299
0.34157963450139506
0.3415727526686786
0.34143647508128533
0.8134429274859686
0.8132254722208792
0.3415907445804524
0.34159705072446284
0.34153768878709756
0.34157131135299595
0.34164837106435675
0.8134343350782458
0.8132964545998586
0.3415941457337564
0.35827485361020817
0.3417239364178112
0.3416090989074818
0.34156497310881007
0.3416856917984479
0.3418230677252736
0.34157326554472944
0.3415805745148297
0.3416279213978608
0.34155704653795815
0.8133835453910987
0.34156497310881007
0.34156810507503227
0.8134501659822899
0.8131840834579402
0.34154583198653987
0.8134429274859686
0.8143326048908103
0.3415996546595913
0.34241953369869477
0.3415627775235791
0.34153773456212194
0.34223253495299644
0.34157321906468735
0.8131748709102697
0.3415361567233383
0.8135016674860995
0.3416246191589531
0.3415814137997262
0.3415541296741831
0.5306593652294929
0.3415527080259833
0.38686609683134554
0.3415308806566989
0.8134640453044535
0.813655958103217
0.3418230677252736
0.8131223948941513
0.3415564088438619
0.3419070576373371
0.34158239270083923
0.34154226929250786
0.8132120731079238
0.3415418623969755
0.3415679429147888
0.34155851964171907
0.3405457012530869
0.8131271680489133
0.3415545843547228
0.34158745938974194
0.8134712182656337
0.3415545921356573
0.3415895532515236
0.34155847232491093
0.3415114266330948
0.34157327317428643
0.8132254722208792
0.3415868089583961
0.34162135406811484
0.34149364839392454
0.341932838393259
0.3416851622699972
0.3415963555017587
0.813363267597221
0.3416284465550555
0.3415633407251019
0.3415793668180282
0.8137058061117741
0.3415958408566274
0.34160516358542625
0.3416284465550555
0.34162135406811484
0.8134640453044535
0.8131840834579402
0.1802946537055215
0.8136056086030734
0.3420081164197086
0.3415713625029539
0.3414952200864399
0.8146708098736549
0.34158126820969653
0.813118973872845
0.3033486668358841
0.8135635881844254
0.813306575410025
0.3415790175200619
0.3415787341318899
0.8132584166756848
0.34160857378821347
0.34153946868759566
0.3416143220297631
0.34155851964171907
0.34156515125083803
0.8134317526092486
0.3416279213978608
0.34152662309974796
0.3416910701799043
0.3415670556532444
0.1802946537055215
0.34158065159098666
0.8136311718452366
0.3416004670543299
0.3415845996706053
0.8133835453910987
0.3416246191589531
0.3444654258882575
0.3415928300116439
0.3415996546595913
0.3415790175200619
0.8136879184375401
0.8132120731079238
