0.2753540785971421
0.19337293378835976
0.6481752031004168
0.4655995447962999
0.1653407238301712
0.7679229695011233
0.17895565296358693
0.7079737020940552
0.6950294816049704
0.6966486459659419
0.705212292146701
0.790499606074346
0.7366311982018936
0.13865297200174972
0.1595478408776953
0.7053141952634068
0.790499606074346
0.7079737020940552
0.8163665049084251
0.053207591803519326
0.7327268708360208
0.13804833597106703
0.7601909357024061
0.7609233209189797
0.4367427188614985
0.22390300282898543
0.7046547161249652
0.24845567623202625
0.8350104268311561
0.7327268708360208
0.4229275350404784
0.053207591803519326
0.4229275350404784
0.8796320989047937
0.8350104268311561
0.6966486459659419
0.40929004610907627
0.8122326434984345
0.2079998028179142
0.23706662907073794
0.4229275350404784
0.22390300282898543
0.09450587453233562
0.6951821871092528
0.7679229695011233
0.13804833597106703
0.7032412878029867
0.4229275350404784
0.7314312188523605
0.09450587453233562
0.16535017957781947
0.6951821871092528
0.7289991968679334
0.15819444315267983
0.790499606074346
0.4367427188614985
0.7681107690740103
0.19546368347040252
0.7103036974175664
0.22047807258540106
0.5248229788061688
0.1595478408776953
0.19337293378835976
0.16797094625575604
0.8128725426249296
0.7747598328699333
0.7895115861192536
0.7293827846608618
0.2079998028179142
0.7643179098190089
0.6628222386482973
0.8334247124763621
0.7747598328699333
0.14691718804043774
0.12321300924086453
0.2583102216849898
0.8487420556202663
0.7229284709807701
0.7169548578506555
0.8334247124763621
0.3167350251793282
0.3167350251793282
0.7822992646050012
0.16185202250299174
0.7681107690740103
0.7820685524792161
0.7681107690740103
0.5204283862082189
0.7079737020940552
0.6650807404786575
0.5096753361017387
0.8140258480688685
0.7601909357024061
0.6935730053033
0.8059494958522684
0.8106749101329408
0.6653544012301806
0.3913552119599824
0.4071587082015344
0.16179932938986727
0.7657914976949285
0.8350104268311561
0.5096753361017387
0.7458938117719973
0.6935730053033
0.7601909357024061
0.4229275350404784
0.7318852009119452
0.3557159085422894
0.22047807258540106
0.2079998028179142
0.6439849384377178
0.17510622125230224
0.5905884416338046
0.23706662907073794
0.7327268708360208
0.19920655235198217
0.19337293378835976
0.23247943060078402
0.5905884416338046
0.2977163992822094
0.5326811249975616
0.23247943060078402
0.6885336824585936
0.4367427188614985
0.6203799290111748
0.1515314344232797
0.7747598328699333
0.6951821871092528
0.1515314344232797
0.7673193864918234
0.8128725426249296
0.16535017957781947
0.36294227512840527
0.7594439675183164
0.6917838295260327
0.4229275350404784
0.4655995447962999
0.7169548578506555
0.09450587453233562
0.6731872322167514
0.1653407238301712
0.7534711805014439
0.11147296168899375
0.687847259966917
0.8106749101329408
0.2620907058864327
0.80244702837467
0.6650807404786575
0.8085059760720296
0.3767912997652503
0.8085059760720296
0.6515798268440015
0.13865297200174972
0.12073221670591205
0.4928159902433366
0.796826547500482
0.7458938117719973
0.6372099052316643
0.565740283310554
0.22390300282898543
0.7505939662254973
0.7505939662254973
0.13814340557435198
0.7914563130977866
0.6017241637051655
0.14691718804043774
0.7366311982018936
0.4655995447962999
0.053207591803519326
0.15454631075258612
0.7895115861192536
0.6372099052316643
0.7643179098190089
0.8163665049084251
0.1618415287587925
0.7229284709807701
0.6626849335568706
0.7679229695011233
0.17510622125230224
0.15177542413841325
0.7594439675183164
0.6936528270538507
0.7032412878029867
0.7673193864918234
0.1595478408776953
0.36294227512840527
0.32217206139733223
0.26682316588374344
0.5594885742471615
0.6917838295260327
0.5248229788061688
0.09440881123573688
0.6966486459659419
0.8059494958522684
0.4928159902433366
0.7025448848610671
0.6950294816049704
0.4071587082015344
0.6741199532664758
0.2753540785971421
0.6017241637051655
0.565740283310554
0.1653407238301712
0.7366311982018936
0.6481752031004168
0.22922904755948206
0.1375135778590569
0.2779502853995872
0.8796320989047937
0.7970613885801113
0.7197556965139712
0.13865297200174972
0.6939309467829852
0.17968035811595162
0.8203233619486568
0.7314312188523605
0.7197556965139712
0.1753303261925904
0.8109171669860603
0.13804833597106703
0.3557159085422894
0.19546368347040252
0.22142147346496957
0.48528854452381526
0.8727258829995593
0.6626849335568706
0.6865376292653614
0.8109171669860603
0.3767912997652503
0.7456219285597415
0.8452764125155348
0.08315686522508287
0.22390300282898543
0.6481752031004168
0.12321300924086453
0.7517584900977328
0.6939309467829852
0.6936528270538507
0.8089725095973509
0.705212292146701
0.24845567623202625
0.5204283862082189
0.9558503355755559
0.7318852009119452
0.6865376292653614
0.5326811249975616
0.8122326434984345
0.7820685524792161
0.8089725095973509
