0.35085824142855393
0.2432904814540709
0.15174434432879114
0.2897099491387303
0.3195741103794341
0.5843622996239091
0.3282114509826329
0.3096472331354323
0.24247697029167561
0.563294883658188
0.3143054261972052
0.3442006079324212
0.09574211626962385
0.30763971399194245
0.38566205924266006
0.24800303916089889
0.6388006499201666
0.03246164806645427
0.129060157675459
0.19746618181801415
0.3029488591283295
0.01589468993707907
0.18195209936622483
0.4832757429953835
0.20832575833809946
0.3490741319442147
0.4971629316556709
0.383053709019721
0.1424007236346211
0.5259851069859645
0.36563273846581223
0.10647879669015946
0.42462350882869637
0.4753924287392054
0.024571492863269064
0.34599936117560326
0.11203749059320908
0.0934834469005355
0.2957274956654956
0.22650802337549045
0.30411934917405536
0.1802830980551484
0.16190940381369898
0.3759457624050732
0.1287333665404902
0.4236906213843781
0.44819858187068856
0.12091919543862847
0.5351845737283347
-0.012842780123046175
0.18665264992600386
0.5287101222573859
0.25963956326489923
0.24310872026054028
0.5221179727296053
0.11436027188219866
0.336815228375838
0.11705417226148881
0.38254888601168785
0.06672052181072685
0.035618970783485485
0.19253881788376404
0.16897082238032796
0.02087548474686483
0.429172916654947
0.5268481375369244
0.48510621733426906
0.22808781939529682
0.17635960610347232
0.35638535953657424
0.5514005716070811
0.5545011194874063
0.21685069704567816
0.12029783109873335
0.04456756798326414
0.037660807246218765
0.31288786678638797
0.3137071874167715
0.5230130600310625
0.33985918284937344
0.22745092558064356
0.2734797660110614
0.12366737459089834
0.12751433784446722
0.5251833775265233
0.3254705318069025
0.2855994085621327
0.2276888913893564
0.4489665661010074
0.4640766563609393
0.22136451051865588
0.4816562300605078
0.19949247524394237
0.5079415572917657
0.2877580301390158
0.3100196571424895
0.2842080381621273
0.11836243646697439
0.12450982691923271
0.1012788973204788
0.3136256161490028
0.20565991530588065
0.19720703179550667
0.3532235084307663
0.3891796418806863
0.5790522235180483
0.15000899819940966
0.685962803909743
0.21477002463789138
0.1580364975861311
0.2389034435548707
0.6132334093760983
0.17378197968143066
0.19478633873427595
0.19298803312487892
0.5543067099204831
0.21407248209961255
0.17745880763966404
0.24100984621544866
0.09980116431024548
0.005154504084955229
0.11446079976395618
0.07595059621688914
0.35469172243514163
0.0885436764028241
0.1183321008539944
0.16190269978496918
0.3205072705453988
0.45319848605167246
0.06631284652587306
0.2376592319456258
0.3893119212065746
0.08167624375494913
0.31428315631172093
0.49856231551035923
0.5286577416388167
0.1824212139608768
0.16627578404923615
0.39205591339303003
0.12813609459716127
0.44901209053476926
0.17491523816727714
0.3308043186657195
0.08793285276742864
0.48890201705320313
0.2597823829215465
0.34496176693418884
0.42004766643421837
0.21371421254552161
0.5509220240654005
0.26390824217590536
0.23831802028829685
0.2513719188853203
0.2501293509145207
-0.12190543960742709
0.13652942052511957
0.2952700619892262
0.4877084401265155
0.2614571755072397
0.1747368268169248
0.15695417678146087
0.3418782253821551
0.5614966245774947
-0.04407844028191474
0.26914444795953857
0.31789366295407256
-0.029528193102244863
0.5471124700292013
0.11358477888124141
0.11463828304960723
0.11177913053944495
0.27254761795876736
0.49707034146138823
0.40967603133886094
0.4254102853544163
0.2049000040336348
0.34471084799410484
0.46352342138272357
0.4318805573990356
0.12735511846338265
0.06860196115518709
0.6573068306928305
0.48137889694743285
0.4029994814182389
0.2575116659330913
0.22919416766524486
0.15627325094088693
0.2906287578729359
0.010850270108480897
0.0869229040287947
0.5665996985546695
0.07443432662773734
0.21625019789500274
0.34466423578594013
0.34555307260321777
0.3999696981315742
0.09011558602277842
0.378927019872316
0.2530514013431377
0.26043543430992816
-0.010494554679207188
0.5249582372178935
0.2622242523402562
0.12455142927425945
0.3647370508956263
0.5342902990382616
0.19108673247676683
0.2831640863766313
0.1334938393986687
0.1781254882938703
0.2833796643296448
0.3726990650656589
0.207756736740468
0.43861067854350366
0.07421042660959178
0.4829500828147427
0.2109160032098249
0.32423638948691014
0.07857845010505053
0.4065746696598078
0.14119388672472535
0.14836144275620367
0.16885250809650568
0.07480050376004788
0.13762785330555696
0.3855413469852668
0.3922300243348016
0.3885987892530452
0.3715133666378704
0.12275491179657921
0.32042242551934463
0.3932169271588425
0.45984485641914574
-0.040323115405293104
0.3768865594914961
0.29476721768165287
0.33102334165072034
0.3318951534940379
0.2516408073261773
0.29783630498721114
0.327105405627966
0.05605892847017895
0.10363759017781449
-0.007264700437537093
0.20439264267927065
0.2737513842968744
0.10201899388257517
0.30802669024989
0.3167980681177554
0.39512092281750183
