0.4526302128238836
0.6262214007791729
0.5016285343722305
0.6333819103427902
0.47515887450367034
0.7688712043465415
0.5803187657871414
0.08771702137313953
0.18723880085970615
0.693309867305988
0.6835736726172892
0.7427760177405061
0.3883108262271175
0.3614019149611978
0.6533068065198124
0.5167306999973142
0.8101442035703734
0.723126963540128
0.17894531923582568
0.5397994813072593
0.7688712043465418
0.6677523562481537
0.20725754960700413
0.6013028274977843
0.7820858114144911
0.10123232476020429
0.7583653499986571
0.6502656381559512
0.5992959073991039
0.10123232476020429
0.6202884071407471
0.5570031416642048
0.18723880085970626
0.5399648009589819
0.6141640266107591
0.5377424086930833
0.5910798230746507
0.14853588661493028
0.44625392708025596
0.14853588661493022
0.4959001267213365
0.2245594681671687
0.587554649135639
0.6315107068574803
0.7785015708321025
0.1059626809456768
0.6979566874983214
0.7923452226550961
0.18723880085970618
0.7785015708321024
0.4516302879538389
0.5712933629008433
0.2092955975052559
0.1789453192358257
0.6421948451903192
0.44625392708025596
0.23368229795343728
0.5728244580333405
0.11151570777210107
0.5570031416642047
0.6677523562481537
0.5747230159976365
0.05122570222806514
0.08041875754412472
0.6278826389979321
0.6123777489561792
0.6792091715499415
0.4684037699970458
-0.02175693606208357
0.5016285343722305
0.3671473452345782
0.7986377916655477
0.626221400779173
0.4563220374969786
-0.011113634644770368
0.5803187657871414
0.14853588661493036
0.161840013386572
0.7708636939642438
0.10596268094567671
0.6062250148126267
0.5570031416642047
0.4937178761876627
0.6899021991649434
0.7046687611094699
0.5504387241145519
0.6835736726172892
0.1727129693007249
0.5910798230746506
0.7785015708321024
0.037875466605131074
0.8655957524252512
0.7873615079988183
0.7054598537302238
0.4243677978427352
0.534853298747415
0.6677523562481538
0.4526302128238836
0.0559854395078574
0.4838872596291305
0.6502656381559512
0.5875546491356389
0.5955246076064478
0.6677523562481537
0.20725754960700413
0.5771393624976501
0.6202884071407471
0.6533068065198124
0.4152441469967505
0.2762555036226908
0.5692444080062198
0.20935475185672106
0.19110909228418385
0.44625392708025613
-0.02175693606208373
0.7152163053555601
0.2512987968510594
0.1667223918360024
0.10123232476020429
0.587554649135639
0.1191750551188935
0.5431594898412113
0.4563220374969786
0.46009757890324954
0.22257624430058848
0.41524414699675033
0.23368229795343728
0.5103718934183317
0.6533068065198123
0.1352372363213256
0.5570031416642048
0.5077812685157832
0.18723880085970618
0.09531937952836338
0.7583653499986571
0.7468589380938313
0.7046687611094699
0.17357894877331467
0.6999053540305905
0.20175239370149714
0.852334380554735
0.24529317222687005
0.377035667965288
0.6554468879610482
0.6013028274977843
0.14853588661493033
0.18723880085970615
0.6123777489561792
0.5570031416642048
0.6583334303270594
0.2904465721791086
0.5215633929973413
0.422178010866354
0.14853588661493036
0.00045517124361372157
0.7046687611094699
0.5570031416642047
0.6421948451903192
0.5167306999973142
0.17357894877331467
0.21403312610608957
0.3419563455446066
0.7152163053555602
0.01307568675821475
0.6333819103427902
0.6677523562481538
0.6677523562481538
0.6721511969629034
0.23368229795343726
0.053928762905478045
0.13150660434722897
0.6308359513868373
0.7342018849985228
0.5309445029385698
0.5747230159976366
0.0953193795283634
0.723126963540128
0.6502656381559512
0.6792091715499415
0.1907675045855692
0.05598543950785759
0.584690445310192
0.587554649135639
0.3724211173576235
0.4377347567276447
0.7202125105247611
0.6502656381559512
0.18259445115033315
0.3358579915596455
0.5253605089259338
0.7225894743532257
0.6677523562481538
0.04210287244179665
0.4500728655141853
0.46840376999704586
0.6262214007791729
0.3355047124963071
0.14853588661493036
0.01307568675821475
0.6792091715499414
0.08771702137313966
0.6387211163923135
0.822801256665682
0.11120256177176978
0.8266534032599063
0.7342018849985228
0.042102872441796654
0.4070160638925405
0.3358579915596456
0.6084801260360729
0.31406938064134937
0.5050847663623909
0.2700929520737865
0.7508142671861152
0.031092560630782837
0.5771393624976501
0.28193010035357263
0.40933752221893965
0.681591780102229
0.693309867305988
0.33585799155964563
0.8101442035703735
0.14853588661493036
0.2336822979534372
0.6677523562481537
0.6202884071407471
0.5570031416642047
0.5377424086930832
0.6836420651176476
0.06666433725098136
0.46840376999704586
0.5050847663623907
0.871388008870253
0.05392876290547819
0.6286232938337603
0.620288407140747
0.6864054927471249
0.44001773040808556
0.5142468325921228
0.5077812685157831
0.7202125105247609
0.5992959073991039
0.22301201744688784
0.1485358866149302
0.534853298747415
0.620288407140747
0.4576208172549843
0.38868167279280574
0.6677523562481538
0.5955246076064479
