0.39181134758209285
0.5846904453101921
0.3770356679652881
0.1191750551188935
0.4918565448501174
0.6533068065198124
0.5103718934183314
0.0877170213731395
0.3959133749966431
0.21403312610608954
0.7468589380938314
0.6999053540305904
0.45855939536736146
0.4563220374969786
0.47996020977971865
0.4563220374969786
0.7468589380938313
0.6123777489561792
0.22455946816716868
0.43618581666353334
0.0004551712436137312
0.5570031416642048
0.49590012672133665
0.40195424124667645
0.10123232476020429
0.14853588661493033
0.5570031416642048
0.5803187657871414
0.7785015708321024
0.6554468879610482
-0.0035112764895463477
0.5016285343722305
0.39591337499664286
0.4888497788433132
0.5712933629008433
0.27810651256483226
0.43773475672764456
0.08771702137313953
0.3355047124963071
0.3081854078746309
0.6333819103427902
0.382968661603714
0.6333819103427903
0.4918565448501174
0.2336822979534373
0.5127034558306253
0.5771393624976501
0.8338761781240769
0.07113005812537841
0.7046687611094699
0.70466876110947
0.09360271800944192
0.23368229795343728
0.27017361709851173
0.6421948451903193
0.3614019149611978
0.2975421064573175
0.08771702137313955
0.3643958119529894
0.620288407140747
0.04210287244179649
0.5215633929973411
0.16069965966328845
0.13150660434722894
-0.02175693606208373
0.6677523562481537
0.4959001267213365
0.4241040841634663
0.6899021991649434
0.44625392708025596
0.4304326107111206
0.6778204666648763
0.5016285343722305
0.3033475435940338
-0.11754664881790407
0.5803187657871414
0.29044657217910863
0.12192763307164683
0.031092560630782654
0.6677523562481535
0.1958394484696564
0.49371787618766255
0.20935475185672098
0.10596268094567689
0.6308359513868373
0.5803187657871414
0.6835736726172892
0.6677523562481537
0.1649101964877201
0.5570031416642048
0.013075686758214598
0.8892507854160513
0.6810422619982275
0.5417273879284877
0.3140693806413495
0.534853298747415
0.6013028274977843
0.5134490780656743
0.1115157077721011
0.46009757890324976
0.720212510524761
0.6333819103427901
0.36439581195298937
0.6202884071407471
0.20725754960700402
0.5771393624976501
0.5063749292829711
0.5955246076064479
0.4152441469967505
0.4241040841634664
0.4888497788433132
0.27017361709851173
0.31882870929194423
0.5016285343722305
0.16982248944955708
0.8101442035703734
0.2512987968510595
0.4684037699970459
0.10123232476020415
0.587554649135639
0.075133807874838
0.46009757890324976
0.27509604999597137
0.584690445310192
0.33363678082907594
0.36208452399645497
0.23368229795343728
0.5453453296027366
0.4221780108663541
0.16704597603634488
0.5570031416642048
0.5077812685157832
0.14853588661493025
0.09531937952836352
0.5167306999973144
0.6835736726172892
0.7785015708321025
0.24870813524846797
0.6141640266107591
0.30818540787463095
0.7538906342578916
0.3033475435940339
0.5016285343722304
0.6062250148126266
0.6677523562481535
0.2017523937014971
0.3614019149611978
0.44625392708025596
0.39087931978828155
0.734201884998523
0.14853588661493022
0.46840376999704586
0.0754848173861665
0.08771702137313968
0.0004551712436137505
0.6554468879610482
0.6677523562481534
0.6421948451903193
0.57713936249765
0.32383732172362106
0.33550471249630714
0.5570031416642048
0.5728244580333403
0.07113005812537848
0.4500728655141853
0.5016285343722303
0.5728244580333405
0.5771393624976501
0.04210287244179649
0.29044657217910863
0.18259445115033313
0.70466876110947
0.534853298747415
0.2182408382309496
0.13150660434722897
0.09531937952836338
0.6123777489561791
0.5803187657871414
0.4500728655141853
0.27810651256483226
-0.05507509702062976
0.5846904453101921
0.5417273879284878
0.37242111735762357
0.33550471249630714
0.5803187657871414
0.6502656381559512
0.08041875754412463
0.2847701447565415
0.5728244580333405
0.693309867305988
0.5016285343722305
0.14853588661493036
0.4500728655141853
0.25576527799586396
0.5016285343722304
0.04017347360577703
0.05392876290547807
0.013075686758214562
0.7250364327570927
0.14853588661493036
0.6570346903206747
0.020816269607169802
0.011202965101209291
0.5955246076064479
0.6456025133313638
0.04210287244179648
0.2701736170985117
0.13150660434722888
0.418566623434269
0.3140693806413494
0.5253605089259338
0.1291844294925424
0.8338761781240769
-0.012948686613272508
0.5167306999973144
0.24883141412626023
0.3355047124963071
0.614164026610759
0.5910798230746506
0.33585799155964563
0.620288407140747
0.20935475185672092
0.3614019149611978
0.13333117030448266
0.5728244580333403
0.5570031416642047
0.47996020977971865
0.7046687611094699
0.06666433725098123
0.5747230159976369
0.38296866160371373
0.6999053540305904
-0.04067836080397399
0.7688712043465415
0.4937178761876626
0.711089005433177
0.4684037699970457
0.4918565448501174
0.4585593953673613
0.5103718934183314
0.5570031416642048
0.8338761781240768
0.24314301032438246
0.534853298747415
0.14853588661493036
0.4778965598185271
0.42526172346507796
0.6677523562481538
0.3643958119529894
