0.37777141241031015
0.19830029548369127
0.27939181876689445
-0.0006453574383267673
0.1920872029362206
0.683325036656046
0.18758796537023728
0.3202940712828794
0.28568543376247796
0.5151917971369456
0.18252552796438687
0.3091512471138582
0.3228635258971629
0.323792168215437
0.16914303528078628
0.2173231655535714
0.49269492081145333
0.581408170720693
0.37193553636483895
0.08903090112211236
0.5557626193687599
-0.00012458289128978542
0.2291140050535025
0.3563216830505146
0.26520590947271494
0.21029960116320923
0.4429023860642896
0.013840282575766616
0.4741235521931491
0.48273427807994435
0.045595080085355115
-0.019851050785705548
0.17196138076156772
0.2664440588099494
0.2055474888175949
0.2513554105525374
0.2288417180520448
0.220880286772574
0.3312605565267755
0.12989928291650474
0.20521350681550973
0.08819486666892698
0.09869351989002098
0.3832290706438285
0.39809517798798244
0.026450801524329253
0.44479032573897387
0.07480779475395884
0.4037522232333981
-0.09987721075172651
0.3030402071826075
0.47073042629864714
0.3455153737408359
0.3185800126920331
0.4534046704179111
0.11361912521974622
0.23763488193148982
0.16377963745758684
0.3285794194364223
0.1576198101500367
0.056992764383917746
0.30353344776249497
0.14353503482097996
-0.007965063407791288
0.439927155491452
0.47033177518673686
0.35248482714405677
0.29122634159618327
0.1479970063368194
0.37674519593586653
0.284950098808594
0.5197772036646643
0.17385629931159646
0.15260045244906215
-0.07489029875327273
-0.059446983041698834
0.21549464879044483
0.2273565375015844
0.36304816942445983
0.3851502362896985
0.11138048317973313
0.19437878529696911
0.04075107099067946
0.16413699794725645
0.3977182675916733
0.19770117934440096
0.21948541570573804
0.17284800517917334
0.45329947966801104
0.4114867613495329
0.17559944342949427
0.3886648821685017
0.4077482847889983
0.3589947241363173
0.2841077472980909
0.2368054908312224
0.2750582589229197
0.15681469993039931
0.14354799353101133
0.10360270785411146
0.37216393718235025
0.28286617552071647
0.1264732345160253
0.33626077250395464
0.38903032241277413
0.6230436233829026
0.11139940334944727
0.674668232567175
0.11485261974289074
0.2848398656293847
0.24241426827261287
0.3446435285914595
0.21210621770448454
0.11147538580012854
0.17355556834296462
0.502648147123751
0.1332524082051012
0.07916804052095755
0.16919811978448732
0.14018200178103507
0.07513731084537664
-0.007851373878763092
0.0544854981052842
0.3408277101020706
0.03754096779527661
0.09690273799442262
0.138802552161026
0.2591983723501793
0.4685412046829739
0.10048501531155532
0.21547372036648635
0.2809630245970011
0.06368533601327794
0.23274655374563283
0.3089678492346175
0.41368411284336193
0.18459450679852654
0.17718112791587323
0.3494342611988169
0.12830063045590798
0.38226246876477854
0.27420017719646955
0.3864404314581626
0.15221068401487747
0.29032593570294596
0.2511997356123276
0.3085033568654512
0.37156617167045275
0.24583621891678772
0.4400069343800655
0.21339571292006498
0.3850053573307482
0.24927474116506101
0.15534847981691588
-0.0786432031786149
0.08277625412228318
0.25115785016554454
0.3975583739344646
0.22534640781766455
0.3024234859266242
0.20450262336523062
0.22201241968991806
0.4504253192428763
-0.08473214218194462
0.17977176951458312
0.23486127259971834
0.0015916141268590264
0.5292418143139634
0.028126241273964226
0.13164806286263858
0.1426231035484399
0.25380905153229416
0.49338124667555994
0.432175970302636
0.3105208366684711
0.021241368906141995
0.2951686545747075
0.3579001580585609
0.4171168696655284
0.0911735349735156
0.03551292067179478
0.6231831115891807
0.39446420337640126
0.2699603956438204
0.19229433781786323
0.32908639218394925
0.2561247868687092
0.23296253917493565
0.1663974990341892
0.1635392654734455
0.4830269791374922
0.030248359493539694
0.05287424832416354
0.2585636023220303
0.38338863659770595
0.1091759404979389
0.3074785165792295
0.33392207599405344
0.22153171229876933
0.29491010509373355
0.03223891408315461
0.31595454407379925
0.2445238348018462
0.007115526918260296
0.4192933140546212
0.5897578907806528
0.17384140851513957
0.14623000765794228
0.24419959363621233
0.09217851226676338
0.13727693159737656
0.373352277001411
0.19764889106181635
0.4031015490740799
0.011145421490083263
0.23125249201269915
0.14837034100793206
0.20842471819143593
0.09153741795003273
0.21170452186600788
0.08266937334574792
0.1008662041594958
0.16758603167247957
0.1663151656015798
0.11191260932656245
0.30670501420131113
0.3028728802132675
0.27139492097476475
0.27062046786614863
0.20355793936216837
0.2849195736774332
0.35189253374381513
-0.016590682826007952
-0.03379000368506677
0.3293345316440559
0.2241638908579004
0.3004774492326456
0.20816580896755038
0.2206382782343396
0.3250535226522326
0.2875281997983947
0.022095702793071922
-0.07657763935064277
0.04755835273499338
0.07497761561687621
0.3969511584892033
0.13225648110051125
0.30420631361324
0.18413608550690327
0.3937787263346309
