0.2376511261353531
0.11799578445626736
0.5496939971845717
0.3747361367843933
0.8335967521031612
0.8125431771220452
0.7910361646562164
0.11862961313962794
0.8222303896947231
0.8005889638466976
0.7870397147154579
0.8335967521031612
0.8295572047225245
0.4136148297284688
0.1766731595168477
0.7313308201258567
0.19214275394357133
0.2376511261353531
0.8453748469522467
0.006251457098780583
0.5476079377147489
0.6551767996245578
0.5564992668971296
0.1435135162323787
0.3594960557863492
0.7784346390678413
0.5106427809158022
0.6552750747521063
0.19146269474405808
0.8295572047225245
0.1435135162323787
0.006251457098780583
0.7031543795286356
0.13071917054261065
0.08452978027635216
0.7769909261349682
0.7126669045326656
0.0380568449196993
0.12072475893679913
0.8469074154803353
0.7226485063422873
0.8470859020273285
0.13422250787752993
0.1766731595168477
0.8593099485204027
0.3594960557863492
0.6551767996245578
0.7900706235608643
0.45187980733574806
0.08452978027635216
0.33397368675657857
0.3140088536840242
0.26682316588374344
0.18586601349455448
0.7031543795286356
0.4500212828085199
0.8005889638466976
0.21652787164099507
0.7726540610481575
0.620871857626875
0.8530527716967505
0.18586601349455448
0.19214275394357133
0.16797094625575604
0.8593099485204027
0.7830432647746993
0.7830432647746993
0.6547665007388793
0.3594960557863492
0.7870397147154579
0.7024428308821188
0.9080789244343855
0.4365650239718805
0.12443415730028602
0.1766731595168477
0.3655192250072406
0.8472643885743215
0.7313308201258567
0.7726540610481575
0.7815301801147665
0.4050813828249772
0.4050813828249772
0.9253853739461142
0.11862961313962794
0.8005889638466976
0.1848070683791196
0.8005889638466976
0.5204283862082189
0.5577347877786195
0.6810200632033222
0.5189679436418975
0.8703370652381168
0.7295978282663441
0.7791408633839337
0.9640379646074515
0.6960188915648117
0.6653544012301806
0.3913552119599824
0.4071587082015344
0.11862961313962794
0.84426761517538
0.7857906870603945
0.7226485063422873
0.8335967521031612
0.5564992668971296
0.7594578358447686
0.4365650239718805
0.03178254762164514
0.3194782220397589
0.15341821109573517
0.14985316826074357
0.5476079377147489
0.0784076243854035
0.5365237812702887
0.26682316588374344
0.8453748469522467
0.7202356055772566
0.19214275394357133
0.3655192250072406
0.5365237812702887
0.3050573332680724
0.48520101265424703
0.2969787508962424
0.3747361367843933
0.3140088536840242
0.591811816076213
0.14985316826074357
0.7857906870603945
0.7313308201258567
0.13422250787752993
0.7447462549867265
0.850219722666211
0.18586601349455448
0.3913552119599824
0.7900706235608643
0.6931999685566377
0.4365650239718805
0.44710953664987196
0.620871857626875
0.08452978027635216
0.6653544012301806
0.1435135162323787
0.6182357182474885
0.11147296168899375
0.577669963184788
0.8746293750468451
0.3140088536840242
0.8963151448058251
0.7510718267070723
0.8295572047225245
0.33397368675657857
0.931499346936378
0.6515798268440015
0.043399032348169664
0.1360295582706395
0.4928159902433366
0.7731313878001228
0.5496939971845717
0.6992010165588433
0.5031903438908771
0.29598222662540413
0.3747361367843933
0.8222303896947231
0.025747271047980552
0.9960439894388424
0.5106427809158022
0.1848070683791196
0.7457801944029969
0.47536311564211886
0.006251457098780583
0.13422250787752993
0.8275008601756926
0.5496939971845717
0.7870397147154579
0.931499346936378
0.15379920903201774
0.6547665007388793
0.5476079377147489
0.8593099485204027
0.12949486421285994
0.13071917054261065
0.6811572001205631
0.7295978282663441
0.591811816076213
0.6565433585369638
0.17001022220021478
0.3594960557863492
0.2376511261353531
0.26682316588374344
0.5594885742471615
0.6931999685566377
0.5564992668971296
0.04961469366808868
0.043399032348169664
0.8469074154803353
0.4928159902433366
0.6584406111528334
0.6811572001205631
0.4071587082015344
0.6000449100518634
0.42306093007825374
0.6000449100518634
0.6520790369388884
0.17001022220021478
0.9060613144607751
0.5182227313496709
0.2819402277256535
0.13920292880338508
0.2779502853995872
0.9180009145648049
0.7784346390678413
0.12814678059193685
0.160956132944249
0.6551767996245578
0.2215149161871019
0.849693187380041
0.5189679436418975
0.8600254800755355
0.11799578445626736
0.8724774579560021
0.025747271047980552
0.3919535950448199
0.2215149161871019
0.1435135162323787
0.4853760763933835
0.9080789244343855
0.71202973674589
0.7126669045326656
0.8568752707970129
0.41110145643066515
0.7457801944029969
0.8453748469522467
0.08315686522508287
0.2819402277256535
0.5182227313496709
0.08315686522508287
0.8703370652381168
0.7326850939414126
0.6122246510175476
0.8125431771220452
0.7726540610481575
0.232895447050688
0.5204283862082189
0.9558503355755559
0.5892232542705619
0.7024428308821188
0.5485828539207983
0.8470859020273285
0.8566177687751614
0.8125431771220452
