0.3489859748604221
0.21496194240825828
0.10432440708084673
0.06777936744772685
0.2382669126005233
0.611253209773847
0.18037068366131734
0.18232922578735253
0.19668772183144684
0.48166554436457043
0.2588256574164645
0.38079749899604
0.16304454428527
0.24909919581908263
0.3265440610865453
0.3351956038953905
0.5701407384754076
-0.11520113270291538
0.29927902531444134
0.2328248326646565
0.2508939723249539
0.5057473381049266
0.11286425675799538
0.4428316980893688
0.2536336368844255
0.1251017677766841
0.3821489392203414
0.2973208532680502
0.06540818786250806
-0.03381323516106242
0.35103100713757535
0.06654512598931069
0.31220764652713795
0.42270485526514673
0.17432176369951247
0.2735282998665339
0.38389353701598744
-0.06762992573462487
0.27334022415887294
0.23449880243920232
0.17995028960080653
0.19156513001862024
0.19032419483927301
0.3945363523193273
0.40297064889966916
-0.0721753804737428
0.5165217467347696
0.05028660318871144
0.37446554217794187
-0.02239681598638508
0.011422157269635087
0.46796901232171456
0.2571848694627326
0.18804973005662465
0.41255221930160924
0.09406691092771573
0.2412301020364238
0.10884465253577291
0.30715989615758177
0.18658412153341505
0.03694887446217238
0.1565444807176538
0.18263016562688048
0.024416886758218917
0.5353628606843368
0.48323343639225774
0.387442154041459
0.21876905570841895
0.1478442420392588
0.3736200688920077
0.4190628276560133
0.5311582009233394
0.21318850901332567
0.15125246399209855
0.00210017285423623
-0.09647545376503977
0.2640301566453881
0.2638390103371405
0.42576409126057385
0.3236368282041091
0.05875047405931449
0.251198566516745
0.22032242963709409
0.18229910990485543
0.4930087599906132
0.3173292235901822
0.3508067448770538
0.22032739913591945
0.44864488128248464
0.3755332102453413
0.19776113544991628
0.45765509238582375
0.2978463755529153
0.4194408169301162
0.15199301006097488
0.29004143135330224
0.26698835211038163
0.16002319344176544
0.13419433427264293
0.07751060397305529
0.300292691227419
0.1610403033325815
0.1861548488106184
0.262917742470788
0.4359950800600179
0.535920795681426
0.1503602650034143
0.6410425959822359
0.18626508301482705
0.2612641047952711
0.2421105044602888
0.3213682693478336
0.19159597399889897
0.1409626834837128
0.07589724895802209
0.6084335300558114
0.1986783964228277
0.20687162622333616
0.19259413823264063
0.0403704165620701
0.13231829581653373
0.03420171521897518
0.023669045249746536
0.2709690218974447
0.017905046566639417
0.1740092107059984
0.11547942755197432
0.32256533818873584
0.48531044584648525
0.07198151240247051
0.16171986133670352
0.3003666841655041
0.1433107910894925
0.27819121616262665
0.43918219725252267
0.42338732744097773
0.17010336871686033
0.2055791870943492
0.36915314147794903
0.15213914391157193
0.3258511572165259
0.25361285168470377
0.3351101955454448
0.06019692426274965
0.38925273009493233
0.2775684474467497
0.33477577153373744
0.4201395392644085
0.29211784387041156
0.36832113908247677
0.3357620554777848
0.2248614950077523
0.23959342039846537
0.26079900010831925
-0.035752217216224784
0.08055764013297681
0.26428408430176237
0.38943616177375395
0.2812597448643247
0.10672229410799805
0.17036295517976316
0.18601960574061802
0.46325326023698815
-0.08545292206512135
0.26229800406830217
0.35726025835482617
-0.047334474297903335
0.5060140850041175
0.018176015005582524
0.11162615988592865
0.18774922875282363
0.2614645562358694
0.5654105867993681
0.36062073436248654
0.30876837086738224
0.17301919037303906
0.28396672085611907
0.4054602482539682
0.4346615161670187
0.10811004886612918
-0.027009470153127196
0.6616961088026725
0.36130843373081006
0.28515731198684763
0.27824716118440707
0.23253410043760953
0.2747582198853461
0.22588642113491872
0.13207229356806868
0.17338981504485323
0.5354452260808901
0.02797546582067381
0.2332747231362068
0.306207719361624
0.44394556002859553
0.08307618671184286
0.22781641646005507
0.3851681679394333
0.20729554616562818
0.3569064933203099
0.014286282307134832
0.4123394015394614
0.23209993549569308
0.09560700281451326
0.36302540891864016
0.4969631530189387
0.14178529342631657
0.24603149901671678
0.165955144219336
0.1880763173688172
0.17950083857216306
0.35377533253645777
0.15873166495464447
0.49830403145711855
-0.029583268186884785
0.3024213072410613
0.161739211660547
0.23508661742913295
0.06184712414984594
0.3128918350157312
0.09635705049729851
0.17312033517228242
0.19540479234885272
0.12021178668603578
0.1090513583369628
0.34110621882646225
0.3959155425031527
0.2659714446523285
0.41808563078631217
0.14838151396748459
0.24601965234170403
0.27336920239565454
-0.03517252586503466
-0.05244720770170437
0.35353669521126585
0.2793947631415118
0.3978289206877488
0.24410275929975978
0.23037947152376892
0.23363673345594074
0.2807851210098945
0.01578809748416026
0.0452935872074024
-0.05270084061899656
0.010868794556485439
0.34479065432760647
0.12030134243912302
0.2402126170348839
0.2663174656491309
0.36653958753388455
