0.25320960515755975
0.448178631281848
0.41005268055849564
0.04272915320650217
0.9702567501063238
0.7520601529090888
0.8432881247458108
0.178329452871962
0.44918270007437344
0.8728315780103942
0.3926257691416609
0.14997983622922106
0.8988343700391158
0.16264122909628442
0.29056015802856217
0.3778227322226898
0.41813226251432867
0.3335961794167547
0.37743474549489175
0.6536116646934738
0.8244940992161299
0.48481834915641575
0.03239131172047549
0.41238120100800557
0.9366460658496079
0.44089660726818225
0.8165372490732328
0.016701873191401484
0.571619155857247
0.8438192294596634
0.9638827603176147
0.437793981975263
0.6143162281367184
0.17822631622319451
0.8323309825977375
0.5655603732291681
0.011197931785188686
0.003735680669211372
0.43505394733242697
0.6979311308684889
0.48214045771104397
0.2711472436822292
0.373430870852542
0.8153660351915717
0.19370050954584062
0.38669980369658774
0.37850300414479177
0.31090477697957986
0.45187980733574806
0.25063709083351315
0.34915330343147966
0.7942433778423058
0.34673232240455454
0.4022365196337271
0.5858018219504515
0.47816303207472477
0.15673079313665772
0.21652787164099507
0.848173347470587
0.57421077946012
0.7881934766116466
0.21953554446668333
0.2084343145263241
0.16389239436683856
0.8773857388090122
0.8819243630714249
0.8731962979815397
0.6318796771198766
0.41001235132000446
0.7922103701442096
0.7607642806765921
0.8668558574543765
0.6860886938780733
0.7739625368418013
0.20349315077295183
0.42031640457637853
0.9168003082407011
0.7186209247753993
0.746255810667559
0.004844223818112003
0.31236853504741124
0.4289678567219888
0.9767029294410015
0.11965055917720846
0.8877223692077146
0.27058962260657404
0.7481251559966449
0.5205742196014372
0.5577347877786195
0.6217965290970586
0.08915143573298046
0.8650159515297821
0.7352788272098416
0.3462536003324679
0.9751361868341074
0.6960188915648117
0.5933104823559153
0.37385032770773596
0.4081338103001547
0.06875548667486642
0.84426761517538
0.7657785929500047
0.7554457033186291
0.8638945257250681
0.5345417624512793
0.12180339823717867
0.550683439630821
0.0027967847869329043
0.34524567212656965
0.09940960872278737
0.21181014533505005
0.9369239813715594
0.23445841302128312
0.21013561452854068
0.7641222459413891
0.9884966260118301
0.7166997247228449
0.3489830198793288
0.39657358486690386
0.5083359710789356
0.3050573332680724
0.4932769917376567
0.2633961342018041
0.40428987675480765
0.3421589791518481
0.5219042832707793
0.10596628451898371
0.7592624856334413
0.5650154169216555
0.15232300707492896
0.7365704397830872
0.7594608256672051
0.5383450302762322
0.4045833368278313
0.2321712960450414
0.6660782873886197
0.44810685530524075
0.44710953664987196
0.572129064791755
0.015641349456969156
0.6536206957446504
0.028798542009728312
0.6456185396188978
0.10112136640538438
0.5132307921056672
0.8924369020302286
0.3451587199372851
0.9863086417495689
0.7246024639855565
0.8416399198677957
0.15651135805852423
0.9542801928890062
0.6203034021555807
0.005849914791822175
0.13038460043608524
0.3963716090088335
0.7620993314092247
0.5578198969956505
0.6992010165588433
0.5031903438908771
0.20090843283324455
0.39970255449463366
0.7610199594406405
0.01849917895531883
0.9960439894388424
0.5201444088621724
0.16948051647830142
0.823605997279405
0.9143786494625544
0.004481836395910821
0.14895076003795005
0.8443994378806186
0.5497931436015105
0.9509614088232451
0.9628527183890779
0.1325452556823291
0.6860609682005457
0.6874067260876823
0.8996970599749371
0.12949486421285994
0.17311360111671903
0.6194486117619442
0.7571509183691042
0.6084816201962229
0.5869259057038834
0.17979601729285488
0.27052143953298524
0.22209264711314647
0.3488283141413102
0.6647267182304686
0.7184455455866866
0.58270276322584
0.0565002341296752
0.08094814990451715
0.6423266953534004
0.35340387912653204
0.014875010563278113
0.6054528208110046
0.5736832092040477
0.4901729494226953
0.42306093007825374
0.7211432219761268
0.6534096284902424
0.16022442710757467
0.9060613144607751
0.5879747906596284
0.32271445148234923
0.07228546849445483
0.29821480553514734
0.6561527349782083
0.749129912986242
0.12206254017423923
0.16924407913865236
0.5911977953431151
0.15082408030203642
0.8999841978732279
0.5176533344687944
0.8600254800755355
0.20114339380660162
0.8572325467042895
0.04024353679711057
0.5201956855929757
0.2264341869040084
0.13792887573704238
0.4435754652647981
0.9954466000698309
0.19749325873902768
0.24982953130910823
0.9779944547754832
0.41215023230283465
0.669830495664558
0.7675565513353576
0.15710775803474164
0.3847273240914354
0.41643172115723803
0.08434175983885661
0.9193394617632081
0.7189000448772247
0.6122246510175476
0.877166731228195
0.6911714127204384
0.232895447050688
0.5590778175925796
0.9337062163756286
0.5892232542705619
0.6531451785169099
0.22409821569129074
0.7777284689079419
0.841691550219283
0.271483924523908
