0.2539172420580714
0.29139464333048476
0.7282778848971287
0.23575628315924255
0.7280427381622796
0.7280344397611588
0.24011723219555892
0.7280325879439796
0.2333407939405836
0.7292450286291482
0.727701203172027
0.2630255001324578
0.7280325879439796
0.23954236271746226
0.23496465543518227
0.23575628315924255
0.2597620122695013
0.7273474635360839
0.7282778848971287
0.727992980103073
0.24029928643816012
0.29139464333048476
0.7281993654347456
0.728541292598606
0.7283009656542389
0.7255774595425445
0.728885159642739
0.22475677242848197
0.7282778848971287
0.2327442006422579
0.727755312606536
0.25774533002755673
0.7284465217755254
0.2361604755880732
0.24498338618409765
0.7281566251639325
0.2539172420580714
0.7282285035650506
0.2333120919612485
0.23496465543518227
0.23575628315924255
0.24879737150404646
0.2360565382476272
0.7284009472728851
0.7275513154876672
0.7279551920199686
0.7282228040188734
0.727992980103073
0.7282899804918551
0.24498338618409765
0.2398344561960842
0.2641421240118628
0.24879737150404646
0.7255774595425445
0.728367908572039
0.7275513154876672
0.7291028521903519
0.2333120919612485
0.2327442006422579
0.7271706605341154
0.7280753766381962
0.2427506123057292
0.7281106732804618
0.23112903024129483
0.7279484188404651
0.7288694014007767
0.7288694014007767
0.24029928643816012
0.2296310108922703
0.729580572539683
0.234288882756527
0.7280894466861172
0.7222402232353886
0.7279719708870734
0.2386983059310911
0.2302522209229086
0.23112903024129483
0.2698232763329488
0.7284465217755254
0.727755312606536
0.23902490673995153
0.2630255001324578
0.7283500588489833
0.27236272880518275
0.7299835042888687
0.7287270829078111
0.7283063644857823
0.5204283862082189
0.7265788843162637
0.6650807404786575
0.26078262695431587
0.7288705606988239
0.7278795898807572
0.7246351280539773
0.7273474635360839
0.7222402232353886
0.7287796709620401
0.2597620122695013
0.25422102494338117
0.2333411825692706
0.727992980103073
0.7283063644857823
0.2597620122695013
0.7274870602219143
0.7281979881376032
0.7279864503454913
0.26078262695431587
0.7277439957994664
0.7284021593807231
0.22475677242848197
0.23350438229058876
0.7280753766381962
0.21454888942178166
0.7255774595425445
0.2641421240118628
0.7283009656542389
0.27236272880518275
0.23575628315924255
0.24498338618409765
0.7278760189982525
0.2451054548168864
0.7279484188404651
0.7285776287358647
0.7278362879117184
0.2993363877779549
0.7275360206997735
0.21958441203258752
0.727628042639323
0.7292670197377906
0.22241783709080631
0.72748149168808
0.7288694014007767
0.2427506123057292
0.2698232763329488
0.7280125538304373
0.7279551920199686
0.727963091184371
0.21925457476498394
0.7278735174065297
0.22241783709080631
0.7299835042888687
0.2333120919612485
0.7275794592755299
0.22458583959613126
0.7283084400948471
0.2307425426537981
0.23108481490203744
0.7282610715419907
0.6650807404786575
0.7280344397611588
0.23954236271746226
0.7280344397611588
0.7281566251639325
0.2451054548168864
0.2333407939405836
0.7276081869897193
0.7283004925915919
0.7282899804918551
0.727701203172027
0.3263651699665223
0.2420912388670334
0.7275008759434909
0.7278735174065297
0.21958441203258752
0.7269819035720525
0.7366944484844754
0.7276143180828712
0.7268718536649379
0.2371240480367798
0.23298017703478666
0.22647668149234534
0.7257881601088837
0.7265019801182402
0.7366944484844754
0.728541292598606
0.1959128073623512
0.7275839795743613
0.7281302716858825
0.7283343666278594
0.21925457476498394
0.24029928643816012
0.729257329504135
0.7280125538304373
0.7282285035650506
0.727581159368715
0.1959128073623512
0.7280427381622796
0.24203847637449696
0.2505155131066618
0.7272712342840326
0.7216701464155804
0.7281993654347456
0.23298017703478666
0.7275794592755299
0.7280325879439796
0.7282860534539206
0.7271812108136446
0.2333407939405836
0.25422102494338117
0.7280427381622796
0.2360565382476272
0.7285776287358647
0.2630255001324578
0.2327442006422579
0.7284492682199786
0.729580572539683
0.22458583959613126
0.23575628315924255
0.22475677242848197
0.7282610715419907
0.7280486382685991
0.728234203111228
0.2360565382476272
0.729462156609979
0.2333411825692706
0.727755312606536
0.7290551843321453
0.7292907125903257
0.7275839795743613
0.7278247620879535
0.29139464333048476
0.7284021593807231
0.23819726472765987
0.22647668149234534
0.25774533002755673
0.7216701464155804
0.7229779930569162
0.7282285035650506
0.7256667121004037
0.23954236271746226
0.7276124961647137
0.7283009656542389
0.7281428773262698
0.2420912388670334
0.7279745967828294
0.7277888346889738
0.727701203172027
0.7279551920199686
0.7279400799874539
0.2361604755880732
0.7279555350082655
0.7283004925915919
0.5204283862082189
0.29139464333048476
0.7265327772764159
0.7275513154876672
0.7288132992692368
0.24879737150404646
0.727628042639323
0.7280051752001002
