0.4526302128238836
0.0021904921268715294
0.41856662343426887
0.16321630236294873
0.4527685867616648
0.7688712043465415
-0.07553361690745639
0.14853588661493036
0.14853588661493025
0.43773475672764456
0.620288407140747
0.6999053540305904
0.5077812685157831
0.39591337499664286
0.00045517124361389537
0.5771393624976501
0.8101442035703734
0.6123777489561792
0.17894531923582566
0.47645825833042377
0.6533068065198124
0.6123777489561792
0.16321630236294868
0.4684037699970457
0.6062250148126265
0.10123232476020418
0.5167306999973144
0.5103718934183317
0.7046687611094699
0.6554468879610482
0.6677523562481537
0.5570031416642051
0.6375480249979858
0.01754140763261195
-0.029996911352906813
0.16704597603634494
0.1157872668693506
0.620288407140747
0.4462539270802559
0.20175239370149722
0.587554649135639
0.47789655981852724
0.5417273879284877
0.5700324610270224
0.5570031416642048
0.10596268094567689
0.6979566874983214
0.7923452226550961
0.07113005812537859
0.7046687611094699
0.6308359513868373
0.5712933629008433
0.1911090922841837
0.28804076338890056
0.6421948451903193
0.28013010520433274
0.3614019149611978
-0.003511276489546538
0.16704597603634494
0.5570031416642047
0.620288407140747
0.46840376999704575
0.5063749292829711
0.5215633929973411
-0.07284478286518774
0.04210287244179666
0.4959001267213365
0.4684037699970458
0.6013028274977844
0.5570031416642047
0.24057681428149383
0.7583653499986571
0.5431594898412113
0.24529317222687003
0.6123777489561792
0.7202125105247609
0.14853588661493022
0.5016285343722304
0.6333819103427902
0.534853298747415
0.05392876290547818
0.4304326107111204
0.5570031416642048
0.10596268094567689
0.7785015708321024
0.44042502104952175
0.8101442035703735
0.7785015708321024
0.017541407632611847
0.7046687611094699
-0.044978684608949285
0.7785015708321025
0.5747230159976366
0.5417273879284877
0.3998107080611809
0.46840376999704586
0.8006514137488923
0.4526302128238836
0.2225762443005886
0.5846904453101921
0.5803187657871414
0.6333819103427901
0.47996020977971865
0.6202884071407471
0.1191750551188935
0.33550471249630714
0.43043261071112066
0.6533068065198124
0.18259445115033301
0.37980439832988677
0.43773475672764456
0.20935475185672106
0.14853588661493022
0.14853588661493036
0.04210287244179649
0.9050721017851868
0.11917505511889337
0.6013028274977844
0.05392876290547818
0.4500728655141854
0.2072575496070041
0.5016285343722305
0.21468738749563573
0.41856662343426876
0.33363678082907594
0.5215633929973414
0.2762555036226907
0.44042502104952197
0.6533068065198124
0.22257624430058856
0.5570031416642048
0.40933752221893965
0.26464462934925786
-0.011113634644770184
0.5771393624976501
0.5570031416642047
0.70466876110947
0.17357894877331467
0.6999053540305904
0.1485358866149303
0.7046687611094699
0.2452931722268701
0.46009757890324954
0.00662520105075192
0.534853298747415
0.6123777489561792
0.3033475435940339
0.6123777489561792
0.39087931978828144
0.6810422619982274
0.14853588661493022
0.6278826389979321
0.3066136130396248
0.14853588661493028
0.05598543950785744
0.5077812685157832
0.6677523562481534
0.693309867305988
0.3959133749966428
0.45276858676166465
0.5910798230746507
0.645602513331364
0.7152163053555602
0.013075686758214567
0.6792091715499414
0.6677523562481537
0.6677523562481537
0.6979566874983214
0.16982248944955702
0.10123232476020426
0.23368229795343734
0.7046687611094699
0.7342018849985228
0.7654722514692848
0.029330910741020445
-0.011113634644770188
0.7785015708321025
0.6502656381559512
0.6792091715499414
0.3336367808290759
0.6533068065198124
0.5846904453101921
0.6333819103427902
0.44625392708025596
0.43773475672764456
0.5103718934183314
0.7901593828935706
0.18259445115033315
0.38694583836274965
0.08771702137313951
0.6421948451903193
0.6677523562481537
0.14853588661493033
0.49590012672133665
0.41524414699675033
0.12192763307164695
0.2616719027736745
0.14853588661493033
-0.04497868460894909
0.6792091715499414
-0.09473957435223238
0.8285173451603375
-0.149476553069844
0.4426813717710963
0.711089005433177
0.8228012566656819
0.16982248944955708
0.2701736170985117
0.13150660434722883
0.6677523562481537
0.31406938064134937
0.5253605089259338
0.18723880085970626
0.7508142671861152
0.7250364327570926
0.5771393624976501
0.47996020977971865
0.40933752221893965
0.614164026610759
0.3866197346119758
0.029330910741020438
0.620288407140747
0.620288407140747
0.48912153196895825
0.7626802544629669
0.6677523562481537
0.6123777489561791
0.36439581195298937
0.6554468879610482
-0.031581521985757456
0.46840376999704586
0.5253605089259337
0.7427760177405061
-0.08798192265870008
0.8844356021732709
0.6835736726172892
0.711089005433177
0.800651413748892
0.6091204191154749
0.6554468879610482
0.5103718934183314
0.7046687611094699
0.8338761781240768
0.29044657217910863
0.6013028274977843
0.08771702137313968
0.5253605089259338
0.2975421064573175
0.6677523562481538
0.5377424086930833
