0.2863425479000408
0.5428518733915245
0.43455222765690066
0.5715456579960055
0.2887881673612036
0.6879400875958539
0.17740266574776561
0.4378127238906207
0.2409256876033992
0.36846610215988246
0.368637490921664
0.4897528386634179
0.3507787227661209
0.2381671071613386
0.5205595632134054
0.4164702420885941
0.03660983549132372
0.5811095471463221
0.5438446443729456
0.4801576713831796
0.5336717664924474
0.561820706670618
0.21214710828466457
0.5195900130366431
0.17826380472803066
0.5608095085548448
0.5873106252721616
0.5099164507121877
0.6524648851448266
0.6013512636828948
0.3692821603371791
0.22678059527180583
0.15317330113785355
0.409384799339004
0.14325393730890637
0.5064056431847057
0.18758360989515063
0.6003850731500832
0.3847955812868143
0.39683781735198337
0.27117857434601694
0.4117664963474099
0.3942373224822532
0.1322616885861895
0.5519664195677046
0.43363806928154036
0.5823477515774029
0.4578356942721059
-0.003483337540574111
-0.054723554753143756
0.13738374419306343
0.4945161300088989
0.1711243366562663
0.2475220855373168
0.45022102858118873
0.27449674900432336
0.30630774902496266
0.2554624786253413
0.17238204907772617
0.049499700737920774
0.5806621479830991
0.22898316484421127
0.18877798389871775
0.670357190168604
0.5721999128579621
0.5201841119989549
0.6052325530538897
0.20689679930517924
0.12648807117511307
0.5408487635545037
0.26921685526279276
0.7109759254159093
0.22464907581344967
0.003951806834456728
0.09586628052754086
0.025690496960045245
0.0961154070086066
0.17942318694249312
0.4896074586396794
0.518840257837087
0.12029086187685754
0.21627581141933144
0.3586114276905645
0.12986204014827013
0.6141313084393439
0.42164477487235436
0.5602927881196257
0.12793438287856518
0.6049764581360676
0.4668198925753189
0.19876313803334697
0.544066349076609
0.42050533441159116
0.535439454401332
0.33166686331206124
0.31293467788648804
0.6131345474315157
0.3571636972833631
0.16745685788337716
0.1517808878163792
0.42577113466361544
0.48028665074363297
0.1346341711064815
0.32418192991278444
0.3838631482128536
0.5303821280673634
0.1912111177133116
0.7658609571252847
0.21110562417685308
0.365126538582561
0.3128410842147829
0.5816207983525401
0.10914249631836132
0.39816549574406407
0.13810655764621999
0.870079872529729
0.1583808533285988
0.2121279601472296
0.2445447694375798
0.46475792054533127
0.18825669524775204
0.40617416954186253
0.15490624710037618
0.5494459992941199
0.1878267880401137
0.30387951974860483
0.19981720789768267
0.4301124121702784
0.5658330094737812
-0.05052946636267875
0.5044759285671818
0.3952765632009235
0.3039276814099424
0.30230915587897456
0.5285776706280131
0.5403699613757068
0.2106865641414219
0.26698270146008
0.5333096310714861
0.02339186780532922
0.6168405418371877
0.29702703487159005
0.3514197350392752
0.05296670755033605
0.45898910186350805
0.2700983353815621
0.38012297080529933
0.4945881222283767
0.3692915915169244
0.6542027946254785
0.474880768374776
0.3718984481720281
0.33533318566692133
0.2699416562822484
0.05879783453886778
0.48145484605320044
0.09663104415481268
0.44725342535051926
0.3055090806224719
0.12088336186877623
0.11093377567343057
0.4584143571175036
0.6416115146038225
-0.14654602187526747
0.44138149620748224
0.3798424064663033
0.6279703319391621
0.6524573198677285
0.16949306205058215
0.09159484680244923
0.37000682022912423
0.39712981084470145
0.8342315610981096
0.44385917257661117
0.4128763477339595
0.20023991044725367
0.40174500841366906
0.4873478126129253
0.3775487025809109
0.1486165947543228
0.18026387462181812
0.5902172233440125
0.5983177447126642
0.3779654062640063
0.15254409850132183
0.1743490838611601
0.27284744175372566
0.26001277461436556
0.251490316806811
0.31930013749721325
0.4453033597063846
0.296685874899454
0.13897667227074437
0.45489642549860654
0.5427310123441996
0.4118879627530312
0.1528815295769791
0.05676735222911557
0.1760658986562115
0.4115810959401918
-0.013765600948954673
0.4965658468059148
0.12436664878840815
0.13282705523135147
0.5427775379332038
0.5273321213391508
0.14639139924458502
0.2868063251018966
0.21931636371363236
0.39761792580038696
0.2606802161753403
0.3940708420815237
0.13345726859386353
0.6169517874148691
-0.013675566351950066
0.5025351708795524
0.09007366805379506
0.4236042905503585
0.08656114630226194
0.5740719821419605
0.05487046065448857
0.038218405314008094
0.19424115322517496
0.25511477593349197
0.08845294097059231
0.6053305637957374
0.46936709433758295
0.4613575733702639
0.5883669107915943
0.04650716678207621
0.3700619634629192
0.5412435521989429
0.5181644671832724
-0.026391144411814296
0.4638574836620878
0.13752665782086212
0.4767350775048235
0.25582565706067134
0.2917939865565071
0.46937729764696445
0.45767436640479614
0.1421894949440893
0.08811501880641756
0.3835925796907056
0.3261786237562065
0.39340610142264315
0.3068502917113771
0.32571190759618196
0.39038668519882025
0.4686937146191859
