0.33114156763323976
0.1979451939181955
0.2019305812452051
0.11937185925234431
0.3024849437696491
0.7112675048837612
0.5106744596049645
0.20953109401510492
0.35603913979019614
0.6424158389923267
0.08184770008975592
0.614401895679278
0.43786744645751924
0.3615444712371128
0.647753287902873
0.4566576301113417
0.6837690985038394
0.667957541747001
0.6679575151439969
0.5400732428414805
0.6535208932307257
0.5572766054595751
0.5420105754936038
0.23385349176478232
0.5854415728585328
0.5572768177233991
0.6337519586653326
0.6504814145813551
0.8208854294472672
0.45889369757315834
0.52091529353023
0.20193076327888584
0.45665788138914193
0.6424157494732806
0.6572464377086327
0.5957742605926015
0.48916515852651893
0.5509598395708885
0.36154415161975945
0.5019363647846902
0.16340322719726014
0.38335003455344235
0.11497398135331606
0.666889820726614
0.6458212387501004
0.6458214791339202
0.6377718791976055
0.7053174698723976
0.07133770363233373
0.7048511119969575
0.45194970665795453
0.5287140348291757
0.44980819663098615
0.4782191988753625
0.5913325073148912
0.14872609921382954
0.2976985488808429
0.08792064666239027
0.16723186560329129
0.5572766467479088
0.13352482075407116
0.5165526294033933
0.4307845941108095
0.13170064389608557
0.17767557342001644
0.6126171636082549
0.5374358856877192
0.4643101958772094
0.5971272699908095
0.44659608153059455
0.43078462632941966
0.7182668220127084
0.543441728710836
0.07133715904027356
0.7232980087740092
0.059118245645417636
0.29060505431610767
0.1580416556659874
0.6794072753278655
0.23385348103813045
0.05414015021535531
0.4307844790031928
0.49403077581680627
0.2721658690734632
0.5572769464110983
0.54371623855589
0.6837690483831127
0.17299976835565237
0.6424157830048908
0.5499070381444046
0.038105870069943946
0.8103233426492803
0.6281122256865697
0.568232820866655
0.377588469983299
0.39569096551222527
0.6015490767572447
0.5743627430801117
0.1061665542361249
0.21898720083340845
0.720385459106449
0.5374362035220345
0.11171400965398742
0.4782192200801714
0.5420106305682079
0.7585141253901969
0.5408374163210479
0.7112674023306823
0.3093519438774567
0.23385321317339744
0.23520133480319177
0.1487258495203613
0.2338533366027624
0.44659596344570934
0.16363104848057525
0.9051305752135048
0.29549723422203966
0.20948342524538696
0.24331205398017475
0.4962115831012189
0.20743435066495589
0.5849467445230901
0.3962864734816318
0.6264521057313983
0.3837581777416549
0.3093521183395008
0.2764172233711399
0.5456260482988335
0.5380280384015034
0.2464807262665853
0.6064678009143027
0.4588939398251912
0.18742042033243878
0.25513536381221774
0.5774006104782017
0.6205229282777082
0.5572765218575644
0.24887597317948926
0.5672790488998866
0.14872585392777685
0.6556597389624499
0.4195859322667992
0.5019363052128378
0.14400259486730424
0.5285077911526156
0.14872615503067907
0.24546169042363764
0.6126169152558085
0.6126168777836675
0.6054035727510357
0.3615444609194847
0.6759329816977028
0.42253502123842557
0.270336589242818
0.05619628840042254
0.7048511430452179
0.6679569602589583
0.4380820067977244
0.3359151637694782
0.24887600470683657
0.21420855607375835
0.422039927084727
0.6205226355859323
0.07133766309706603
0.3542405150205592
0.44659576837779524
0.5256537229130905
0.6119665259948462
0.10616252657614211
0.3851910152802769
0.23385349258488033
0.4097025063869863
0.7343659600615132
0.3749794095536901
0.5218591155831946
0.1848912488991762
0.6126170887806671
0.6504816877501689
0.5878093752935157
0.19096245933678183
0.0006784867141214454
0.5849469960371669
0.6336083683237415
0.4465961530024922
0.33591510914754674
0.12829333399554
0.7203853935446599
0.1317005964434135
0.23385340139027813
0.5730883498773085
0.7227470029554561
0.7094628693664822
0.0955213936140642
0.4046136692314126
0.3093516276577588
0.5019364359719999
0.11455388933100262
0.1014332031130248
0.12937575301368084
0.5420105496803725
0.08792100695770896
0.6389327790867854
-0.06409243175598292
0.1484885426576599
0.7112674510360262
0.6458212874145505
0.29132187276985044
0.4025934203856614
0.17767551781394864
0.4800495811204527
0.40018165193309047
0.5053781035865162
0.3863537671620216
0.8339786246863344
-0.012722425218365977
0.4566578147826748
0.45559784826670435
0.4097023784589155
0.548965440492259
0.4891657138840071
0.23385348114845542
0.6837687189475921
0.1487260992200418
0.29769914546969345
0.6679573941668508
0.8102613909272832
0.6679575900806599
0.5380279389118282
0.5854417334008826
0.11598486201190461
0.5218589633403198
0.5955095396830659
0.7000907004805442
-0.08773912485350864
0.5133445857699995
0.6142060474487108
0.5133441982059181
0.5067547004042828
0.4754727478176856
0.09670947513825968
0.44077079626703014
0.5257365654310482
0.1895151804184022
0.29060502546714806
0.39569098206303643
0.4940308513611215
0.31563945008477196
0.2611438095961709
0.6015492135954894
0.42253480769707763
