0.39181131286858817
0.08201524918678951
0.5431595068446502
0.6792091812653775
0.4751588492211347
0.7688712216219729
0.5803187524829202
0.4937178588488594
0.5167306866463376
0.5910797831766328
0.6202884418794167
0.5712933563610717
0.5359764200759538
0.5771393664488422
0.5377423768932365
0.4563220231923282
-0.03392072405132339
0.7231269377452807
0.6202883875558046
0.45925460264754303
0.7688712087876282
0.6123777324569389
0.4500728208962937
0.46840374006768626
0.6344201994197031
0.148535861911766
0.032427132249983844
0.26057060802462684
0.8207943382707203
0.6554468909679604
0.13333106404073702
0.09531934843516306
0.24529310853692454
0.48884978650599825
0.5712933753959175
0.5955246208394004
0.5910798299939329
0.620288445528416
0.3081853320139411
0.5016285285718955
0.5417273841731817
0.4778965649671793
0.5875546529235166
0.11449645160446296
0.6899021856523734
0.7342018598890442
0.7583653467093715
0.6262213871430584
0.18723871424966648
0.006625165416304917
0.5992958773483872
0.5712933340004109
0.2092955826248833
0.3157877334044907
0.4888497692487617
0.5016285430114845
0.29754204660541184
-0.0035112955317552048
0.42217799212675405
0.683573681626784
0.5728244624177069
0.521563365889842
0.35449029442286273
0.08041875207907843
0.13150658277700036
0.6123777695583719
0.5417274056495675
0.5127034330951533
0.6456025085692024
0.5016285344904611
0.4304326270179556
0.7180929138652881
0.5431595044367306
0.18723870204221002
-0.06433024969122454
0.05890792052045864
0.21949121566720445
0.12192759089202757
0.6792091621489815
0.1698224437938697
0.00662510500935531
0.43043259242997706
0.43043260449203524
0.10596267205351576
0.7046687527251995
0.4804918579264951
0.6835736622354466
0.16145184975437255
0.6933098813418407
0.7785015709750926
0.03787544930624442
0.865595744243492
0.7873614961936233
0.5679780441153458
0.3386264620365347
0.5348533037709559
0.4684037891355941
0.5134490280446381
0.05598543130613531
0.4423563023592686
0.6502656354638271
0.63338190982643
0.22257618845945046
0.572824444907747
0.5875546340864821
0.697956692157833
0.5823172579102057
0.7110890119378503
0.41524415471598153
0.27625546128490214
0.28414040668479773
0.20935472126233462
0.27625544739099644
0.39087930818027594
-0.021756978589639785
0.9050721177720273
0.207257501537292
0.1667223762163234
0.14853584654897514
0.450072872420161
0.20725751679515456
0.5846904642267726
0.51673067872804
0.6262214040449599
0.22257618698111017
0.36208449783593094
0.2336822589631425
0.4753984647567394
0.5377424049163413
0.13523709570623588
0.5570031371285892
0.36011561539126785
0.14853566503874702
0.14853587625125095
0.6979566854216119
0.6835736700903828
0.5570031407777928
0.09844975764892724
0.614164037998057
0.2017523632180065
0.7538906209472027
0.41945595243570466
0.5016285309104866
0.14853588103949475
0.5348533077849845
0.20175234382155882
0.18723878540588101
0.5570031315375096
0.5016285429568865
0.6051738044392873
0.2904464750470704
0.6278826585872257
0.4799601761760087
0.20935474009058963
-0.05507510984844
0.7046687650208585
0.5570031098641608
0.48884974486303767
0.4563220518447968
0.2487081009186861
0.16491018245068878
0.6077544185682725
0.7626802622320691
0.013075587177401411
0.450072844194769
0.39087932226935546
0.6202884020794784
0.6721511837690781
0.10596262333984621
0.19583940480711337
0.28477010642480155
0.5570031772147856
0.8006514177928639
0.5309445099011487
0.46840375295257386
0.0953193505109207
0.6123777289735993
0.5803187713361866
0.5875546616364005
0.19076749074444513
0.0004551242931699762
0.6677523617538244
0.6333819170504459
0.4093375173862361
0.3355047149456119
0.370478151044406
0.7202125178255899
0.08041875654728152
0.2847701066698546
0.5253605053569627
0.671474437315781
0.7092833006721537
0.042102850645664436
0.5875546385752601
0.4152441510302555
0.6262213868418529
0.26167192829811403
0.053928764775654454
0.07112988154551472
0.6333818811686412
0.14853587663329107
0.595850443590122
-0.02175695184600442
-0.012397105948593263
0.7110890099206332
0.73420189096292
0.16982246943547577
0.31578774414426064
0.1825943576363521
0.5254182019477521
0.2711987134721949
0.5050847570318965
0.21203857713676266
0.7508142799127843
-0.012948698167894977
0.4563220272566715
0.2819300924720202
0.48317032851003183
0.638721100929838
0.48884979161432474
0.2336822665287324
0.8101441894785578
0.1485358722656082
0.3614018271777153
0.6202883839184345
0.667752361653448
0.6123777456112707
0.42217800967210134
0.6344201997559724
0.06666428788226268
0.46840376712194254
0.6000126448994779
0.6570346827809067
-0.0406784332845624
0.5708411114352615
0.6202883830982385
0.5708410926709595
0.5729167799983499
0.5533347927951027
0.5570031455779928
0.5803187437566573
0.5992958894922281
0.2061202994007548
0.19583933594192857
0.4019542544342857
0.620288409309339
0.31522894410666513
0.32482180659523163
0.667752339032224
0.42217800601024286
