0.2491199847073371
0.673823190434902
0.7364538766936626
0.6829035166101649
0.12639532487313665
0.45120397032187
0.1586270310100435
0.4457594162954448
0.10499337639794709
0.6236507086846849
0.915451338160816
0.5906304878213784
0.04229779197741548
0.1586270310100435
0.8307274324676447
0.29975362670312744
0.6597432050170471
0.4050676449487143
0.915451338160816
0.02790044220102572
0.6327697950793375
0.07160511928772934
0.15600029798049353
0.4114371661155914
0.7212525677224826
0.17315129746772873
0.1328576172157327
0.1518946609747332
0.03748980164974641
0.0772890512399243
0.4455126541921909
0.4931427311959871
0.5220150511861579
0.41033694860566183
0.4374717411717969
0.7074848129668527
0.28985396054158186
0.5924750375240262
0.8717871004089436
0.26184218749023463
0.06857668501075187
0.067870122334729
0.3766021627631283
0.9438135801745352
0.15091593359668226
0.3477405848234606
0.9847337459796554
0.6134773984936253
0.5045388760954601
0.6406451330509009
0.23496394656479147
0.8205709673299945
0.6347688856900041
0.38483892978355433
0.7122512304671151
0.12855853017503172
0.42240310518860325
0.10290110642015265
0.23271575815475837
0.878227205756375
0.7353745020134135
0.673823190434902
0.5291490353422208
0.94145096839951
0.15091593359668226
0.46576154070435805
0.41607079036504435
0.7074848129668527
0.10290110642015265
0.21514996957694282
0.8307274324676447
0.5128333222800813
0.13226710661607077
0.3021477245013412
0.5308622076059888
0.8420018377426463
0.8671925186840613
0.13509438236902516
0.8541203491046803
0.8122142913953047
0.36084177140109297
0.36190958204795853
0.6051989122188487
0.33555761890757485
0.6730401996504574
0.23545908164409757
0.3477405848234606
0.6883209999026387
0.5552296698080719
0.3692635186696522
0.22052644784068198
0.6136775015115983
0.08961052845921125
0.6845271824602682
0.689830316483185
0.8541203491046803
0.2063304545970673
0.7516281109132893
0.047105782305084554
0.7352778581414612
0.6701361989830554
0.778744839289131
0.44026709363272876
0.5784197140914518
0.7202072527628243
0.1328576172157327
0.587921558816057
0.3692635186696522
0.6883209999026387
0.5819090951575517
0.28655960877995557
0.5863590496542839
0.04706940883323685
0.31656021480496976
0.36084177140109297
0.028079785021833947
0.8475078142941002
0.6011962547577522
0.12778386149079252
0.28655960877995557
0.6031433020848738
0.551656224373625
0.8475078142941002
0.873561729493326
0.4689156162904694
0.29975362670312744
0.7292838348845522
0.29828078936991
0.6791555768484914
0.16451664232283805
0.12438909355322561
0.8550177459087633
0.7988244647520573
0.562938214103788
0.7063695973955662
0.38483892978355433
0.9142036592059737
0.6134773984936253
0.5587140369334629
0.1706276083727261
0.562938214103788
0.1706276083727261
0.3798195903121373
0.46296838199948087
0.20032373973132955
0.41809946219675065
0.6677170781632268
0.830658133910416
0.2339256064317028
0.1842627624658849
0.04173028419171998
0.5809618187101675
0.13226710661607077
0.9159930738997385
0.2882791872226813
0.4769533872977956
0.5809618187101675
0.36396201652408633
0.7212525677224826
0.7555523026004992
0.5587140369334629
0.8102139010019761
0.4774391808163164
0.22052644784068198
0.1330895216328205
0.6366485891400726
0.036441868012453194
0.20303129456521998
0.7184466552498826
0.5302408328123479
0.6746061812193467
0.6031433020848738
0.8160566157747299
0.5005306861470628
0.7353745020134135
0.8288839699878892
0.6098872346904602
0.6829035166101649
0.011315830711710495
0.969566310170643
0.5126566479644787
0.12438909355322561
0.5592172411030879
0.1010525026715412
0.3183740552147356
0.9142036592059737
0.4435778372959227
0.7335207087379697
0.13492476214838486
0.929502836912654
0.12001057624630368
0.9827197082747003
0.7816764437301776
0.5523222043032864
0.5045388760954601
0.42538113197194916
0.41033694860566183
0.8362425483053539
0.1612587042897371
0.8648903537482543
0.9365449727059214
0.6012773537891158
0.04229779197741548
0.9785264664158707
0.6373869997107623
0.6993006157905194
0.738731610631384
0.16451664232283805
0.030927313714966043
0.6181737957415294
0.6864306482992794
0.0772890512399243
0.8031598624195557
0.0019421064030735735
0.39336883985902127
0.830658133910416
0.05970374658049804
0.44026709363272876
0.7352778581414612
0.7752137860845593
0.4432765330502081
0.7583813241726984
0.6791555768484914
0.07160511928772934
0.5004178446409734
0.5126566479644787
0.4362169077543868
0.6026663775488325
0.757834116001612
0.8353620867241885
0.3069009721346394
0.6181737957415294
0.1330895216328205
0.21514996957694282
0.8031598624195557
0.9536241924588096
0.28033633370011724
0.8826575751684123
0.36952680506857194
0.1010525026715412
0.8711417472440336
0.3806715223304413
0.3530354557860569
0.14341087608784728
0.4931427311959871
0.4903795203623139
0.14341087608784728
0.9590111858332079
0.3825035317656005
0.5112440758553554
