0.3829154241092908
0.722859533514839
0.834053964934224
0.7509587841470102
0.13521253128393762
0.27917827379128857
0.1590764202872215
0.5367913531411338
0.10095879563430682
0.4085197832518541
0.8371833839632492
0.6775876565324994
0.15383989194912484
0.17099090687687826
0.6822235844795462
0.36360999328317534
0.6612780837833163
0.42401623355835605
0.8499847942314788
0.02790044220102572
0.6943999350104726
0.10223016818496093
0.1367809516351086
0.4085791475847274
0.4932305150671721
0.14538721649039715
0.134046994803623
0.1797006527432185
0.12757900877962303
0.1367809516351086
0.6018466544806207
0.6456332135246927
0.42067701629679227
0.4295026300006937
0.42731593229159076
0.7448660332457104
0.15456039100555968
0.6941896687170084
0.73904123264476
0.15484805966376797
0.11096518851908435
0.067870122334729
0.3081041058175864
0.9438135801745352
0.13521253128393762
0.3477405848234606
0.8497116182192352
0.4333192850992108
0.5629401448284803
0.6785120894477571
0.40767279405073475
0.6934571266680378
0.6313320760240217
0.41028918790432367
0.6172650152826606
0.1419456328366958
0.44596076044810795
0.11911261797110706
0.17922960706336366
0.7969974545423897
0.7008564394260336
0.6906540017008773
0.44481446671080294
0.94145096839951
0.13645844411461472
0.6313320760240217
0.41607079036504435
0.6881117494107771
0.11959276041960348
0.15456039100555968
0.7284554038774531
0.4789924730339541
0.1419456328366958
0.434350281958377
0.6149289101669764
0.7004196086765722
0.8671925186840613
0.1122830510664751
0.7156281423816784
0.703583336231161
0.44481446671080294
0.4463273702668035
0.6000517445260569
0.4157656395267162
0.7842425512171851
0.17076322947372286
0.4333192850992108
0.6612780837833163
0.5621539051148148
0.42731593229159076
0.285172648637902
0.703583336231161
0.36110009711680074
0.69037064484129
0.6142019178618989
0.7284554038774531
0.2455175439935863
0.7174484735096353
0.17528511659376303
0.7479821469806391
0.6142019178618989
0.5693440357047657
0.6227253200612308
0.5517369066088567
0.7032975075984547
0.13733431175783395
0.7010118055915133
0.5043713511165772
0.6790003055254379
0.71339753498109
0.4596930186978861
0.5043713511165772
0.07550832512114336
0.3081041058175864
0.3334101203664024
0.08745235396229786
0.6957067288846044
0.7166767192632524
0.16087602494395503
0.1523135466265993
0.5207843409402177
0.4740619058608677
0.7984881081493556
0.7842425512171851
0.42687727303701184
0.5020644296173681
0.7146830469110891
0.180374508426494
0.6499564490580647
0.15396375920534267
0.11779760141533291
0.8688376605385878
0.8952668038295106
0.6644496928156953
0.6822235844795462
0.4377408319171895
0.8521552219918
0.7511051762478977
0.6559033826635653
0.18251377390204598
0.6271646310309305
0.10095879563430682
0.4145408787202555
0.4295026300006937
0.14489880344865064
0.6559033826635653
0.7067470637857497
0.830658133910416
0.14357475561546712
0.12460010861489973
0.17562095307125922
0.7006029129864463
0.13875591022310155
0.785385136065823
0.40767279405073475
0.509380555270541
0.7727404752863751
0.6205883149003067
0.7032975075984547
0.7511051762478977
0.5070074280036949
0.7969974545423897
0.41874048496214156
0.285172648637902
0.1706252666852245
0.53032460602508
0.14347585508086733
0.35421593647901656
0.7534013716764485
0.6172650152826606
0.6942928014526704
0.6729124141587124
0.8240118961964686
0.38244424893395557
0.6508000304705712
0.7500123381450736
0.69037064484129
0.6302857246219258
0.1542727223473514
0.9144359552304144
0.6535097519414288
0.12181529306597394
0.4415788746720606
0.17562095307125922
0.36110009711680074
0.6785120894477571
0.4963411656869086
0.7108713621217878
0.19252234984341354
0.7831518690421233
0.12640926614747028
0.7675541383799076
0.6928827636347532
0.434350281958377
0.5629401448284803
0.41969489878026167
0.38244424893395557
0.7444010245899233
0.15383989194912484
0.8119028917569684
0.8974151749608522
0.4963411656869086
0.09932657861763267
0.834053964934224
0.6386857867910718
0.6456332135246927
0.7722478901297526
0.16180834396101584
0.13968976297161761
0.6508000304705712
0.846185997571834
0.23680315006953961
0.7444010245899233
0.16180834396101584
0.4789924730339541
0.6881117494107771
0.1122830510664751
0.3436452220310931
0.785385136065823
0.609042031914875
0.42401623355835605
0.8545990306549053
0.6942928014526704
0.14489880344865064
0.37054943737946977
0.716554159050094
0.13968976297161761
0.7727404752863751
0.73904123264476
0.7732019796068941
0.23680315006953961
0.5621539051148148
0.11096518851908435
0.17922960706336366
0.722859533514839
0.7111669275805017
0.27917827379128857
0.925778684406644
0.35421593647901656
0.11779760141533291
0.6790003055254379
0.2692652698435637
0.5723058447868443
0.1388153183251457
0.44244575694598776
0.44244575694598776
0.10815705585103552
0.6943999350104726
0.4740619058608677
0.5070074280036949
