0.2275245951663845
0.654287738792843
0.654287738792843
0.6542877387928427
0.22752459516633544
0.22752459516633483
0.2275245951663638
0.654287738792843
0.2275245951663369
0.22752459516632362
0.6542877387928429
0.654287738792843
0.22752459516636597
0.22752459516637047
0.654287738792843
0.654287738792843
0.654287738792843
0.22752459516638243
0.6542877387928429
0.22752459516635337
0.6542877387928427
0.22752459516638307
0.22752459516633816
0.22752459516637047
0.6542877387928429
0.2275245951663556
0.22752459516635576
0.22752459516634466
0.22752459516636853
0.22752459516634327
0.654287738792843
0.654287738792843
0.2275245951663924
0.6542877387928427
0.22752459516632362
0.654287738792843
0.2275245951663571
0.6542877387928424
0.654287738792843
0.2275245951663589
0.2275245951663915
0.22752459516633816
0.22752459516628237
0.6542877387928429
0.22752459516633505
0.22752459516633805
0.654287738792843
0.654287738792843
0.654287738792843
0.6542877387928427
0.654287738792843
0.654287738792843
0.654287738792843
0.22752459516636928
0.654287738792843
0.2275245951663385
0.6542877387928429
0.2275245951663423
0.2275245951663642
0.654287738792843
0.654287738792843
0.654287738792843
0.6542877387928429
0.6542877387928429
0.2275245951663516
0.6542877387928429
0.654287738792843
0.6542877387928429
0.22752459516633805
0.22752459516640788
0.654287738792843
0.6542877387928431
0.22752459516637213
0.6542877387928429
0.654287738792843
0.654287738792843
0.654287738792843
0.22752459516637535
0.654287738792843
0.6542877387928427
0.22752459516637388
0.22752459516635148
0.654287738792843
0.22752459516633877
0.654287738792843
0.2275245951663606
0.654287738792843
0.654287738792843
0.654287738792843
0.6542877387928427
0.6542877387928427
0.654287738792843
0.22752459516635315
0.6542877387928425
0.654287738792843
0.654287738792843
0.2275245951663738
0.654287738792843
0.22752459516633483
0.654287738792843
0.654287738792843
0.6542877387928429
0.6542877387928429
0.22752459516636928
0.654287738792843
0.22752459516635476
0.654287738792843
0.654287738792843
0.654287738792843
0.6542877387928429
0.654287738792843
0.654287738792843
0.22752459516635207
0.2275245951663738
0.2275245951663355
0.22752459516633544
0.654287738792843
0.6542877387928427
0.22752459516635917
0.22752459516635476
0.6542877387928429
0.6542877387928429
0.654287738792843
0.6542877387928429
0.654287738792843
0.654287738792843
0.6542877387928429
0.22752459516630388
0.654287738792843
0.2275245951663571
0.2275245951663589
0.6542877387928429
0.654287738792843
0.654287738792843
0.6542877387928429
0.654287738792843
0.6542877387928427
0.654287738792843
0.654287738792843
0.22752459516636772
0.654287738792843
0.22752459516634924
0.6542877387928427
0.22752459516641307
0.22752459516635848
0.654287738792843
0.654287738792843
0.6542877387928429
0.2275245951663385
0.2275245951662938
0.22752459516637535
0.654287738792843
0.22752459516635848
0.654287738792843
0.22752459516637075
0.654287738792843
0.654287738792843
0.654287738792843
0.654287738792843
0.654287738792843
0.654287738792843
0.654287738792843
0.654287738792843
0.22752459516634466
0.22752459516636597
0.654287738792843
0.2275245951663638
0.22752459516636853
0.654287738792843
0.6542877387928429
0.6542877387928429
0.654287738792843
0.654287738792843
0.22752459516635973
0.654287738792843
0.6542877387928427
0.654287738792843
0.6542877387928429
0.22752459516637327
0.654287738792843
0.654287738792843
0.2275245951663336
0.6542877387928429
0.22752459516637477
0.227524595166386
0.6542877387928429
0.6542877387928427
0.654287738792843
0.22752459516635576
0.654287738792843
0.2275245951663876
0.654287738792843
0.654287738792843
0.6542877387928429
0.654287738792843
0.22752459516634024
0.22752459516637477
0.654287738792843
0.22752459516636203
0.654287738792843
0.6542877387928429
0.6542877387928429
0.22752459516633877
0.654287738792843
0.654287738792843
0.654287738792843
0.654287738792843
0.2275245951663642
0.22752459516634996
0.6542877387928427
0.654287738792843
0.2275245951663527
0.654287738792843
0.22752459516637388
0.6542877387928429
0.654287738792843
0.22752459516634255
0.22752459516637139
0.654287738792843
0.6542877387928427
0.2275245951662938
0.654287738792843
0.6542877387928427
0.22752459516638307
0.654287738792843
0.654287738792843
0.22752459516637152
0.654287738792843
0.6542877387928427
0.6542877387928429
0.22752459516633478
0.654287738792843
0.2275245951663993
0.22752459516638623
0.6542877387928429
0.6542877387928429
0.22752459516633505
0.6542877387928427
0.22752459516634177
0.22752459516634255
0.6542877387928429
0.2275245951663678
0.654287738792843
0.2275245951663355
0.22752459516630513
0.6542877387928427
0.22752459516635387
0.654287738792843
0.22752459516634538
0.654287738792843
