0.1706511226936753
0.15026250304689726
0.3890021340677693
0.8795205480940267
0.5572151632165958
0.8309796198197481
0.3732290825623553
0.5479232404397489
0.8300789634426793
0.5708664843232454
0.7515776385310446
0.7407294563393074
0.1295348726172748
0.48527813866772246
0.3411658402885678
0.5140128464181508
0.6127464720621346
0.3498594728080162
0.1154787977203009
0.2439479678282575
0.4450783227069456
0.43237730230467414
0.2181118855964952
0.7968722796495515
0.8460482215891596
0.4862910237637625
0.09622835244258504
0.6957978153914334
0.11196224673641558
0.38712411923681267
0.8075916178636116
0.10535727607995227
0.8075916178636116
0.7900667002576373
0.18092568692178532
0.28091014531653824
0.6483400905259116
0.8488347588149581
0.08219404201740184
0.8645964871033754
0.44979644457427814
0.7809308223921765
0.12137427621206248
0.7683279605348081
0.3411658402885678
0.5294779705961455
0.10910766342241107
0.6001877407214427
0.135960530463063
0.8071204395559264
0.36059875825925525
0.7809308223921765
0.8004489590544788
0.6957978153914334
0.07521560456493537
0.08477237924922426
0.48747951425830516
0.6897311456070977
0.42448238261843274
0.40072795964696467
0.5627561514165652
0.8172937682682333
0.509153071365537
0.6806313018627471
0.8069615628871509
0.2948516404217572
0.19585950040122702
0.6897311456070977
0.711336320843261
0.5268155038031572
0.7648343345952138
0.6196938648552315
0.4967523077792646
0.5480833416658271
0.7331544597190299
0.509153071365537
0.1555298233139457
0.36161923534115636
0.69871785573948
0.7487104895496909
0.7407294563393074
0.14013970619994298
0.14595224909905072
0.8795205480940267
0.18196401729549766
0.8633151717150402
0.5708664843232454
0.1474186183626512
0.2964896744854213
0.7932107415196178
0.2439479678282575
0.6999562463744817
0.5552549835486625
0.6651562497443078
0.5551484188667252
0.5182389453446684
0.4654389661787254
0.6447621610808112
0.273100351687654
0.7574213153340996
0.5942921361780706
0.7039400501757211
0.7331544597190299
0.12741824549583564
0.8500969697100238
0.1773098757681677
0.7968722796495515
0.34884151279964737
0.8289122722419172
0.8252624880416927
0.7165512004535968
0.7463512229701422
0.08219404201740184
0.09285066345969498
0.42891670486276334
0.6001877407214427
0.7932107415196178
0.10156540320936898
0.4450783227069456
0.07521560456493537
0.3136323129263737
0.2068032531346931
0.5130699817437325
0.6153819157407752
0.6830361472813715
0.1706511226936753
0.5526699890867607
0.42448238261843274
0.6999562463744817
0.3897119804360841
0.7165512004535968
0.5758462560988242
0.8004489590544788
0.8460482215891596
0.5627561514165652
0.10296047506645332
0.8908616355071914
0.42891670486276334
0.3990201355858787
0.579465631549785
0.18196401729549766
0.5572151632165958
0.5868788838639278
0.44582111379626255
0.7092893974226177
0.527810645404853
0.13492273606946303
0.5758462560988242
0.38483892978355433
0.8309796198197481
0.5130699817437325
0.34439092998169263
0.8500969697100238
0.0694386584063237
0.38712411923681267
0.15026250304689726
0.29720787954781847
0.3897119804360841
0.7515776385310446
0.09250336712060092
0.6525220096509531
0.1276122532297314
0.8150191691764018
0.21565321462604398
0.135960530463063
0.41356045420643583
0.600696071501007
0.8665832038283829
0.6525220096509531
0.10535727607995227
0.1371199124971299
0.7487104895496909
0.1084637672493311
0.6530625847285222
0.2068032531346931
0.5070721860895175
0.28091014531653824
0.8862412206481095
0.11196224673641558
0.14304432295626382
0.8633151717150402
0.12928004198720205
0.23041721633094114
0.5868788838639278
0.7039400501757211
0.35329209561760216
0.3692635186696522
0.3672754647971336
0.9361375386413786
0.44979644457427814
0.7092893974226177
0.11179216803540745
0.5140128464181508
0.5822806168542347
0.5887269522734053
0.08477237924922426
0.22253428491877383
0.7900667002576373
0.273100351687654
0.5552549835486625
0.5551484188667252
0.09250336712060092
0.5144845668929123
0.8300789634426793
0.8949200739153134
0.527810645404853
0.7560897338699906
0.23041721633094114
0.9461168022400325
0.43237730230467414
0.5249464417293235
0.6530625847285222
0.4392374074000055
0.8163810272239045
0.14595224909905072
0.1276122532297314
0.8882032847274693
0.09285066345969498
0.5070721860895175
0.735486776209376
0.4967523077792646
0.1801016648138971
0.3672754647971336
0.2964896744854213
0.1295348726172748
0.5249464417293235
0.8770772740019175
0.8321488708938138
0.6196938648552315
0.07666088553514246
0.735486776209376
0.10808746685371322
0.8665832038283829
0.8949200739153134
0.14013970619994298
0.9361375386413786
0.3732290825623553
0.17376421968320793
0.5803188496912025
0.15022509595968897
0.5480833416658271
0.8882032847274693
0.36059875825925525
0.6651562497443078
0.34884151279964737
0.10296047506645332
0.711336320843261
0.1555298233139457
0.12741824549583564
0.12928004198720205
