0.39363250584978743
0.7920431560420124
0.5334112931484969
0.7124539958787819
0.22869814870333965
0.8799236319299228
0.7053625416457907
0.4023752208777941
0.9062380322500367
0.07642337499168916
0.1914579708949998
0.10261008172293662
0.18853216776831505
0.19728523618501986
0.6677180385637693
0.7310158123993808
0.14552239797336658
0.43675842405632037
0.21429152438885596
0.47345123095072505
0.8066833496869009
0.20090566511771568
0.501100278700628
0.14814250451422345
0.6999719232366108
0.12299631039445394
0.7310158123993808
0.7673477272283793
0.6248436493862577
0.8243775490949545
0.904023827472545
0.18265397188307791
0.49686422589213997
0.14552239797336658
0.06124959729940145
0.0900832065869977
0.5451143352062868
0.47345123095072505
0.6450360094796944
0.4119544192399847
0.11280319605869528
0.6211145178686481
0.8909778650908464
0.899426854041772
0.26026254916910585
0.8847736994693933
0.9299957114269717
0.4889840839492583
0.5243323827594872
0.6123347328313786
0.8787314139834531
0.29309483416821125
0.49587197622662815
0.39363250584978743
0.3462399184445814
0.09851689306845482
0.29083064442606027
0.3316726655318799
0.4886688150607491
0.07642337499168916
0.7101224417831284
0.12183613953522765
0.18265397188307791
0.8919732851914527
0.6362332190846558
0.43159155774146435
0.5510464752656272
0.7455039965826836
0.6401789116873521
0.5145657792205143
0.1279714647080782
0.4889840839492583
0.6906328014619955
0.29083064442606027
0.31902594895370595
0.4023752208777941
0.12799032006016972
0.2659766961700092
0.7034834439040096
0.5451143352062868
0.15836447344727717
0.6775250356604665
0.33752389753943435
0.42094607487932734
0.8785200269567272
0.6272471699222788
0.20090566511771568
0.3179282767306042
0.5055850395255076
0.5542286757293853
0.5223617644126066
0.9299957114269717
0.3104030282132224
0.3316726655318799
0.6538633679326331
0.570771661279238
0.594076863725761
0.46487193527346027
0.8410661640460647
0.7960537710828017
0.7658528280088217
0.23430250054617785
0.11280319605869528
0.6506397135020683
0.4606435717457377
0.7656095851497936
0.045864971798498466
0.43675842405632037
0.48264065637584536
0.41952861159268573
0.803109163195159
0.22014663919677213
0.4588719628269565
0.22869814870333965
0.15836447344727717
0.594076863725761
0.7866357006803717
0.8237568987246948
0.14814250451422345
0.731062124659541
0.19728523618501986
0.9135737586810264
0.6076238503275524
0.48264065637584536
0.7960537710828017
0.18853216776831505
0.31370164069380496
0.10658869001108384
0.31911357119278716
0.06427673901563374
0.18957030073365752
0.4132618826523524
0.8787314139834531
0.6906328014619955
0.68398700749544
0.49508945678842897
0.045864971798498466
0.6999719232366108
0.1914579708949998
0.46487193527346027
0.6076238503275524
0.26741335308069486
0.4286171850584516
0.803109163195159
0.6689907150966155
0.49686422589213997
0.43729945781819873
0.24333715450234622
0.3864120437614995
0.5453240655866329
0.39207299870247336
0.14519589185743145
0.7101224417831284
0.6450360094796944
0.6474160590715036
0.6379874120688518
0.8410661640460647
0.9017053044462053
0.9141237602971823
0.8886240982615937
0.888246500766293
0.3747651473953072
0.42094607487932734
0.3104030282132224
0.904023827472545
0.5508568054263325
0.18051132946570664
0.23551705214898502
0.8847736994693933
0.6775250356604665
0.12300123826840934
0.4886688150607491
0.6919463323447483
0.8066833496869009
0.306786760864211
0.4878032599508766
0.8336669601503612
0.22014663919677213
0.7455039965826836
0.9220811433515231
0.8490932356226479
0.49652135032754213
0.6379874120688518
0.2618368854131918
0.44397248746455076
0.570771661279238
0.9017053044462053
0.7658528280088217
0.880952559609675
0.3462399184445814
0.31902594895370595
0.6506397135020683
0.8138468372990284
0.12183613953522765
0.4098253081572444
0.41952861159268573
0.1690845407489378
0.8237568987246948
0.7866357006803717
0.14414436760591398
0.7673477272283793
0.5542286757293853
0.08888971628335596
0.43159155774146435
0.9141237602971823
0.9135737586810264
0.9708198848445009
0.06124959729940145
0.645753762800057
0.9154707673056331
0.48934762974604085
0.8243775490949545
0.18957030073365752
0.03883996163183412
0.1712848575760424
0.3747651473953072
0.5223617644126066
0.68398700749544
0.33752389753943435
0.49652135032754213
0.9128118835967022
0.04190606618271275
0.306786760864211
0.12300123826840934
0.14519589185743145
0.4119544192399847
0.6696900747463921
0.10658869001108384
0.03883996163183412
0.6211145178686481
0.027949245387971833
0.21429152438885596
0.4286171850584516
0.6689907150966155
0.42115952613913415
0.880952559609675
0.7435408211952088
0.9193939194140048
0.4987957682970515
0.6362332190846558
0.3890576169164266
0.9609246751355978
0.4987957682970515
0.7124539958787819
0.1712848575760424
0.9151397699584243
0.888246500766293
0.7656095851497936
0.6032950885576347
0.1686453723537713
