0.2805909530288623
0.23072451136265143
0.04336188859144279
0.30056454397722604
0.3186107739948638
0.15758156716727625
0.1360680836524566
0.12174635593724457
0.1439237333734446
0.24505128664978515
0.24553191908290484
0.15989635232223764
0.23754284585605343
0.38383069342465104
0.20110564403869047
0.13015786014193476
0.4611957766805769
0.30528362110516577
0.344467629443112
0.3274115618918995
0.28852996814018755
0.20642092282768848
0.19130254955675086
0.17004147812586234
0.20269239205986544
0.3358339038733095
0.11579283769136901
0.15120316075521045
0.06918788318026406
0.3152654041520413
0.14300154590468298
0.22305015339284162
0.1623021607504986
0.055839655186690054
0.05809586341117782
0.013245664672427625
0.22427264603991162
0.06637364747130796
0.33503595125880076
0.2163467968457231
0.2987695724004743
0.23783773992627186
0.30249390201563114
0.2988078900855624
0.1627202274773028
0.11484289387153986
-0.14381766524514614
0.17997997811934485
0.14796617670791773
0.2169536811984065
0.22905918553172955
0.09371828513932358
0.21709534313242787
0.4038910406817134
0.2567631901830013
-0.07405770303049349
0.27959958105457405
0.2940171921325587
0.1494281392489021
0.0014291680374975439
0.37807187871039327
0.14182141230568582
0.14847889386317373
0.038993313274074154
0.3498719786046799
0.2908348984382753
0.2653936275697268
0.29141006462857616
0.31331489111565564
0.24061048455830783
0.25459681617900864
0.2869254560851871
0.27471319263083965
0.32378631385709983
0.19849075350749193
0.07740815671620788
0.43214498920141065
0.11453851916805396
0.1351848496095172
0.5358498389171992
0.14479217608123196
0.12666508707383967
0.18419095454221157
0.28806726718036113
0.15837965803199627
0.30740416161015166
0.1948526154309719
0.2885250967306873
0.16512950425267445
0.23866469455444786
0.22081569393962522
0.206474172928126
0.20921106848906404
0.26550397400823605
0.1292089470024689
0.31420324383329423
0.1178549497050931
0.21574635365187367
0.30630206061990073
0.1776854550375218
0.32059963227077726
0.21811593743700183
0.08354346890761641
0.007982754131925687
0.2328545804192226
0.3597005558398773
0.08080140747832204
0.13936341877803313
0.08261904870975238
0.08161449528837127
0.2555560643249062
0.2309334219138719
0.16799037348145301
0.3462592418676793
0.11913390073938683
0.3566430765334149
0.1958457281915214
0.06290777280133078
0.2937951583810942
0.2747069821702151
0.25439665272612305
0.10114336095985052
0.31637566745839596
0.2150623975946777
0.3174956676754287
0.2394994730237214
0.3140763006102999
0.12107262898373017
0.31578892943539627
0.2309182936101115
0.18528972238338498
0.19390380661920517
0.09515971126631317
0.40434420831893897
0.15264993788207376
-0.04397785899371324
0.10361530840887202
0.1941136205062843
0.08702684172935662
0.21993289793190482
0.31246822464603957
0.2655265192763521
0.3403788482809072
0.14207508513479328
0.5355877578084288
0.19366100209186807
0.0844937831930003
0.16510306669901256
0.3983341437630799
0.15552832407370118
0.2234210120163873
0.12138294591055099
0.07032714785697501
0.3292338078928399
0.2837037744398745
0.08039078359441028
0.3565264570491676
0.10451310855174827
0.33669975121335605
0.10084758980610818
0.20065857177466498
0.3628413837254256
0.15279717433447915
0.3276358181109242
0.009858242306793432
-0.06555245707500763
0.15759802667450346
0.18446165584868082
0.22208533461055796
0.23781442297824126
0.09063133490343575
0.13957372319718483
0.18030534911030174
0.2669989810257699
0.2878879958844165
0.3087907034630307
0.2549100719945172
-0.02772919286305009
0.15513572588013413
-0.0033325229827616495
0.2661168244154544
0.22749955850768067
0.3656336430919485
0.17438222809157766
0.31645852517354506
0.1332914016393044
0.1821403072371779
0.09923294236927802
0.238391132832178
0.07473647449523864
0.30207063287719677
0.20669130232931693
0.19223101277635793
0.28563181441564955
0.39977971267616047
0.21520341237052912
0.20658612690037892
0.2298008877964943
0.06649052162440866
0.3831100975423774
0.21880662974580845
0.17715240585719394
0.09851833951024803
0.3006721907402596
0.17647969095192337
0.2141250210348096
0.03943705040035123
0.08002382918351107
0.4777054894207425
0.15267254541166145
0.11240034286453619
0.21201826483348335
0.22358976111011808
-0.07427214323975122
0.15936836186100126
0.21503151026134149
0.23286905716739137
0.4112915096931631
0.10796916632331745
0.08094074479086479
0.044272726213630056
0.15261074223599025
0.29108856405179584
0.21556813860037086
0.07179795983189977
0.15476986465297243
0.15727439970825244
0.06567264947116509
-0.08986973204849116
0.10109457697816805
-0.16006344181639107
0.26764294863522825
0.07283375264047143
0.25325783045747413
0.1222985758594843
0.28606550528719743
0.05219496641347725
0.004284053389744735
0.1074297604860707
0.2929986483140908
0.13889855459032843
0.044715382788695836
0.04287338037508667
-0.09606871459724128
0.19526290460969337
0.284437624820556
0.2881481578873815
0.19504454056549542
0.40293294161346555
0.24376942207033858
