1.0
0.9533474652790791
1.0
0.9604160311458853
0.911318031749297
0.9455720428255923
1.0
1.0
1.0
0.9439903358416613
1.0
0.9537311469996332
1.0
1.0
0.9253559444465266
1.0
0.9516280173177983
0.9533474652790791
1.0
1.0
1.0
0.9467908190495782
1.0
1.0
1.0
0.9074622939992665
0.9578622267036844
1.0
1.0
1.0
1.0
0.9574326552396626
0.9497588087620852
0.8748019271754783
1.0
1.0
1.0
1.0
1.0
1.0
1.0
1.0
0.9626779722232632
0.9578622267036844
1.0
0.9533474652790791
1.0
0.9591790321191942
1.0
1.0
1.0
0.9537311469996332
0.9066949305581582
1.0
1.0
0.9493245895710268
1.0
0.9615802655239475
0.9533474652790791
1.0
1.0
1.0
1.0
1.0
1.0
1.0
1.0
0.9604160311458853
0.9604160311458853
1.0
0.9516280173177983
1.0
1.0
1.0
1.0
1.0
0.9374009635877391
0.9032560346355968
1.0
1.0
0.9148653104793252
1.0
1.0
0.9564576342604738
1.0
1.0
1.0
1.0
0.9533474652790791
1.0
1.0
1.0
1.0
1.0
0.9615802655239475
1.0
1.0
1.0
1.0
1.0
1.0
0.954956173372904
1.0
0.9533474652790791
1.0
1.0
0.9574326552396626
1.0
1.0
0.9574326552396626
1.0
0.9574326552396626
1.0
1.0
1.0
1.0
1.0
0.9032391872454973
1.0
0.9646953791301139
1.0
1.0
1.0
1.0
1.0
0.9556590158746485
0.9578622267036844
0.9266080262752803
1.0
1.0
0.911318031749297
1.0
0.9626779722232632
0.9564576342604738
1.0
1.0
0.9334885238119728
1.0
0.8722979657189879
1.0
1.0
1.0
0.9591790321191942
1.0
1.0
1.0
1.0
1.0
1.0
0.9432056099049658
1.0
0.9439903358416613
1.0
1.0
1.0
0.9099123467458079
1.0
1.0
1.0
1.0
0.9516195936227487
1.0
1.0
1.0
0.9516195936227487
0.9497588087620852
0.9574326552396626
0.9493245895710268
1.0
1.0
1.0
1.0
0.9346864513907107
1.0
0.9516280173177983
1.0
1.0
1.0
1.0
1.0
1.0
0.9564576342604738
1.0
0.8710080461807957
0.9493245895710268
1.0
0.9477491611125686
1.0
0.9455720428255923
0.9591790321191942
1.0
1.0
1.0
0.9211715837771529
0.9537311469996332
1.0
1.0
1.0
0.9377966203721054
1.0
1.0
1.0
0.9590698608073679
0.9591790321191942
0.9477491611125686
0.9377966203721054
1.0
0.9537311469996332
1.0
0.9626779722232632
1.0
0.9615802655239475
0.9408786878328647
1.0
1.0
1.0
1.0
1.0
0.9439903358416613
1.0
0.9497588087620852
0.9467908190495782
0.9374009635877391
1.0
0.9074622939992665
0.9516280173177983
1.0
0.9516280173177983
0.9556590158746485
0.923160531047895
0.9556590158746485
1.0
0.9578622267036844
0.9564576342604738
1.0
1.0
0.9497588087620852
1.0
0.9637146952170615
1.0
1.0
1.0
1.0
0.9032391872454973
0.8935816380991565
1.0
0.9564576342604738
0.9455720428255923
1.0
0.9493245895710268
