0.45898592499615015
0.42728284237808145
0.579013386992288
0.4149141934249358
0.3337618135101595
0.6209001186756559
0.4468565738992772
0.3189489129163476
0.5988127633755612
0.4310383136355089
0.2203917421637707
0.31122970465269234
0.4062661566862668
0.551105820816214
0.43703376348040546
0.4374744276364125
0.4527227666129484
0.4994440612395286
0.47570634118804905
0.3461306935667937
0.5959767944572325
0.4660164045474151
0.6827876190620181
0.4448594217356969
0.5569498942781774
0.5007120496378386
0.4739241501905451
0.27033563787360576
0.4135988990564311
0.5977576479180501
0.4366167063358093
0.41423902788350647
0.6184686723855467
0.20927691082869512
0.2427223347486354
0.39102789480749583
0.5839402345948979
0.4731166161791548
0.45502951874892905
0.5449812753010138
0.3251069550889112
0.5765626947699111
0.5725953030132868
0.3906687397181625
0.2971272498916607
0.32032335216908725
0.12198875318333792
0.38468810413439036
0.3210775519822679
0.4720099937738721
0.47579369699165247
0.10906849366722916
0.3178444164918291
0.5366014086222879
0.5025212614841128
0.2581760154219594
0.40619948437966313
0.4970812177805647
0.4554942909892148
0.2903665598645547
0.6106506462291847
0.29702992491173796
0.29051879385253054
0.4739371643863643
0.5555218296481378
0.6385912148919405
0.5949430551998164
0.6365524989017518
0.647076227062204
0.3935479279198368
0.38098913905436566
0.45847705395903005
0.4274366442768645
0.42895462495964304
0.44496728610772146
0.45301772138251317
0.2936022245319862
0.28666636135849044
0.45907621157344775
0.5670950198126126
0.2277410925021766
0.43696003613906437
0.36270603369649046
0.4852030061253959
0.47860719738912
0.5913945828234715
0.2989707051898147
0.3287098207860482
0.39978450354945344
0.4500997287312532
0.2711495797771947
0.44939609451820245
0.4547263144361276
0.5440893337798685
0.6254002918545243
0.654190523793605
0.4898307369330625
0.48376312751863865
0.6525809523443765
0.4197743064493806
0.6663745000992813
0.4899991538198705
0.41748481334428417
0.3792854554223761
0.2523848534454769
0.641151628936962
0.33531259815498016
0.49485942444978426
0.663490071324559
0.29321129754650566
0.49169750179349003
0.45837480284632787
0.3588499024634774
0.41918257381469354
0.32017548151762726
0.5661177241763482
0.5472814612140054
0.36659010527564767
0.3818874547834105
0.6163676762234428
0.4153093768029356
0.3220871892787747
0.2713597585617054
0.5597437436583961
0.6039361127727637
0.4085746959275104
0.3713898609013833
0.24927332175159703
0.4978488271155061
0.3640728544695132
0.2809490247513815
0.5030792244528087
0.32429865082241244
0.6263451989815566
0.42650612426927126
0.4057694366140826
0.3952591141106818
0.23297632025467918
0.19307478761754543
0.32144024419185757
0.5963011640773886
0.449864272624608
0.5342640696046154
0.24287923861640054
0.8127462125211131
0.5303205512146963
0.25957479894948227
0.48896644885217827
0.699485806910146
0.3926605170663278
0.3118555718899574
0.202847827259119
0.38914831670598177
0.6219263869674827
0.56464068675404
0.3382236987582863
0.6187667675593346
0.5785996793088204
0.6915879976019278
0.5180168924125443
0.49842462849546826
0.3862176858511116
0.5954345206320353
0.4113212312632414
0.5081906561228039
0.3834822678901077
0.32642836489889204
0.46888066854345894
0.46957127104496704
0.5229100544063856
0.27859407658650037
0.6063670988155065
0.4062865945700195
0.6328637901631857
0.4230450379917455
0.5007034403934059
0.4821260993556557
0.28481616516767955
0.45163034733230445
0.49653996915982723
0.47560012383114053
0.4309694259031995
0.6632990905843267
0.33987680789956637
0.39692351900515604
0.53732276404983
0.5692724946721629
0.39768285752014876
0.5059544485456801
0.44201737939610053
0.3479476712465318
0.416893980238124
0.6192410646315142
0.39593172298815404
0.4036770477457732
0.36360852485060824
0.3674105942902136
0.3763517883474876
0.4803175556066743
0.4465086022468695
0.5099845916120317
0.4173614360901873
0.28449858464100997
0.42844600923209647
0.4292854627722846
0.6667663821680315
0.5634029007053905
0.28948996865600346
0.6716417425137892
0.407181851681395
0.4313310770536409
0.41567658741763713
0.25789451777566363
0.23703108710197782
0.28185031644019665
0.21183469749264072
0.3799875378527787
0.6852278261018919
0.21434896993252042
0.299512789259991
0.3825341757928228
0.3073834510888426
0.35423054102857127
0.41280007755471065
0.32279141842557907
0.34657419374588905
0.458473648444036
0.2349165425836368
0.2369042619788429
0.3566863925167741
0.22599595176072362
0.3710085073703794
0.4648709670951199
0.5807190285343381
0.2562793872630373
0.6535233788016765
0.23644153442453603
0.5210800348126107
0.5556991104537856
0.4968288478700965
0.2401324059270047
0.37978665203633577
0.3503401907444368
0.3131404980662732
0.2533052038765592
0.6355053251272149
0.525242662575824
0.4185090843539905
0.7086345706323569
0.18701707518593844
