0.6081187083442643
0.6081187083442643
0.747173360222106
0.747173360222106
0.434652452401769
0.6889831018605272
0.6267797222326327
0.39850491099523255
0.6952034398233167
0.4447737639955993
0.5645763426047381
0.4013967143077555
0.5906986080736789
0.6298491759970662
0.6952034398233167
0.6592336594297951
0.5439213061392421
0.698552852572511
0.6130241385423875
0.6542223897155273
0.7728224396198634
0.5906986080736789
0.8600423958372373
0.629849175997066
0.8133898611163163
0.6009311428718368
0.6833282491670822
0.5187422734052368
0.782288171302369
0.8314489068147374
0.7667373263953954
0.5497684688810468
0.782288171302369
0.39850491099523255
0.4495601970646027
0.5270295026629179
0.7297370402374237
0.49324589571026917
0.5980704700966814
0.6316287472663109
0.46790819049578247
0.7747808668645197
0.8020801557294264
0.7694815931436849
0.41443025384775123
0.5946055603561354
0.41217806251639644
0.7387458055628429
0.5249923737506234
0.6267797222326327
0.8367161284767768
0.2550714666940957
0.5045179071019434
0.7487940438104258
0.6734322569535536
0.48761529455149444
0.709717561736492
0.7142532248343594
0.7160280495248292
0.39189507485232306
0.7297370402374237
0.4679081904957826
0.4128642102022426
0.63424412778798
0.7990352350483406
0.8864112198099316
0.7580979681137434
0.8600423958372373
0.782288171302369
0.5249923737506234
0.6275357333470477
0.6926421241915799
0.591790321191942
0.5373114699963327
0.8367161284767768
0.6562444810037406
0.4013967143077555
0.43243540319550156
0.6613371553592408
0.7487940438104258
0.4495601970646028
0.6889831018605272
0.4679081904957826
0.6628978136294746
0.709717561736492
0.8624977924014963
0.49324589571026917
0.6267797222326327
0.7487940438104258
0.5874933772044887
0.5122491746211338
0.782288171302369
0.5819932889005486
0.782288171302369
0.8020801557294264
0.8040593541721321
0.6267797222326327
0.5187422734052368
0.782288171302369
0.7050355869257904
0.8624977924014963
0.5946055603561354
0.5519226867332907
0.5478292788587665
0.36937267021722386
0.8367161284767768
0.436608672289652
0.6483116613345962
0.8911440856511845
0.32601704129465797
0.747173360222106
0.5519226867332907
0.6734322569535536
0.4679081904957826
0.5270295026629179
0.7550741927151652
0.7747808668645197
0.5946055603561354
0.4679081904957825
0.7550741927151652
0.4679081904957825
0.6326112890727478
0.46790819049578264
0.8314489068147374
0.8755932407442109
0.5664437107743415
0.5045179071019433
0.4527055673670905
0.6864949666754114
0.4679081904957826
0.40878687832864735
0.7580979681137434
0.5389631862873697
0.698552852572511
0.5843683270317954
0.6889831018605272
0.43990335841661327
0.7694815931436849
0.31342992322036467
0.5478292788587665
0.7580979681137434
0.6959475374261614
0.6628978136294746
0.5645763426047381
0.9346864513907107
0.782288171302369
0.6734322569535536
0.6734322569535536
0.9432056099049658
0.7387458055628429
0.43990335841661327
0.39850491099523255
0.5456448792397267
0.7624961868753117
0.8755932407442109
0.5801271875117118
0.782288171302369
0.8548587808682461
0.9497588087620852
0.709717561736492
0.63424412778798
0.7694815931436849
0.747173360222106
0.5162801731779841
0.6483116613345962
0.5101483854303304
0.3761682233398831
0.6130241385423872
0.6562444810037406
0.6846932136103276
0.38604791211051837
0.6734322569535536
0.6562444810037406
0.782288171302369
0.5317592076362887
0.7200847916744745
0.6734322569535536
0.4146990095453608
0.6129567489819894
0.7387458055628429
0.6437442803129675
0.6516610740837905
0.8314489068147374
0.42230032110970683
0.5646521558601858
0.8040593541721321
0.6889831018605272
0.44734689638293684
0.6592336594297951
0.6267797222326327
0.7387458055628429
0.7667373263953954
0.8218721401564838
0.505914748317512
0.6168938971569635
0.6833282491670822
0.5861508148300533
0.5819932889005486
0.709717561736492
0.6058579188857648
0.6889831018605272
0.6396493869832315
0.36148982859493906
0.7200847916744745
0.6592336594297951
0.8463210620957899
0.8624977924014963
0.43243540319550117
0.8064783744909947
0.6041603114588529
0.6081187083442643
0.6041603114588529
0.44257048528129606
0.43243540319550144
0.3614898285949392
0.49591302257495196
0.6024392693347609
0.7387458055628429
0.3394722364775233
0.49104261699596596
0.5819932889005486
0.4399033584166134
0.49324589571026917
0.49591302257495196
0.39696261589522036
0.5088383296884147
0.7624961868753117
0.41953620781358114
0.42990163267405285
0.5773829207634222
0.39850491099523255
0.46790819049578264
0.5645763426047381
0.7387458055628429
0.6024392693347609
0.8218721401564838
0.4656164204694514
0.7624961868753117
0.7142532248343594
0.6396493869832315
0.6562444810037406
0.6267797222326327
0.8258305370418952
0.39710570514502197
0.34121966442334994
0.8133898611163163
0.7747808668645197
0.6024392693347609
0.8693729027814214
0.37116422513137953
