0.20987047593388797
0.209870474284529
0.6597505265910077
0.6597505265784644
0.6597505265837401
0.6597505265471917
0.6597505265512574
0.6597505265703412
0.6597505265638021
0.6597505266137469
0.6597505265712384
0.6597505265782088
0.20987047396266006
0.6597505265275071
0.6597505266530901
0.6597505265780432
0.6597505265876611
0.2098704746148643
0.20987047154162405
0.20987047417851393
0.6597505265528785
0.6597505265821683
0.2098704729495519
0.6597505266038399
0.6597505265775232
0.659750526585942
0.20987047405476683
0.6597505263745267
0.20987047655595908
0.20987047403780346
0.659750526616264
0.20987047408529863
0.6597505265677914
0.6597505265755
0.20987047283435362
0.2098704750943702
0.6597505265644076
0.6597505265438577
0.20987047376882306
0.6597505264618171
0.6597505265904562
0.659750526633332
0.20987047377130452
0.6597505266360896
0.2098704749696534
0.6597505265514259
0.20987047559541439
0.6597505265838131
0.20987047268984954
0.65975052661906
0.20987047463134806
0.6597505265924377
0.6597505266243648
0.6597505265863077
0.20987047601373737
0.20987047465963263
0.659750526599951
0.6597505265912547
0.20987047484441942
0.2098704769891096
0.6597505266610519
0.6597505265904562
0.6597505266243648
0.6597505266597135
0.6597505266057553
0.6597505265645819
0.2098704750943702
0.6597505265764578
0.6597505265507703
0.6597505265712384
0.6597505265876611
0.659750526618734
0.659750526553766
0.6597505265968948
0.6597505266171042
0.6597505266597135
0.20987047405761486
0.65975052659211
0.6597505265647909
0.6597505265957958
0.6597505265745778
0.2098704749154756
0.20987047306543094
0.6597505265912547
0.20987047268004558
0.6597505265253752
0.6597505265569569
0.20987047340276724
0.20987047484441942
0.6597505264737924
0.2098704729911413
0.6597505265925891
0.6597505265725356
0.659750526599951
0.6597505265954084
0.659750526586643
0.6597505266410346
0.6597505266053506
0.20987047437189638
0.659750526586318
0.6597505266206007
0.659750526580716
0.6597505265863077
0.2098704768425303
0.6597505265739627
0.20987047235799772
0.6597505265409195
0.20987047230453496
0.6597505266186992
0.6597505265655687
0.6597505265647909
0.6597505265354899
0.20987047514483825
0.20987047457125435
0.6597505265836046
0.6597505265275071
0.6597505265863384
0.20987047469116277
0.6597505265580614
0.20987047434071063
0.20987047245996668
0.20987047463134806
0.659750526577116
0.6597505265863384
0.6597505265168746
0.20987047602249084
0.6597505265994374
0.2098704743581921
0.6597505266137469
0.20987047565082123
0.6597505265182545
0.6597505266256074
0.659750526593597
0.6597505265703392
0.6597505265645819
0.20987047558366456
0.6597505265531505
0.6597505265805661
0.2098704768425303
0.6597505265172452
0.20987047431260403
0.659750526593495
0.6597505265703412
0.20987047562445119
0.659750526586318
0.6597505265836046
0.20987047431260403
0.2098704741346327
0.209870472877731
0.6597505266036956
0.6597505265638021
0.20987047245996668
0.6597505265910648
0.20987047458607036
0.6597505266435528
0.209870478318346
0.20987047057713742
0.6597505266177363
0.6597505265815173
0.20987047477729825
0.6597505265744034
0.20987047403780346
0.6597505265775232
0.20987047396266006
0.2098704747426966
0.6597505265821683
0.6597505265622796
0.6597505265091268
0.659750526580716
0.20987047561299313
0.20987047469093567
0.6597505265531505
0.20987047559541439
0.6597505266822473
0.20987047282789065
0.20987047377130452
0.20987047324862335
0.6597505266201344
0.20987047405761486
0.20987047437189638
0.6597505265915475
0.2098704747426966
0.20987047304291467
0.6597505266262192
0.6597505265282932
0.20987047562445119
0.20987047519351398
0.2098704746148643
0.6597505265948211
0.659750526591828
0.6597505265655687
0.20987047525071725
0.6597505265780432
0.659750526675056
0.6597505264748693
0.20987047655595908
0.20987047465963263
0.6597505265744034
0.209870472877731
0.6597505265091268
0.659750526633332
0.20987047469116277
0.659750526525569
0.659750526579566
0.6597505265906598
0.6597505265851675
0.659750526567489
0.2098704742939857
0.65975052653913
0.20987047405476683
0.6597505265924377
0.6597505266035948
0.6597505265282932
0.6597505266155536
0.2098704742632217
0.20987047511414328
0.6597505265996066
0.20987047460588534
0.6597505265806636
0.6597505266170018
0.6597505266201344
0.2098704729862672
0.6597505266410346
0.6597505265354899
0.20987047335189896
0.6597505266251805
0.6597505266360896
0.659750526585942
0.6597505265793002
0.20987047307471685
0.6597505266189905
0.20987047353423702
0.6597505266078811
0.6597505265438577
0.20987047422239516
0.6597505265639305
0.2098704725911658
0.20987047519351398
0.6597505266041691
0.20987047057713742
0.6597505265968948
0.6597505265704702
0.20987047335189896
0.6597505266186992
0.20987047353423702
0.20987047558366456
0.6597505265910077
0.20987047235799772
0.20987047417851393
0.2098704728580117
