0.20012612479577474
0.23740260036927888
0.504442076116238
0.8329859982084359
0.5653233348906848
0.7250748531833374
0.483747149913617
0.6379830978756265
0.6523534564806399
0.7250748531833374
0.6379830978756265
0.7095148618274245
0.18413780670657007
0.5209954691684378
0.6528357084043502
0.5848686574556212
0.7195321392007592
0.20106938225293505
0.1773563761597367
0.3218048751218432
0.6316977360953966
0.574737394468166
0.23415001748637848
0.8150819793886732
0.8329859982084359
0.5612261389094332
0.16428987886897048
0.7055931545287346
0.16346322842791292
0.2354461217510755
0.8179436338236723
0.2005908531189015
0.7781071838766629
0.7758014188131974
0.25373454717432264
0.19308249026223195
0.6780171157218954
0.7853367665170151
0.10457430315931504
0.8168470900927732
0.5209954691684378
0.7308756948323218
0.2391586021597792
0.686172370781727
0.3426141551902009
0.5330659390472193
0.31982870777255495
0.6198862941582983
0.14624573534469454
0.6739576225467644
0.3076346808852265
0.7308756948323218
0.7063446900212215
0.7264005609162223
0.12325205871711269
0.11999848924891011
0.5564409110346373
0.7014908322817605
0.260455544303208
0.19124952389156047
0.6226001150102188
0.7264005609162223
0.7094747597667939
0.6733525985102039
0.722560019740866
0.43286395573784664
0.21871863340923087
0.7969633257611757
0.7654390489389744
0.6226001150102188
0.6939430723894323
0.6655442754619137
0.5203190526289816
0.5564409110346373
0.627996113502405
0.575423924665927
0.14459796380062842
0.4965728575864059
0.5623940081211153
0.6943922371685396
0.6392076031786252
0.13976889519146896
0.10457430315931504
0.7014908322817605
0.14763377895821106
0.6316977360953966
0.574737394468166
0.18413780670657007
0.265442820556638
0.7966948437782257
0.22283883453612183
0.8107011753302553
0.504442076116238
0.6198862941582983
0.5623940081211153
0.5368215975552705
0.6098081124660328
0.6780171157218954
0.260455544303208
0.6655442754619137
0.6825516803168272
0.7127820274145514
0.6939430723894323
0.145178261143221
0.6825516803168272
0.18320197169560323
0.8150819793886732
0.288681202751931
0.8107011753302553
0.7123440745862595
0.6783712873901175
0.7551800909195996
0.1391402233691457
0.17955108535972614
0.5368215975552705
0.6185975021865844
0.7966948437782257
0.25373454717432264
0.575423924665927
0.13221693175082982
0.31982870777255495
0.2236993774873709
0.6367585925726278
0.627996113502405
0.6659781728765152
0.14763377895821106
0.7239681505484226
0.23740260036927888
0.7127820274145514
0.41609926555274623
0.6783712873901175
0.7392398361523127
0.7915142939124306
0.7123440745862595
0.5408929380695241
0.15921419841503895
0.8553224647031656
0.5732865913568631
0.4110041986422692
0.6987769969591532
0.20106938225293505
0.5515192629128134
0.6205376942843808
0.35855358389374975
0.6739576225467644
0.6252829068838837
0.15333513833904192
0.23370369584287476
0.45187760199254995
0.746341813987573
0.6139570874656086
0.2236993774873709
0.8179436338236723
0.10159863773787703
0.5653233348906848
0.1411559967653911
0.23415001748637848
0.502468524612427
0.7778988609188063
0.11808384631016267
0.6733525985102039
0.2320190010865194
0.7853367665170151
0.1473753714960997
0.11999848924891011
0.5127611059242768
0.6773491799272569
0.8926731730865699
0.5732865913568631
0.14084199180972817
0.13976889519146896
0.7095148618274245
0.1252988103489998
0.4110041986422692
0.145178261143221
0.34154295608702256
0.16819175527871266
0.7795858617616419
0.1252988103489998
0.15405800145165388
0.7781071838766629
0.1411559967653911
0.3426141551902009
0.7063446900212215
0.7987118698409434
0.34154295608702256
0.22623040610586617
0.22512579207981537
0.7682202774485116
0.45187760199254995
0.6420270105107362
0.2336790001370219
0.5396748113184828
0.5610656516093815
0.5203190526289816
0.21871863340923087
0.22512579207981537
0.7682202774485116
0.26390829313965813
0.5448901515989258
0.6098081124660328
0.22528754812369228
0.46472604781783217
0.7758014188131974
0.7969633257611757
0.5448901515989258
0.790115833326349
0.1773563761597367
0.8168470900927732
0.32453232828029543
0.5396748113184828
0.5833646755778026
0.43286395573784664
0.7654390489389744
0.11808384631016267
0.16819175527871266
0.7094747597667939
0.22283883453612183
0.483747149913617
0.6429368714629784
0.45741617414597663
0.14624573534469454
0.45741617414597663
0.3350236776181359
0.20231500948809933
0.5369057781481558
0.7190949946437842
0.666810078685
0.6528357084043502
0.16428987886897048
0.6094827620022765
0.2336790001370219
0.8926731730865699
0.722560019740866
0.1289516684589016
0.8926731730865699
0.2005908531189015
0.265442820556638
0.5610656516093815
0.20231500948809933
0.746341813987573
0.8553224647031656
0.3218048751218432
0.5515192629128134
0.288681202751931
0.13125962016161574
0.6987769969591532
0.18320197169560323
0.15405800145165388
0.12897685519174024
