0.6631460576223602
0.6699065402217933
0.6878450394943285
0.5326946541401691
0.32449977066896485
0.6770846548453128
0.6878450394943285
0.19784011737557222
0.6280479457087904
0.2092322086275732
0.4793642954471139
0.23161022879704615
0.19784011737557222
0.2694675273162144
0.5776844703766695
0.6625495975818116
0.22197780627730895
0.6424753699319175
0.202557372366242
0.49760740085693445
0.5999537891606294
0.2047819188661591
0.6222720589097063
0.19536635312031256
0.67000664717404
0.21215919540420142
0.6770846548453128
0.7245534407528003
0.6201545130604613
0.5636650264485423
0.7245534407528003
0.2720449779790917
0.6625914742775436
0.22197780627730895
0.20335765953954174
0.2694675273162144
0.6308023267327776
0.22184249512798515
0.6552941951166933
0.20764041666702948
0.20168473413147608
0.7097583373876364
0.6664696601364659
0.5109965923820756
0.6201545130604613
0.68394510117078
0.735394281846121
0.49760740085693445
0.518513081830043
0.6832224938932221
0.7213428682729909
0.2061944690450317
0.560344537776494
0.5487664296626438
0.6723939649136034
0.2128674084269982
0.5686717721700735
0.6280479457087904
0.5705597325108152
0.2092322086275732
0.6974555034248826
0.20764041666702948
0.2041577022112825
0.6826925590828258
0.7149769018465884
0.6508016644578516
0.613601536693179
0.6155995705763815
0.6667446742748051
0.630043422256886
0.21533591410665665
0.5451395746515393
0.6957637154186394
0.19920144809549067
0.4897016751231441
0.6723939649136034
0.21407529106657608
0.2030884639364678
0.6346732093064223
0.6252000826475486
0.19701882913598584
0.5950315483937465
0.20378310554725337
0.5686717721700735
0.6772239715212731
0.5710425894348508
0.20459387176564325
0.32449977066896485
0.4903178005637787
0.6308669756188555
0.4669394071024482
0.5636650264485423
0.6324233514792672
0.548059721759255
0.6885827974077616
0.7069472091123028
0.6400633420407247
0.6499479016285601
0.6631460576223602
0.6838059411534119
0.5950315483937465
0.6308669756188555
0.20747414343526793
0.6625495975818116
0.3624856106036002
0.6690197253998278
0.2062903770614366
0.6260092204315328
0.643429071656394
0.392881822948697
0.7200445259821755
0.20624242305323415
0.5063980818044851
0.20575160936383488
0.2128674084269982
0.5490296670417042
0.6697724648161465
0.6380466427125429
0.2320465479144291
0.6356870970652163
0.21438412746048965
0.5601658786582961
0.23161022879704615
0.6284496525681444
0.6959922518164324
0.2047819188661591
0.6048700317832112
0.21535435048498905
0.6699389558535873
0.21174441972937108
0.19819484491711897
0.6508016644578516
0.7213428682729909
0.663030395705112
0.6910756822891511
0.5147748864831689
0.19817071068463626
0.5147748864831689
0.20772712218377082
0.5601658786582961
0.6400633420407247
0.21438412746048965
0.5710425894348508
0.7200445259821755
0.6541255123749403
0.6048700317832112
0.4859506009477635
0.6406036755101405
0.5487664296626438
0.7097583373876364
0.2112299608275089
0.20454739898505606
0.6324233514792672
0.6221451572144785
0.6957637154186394
0.6599217674553641
0.7147341551192501
0.6808961779730647
0.7198390888340871
0.6959922518164324
0.6541255123749403
0.5276827141686887
0.6461819057869566
0.2320465479144291
0.6472017009770792
0.6568759423048781
0.19920144809549067
0.20772712218377082
0.715766501275821
0.6835581487960768
0.20789838297724597
0.6240077974672088
0.6749000700535535
0.657860545809889
0.204526064635342
0.7216582431514724
0.6931412770224342
0.2038647025157902
0.6657708444061503
0.6346732093064223
0.6697724648161465
0.548059721759255
0.6406036755101405
0.21215919540420142
0.19890833813627037
0.5776844703766695
0.6568759423048781
0.6599217674553641
0.715766501275821
0.6155995705763815
0.392881822948697
0.6885827974077616
0.6502715062665356
0.21019125449020276
0.20389821072390993
0.5451395746515393
0.20712001783787193
0.6733434203071207
0.7198390888340871
0.21174441972937108
0.6562601631504512
0.6910756822891511
0.21735059261972034
0.5705597325108152
0.7263597968874871
0.7134494330177883
0.7211135734703423
0.20789838297724597
0.6729682140030087
0.658736619693739
0.6931412770224342
0.6729682140030087
0.19890833813627037
0.20091412239471004
0.20575160936383488
0.21735059261972034
0.4859506009477635
0.677159192411344
0.19627975690241176
0.20747414343526793
0.6499479016285601
0.20459387176564325
0.3624856106036002
0.20624242305323415
0.18935726685365095
0.20389821072390993
0.6380466427125429
0.19814657645215356
0.237088442051731
0.6394618923280048
0.19701882913598584
0.20712001783787193
0.647759194333296
0.6749000700535535
0.563390453204483
0.6657708444061503
0.6929975199058314
0.6912269817363794
0.6508016644578516
0.7081516791410558
0.4793642954471139
0.7369393524856496
0.5109965923820756
0.6260092204315328
0.20400108782615417
0.68394510117078
0.7081516791410558
0.6835581487960768
0.6850312566786443
0.20850888652719082
