0.2945744398123542
0.2358289663387242
0.04502342302600528
0.3067396577480504
0.33929718716428364
0.17316516101177043
0.10691975471928691
0.11928365363049818
0.1367501262649791
0.2523189382640672
0.24708110420379703
0.1601517228641861
0.24685406451183875
0.4045989453180137
0.21889853881493823
0.13702059197283817
0.4572333783711246
0.285665400305737
0.3190146657440534
0.3299886909540079
0.3053266485883607
0.19951096487765485
0.20091242301186468
0.15663843016625173
0.1862069450368985
0.27406503121931974
0.11424367586421894
0.13376013678902954
0.0881808959488436
0.3387458965172246
0.12025242554253111
0.23232794844662627
0.13956311103189328
0.04467237723659292
0.06583129619864456
0.019198219671643247
0.1797009341284165
0.07325911398709715
0.3148688320646078
0.2518403919441826
0.2985159578665296
0.25127548432116253
0.23870393144748606
0.3094944360646315
0.1454365356119106
0.11392999290101688
-0.15845758204804347
0.2830789029968307
0.1488062852759509
0.2102179868438032
0.2372348202833552
0.0934100128358595
0.20443759769691422
0.3673585284178775
0.21675458154497843
-0.06957677041931144
0.32132804198071785
0.3109484617763737
0.13857583698281772
0.018500717752447566
0.349662233957533
0.11542762266665632
0.12385165741647908
-0.02571666295806879
0.31210261724664995
0.28278917559448524
0.25333579010020396
0.2812333429832351
0.18703184937067607
0.21921375817867783
0.25148241201842625
0.28841626416968774
0.287452777307617
0.2856801581454764
0.22989764462170184
0.05665995414718304
0.35773780231802627
0.09514212340241603
0.14551528245333553
0.508985445721447
0.14755535604051453
0.12987708396949812
0.21839361565949042
0.299706476428207
-0.02245842635153081
0.3049393207439254
0.1753365202409236
0.26404553533720426
0.16883842203267893
0.24632708770496586
0.20274453274440055
0.21812957709226302
0.21456086742969943
0.2834387111739304
0.18994096096038346
0.31555386187614415
0.10907877901411751
0.2371567359112647
0.2786380812537694
0.19792803335712758
0.3202067928533501
0.21274984677894385
0.07872524398294692
0.006126523425490958
0.2103163838225392
0.4061266401891402
0.07507327323522797
0.12093290346894332
0.08896867079571685
0.07264923226215642
0.21278692038627722
0.25204742054936546
0.20827172649784512
0.352889729927438
0.04509895101192927
0.352579419654861
0.17578878311349244
0.061199452980056294
0.3008814113596166
0.26518248038704256
0.23921643821753266
0.1091621909173146
0.32524903975086344
0.23389250012211785
0.2902679038924877
0.23853408499018586
0.31550139185894693
0.07757081521139084
0.29699919247209317
0.22074623915543973
0.16615998892213227
0.1974854426931418
0.10542533769332774
0.38642569521363257
0.15843200090468726
-0.05251215296261858
0.08341180396390534
0.19928771339791418
0.07192551434417599
0.2464301883186898
0.32278846146626106
0.2537103928195757
0.3519202146110946
0.14452228312530552
0.500945041784651
0.22074274319434106
0.06857815585474836
0.15058080053942036
0.3055713658900608
0.15428834215842294
0.24686443684586015
0.1269861458529288
0.042087400583305075
0.30953295507878287
0.24662337433649156
0.06970373005471947
0.390863442881848
0.08800069085875216
0.3059307676369761
0.10168391392748088
0.2021344438519108
0.3190628124241396
0.19271721736569306
0.28065972842826536
0.03848800873279721
-0.08658874407097537
0.16340158721286185
0.21710535073492201
0.22082441215286788
0.22480197780962394
0.09960663262330176
0.15372385510831266
0.20416449982142154
0.1494479350454959
0.3092297937153881
0.3217719562198088
0.24731685119328348
-0.0350209541881871
0.1381712706361516
0.007300791001115827
0.22431761503336675
0.24424682545836246
0.35703855745571095
0.18501012842845632
0.2617801190228976
0.125085776769013
0.16394984346759714
0.08269377638725907
0.21136804120524985
0.07576700500629495
0.31907206320574727
0.22910769044927967
0.19209096428014738
0.2909899740213508
0.39556460901340124
0.22540515799212135
0.2006114823429709
0.23132134980896576
0.06733789261887224
0.3559857364514504
0.17263235609748803
0.17670360830205328
0.08386939085320609
0.26997460452602345
0.19556016613433846
0.2068463305459057
0.01370666561040318
0.05805227418589084
0.49779903154018246
0.08651858840973996
0.12611264183789941
0.1770124488305146
0.18912521078947622
-0.07258366994852174
0.13374697811181835
0.16266397711026945
0.23619294651154119
0.36954031927733033
0.1673192337226444
0.09832795452030929
0.04171319911011162
0.16822939385107133
0.25800970858631533
0.2105486635230486
0.06579323413125844
0.13635817676480919
0.16790486481330888
0.010249644171697764
-0.08749906735236791
0.15637874639937255
-0.1386372736518806
0.25427670301217103
0.1967129138078315
0.230896297235409
0.12231144435099503
0.28883147634974776
0.018254223406179906
-0.003626828819087724
0.10997968402427567
0.2797452111448951
0.171964839172685
0.04831633469334635
0.023638563417678615
-0.09634903909396426
0.21310961647316568
0.16408789714305197
0.2715504247924418
0.1429043182164197
0.3994853553542176
0.23963694773770247
