0.4066990271859181
0.6955058993321117
0.49637560874063336
0.7731420735897249
0.16851918628728577
0.7940730219802948
0.7244516814204998
0.36442386346542854
0.8384377523284029
0.10395265232441643
0.1669960743066898
0.10918534172890369
0.15674061898713032
0.241228296450376
0.7457482411525951
0.8284896593902757
0.1669960743066898
0.6372743714990816
0.21429152438885596
0.36995289877837645
0.819189291295616
0.2636890855853894
0.47125588735943386
0.15011065499631504
0.8312611546902564
0.1715730147562241
0.8304151624654368
0.7582763265861697
0.7349021353190799
0.5817192327414257
0.8851913920328202
0.24472036637364447
0.4371026630216569
0.13434762158435448
0.07263228302086863
0.0900832065869977
0.5630202991173778
0.4471986529150262
0.7081948841223894
0.45454067326655656
0.10918534172890369
0.5856491026249288
0.7504178034396064
0.668763450708287
0.35489154352644237
0.7881769884560228
0.925134186552755
0.48575043172202126
0.4868828941571033
0.7504178034396064
0.8996096466285262
0.2728571725651489
0.41006604427643734
0.426252234338372
0.4425445431000929
0.07263228302086863
0.3141772709827473
0.27858268200230996
0.5817192327414257
0.07125156552943263
0.6776247519443606
0.14409507629857454
0.15502754665826599
0.8530747186893297
0.6549540517833922
0.5092763328518456
0.5444310119533942
0.7807400896666337
0.6567145856761938
0.45115388814763857
0.16851918628728577
0.5389927144287645
0.6981507978906056
0.25389222717010945
0.36995289877837645
0.4425445431000929
0.16843783407002366
0.3099671705939826
0.7765106014393388
0.510862489283877
0.10395265232441643
0.668763450708287
0.2988932233542701
0.3957061580864625
0.7457482411525951
0.5687090960056833
0.20090566511771568
0.41006604427643734
0.45454067326655656
0.5514436386069319
0.47097511644559564
0.925134186552755
0.3104030282132224
0.3957061580864625
0.48891180818315805
0.6231412122548441
0.594076863725761
0.47101299743817
0.801790595559862
0.8851913920328202
0.7804840082803549
0.27668613030971223
0.11280319605869528
0.6098228493100453
0.4868828941571033
0.8001117519139497
0.045864971798498466
0.43675842405632037
0.49637560874063336
0.510862489283877
0.803109163195159
0.1715730147562241
0.48575043172202126
0.20200496015737252
0.17087048480018763
0.594076863725761
0.8376298994709828
0.7944795381789035
0.1620392104506611
0.6990706833906055
0.2305237216680985
0.8838222572656822
0.5630202991173778
0.40384319361633036
0.7765106014393388
0.1264044533919744
0.2441896670371272
0.17663176135950706
0.2724510623224955
0.1264044533919744
0.2916265642074838
0.5177810627326918
0.8787314139834531
0.7374162977361223
0.68398700749544
0.5248085786358603
0.1216167812031867
0.6981507978906056
0.18438649108103103
0.45115388814763857
0.5177810627326918
0.3240689926640995
0.44008544986099596
0.7731420735897249
0.701505386967795
0.5206652227347572
0.45108569654582953
0.369179165132836
0.44008544986099596
0.45676682299925464
0.2833227691235106
0.15502754665826599
0.7092230103224508
0.6374144390862059
0.47114989938285495
0.6955058993321117
0.8045858192840281
0.9062470481670286
0.8991952271311465
0.8376298994709828
0.8832338054903728
0.39683754719705766
0.48891180818315805
0.31003981353052257
0.9324742513040714
0.5514436386069319
0.17459809003860988
0.11796078051994466
0.8832338054903728
0.7081948841223894
0.20200496015737252
0.5444310119533942
0.6776247519443606
0.6567145856761938
0.24472036637364447
0.6371343039119575
0.7807400896666337
0.22014663919677213
0.819189291295616
0.9220811433515231
0.8384377523284029
0.5389927144287645
0.4798329433922709
0.16843783407002366
0.2916265642074838
0.5245557858008387
0.9074784168291965
0.7804840082803549
0.8842909524821142
0.3677699997941498
0.2880628562447113
0.6098228493100453
0.8295691702406172
0.14409507629857454
0.35489154352644237
0.47097511644559564
0.2636890855853894
0.8045858192840281
0.801790595559862
0.17663176135950706
0.701505386967795
0.6231412122548441
0.10918534172890369
0.44306823670033496
0.9062470481670286
0.8842909524821142
0.9421968217627636
0.07125156552943263
0.7668673281573021
0.7668673281573021
0.4524807813600804
0.7065220424015122
0.241228296450376
0.03883996163183412
0.17585621836544618
0.39683754719705766
0.5856491026249288
0.68398700749544
0.191224312268353
0.4599857537190085
0.8360765721593637
0.0515778317410571
0.2833227691235106
0.13434762158435448
0.15690154186544597
0.4524807813600804
0.6735559767734454
0.25389222717010945
0.03883996163183412
0.7065220424015122
0.11796078051994466
0.21429152438885596
0.4798329433922709
0.7274556063420714
0.4776370859463185
0.8217803199944091
0.7244516814204998
0.9099411541535323
0.4964337336592989
0.6372743714990816
0.45676682299925464
0.9324742513040714
0.4776370859463185
0.8360765721593637
0.1216167812031867
0.8001117519139497
0.816598262596823
0.7374162977361223
0.6978339499553183
0.17459809003860988
