0.30740827442447827
0.2183807174347332
0.10245938629907064
0.42712211772599284
0.3159036285587364
0.04804132519100023
0.15796826528320068
0.09848730444564707
0.07315215695643014
0.16447731444408276
0.22299363419421617
0.09466790451368609
0.07534996393565516
0.21325288132398953
0.21793240868415029
0.1317614889084332
0.46693253283955205
0.29787708615726466
0.1566637300980138
0.2649548365641204
0.1626533475419419
0.1485364201787567
0.1538902463115358
0.12759457404491142
0.29878580764013346
0.2833661747334026
0.05854501510831356
0.09173971669305661
0.13269987971361896
0.2880181279223019
0.03852031508906907
0.17022331090364878
0.10805274202042697
-0.01708392237597352
-0.00111197927998143
0.030310975324262465
0.14057237552692328
0.06673416919714556
0.2812768637983497
0.20759421480344983
0.2886249579821878
0.32942024940115083
0.08356118922526709
0.08443549894011261
0.18089878184090163
-0.12056826178280576
-0.2228295144865216
0.25421509368904277
0.10383180036652652
0.1568867330891923
0.3191549056717904
0.06693906810341438
0.16285620270824996
0.28503420747421915
0.1711669494645494
0.04813357972928434
0.10802781110695088
0.29243491336045563
0.2650036431289867
0.018852226534289127
0.3573260468987104
0.13032134663751263
0.13393559311627967
-0.014536958016713918
0.2391792125190811
0.10985724811737703
0.20146000917891962
0.2772784665467708
0.1590253631349056
0.13096789990850113
0.15544411377120232
0.24601020003545104
0.25778231553830117
0.35177838389586574
0.19562435648589913
-0.03353312974414141
0.310907848545725
0.0461134431403589
0.07995639955873807
0.3212722842623233
0.2359412383327555
0.04812904659863613
0.19956043990394465
0.2821844363545685
-0.012349601799721912
0.27431078930355346
0.1798878054297401
0.18778228383730924
0.18111791983339845
0.3376435295315125
0.036581757186433035
0.058408600377210025
0.12919311612923867
0.24139206806795985
0.28355010088580895
0.28089489124553096
0.05999275014179779
0.28282867601322503
0.22232256988541002
0.2493147862653407
0.3076269711207682
0.14927772090603386
0.0950827610028291
0.09986990631261576
0.22032098910108253
0.39350436197929656
0.0959662998398942
0.06569480295662301
0.12812160450376908
0.07231498191378748
0.2562473930163431
0.19360431957499175
0.13219769111499236
0.28505090274136796
0.0036314952831305427
0.26473082632251493
0.1761998676364263
0.019844925281618304
0.27127402724461436
0.2057899021749811
0.18227447250461842
0.05716203393561506
0.3288442771980083
0.12825018834921734
0.05131018550697429
0.23670501980204584
0.2883380463883946
0.12176113884833821
0.21250691507003602
0.04925558804979347
0.19026655454805344
0.18098044201737493
0.14791236168886895
0.35585442042929527
0.20010325123870445
-0.13998648683043702
-0.07383211512114755
0.14215636413268026
-0.0031087320174116046
0.18626762470963631
0.2683542557748829
0.1491063719493818
0.3134189130643313
0.02758896037081157
0.4143720842293283
0.3226965904276817
0.15746928824972248
-0.005302658156794385
0.32329496200039515
-0.04866223403439621
-0.017093368933489703
0.1710511401497541
0.013309929156031542
0.23589467527297123
0.32169988197885446
0.06868951400894066
0.2548519867678392
0.06615153959627763
0.3104945522710336
0.11965868312540105
0.19203934315195956
0.18986289998376626
0.10582453552003823
0.21497298976968826
0.08739563307058107
-0.16426871517928282
0.1975406352710237
0.30034853116359966
0.12280823253583957
0.05500549463092875
0.03304198771321009
0.04907198668286107
0.13401019680929452
0.07702066923451872
0.13500923469919093
0.055634060126048324
0.21903560710986278
-0.16377735290029966
0.14885345900834923
-0.13452269734103028
0.21142967687520836
0.10910644471052246
0.2524417397925365
0.22029755755462188
0.010160665857919467
0.17075472392549995
0.18116284625598658
0.042996142803899316
0.2008780811028743
0.0004250968207086338
0.37024889671505135
0.22059869504840807
0.15290463695403408
0.17739693829913253
0.1760408353318248
0.3252546757937807
0.11914132860023657
0.15683860449684844
0.035335927095020266
0.30490637451012786
0.2451348600851057
0.029029257123208967
0.10171404927162712
0.1996033569905586
0.13903731366231045
0.09715754048453425
0.020387264892867425
-0.02852575496817851
0.34861909905186145
-0.08463928302764581
0.14657978763152074
0.06268279906463699
0.016278452615313334
-0.14829771601559377
0.16662542323532248
0.12340301412309829
0.10613002072387717
0.3545382620540116
0.13224984116402222
0.039877235281998054
-0.14237052377991874
0.15752642195231129
0.20084086578994223
0.14279871210630116
-0.06116308722005775
0.14514492391657943
0.0713992887777961
-0.07219006907761466
-0.08048050919860324
0.20464809992723815
-0.24473994949564165
0.2500277703200302
0.11321298662989948
0.2328467130777904
0.3776981680964907
0.23716498505098876
-0.10401776912244924
0.013820878754776106
0.09915896382029402
0.19063919009866132
0.21211798602579163
0.009246955126498412
0.11173462081756456
-0.12797513182498654
0.24226999659299447
0.12337162040387546
0.1845575252390872
0.13984576744145635
0.06961801891490485
0.2330397628001306
