0.30840010355446557
0.19102242210360887
0.06822107101807719
0.37555427378951517
0.3555789194012959
0.04144421093671622
0.1721264420053385
0.1162060387288989
0.04274160247325481
0.16405119985669292
0.22895601855253114
0.0746042227695792
0.14158044927905575
0.22646306356286247
0.23212381419195952
0.09305526407752059
0.46378883704601953
0.36546389359289294
0.19079764381261832
0.28364283359101994
0.22538629924846673
0.18412390134313078
0.1448469776300486
0.18409331027033335
0.2729540112217863
0.2631929997089925
0.1042676936253424
0.07747529501524476
0.11631200309498323
0.3072580143640402
0.09008556528307061
0.2041576643074762
0.18282097187042692
0.02591865878751393
0.052838271004567484
0.040540212409924975
0.13664237041669605
0.03980714127827319
0.3083411055567878
0.2533361084372256
0.29261013969395894
0.2776405461848214
0.10446545391040885
0.05941136189282225
0.18534683536099575
-0.014336784350123182
-0.1731775519295196
0.17798489211006246
0.10061372434517425
0.15647285155832752
0.29015168099748345
0.07662891773306042
0.023443561211514013
0.33480019321421123
0.21479675643865237
-0.011952716014002322
0.21441414482980026
0.25664766107612763
0.026389199205255908
-0.003562022108554449
0.36310668470354457
0.14949020291919343
0.11795292892139736
-0.009559081344671786
0.26833801521982786
0.16090981625164216
0.23665785868701816
0.2719350224931219
0.15197598641819138
0.19564687367862058
0.150916711180034
0.30092865060862445
0.2717392237336559
0.35824368732633505
0.149805175496127
-0.018351639474536108
0.3153830546700584
0.0565467135156447
0.15135639396212747
0.39211628981334734
0.21580360842950416
0.09422676658807197
0.2522931201782107
0.3064903349438953
-0.07236701205317907
0.2762366245196872
0.18061936418984803
0.16285359680141345
0.08947814124377018
0.30304156941528493
0.04622947954183995
0.1990757498271686
0.19452420040518878
0.28362623524305186
0.268863178455227
0.2900056829908514
0.13342984284240464
0.26011875468472245
0.2312878874180997
0.3032966197893128
0.31514293755575484
0.16351558537157643
0.10976058858398127
0.10613547660871078
0.1986403761240171
0.3848677065015704
0.08169747025205906
0.08091567276803475
0.1136367931181115
0.12121053770271892
0.25744205433430484
0.18833432615171836
0.16623573552838283
0.33297247935762053
0.023787202993523122
0.2656697461607289
0.175643574267961
-0.0043209882184518005
0.2708135848558777
0.2447875919898922
0.17202077234896332
0.08539331959312718
0.29436935147536425
0.17420467468351314
0.11305682648615456
0.31149880976676186
0.3045344991533952
0.06489034428848502
0.25558342774337744
0.11786861595979145
0.1968453968605994
0.22622247150434974
0.1315317046711651
0.3552932472541137
0.1524845213239396
-0.11952481508123264
-0.03242795210254464
0.14907268634307938
0.06497836839290581
0.20355202464403413
0.3040050343748533
0.23038432009229123
0.3498881233107758
0.10257388258085173
0.44018263971462857
0.2848310840904647
0.11043924526993204
0.0414584463389514
0.34902440416551767
0.036496872739008264
0.061072025869387835
0.15293681416764893
0.019404289085483813
0.2549086658607048
0.321008078484412
0.06824935960008675
0.34630882926288836
0.08745908964410556
0.3130995743672018
0.056438841087521646
0.1539105251017086
0.3034239966011695
0.12138254827275051
0.2820495391872775
0.06283762032154291
-0.14714273023171837
0.18295363576190526
0.31064243882460074
0.2277469866908398
0.2402156032739558
0.07007744088746659
0.0947314290015354
0.15724166696846506
0.09047642236280326
0.2020517670578218
0.0446056009073966
0.20304079768902836
-0.07798349244514492
0.17264207647420685
-0.023169378838206935
0.24112948487795882
0.18965466468193865
0.28559722721661374
0.23682043142930442
0.12120186767877415
0.2139302015986378
0.1722779973797351
0.04664767601332807
0.21873437537027057
0.04187524592267809
0.35997091515432866
0.2455635373300946
0.19130931409296317
0.19409565466760356
0.3410977022087474
0.2634898113947931
0.09144683441901862
0.18578724335278404
0.03011537603152051
0.31649273153915497
0.21248283392154663
0.0867153290935644
0.09606737575239595
0.2072716114343845
0.1454701550111295
0.1421184487300245
0.0021211132234124465
0.0072362583094351994
0.3445066080794223
-0.04994994588601191
0.047968373863724365
0.06088192877551462
0.05501073543192619
-0.10451516214193289
0.16780501564957645
0.10480291687234235
0.16216137050177853
0.37031298294663645
0.17789939144727704
-0.03440089254804112
-0.10779984229568704
0.1980203130614953
0.26557942209088914
0.17091654502202894
-0.0457927151111836
0.17473827044119
0.11410004379801796
-0.06816551152592164
-0.0726380549775893
0.20827162102979824
-0.2508768596915345
0.2984264981616051
0.103816200805427
0.20395297949688954
0.31768406341012356
0.23751835286504128
-0.11771478199458275
0.006578439173561201
0.04020268943966103
0.16242114716136008
0.22079000873442048
0.02849456928173992
0.057668391828008245
-0.05526840061603755
0.22017688374101946
0.11370090755941839
0.19696823171067093
0.1424111150968329
0.32089991629789383
0.24449231860369972
