0.28880824404995775
0.19390809744226062
0.051795027696377685
0.38983276884433804
0.3345849639308402
0.06520657363425729
0.14755252307646133
0.11424318086379862
0.04552171652143632
0.16076904904241704
0.23033631405742508
0.1268410958517024
0.1810445141533956
0.2716001253029548
0.2459560673410084
0.1148701245221135
0.4617158755277817
0.34083735422077555
0.2816904560834902
0.29307595837635475
0.22508362637207016
0.16653685123821532
0.15918463995348903
0.19205506573987596
0.2659335617390841
0.2792915553186497
0.149171315252613
0.09418742052821043
0.10745524859490224
0.3133875313925098
0.1179154971065715
0.2253368043850006
0.13781185317148234
0.03728916094690635
0.05041404030234478
0.01846293860053513
0.131692846802252
0.06624311641421787
0.32962706627979277
0.28832860527586696
0.29476279425029045
0.2921330334564392
0.14432203841322103
0.05985371456659737
0.1750705017988165
-0.037126102972509026
-0.1671829549148052
0.172509229393532
0.1265855882597697
0.13684240914283616
0.29550321416904696
0.07048352687572414
0.029033593386287734
0.3267870842102407
0.2182863940183551
-0.014202597990184442
0.23645005923202
0.29461550507921463
0.10778773172918944
0.006920841412379142
0.3412812399671662
0.10869979654174539
0.12496662141323292
-0.0057383422390390355
0.25249546844577525
0.1857092730943316
0.23325893413529955
0.2644577220727536
0.18395118898894272
0.16211588083755965
0.16531041685203057
0.2415414492663112
0.2753079616113572
0.35472985015649294
0.14741925805786132
0.037900193762108
0.2969177305250558
0.04127867641013613
0.14935644615168273
0.4328896209217414
0.2127716312098086
0.09999086349522472
0.23046656674963956
0.2794754579816194
-0.08466056359574917
0.2530716090794643
0.17432209203714105
0.1842206860170019
0.0937324432383423
0.30747178869314357
0.05641363770148298
0.20296094437975098
0.17999928660036205
0.26452628333753614
0.2736811725609337
0.25133709173039387
0.081341959014504
0.24343997537375325
0.24430974271783876
0.2656110725565967
0.30679196808166614
0.17889802394167398
0.08153304227993667
0.056645971829740946
0.19254712840878752
0.39932283149509273
0.08457676636436304
0.0862545914142196
0.06306846615059059
0.14542766651600944
0.23922915754494883
0.2199565088819041
0.19194474694232297
0.3341787775076624
0.029525640107063746
0.2467189092193476
0.17346100091171784
0.015655951620547896
0.25937803114106933
0.26733317147924496
0.17491974590878895
0.08778069536747786
0.30131809993049147
0.14333476710808013
0.19375682777338762
0.3227462185299913
0.3224340359440145
0.07610645253474864
0.279653533500929
0.14205884761308232
0.18025684819586055
0.2056129792386413
0.11939982212510596
0.3825618971712074
0.14450821100825523
-0.10613673648429753
0.016561004724948026
0.18313877413889126
0.06649676442791742
0.22801646637217177
0.3099774099490457
0.23854129627484327
0.3438701057315958
0.0909142818989632
0.42051915392740663
0.11221290052931204
0.10769971976589209
0.03205234898270446
0.37754030007180156
0.07661194029381956
0.1412213963051644
0.11936175920961234
0.030464185745862637
0.2691588441645494
0.2915821257948332
0.05678895501484273
0.32294161170335073
0.09553743472248193
0.3139678593783222
0.061851180157837936
0.1810985248853389
0.3117322246265883
0.13555724591860283
0.3070882998212262
0.07002707612841995
-0.10646147664022487
0.18146446489012188
0.3037959746230692
0.23675686846908217
0.24731989462352597
0.06954450082445127
0.06305331976459094
0.1514715103771283
0.08376166475432599
0.1855446963119004
0.03272435860276447
0.19769679687078748
-0.07350750624040887
0.15186500446682477
-0.01584873401386522
0.2328864490909401
0.21856275223873067
0.2847221026248912
0.22820280372682358
0.13263259287073795
0.23514044952811702
0.16252135571732734
0.06816561831731985
0.22657343279029113
0.05630454377112676
0.3715313657988083
0.2181887260214215
0.19713375075945685
0.2354684240041415
0.3724274363023161
0.2574515856792433
0.1047896634340632
0.20431332146561978
0.03801296357891297
0.30606877556068013
0.18978600747104998
0.06733848896292795
0.09581875303186971
0.22958832168083484
0.1336320598363828
0.16546372578819257
-0.0033378670738863523
0.044306210503556105
0.34852491878708525
-0.05859640979631183
0.030355835654965996
0.11773928476393804
0.1351501130989712
-0.07671780125207985
0.14396217603225603
0.11882254764690009
0.20377667251502807
0.3728664633345826
0.18517469087479227
-0.05481134451817826
-0.10470893957756808
0.19183476837469446
0.2719547675215851
0.184066079109874
0.009253153208000723
0.20619556611848322
0.11155436058659918
-0.06676451565399635
-0.07204601993367438
0.22311337716824206
-0.2584705076616853
0.2399590704733396
0.10925499613875873
0.2231459570488536
0.18357181160411032
0.2103908004552889
-0.07717490760176234
-0.0022638293342234273
0.08888776278375811
0.20081741321700494
0.21628651834706503
0.02445072296853244
0.01775764880560629
-0.0665431685405208
0.25414639384476606
0.1033884962841057
0.20275333663653003
0.16298656638333717
0.3194713688504779
0.2224382071565826
