0.5110148736998614
0.7508834911709621
0.7601857556358752
0.7537695705642298
0.7516382447548756
0.7502071447115425
0.7590408053075274
0.7460276544164469
0.23618459728300092
0.7503429646913401
0.7475661794841079
0.7563964855086786
0.7632775049417404
0.7475661794841079
0.7524786710931529
0.7537987131378264
0.7531351981319038
0.7437706660767547
0.7540851018066482
0.7506771556701324
0.7628448643784748
0.7489412277674193
0.7657543802737524
0.7632775049417404
0.7603969616302209
0.7506771556701324
0.7540080390428323
0.7531740030321021
0.7503003719041491
0.7524934343015639
0.7500488333882863
0.7488761327415817
0.7498307109057626
0.7539818396043514
0.7489563011471895
0.7490413317139932
0.7632775049417404
0.7541974348666111
0.7499357817395557
0.7580184322238258
0.7546326057329251
0.7540851018066482
0.1808734586640163
0.757116504238072
0.7508074331677997
0.7496832102026976
0.7489563011471895
0.3224823545375363
0.7531740030321021
0.7551172149588142
0.7522235330335942
0.7522033619050942
0.7513906778061533
0.7503568699912609
0.7516338698452919
0.7508834911709621
0.7540080390428323
0.7603969616302209
0.7567492736198016
0.7512132726805966
0.7528022792073731
0.7561702505654772
0.7580184322238258
0.7601857556358752
0.7556517196879132
0.7524022469212961
0.7480999135522507
0.7501542368530177
0.7535185042952459
0.7455985634926131
0.7492417044044696
0.7490285911345675
0.7481344115488692
0.7527136297309353
0.7522033619050942
0.7428380487090519
0.7495715661454777
0.7442527026454826
0.7498307109057626
0.29149409164307344
0.7573815616836762
0.7518790682662264
0.748008125067229
0.7437686915007792
0.7628448643784748
0.7399264715708918
0.7598564035997486
0.7486213261848755
0.7490395883307958
0.7540080390428323
0.7277585691270638
0.7657543802737524
0.7557654179466705
0.739369657221972
0.7532059868016421
0.7567492736198016
0.7502071447115425
0.7496297708149793
0.7544407951238321
0.7481344115488692
0.7543872526951484
0.7705336711583264
0.785999278240558
0.7589215482394521
0.7556517196879132
0.7441646170388321
0.7423492726632259
0.7544554474354183
0.7511510714400703
0.7489412277674193
0.752551124622934
0.22301444397064019
0.7532089818761808
0.750500121322224
0.7496832102026976
0.7504037354198124
0.7503568699912609
0.7590408053075274
0.7580184322238258
0.7534458495158199
0.3224823545375363
0.7540851018066482
0.7491196898919621
0.7460276544164469
0.3224823545375363
0.23618459728300092
0.7531617712282733
0.7288622874377919
0.7522114011474694
0.7399264715708918
0.7885130254271613
0.7524022469212961
0.7531351981319038
0.7445732135959725
0.7507579110850523
0.7474683672215291
0.7545499575805789
0.7492895088513741
0.750658467552503
0.7441320801122439
0.7581870635942282
0.7534458495158199
0.7537695705642298
0.7537695705642298
0.7490285911345675
0.6116945524850985
0.7514837076936338
0.7531351981319038
0.7288622874377919
0.7505393459178006
0.7450971682789463
0.7469728919640304
0.7476936479326648
0.7380921660991128
0.7491196898919621
0.7506771556701324
0.750658467552503
0.7528022792073731
0.7475661794841079
0.7455985634926131
0.7578948150545913
0.7628448643784748
0.1808734586640163
0.7538142981218819
0.7541974348666111
0.7507191147376182
0.6116945524850985
0.752437986384244
0.6648865042195902
0.7538325836909591
0.7437706660767547
0.7451188457077967
0.7499357817395557
0.7517705243535413
0.7512132726805966
0.7428763308425516
0.7508074331677997
0.7538142981218819
0.7488761327415817
0.7603969616302209
0.7510240682396437
0.7521731193116894
0.7466395806655676
0.08865208828962994
0.15653024016548844
0.7490395883307958
0.23618459728300092
0.7563964855086786
0.7442527026454826
0.7437112014989662
0.7497482905308885
0.7540325843893535
0.7587855406054972
0.7563031670746051
0.7489563011471895
0.7496468800896547
0.7572243806564374
0.7537987131378264
0.7508834911709621
0.7503429646913401
0.7488761327415817
0.7540734028376139
0.12897016367557168
0.7503568699912609
0.7507094118118303
0.7555503586871185
0.7505393459178006
0.7472884691717709
0.7499002678796995
0.7590408053075274
0.1990155722150566
0.7657543802737524
0.7515325360015432
0.7667880341306796
0.1990155722150566
0.7476936479326648
0.29149409164307344
0.7503023082956045
0.7856060889473895
0.7498643760269834
0.7489412277674193
0.7431249951514752
0.764095915558484
0.7515134016723427
0.7428380487090519
0.7524786710931529
0.7499002678796995
0.7504277332168813
0.7499882064868837
0.7373128498289361
0.2721591183852576
0.7498307109057626
0.7582355439806404
0.7504037354198124
0.2721591183852576
0.7516382447548756
0.7504277332168813
0.7441646170388321
0.7524934343015639
0.7567403578315343
0.7522235330335942
0.7563964855086786
0.7466395806655676
0.751893126901701
0.7679820289860294
0.6648865042195902
0.7498992195070141
0.7511394532583795
0.7511062144456395
0.7518898982135923
