0.501825128602369
0.7122814970433585
0.1928732473357267
0.7659469755948242
0.48913528763388964
0.6813499590434848
0.8642198272346944
0.8851596118532342
0.2189368437261774
0.6738724942508932
0.8594096909137074
0.8851596118532342
0.3562550570427213
0.4698228200686808
0.6981013918743104
0.8423046666743552
0.07076588106186174
0.6089060493690375
0.8403164177536174
0.711372961328083
0.798045629777379
0.6865721721139412
0.8248545271773587
0.8000412802561306
0.7579733864716314
0.21937200709010551
0.8713550095887037
0.6738724942508932
0.7238048637281725
0.8707350299021543
0.6319719354293645
0.11473588026257525
0.875038985781585
0.8146306889040792
0.08366518992792767
0.23041204559413397
0.8000412802561306
0.11473588026257525
0.7798931383166391
0.7745589739731739
0.07573072822311051
0.8865904488628844
0.7267476904551514
0.14226318591524426
0.8106644440729014
0.8592895519243416
0.11473588026257525
0.798045629777379
0.23584971200964788
0.13220839984387392
0.7386121090949952
0.7908215682425269
0.5234034427126085
0.8640878289552517
0.6873612829758476
0.8642198272346944
0.7579733864716314
0.7692659115644893
0.8419291567777288
0.14668312715225884
0.6701576606607419
0.2189368437261774
0.810854905280773
0.8809518082677887
0.7386121090949952
0.051206535813192705
0.8383744790173828
0.1692882390615134
0.2915081560596616
0.7122814970433585
0.15995510456756348
0.5361849672575065
0.7659469755948242
0.6319719354293645
0.13624286889835463
0.7692659115644893
0.875038985781585
0.7908215682425269
0.051206535813192705
0.7122814970433585
0.8091484063459401
0.10565701604865164
0.3562550570427213
0.7996902679982498
0.8403164177536174
0.5401687412890865
0.8594096909137074
0.23409205842881012
0.6958167338258384
0.714209825283811
0.7159099429969844
0.8713738904758498
0.2231175123676718
0.711372961328083
0.3562550570427213
0.8767222729830007
0.40269315724242466
0.8291276212473525
0.8713550095887037
0.883290436807252
0.16359634981289645
0.2993038238345231
0.8113794290713647
0.8659968748187946
0.9208857647460754
0.7659469755948242
0.0967999177945746
0.07076588106186174
0.7159099429969844
0.6587869071754411
0.7579733864716314
0.11177149912475826
0.25535042433662314
0.6454501863504386
0.6319719354293645
0.6382775429001499
0.16968124052892622
0.7616112447234155
0.810854905280773
0.834346322777338
0.3562987038510598
0.9888682601585214
0.8091484063459401
0.6375351649633646
0.3562987038510598
0.7147876122438157
0.2563016966143855
0.6334188536555617
0.8875518323790534
0.5401687412890865
0.207089251403951
0.770994651419634
0.8856290653467153
0.5323563528296221
0.8865904488628844
0.7267476904551514
0.6738724942508932
0.8288592397441271
0.8330928170628038
0.798045629777379
0.810854905280773
0.21937200709010551
0.7153300995463242
0.6087370575201676
0.8248545271773587
0.620659823638077
0.11473274078839223
0.46274610281423434
0.7238048637281725
0.28361937626259603
0.25535042433662314
0.6805381896968243
0.5621861628169305
0.60272928133212
0.8288592397441271
0.8106644440729014
0.6805381896968243
0.711372961328083
0.2189368437261774
0.8865904488628844
0.5202046187973539
0.5413694809935516
0.23041204559413397
0.0967999177945746
0.6424331541440305
0.8251379180971151
0.60272928133212
0.7489834566742686
0.6523430575031173
0.08366518992792767
0.48913528763388964
0.5985946514480694
0.8330928170628038
0.07076588106186174
0.8423046666743552
0.1928732473357267
0.23584971200964788
0.8403164177536174
0.1928732473357267
0.8424768824364223
0.8462865127298969
0.7483857130398105
0.7464098730320122
0.07573072822311051
0.08994296796330506
0.7179924020607943
0.3158389544005134
0.4388399171187081
0.6287599604573568
0.0747664408634846
0.7631941658694794
0.2531128091485201
0.6089060493690375
0.792838546398467
0.28971412941224234
0.40269315724242466
0.6289094314151992
0.8401132347717256
0.6981013918743104
0.6334188536555617
0.6397622987737206
0.8633816456269711
0.1692882390615134
0.8713550095887037
0.501825128602369
0.8828532462042245
0.7839226160762597
0.6865721721139412
0.7147876122438157
0.8642198272346944
0.7980744928769425
0.7122814970433585
0.8423046666743552
0.5361849672575065
0.2777374683478701
0.3215445532787798
0.2915081560596616
0.4698228200686808
0.8851596118532342
0.6813499590434848
0.5401687412890865
0.07573072822311051
0.7489834566742686
0.7464098730320122
0.7054390060661748
0.12089466973693846
0.5847660189308548
0.1310275791630446
0.06743586287056019
0.654974808166976
0.2915081560596616
0.33640171252504036
0.8419291567777288
0.7580411513575945
0.23041204559413397
0.7460560155435454
0.8146306889040792
0.8831788859324557
0.6565466161021202
0.208232290334436
0.5621861628169305
0.875038985781585
0.6009475456107263
0.6572609120207948
0.9208857647460754
0.6981013918743104
0.6563186517507921
0.6454501863504386
0.6089060493690375
0.8594096909137074
