0.5110148736998614
0.7117186437722691
0.7572825473927374
0.7543178060018315
0.7443581458198766
0.7425138655564184
0.7782240242211415
0.7335974037505114
0.7452457138175749
0.7537802553408852
0.7576481118619416
0.7526275701108537
0.7665910803960378
0.7598216594501226
0.7251350674642317
0.7489734173967925
0.7273245132525892
0.7425911792319236
0.7330105218347925
0.7739180091496118
0.745057189559185
0.7923393204934276
0.7572825473927374
0.08128151896388187
0.3011615782719813
0.7346713399338692
0.7467433327605814
0.7548170734901917
0.7684721183437052
0.7746355910660603
0.7409244256916502
0.759367529593934
0.7649803480953073
0.7435481209116577
0.7335974037505114
0.7432219149292847
0.7445732135959725
0.08128151896388187
0.7449826302648227
0.7502595310199859
0.7765872813016536
0.7423775492802592
0.7085978951242008
0.7518921422794422
0.7206909944142792
0.2637896436952504
0.7424647214088437
0.3562987038510598
0.5110148736998614
0.7823507162358044
0.1692882390615134
0.748067988944193
0.7598216594501226
0.8196352256104581
0.7569235067792134
0.7752040536228958
0.7649803480953073
0.7406235808418384
0.7572153274169479
0.7611883982353775
0.7568425400973587
0.8298444316714182
0.16673795532373747
0.7548400576802644
0.7543178060018315
0.7572153274169479
0.7431584137781262
0.7452179909224642
0.7432219149292847
0.7367751815377823
0.7328390177548393
0.5361849672575065
0.2326680512944989
0.7409244256916502
0.7496401388411915
0.7425138655564184
0.7684721183437052
0.7576481118619416
0.08128151896388187
0.3011615782719813
0.8061667146752888
0.7335974037505114
0.22301444397064019
0.7403823915349892
0.7765872813016536
0.7117186437722691
0.7746355910660603
0.7467433327605814
0.7425911792319236
0.7629463189704877
0.7071958723363527
0.8123020374071555
0.23618459728300092
0.7715472260808548
0.774345389693129
0.766429893879016
0.7449826302648227
0.7452179909224642
0.7787868391241468
0.758565999411974
0.7684947897173978
0.7752040536228958
0.8229189967624134
0.7899429848800228
0.7912914634100693
0.7432219149292847
0.7423775492802592
0.16673795532373747
0.745057189559185
0.7452457138175749
0.7782240242211415
0.22301444397064019
0.2297340010831631
0.7496401388411915
0.7572153274169479
0.7406235808418384
0.7330105218347925
0.7765872813016536
0.7374824660522328
0.759367529593934
0.3562987038510598
0.7834215985067546
0.7188599768231871
0.7489734173967925
0.3562987038510598
0.23618459728300092
0.2563016966143855
0.7095639141104909
0.7878232779282586
0.712075196511758
0.8118318219988173
0.7443581458198766
0.775590559030958
0.7445732135959725
0.7561929117034722
0.7445639712240946
0.7636265365852668
0.7275247814030048
0.7453379568504216
0.7117186437722691
0.7782240242211415
0.7739180091496118
0.7453379568504216
0.7328391419459516
0.7435481209116577
0.6116945524850985
0.7424647214088437
0.7514934851749642
0.7239619752119619
0.7746355910660603
0.7346713399338692
0.699689177724267
0.5621861628169305
0.7095582714987921
0.7425911792319236
0.7443581458198766
0.7175134528765588
0.7684721183437052
0.2189368437261774
0.779489583616047
0.7861664233897265
0.749159562286295
0.230719338164988
0.7183641552862996
0.8162334235035632
0.7665910803960378
0.6116945524850985
0.7484433522133621
0.5821787561613018
0.7206723593880039
0.5821787561613018
0.7367338489994727
0.7894689564193124
0.7836284837034094
0.7611883982353775
0.7403823915349892
0.7425138655564184
0.7636265365852668
0.7251350674642317
0.758565999411974
0.7598216594501226
0.7405486527847057
0.7095582714987921
0.08865208828962994
0.15653024016548844
0.7708117863498177
0.23618459728300092
0.766429893879016
0.712075196511758
0.7220029678004938
0.7678745963619682
0.2297340010831631
0.765863288693757
0.7452457138175749
0.7424647214088437
0.7352213554016621
0.7692102721186321
0.7661581505514604
0.7346713399338692
0.7472276982230077
0.7429918939690069
0.7646322630331079
0.1692882390615134
0.7715472260808548
0.7615416580910073
0.7678745963619682
0.7537802553408852
0.7392072924040854
0.7600737886556991
0.8086050593128192
0.7665440524945669
0.7311874275552354
0.7902711656479068
0.7467433327605814
0.23089268348300804
0.7246803523235451
0.3011615782719813
0.775590559030958
0.8229189967624134
0.7273154221364156
0.7431584137781262
0.08865208828962994
0.7615416580910073
0.7560921581753323
0.7207377140442603
0.7665910803960378
0.7220029678004938
0.1310275791630446
0.7489734173967925
0.7222049769330257
0.2326680512944989
0.7445639712240946
0.7878232779282586
0.7493972461414434
0.230719338164988
0.7746786611276829
0.7621826118574112
0.7823507162358044
0.7502595310199859
0.7632065533892045
0.7222049769330257
0.7928443202435475
0.7444296822221057
0.714211945466839
0.8298444316714182
0.7273154221364156
0.7662267225954237
0.7493972461414434
0.7559665624689167
0.7823507162358044
