0.3442363810592048
0.3443798743327835
0.3442833048718072
0.3442818166580312
0.34424090045151184
0.34430995216914356
0.3443080885924054
0.34432402831097536
0.34427879132734523
0.3442295356823491
0.3442660034347707
0.34431185086137034
0.3442779717288163
0.34436199298077175
0.3442717179516778
0.34426833054671463
0.3442784200791336
0.34435246151651083
0.34427154655193043
0.3442852122806377
0.3442634399066613
0.34430663271336465
0.34442087107246905
0.344314497651077
0.7520493135677846
0.34421919758305686
0.34433889814777485
0.34430995216914356
0.34422853928088015
0.34422853928088015
0.3442893073357218
0.7545593995417335
0.34426760208445817
0.34428429842262687
0.34427879132734523
0.3442111739948627
0.34424090045151184
0.34431191162232055
0.34452929361662415
0.3444146670630072
0.34431699494039997
0.3444162932611106
0.3442974752234936
0.34419834639364444
0.344328014043445
0.3443666867834694
0.3443080885924054
0.34426333582867713
0.3442314603755691
0.7520493135677846
0.34431532247793867
0.34434951449915885
0.3442295356823491
0.3457358375020712
0.3442586119859246
0.34428416020348435
0.34439899610819974
0.7520493135677846
0.3442525594684487
0.34422853928088015
0.34485071411979334
0.3442717179516778
0.34430663271336465
0.3443787124258438
0.34539577292994694
0.3446961385448753
0.34424891000548735
0.3441153258037051
0.34439748637788936
0.34430063225065793
0.34431107747777917
0.3442288630277605
0.344191579684209
0.34422808441261865
0.3442486637974
0.34442087107246905
0.34422425937066975
0.3442431652757193
0.34424311919474343
0.34428416020348435
0.3442717066782445
0.3442113685629146
0.3442339204493649
0.34431107747777917
0.3442612567793502
0.34429918914389696
0.34424331582776574
0.3442295356823491
0.3442525594684487
0.3442833048718072
0.34428429842262687
0.34412047121306444
0.344364400928515
0.34433773312934823
0.3442486907346705
0.3442734211352525
0.34421919758305686
0.3445018757516303
0.34426833054671463
0.34422223403296864
0.3442288630277605
0.34427905106861595
0.344224080226702
0.34418333591859795
0.3442297839126895
0.3442717066782445
0.3442931972478376
0.34429143634152753
0.34424713260962747
0.34453175286496823
0.3442779717288163
0.3442833048718072
0.34388074111943906
0.3443798743327835
0.34426566926896
0.3442634399066613
0.3442446376267682
0.34426760208445817
0.34419465189753146
0.3442634399066613
0.3442741772837146
0.34433889814777485
0.3442660034347707
0.3471020476537153
0.3442586119859246
0.3442404477372315
0.344469427770938
0.34453175286496823
0.3443972953929186
0.34424379354147394
0.34431191162232055
0.34429772733337444
0.34434964926977035
0.3441988278960739
0.34424090045151184
0.3442419599619752
0.3443180468985614
0.34428429842262687
0.3445461009831154
0.34431626560887435
0.3443146843620555
0.3443666867834694
0.34432853479531017
0.34423093893797385
0.3442612567793502
0.3442800502511691
0.34424311919474343
0.3445970320479373
0.3443300421671614
0.34431532247793867
0.34438673865184444
0.34436199298077175
0.34539577292994694
0.34426669390308784
0.34431886059708305
0.34434951449915885
0.34426958895228493
0.3443232864388717
0.3443022119336178
0.7545593995417335
0.34426920699639446
0.34424891000548735
0.3442419599619752
0.3442818166580312
0.344282069454444
0.3441726074639319
0.3442049689465409
0.34445536363517376
0.34426833054671463
0.3441988278960739
0.34431626560887435
0.3442234495192733
0.34422157715259694
0.3442641982765419
0.3442604142789458
0.344335169165456
0.34435773379667056
0.34433316452395557
0.34432402831097536
0.3442505375093261
0.34428876109090556
0.34420117430589914
0.34435882536193557
0.3442363810592048
0.3442943769686322
0.34436488686816424
0.3443798743327835
0.3443691126434547
0.34423853966037554
0.3446961385448753
0.3443691126434547
0.34429143634152753
0.3443178707070424
0.34431699494039997
0.34427054406805346
0.34431886059708305
0.3442207842554841
0.3442113685629146
0.34423989178649256
0.34449424403103257
0.7545593995417335
0.34426493528469376
0.34433316452395557
0.344335169165456
0.34428876109090556
0.3442974752234936
0.7520493135677846
0.3442641982765419
0.34417464355221433
0.34436199298077175
0.3443146843620555
0.34427879132734523
0.34431532247793867
0.34424713260962747
0.3447108429365377
0.34424331582776574
0.34439899610819974
0.3442288630277605
0.34409892783586155
0.34430918639885594
0.3442818166580312
0.34431185086137034
0.34429850284525293
0.34429850284525293
0.344282069454444
0.34423853966037554
0.34429536677076555
0.34427154655193043
0.3443490010405585
0.34432066840425907
0.3445700885453686
0.34428549708600703
0.3442430422480765
0.344328014043445
0.3443129423957219
0.3441726074639319
0.34425289632209083
0.3443129423957219
0.3442871180059986
0.34437075191823946
0.34430995216914356
0.3443113915561493
0.34437580544200275
0.34419420611487284
0.34442087107246905
0.3443568486174427
0.3443415633046234
0.3446449860054142
0.3442778151984586
0.3443080885924054
