0.5766178195318378
0.1900448551564171
0.204631695380908
0.6224403038796721
0.2042485762427835
0.1900448551564171
0.20026456323053488
0.6443796152312596
0.2215353822138156
0.8500927092448393
0.2043048008113815
0.19768545876194069
0.19326725460123853
0.903491104960005
0.2248462905739441
0.20311193230912222
0.2037430602421099
0.20060226057648078
0.20869784822893142
0.20060226057648078
0.5537799893094063
0.2105680346579172
0.19870997037361315
0.17961076186059818
0.2248462905739441
0.19569602320871002
0.1775095126540858
0.7757637975385485
0.204631695380908
0.28662574109709765
0.5806762631672742
0.19950764608243085
0.20270865342744282
0.6224403038796721
0.28662574109709765
0.6224403038796721
0.19457411956171225
0.2027011262311409
0.19950764608243085
0.20753138347686337
0.7668212374325255
0.2042485762427835
0.2043048008113815
0.6207549708921507
0.7241572221995032
0.19766502125879393
0.23115170622937944
0.19766502125879393
0.4479819932538045
0.20270726227472335
0.20869784822893142
0.7241572221995032
0.8319714303453785
0.1862716086802866
0.19514004116933586
0.20114376139556478
0.19918896382230558
0.20472841812857737
0.19565082673317594
0.19856865039620278
0.19398283755617876
0.20296787477131023
0.7376805611555116
0.8782260160595792
0.1945073871004439
0.20472841812857737
0.20931564461063357
0.21265008635227758
0.2105680346579172
0.16551254446822314
0.20931564461063357
0.23115170622937944
0.57187929954662
0.1945073871004439
0.19928867300255582
0.8055423167281642
0.20123051568238162
0.20575940498005535
0.8766962881909692
0.19737025642562214
0.24388033354028538
0.204631695380908
0.2141021539894882
0.8500927092448393
0.8450769322057077
0.2016796989926708
0.8055423167281642
0.23115170622937944
0.20491912345948968
0.8556167175341282
0.25105479914519274
0.6559557115653321
0.5800384596876722
0.2578739648037552
0.20472841812857737
0.19569602320871002
0.21118641906093705
0.19565082673317594
0.17961076186059818
0.16551254446822314
0.20211219807962721
0.2042485762427835
0.7376805611555116
0.6443796152312596
0.2002637604697855
0.7342780913512009
0.1960031576568108
0.5645941128825325
0.188704972822195
0.20270726227472335
0.6591286686449056
0.20026456323053488
0.1851823356936969
0.20753138347686337
0.2105680346579172
0.198870672297858
0.19398283755617876
0.7152238627438139
0.20296787477131023
0.7757637975385485
0.19784542220840717
0.22324243200379923
0.21370133110648257
0.2578739648037552
0.6148590734246134
0.25444750323951876
0.19500931038919
0.19900693345547543
0.21169177787300852
0.7158656453988025
0.6801138870545508
0.20931824300768367
0.1944545540563705
0.8581230264207214
0.2027011262311409
0.1939988276645872
0.9575686144149953
0.20753138347686337
0.18972253599126954
0.7072439922636717
0.203991444138367
0.25444750323951876
0.22324243200379923
0.5774449728990847
0.5697291464281907
0.1944545540563705
0.5774449728990847
0.7342780913512009
0.8381506288341416
0.2392084634615674
0.6936136089219445
0.19436638058935193
0.08563413457931543
0.18499995274489145
0.20356645365056178
0.6559557115653321
0.2161504929824487
0.20388048421398566
0.7757637975385485
0.20270865342744282
0.55520241684405
0.1945073871004439
0.18816854242645198
0.19607091802429613
0.7072439922636717
0.1976304331218448
0.8148293460642316
0.20311193230912222
0.20356645365056178
0.7714641068886828
0.19326725460123853
0.20060226057648078
0.19900693345547543
0.20405683922374465
0.8148293460642316
0.21265008635227758
0.6441173313997146
0.728597541042327
0.19785466595593712
0.20931824300768367
0.19768545876194069
0.8030696882672235
0.19992686588458897
0.903491104960005
0.2215353822138156
0.08563413457931543
0.8632144062008111
0.5962374129629183
0.2001439807745376
0.18245331898850198
0.1936057899347588
0.55520241684405
0.8224360343398983
0.5190648730016861
0.8452445055663915
0.17269871207793602
0.21169177787300852
0.17091716037948437
0.2037430602421099
0.22256392389797536
0.19569602320871002
0.20898137944846482
0.19768545876194069
0.19746828808536843
0.903491104960005
0.1900448551564171
0.19857840724196066
0.19500931038919
0.198870672297858
0.5537799893094063
0.20420878254879096
0.19796458382794466
0.6801138870545508
0.5682199623651848
0.2248462905739441
0.8556167175341282
0.28662574109709765
0.1775095126540858
0.6443796152312596
0.21287188424121176
0.21958766721677475
0.8500927092448393
0.8476145215101711
0.17313933926414501
0.18245331898850198
0.7714641068886828
0.5165430457835352
0.8581230264207214
0.19807945973810837
0.20898137944846482
0.19740994583350427
0.17653120581365067
0.8632144062008111
0.8224360343398984
0.1775095126540858
0.2161504929824487
0.1853555182197568
0.19326725460123853
0.1939988276645872
0.26648490394313457
0.5190648730016861
0.6591286686449056
0.2001439807745376
0.5537799893094063
0.2215353822138156
0.1976304331218448
0.21118641906093705
0.566717509474544
0.205556642472763
0.7241572221995032
