0.6876826770737328
0.33510680312874036
0.3711539673706945
0.868213572367651
0.3623497462107665
0.868213572367651
0.3251384238314015
0.39402771304682016
0.35669527603976775
0.39402771304682016
0.33049658679024
0.8437030481260736
0.8256815025552053
0.868213572367651
0.5379538993437427
0.7882297038275926
0.3623497462107665
0.40259587437796507
0.36576842498308926
0.7223357930755391
0.3272101318447068
0.7495584427511437
0.30695594771158285
0.7972912684106581
0.31832541552860033
0.7370538304949585
0.5293569691874226
0.7223357930755391
0.30695594771158285
0.39301417374304415
0.635574268612634
0.21405157826073612
0.8404374214652122
0.8404374214652122
0.31348500305135374
0.2662875921200911
0.4439902779932119
0.2662875921200911
0.3251384238314015
0.485309922180508
0.4512760261227782
0.7518113688766652
0.33510680312874036
0.34909407099039885
0.3051402566596357
0.7915672165209562
0.5494197400214506
0.814247494736118
0.43806894061629453
0.31348500305135374
0.7495584427511437
0.32269187792267834
0.7223357930755391
0.7937767974353063
0.8494958393458605
0.7495857264796046
0.32349337083267504
0.7910002796574902
0.33967505073441445
0.35669527603976775
0.4767687253130281
0.8305509769513145
0.39402771304682016
0.9064724125938528
0.4439902779932119
0.5494197400214506
0.868213572367651
0.43932329408564813
0.410137612868641
0.4439902779932119
0.8486431355048705
0.485309922180508
0.6919001244215531
0.3991180651727029
0.866780036882701
0.8318321456487414
0.5225628614213274
0.3253807109125415
0.7518113688766652
0.7612573867865187
0.8087285471596105
0.2830235084194662
0.8129769248116667
0.48375972580301857
0.7910002796574902
0.35669527603976775
0.39301417374304415
0.06244417878665903
0.3770087941777609
0.5176052963504942
0.9101589714552827
0.4358782708454893
0.4197513708113996
0.43932329408564813
0.4846746421892862
0.39301396984876713
0.3051402566596357
0.32269187792267834
0.3266134099091769
0.3429165116706137
0.19328185037407467
0.804995443346286
0.4420412809223072
0.38606545706057793
0.8317629493329821
0.7838240256317031
0.8136163761604266
0.2830235084194662
0.2812046570891933
0.865376313752265
0.34213390108206004
0.48375972580301857
0.4428832260827411
0.3991180651727029
0.4512760261227782
0.615984986723088
0.2925450384905152
0.7958257898747156
0.796043711542082
0.845947121760171
0.8228957474682097
0.7838240256317031
0.4109224164421746
0.2060137758752396
0.5379538993437427
0.43060933563840176
0.8228957474682097
0.25225767000355515
0.8581518918768678
0.7838240256317031
0.3711539673706945
0.8087285471596105
0.32994804750203766
0.08946745011983148
0.8992472640217452
0.8581518918768678
0.6115663629487251
0.0765214202364849
0.32921651805472807
0.3262526369322563
0.5176052963504942
0.845947121760171
0.5747706576090738
0.21405157826073612
0.0826841838367534
0.360118334117776
0.6919001244215531
0.7999452787816534
0.19713207707637312
0.1863326920361535
0.8404374214652122
0.34257731109380546
0.25823660127678116
0.28395723437870873
0.34257731109380546
0.3711539673706945
0.8136163761604266
0.5315970707896623
0.9650818057272886
0.8147834325364826
0.4772507316767481
0.5494197400214506
0.7937767974353063
0.41333233222775606
0.1863326920361535
0.3429165116706137
0.5533449372661581
0.8758861476630334
0.33049658679024
0.4350243551735125
0.30272719579791896
0.3262526369322563
0.38606545706057793
0.3251384238314015
0.7875563604308585
0.42836618767825674
0.8305509769513145
0.31068374001022986
0.5915729095048761
0.7999452787816534
0.3770087941777609
0.47606382556737525
0.4420412809223072
0.8115297014781676
0.4846746421892862
0.6837477845921269
0.4109224164421746
0.485309922180508
0.7972912684106581
0.5293569691874226
0.28395723437870873
0.31348500305135374
0.36564905280609244
0.6729705542180013
0.3343093222918098
0.4350243551735125
0.31542466208259917
0.33752450243647353
0.42836618767825674
0.08946745011983148
0.6729705542180013
0.8147834325364826
0.3865413847450262
0.796043711542082
0.19713207707637312
0.7370538304949585
0.06244417878665903
0.8230217532061121
0.19328185037407467
0.32269187792267834
0.7958257898747156
0.5315950306242583
0.4772507316767481
0.41333233222775606
0.9064724125938528
0.7623838879887785
0.36564905280609244
0.3272101318447068
0.36576842498308926
0.3197491867207597
0.740480844543134
0.6467219354772241
0.5915729095048761
0.8272782366899345
0.2662875921200911
0.35480798098761257
0.43010892412204205
0.9064724816269283
0.6115663629487251
0.8486431355048705
0.410137612868641
0.32203971932689535
0.8404374214652122
0.4586298210934755
0.30272719579791896
0.3266134099091769
0.4767687253130281
0.5494197400214506
0.2887641741074662
0.0826841838367534
0.5611789359479658
0.9101589714552827
0.5796668581687289
0.8332465625373193
0.814247494736118
0.6879356694553653
0.4512760261227782
0.8332465625373193
0.6876826770737328
0.5315950306242583
