0.6147194148965335
0.5829397719778223
0.4878903894990168
0.19747267104723668
0.5855042441938019
0.8159206151472841
0.5021363917686222
0.8504530374610243
0.6147194148965335
0.6295642688853936
0.8159206151472841
0.8584785302252331
0.3264710738681709
0.8878690248364096
0.6295642688853936
0.0765214202364849
0.8784858297672936
0.13112959616578568
0.2371187567133239
0.8351844462186983
0.2862914127558137
0.8412058655431338
0.5829397719778223
0.4862365681671171
0.306273943052966
0.8376169183746094
0.6081820044696631
0.3751917502951098
0.2371187567133239
0.2960362558117496
0.6841599504625316
0.24347990476358095
0.8464095840509137
0.1996829455567738
0.24733245949862037
0.2148768316184185
0.8597381196351198
0.20844233739813522
0.47249804112841426
0.5126602154515612
0.682490284096921
0.6909028960836521
0.5877876544552363
0.4619927003446139
0.8650998030322496
0.9635827902719258
0.2813847993458386
0.7526125817330086
0.4619927003446139
0.220413438077854
0.9028456120517587
0.8638387950699836
0.4619927003446139
0.760436168844871
0.8503249026109785
0.5460110400250788
0.8160645854336336
0.2355570154088896
0.847574631854422
0.2106517673759409
0.46820289840088847
0.7876479330478849
0.86809976486445
0.9064488723151135
0.5695449090070762
0.32683748984499233
0.8648072539747906
0.43633237471996184
0.8597381196351198
0.38543906077531986
0.804752042509047
0.4615797401493713
0.6897015263203795
0.4862365681671171
0.8584785302252331
0.760436168844871
0.48630238108208723
0.19747267104723668
0.7669447710543476
0.016230551581484343
0.31214173647362714
0.24733245949862037
0.8339682101407426
0.40883624459814366
0.8721721399240235
0.1402837820151602
0.2148768316184185
0.06244417878665903
0.12296496523647574
0.4942354420889396
0.9101589714552827
0.44549561931274445
0.540423560606924
0.41729129680096216
0.6755069851253452
0.2718302490156721
0.0694101410246063
0.8638387950699836
0.37584931392934234
0.17562239202321037
0.10071984670072909
0.5561621009681154
0.48130924084414217
0.8878690248364096
0.2148768316184185
0.6760925476685873
0.8205629961736078
0.32683748984499233
0.5855042441938019
0.8721721399240235
0.1534969053899545
0.5695449090070762
0.44549561931274445
0.4862365681671171
0.8339682101407426
0.7093858835456499
0.2813847993458386
0.8784858297672936
0.8142670252058257
0.8504530374610243
0.7747905151367948
0.2557253837315925
0.5481329052512414
0.16262814462247194
0.539834792168834
0.43633237471996184
0.8580169382506124
0.38543906077531986
0.8084573237020838
0.6760925476685873
0.29684425012929005
0.8529165524481674
0.2862914127558137
0.08946745011983148
0.8992472640217452
0.910273865038495
0.6147194148965335
0.0765214202364849
0.31214173647362714
0.3076258331466641
0.4942354420889396
0.8672931659528448
0.5747706576090738
0.1683896154293106
0.012717291352179028
0.43175075242357047
0.6292251540597334
0.5829397719778223
0.19144337459925304
0.13672088910248764
0.8464095840509137
0.21214819708537033
0.19747267104723668
0.2106517673759409
0.2803877825091457
0.8672931659528448
0.8205629961736078
0.540423560606924
0.9650818057272886
0.7669447710543476
0.40287458044974833
0.24190262789988198
0.21558743297785263
0.5536679995086261
0.2316349109547923
0.4619927003446139
0.539834792168834
0.9022764559802063
0.8504530374610243
0.5021363917686222
0.19630548540544906
0.3076258331466641
0.3751917502951098
0.47249804112841426
0.7215729697695236
0.4534701859372272
0.8734540208547441
0.8783187030448519
0.5915729095048761
0.7138258180738611
0.5021363917686222
0.6081820044696631
0.48130924084414217
0.8054093804758744
0.6841599504625316
0.682490284096921
0.5481329052512414
0.5126602154515612
0.7526125817330086
0.5561621009681154
0.2803877825091457
0.220413438077854
0.29684425012929005
0.6729705542180013
0.8529165524481674
0.4615797401493713
0.4619927003446139
0.5877876544552363
0.4534701859372272
0.08946745011983148
0.6729705542180013
0.8268107148011317
0.3865413847450262
0.8142670252058257
0.8166226637717331
0.6436251056012482
0.06244417878665903
0.8191565389832997
0.27144719988452437
0.23418738169702716
0.8580169382506124
0.531593670513989
0.46372284970504163
0.2371187567133239
0.9064488723151135
0.7623838879887785
0.29684425012929005
0.8720267577648502
0.4878903894990168
0.3197491867207597
0.6292251540597334
0.13651055829841763
0.5915729095048761
0.2813847993458386
0.1996829455567738
0.2862914127558137
0.9851676438627982
0.9065195621844071
0.7404039995809952
0.804752042509047
0.34021690132564486
0.16098837114056808
0.8412058655431338
0.4586298210934755
0.40162244053503104
0.37584931392934234
0.46820289840088847
0.5855042441938019
0.29613200990169597
0.15265107632132777
0.5611789359479658
0.9101589714552827
0.5796668581687289
0.8649535285035201
0.7012134019397539
0.6354673393297355
0.34021690132564486
0.8649535285035201
0.13672088910248764
0.531593670513989
