0.5095471726328443
0.820576952206765
0.44452769084354254
0.881464270504606
0.2752929340274673
0.8406482768791639
0.44452769084354254
0.8494808618494883
0.2752929340274673
0.8255022622226492
0.8481587090116459
0.8750815435401688
0.5206268359868976
0.35480798098761257
0.5225628614213274
0.0765214202364849
0.21856801090898226
0.21318588253989557
0.2623941096692086
0.36630417864015863
0.3910460539240064
0.3491465448673185
0.3253807109125415
0.46934627430168624
0.3320276636735716
0.8311305768931099
0.6837477845921269
0.4614538505744797
0.2752929340274673
0.35657269198038155
0.5937005256196685
0.1986831644517192
0.8465977890822393
0.203175246270612
0.31803289645218585
0.1986831644517192
0.8406482768791639
0.203175246270612
0.46881664427710273
0.5126602154515612
0.4578708055057889
0.6332428014580653
0.5854700095348766
0.43877796242421563
0.3058034693957103
0.8406482768791639
0.304734244560724
0.2707503970863327
0.43877796242421563
0.3114274921482889
0.8401239836296809
0.37858425904957776
0.3491465448673185
0.7928941515392846
0.8503889700360014
0.5086540092910531
0.8393144790711613
0.2707503970863327
0.857837198359436
0.28335456611916776
0.42682097958810417
0.8305509769513145
0.857837198359436
0.9064720674284754
0.5145696542780245
0.304734244560724
0.8589607688186063
0.41473228209906243
0.8458627855139905
0.42682097958810417
0.8426863745432304
0.44177869364607475
0.6919001244215531
0.8318321456487414
0.8584785302252331
0.8318321456487414
0.5225628614213274
0.3253807109125415
0.7669447710543476
0.1658442658303447
0.31803289645218585
0.31803289645218585
0.8284105832299233
0.4891905768026099
0.8755430979140139
0.2199603799370599
0.2004801774555226
0.06244417878665903
0.28335456611916776
0.5206268359868976
0.9101589714552827
0.40959446992664644
0.5146542688944227
0.5086540092910531
0.6499422374764653
0.2718302490156721
0.21856801090898226
0.3058034693957103
0.3473924920550631
0.7457207719644504
0.18608352329262673
0.4888948381648644
0.48130924084414217
0.6919001244215531
0.39375067126169155
0.6760925476685873
0.8440814268348764
0.2774468529740756
0.6499422374764653
0.881464270504606
0.7457207719644504
0.4891905768026099
0.47606382556737525
0.46934627430168624
0.8571219791023152
0.6967729170040908
0.2892503458579103
0.8571219791023152
0.7975548496660524
0.8494808618494883
0.7604729101667229
0.34352696886654216
0.5262167523445614
0.1658442658303447
0.5533449372661581
0.42845958504951975
0.8303580668038233
0.34352696886654216
0.881464270504606
0.6760925476685873
0.34959531090073487
0.8461155157596644
0.35480798098761257
0.08946745011983148
0.8992472640217452
0.881464270504606
0.6147194148965335
0.0765214202364849
0.31214173647362714
0.33196028198531247
0.5145696542780245
0.8588410679944232
0.5747706576090738
0.1699361394996804
0.0826841838367534
0.881464270504606
0.6919001244215531
0.8559447676415101
0.19144337459925304
0.1699361394996804
0.8303580668038233
0.34959531090073487
0.1986831644517192
0.28395723437870873
0.366665102524538
0.41473228209906243
0.820576952206765
0.524399139650221
0.9650818057272886
0.7669447710543476
0.4231239754182212
0.5855042441938019
0.5206268359868976
0.43877796242421563
0.2014813677771295
0.366665102524538
0.5533449372661581
0.9022764559802063
0.8494808618494883
0.5021363917686222
0.2561003131607707
0.33196028198531247
0.4209864018551036
0.46881664427710273
0.7536429122435452
0.44452769084354254
0.8305509769513145
0.3058034693957103
0.5915729095048761
0.7138258180738611
0.5021363917686222
0.47606382556737525
0.48130924084414217
0.8465977890822393
0.6499422374764653
0.6837477845921269
0.5262167523445614
0.5126602154515612
0.7895870934750301
0.5497135097908505
0.28395723437870873
0.21318588253989557
0.35422825370857586
0.6729705542180013
0.8461155157596644
0.44177869364607475
0.2563582062212909
0.8350974583213223
0.42023873740998235
0.08946745011983148
0.6729705542180013
0.8268107148011317
0.3865413847450262
0.7975548496660524
0.20654430763478163
0.7075125728684061
0.06244417878665903
0.8187761126479931
0.2004801774555226
0.23418738169702716
0.8255022622226492
0.531593670513989
0.4231239754182212
0.2591544151801962
0.9064720674284754
0.7623838879887785
0.29684425012929005
0.8578895012794239
0.3910460539240064
0.3197491867207597
0.6267816015540603
0.6467219354772241
0.5915729095048761
0.8398734564518282
0.203175246270612
0.35480798098761257
0.31615507657799263
0.9064731719576832
0.6879356694553653
0.8439675700000051
0.36630417864015863
0.16098837114056808
0.8374816341033554
0.4586298210934755
0.29363261541255914
0.3473924920550631
0.5095471726328443
0.5855042441938019
0.2623941096692086
0.0826841838367534
0.5611789359479658
0.9101589714552827
0.5796668581687289
0.8780882654923897
0.7012134019397539
0.6879356694553653
0.36630417864015863
0.8649391615426021
0.16965780247972312
0.531593670513989
