0.5095471726328443
0.5854700095348766
0.5497135097908505
0.8678580105476946
0.25458675483627835
0.7356708216278026
0.6467219354772241
0.6467219354772241
0.8678580105476946
0.5341440104060194
0.8332288600724748
0.8584785302252331
0.5748974271706522
0.8595225540481914
0.5588233417605674
0.0765214202364849
0.8492903764917143
0.11494427293150222
0.25458675483627835
0.8351844462186983
0.6332428014580653
0.7356708216278026
0.6369213340307371
0.4361273019890244
0.3357020419663515
0.8376169183746094
0.5588233417605674
0.4330590503281126
0.25458675483627835
0.37744334199441165
0.6841599504625316
0.22960316077827647
0.35660733113482507
0.8374816341033554
0.46899626086714746
0.11494427293150222
0.8402908100848948
0.20844233739813522
0.47249804112841426
0.5126602154515612
0.4578708055057889
0.6332428014580653
0.5854700095348766
0.2310534524699503
0.22654988953101102
0.9635827902719258
0.3357020419663515
0.6467219354772241
0.4330590503281126
0.220413438077854
0.8678580105476946
0.8542785702545836
0.46386980347009343
0.8089749569406749
0.8503889700360014
0.5668550823634821
0.8160645854336336
0.23008659134216777
0.847574631854422
0.21860082845347595
0.46820289840088847
0.8305509769513145
0.86809976486445
0.9064488723151135
0.4688046088420308
0.3027809452703555
0.8595225540481914
0.4578708055057889
0.8597381196351198
0.38543906077531986
0.8284105832299233
0.4578708055057889
0.7709573937355714
0.48630547738927954
0.8584785302252331
0.8089749569406749
0.48630238108208723
0.25187330705010136
0.7669447710543476
0.13878620877698708
0.31214173647362714
0.20707041290241435
0.8284105832299233
0.40883624459814366
0.8598631933467684
0.1402837820151602
0.2148768316184185
0.06244417878665903
0.20707041290241435
0.5144850396616264
0.9101589714552827
0.45874334607303946
0.5375790989206186
0.450452936218624
0.6801625177730625
0.2718302490156721
0.0694101410246063
0.8703953031516072
0.37584931392934234
0.42163605193673215
0.10071984670072909
0.5735020688019646
0.48130924084414217
0.41953077688260165
0.46386980347009343
0.6760925476685873
0.8153001398635924
0.32683748984499233
0.5855042441938019
0.8912230024812593
0.7075125728684061
0.5695449090070762
0.45874334607303946
0.4361273019890244
0.8562270199540181
0.7093858835456499
0.2840629672427108
0.8562270199540181
0.8332401431782944
0.8588410679944232
0.7747905151367948
0.2557253837315925
0.5262167523445614
0.13878620877698708
0.539834792168834
0.44490128032859455
0.7709573937355714
0.38543906077531986
0.8912230024812593
0.6760925476685873
0.29684425012929005
0.8529165524481674
0.22654988953101102
0.08946745011983148
0.8992472640217452
0.8912230024812593
0.6147194148965335
0.0765214202364849
0.31214173647362714
0.3005143596830473
0.5144850396616264
0.8588410679944232
0.5747706576090738
0.17132782459946672
0.012717291352179028
0.43175075242357047
0.6292251540597334
0.5829397719778223
0.19144337459925304
0.16910112843980857
0.8374816341033554
0.21214819708537033
0.22960316077827647
0.21860082845347595
0.35660733113482507
0.29684425012929005
0.8153001398635924
0.5375790989206186
0.9650818057272886
0.7669447710543476
0.4688046088420308
0.5855042441938019
0.2599928551290737
0.5536679995086261
0.2014813677771295
0.42163605193673215
0.5668550823634821
0.9022764559802063
0.8332288600724748
0.5021363917686222
0.29363261541255914
0.3005143596830473
0.41953077688260165
0.47249804112841426
0.7356708216278026
0.4491857331329109
0.8305509769513145
0.8703953031516072
0.5915729095048761
0.7138258180738611
0.5021363917686222
0.6081820044696631
0.48130924084414217
0.8492903764917143
0.6841599504625316
0.7737950435645853
0.5262167523445614
0.5126602154515612
0.695226148320411
0.5497135097908505
0.2803877825091457
0.220413438077854
0.29684425012929005
0.6729705542180013
0.8529165524481674
0.4578708055057889
0.35660733113482507
0.5877876544552363
0.4491857331329109
0.08946745011983148
0.6729705542180013
0.8268107148011317
0.3865413847450262
0.8142670252058257
0.8475542467695134
0.7075125728684062
0.06244417878665903
0.8191565389832997
0.27144719988452437
0.23418738169702716
0.8580169382506124
0.531593670513989
0.37744334199441165
0.2591544151801962
0.9064488723151135
0.7623838879887785
0.29684425012929005
0.8720267577648502
0.48706347883306694
0.3197491867207597
0.6292251540597334
0.13651055829841763
0.5915729095048761
0.8460852372508049
0.1996829455567738
0.3005143596830473
0.9851676438627982
0.9065195621844071
0.6879356694553653
0.8284105832299233
0.3027809452703555
0.16098837114056808
0.8374816341033554
0.4586298210934755
0.29363261541255914
0.37584931392934234
0.5095471726328443
0.5855042441938019
0.26124255237364213
0.15265107632132777
0.5611789359479658
0.9101589714552827
0.5796668581687289
0.8649535285035201
0.7012134019397539
0.6879356694553653
0.34021690132564486
0.8649535285035201
0.16910112843980857
0.531593670513989
