0.669518833329336
0.6835952903260238
0.9885800496048079
0.6923498290257271
0.2533753609937649
0.23103263105731364
0.4337791112149555
0.35597427820461847
0.5616125985966299
0.7712373866745662
0.3403957628661689
0.27637033247349085
0.4334923573102797
0.4868361813062534
0.7890915593451385
0.10795313783115912
0.7268685040332447
0.1144696192852841
0.8735360959945428
0.15073408682406098
0.23129915547626512
0.7444938410801721
0.31777823465810706
0.7154324493555577
0.1981690140510427
0.559298006233411
0.74443145121339
0.28682361463028616
0.7291474536317509
0.2841134433322702
0.7218880391595475
0.7662497253783431
0.999277345753295
0.3145453066529684
0.3713039759465776
0.3189129795932433
0.30733244602382104
0.2086408657473966
0.09943057133332944
0.06333921965901379
0.3616275188605731
0.6922221634035932
0.2592601376100282
0.47301409333779976
0.4799233516651238
0.9635827902719258
0.842851463955445
0.6514138126502134
0.5403741144387317
0.6231933705794132
0.9028456120517587
0.5283969623925858
0.38536611272297117
0.5153052607597988
0.40742821640940274
0.5075799784929995
0.08602845692106553
0.8551625309457693
0.03686665810730627
0.11690069135056469
0.37164427595798644
0.6739236755704694
0.8710919555759162
0.8234231132134696
0.15134013651786593
0.25269598833938545
0.8758099062847813
0.0672807095250515
0.856488814355533
0.38035857772371895
0.6350000771906757
0.47361306524620306
0.13433172205557964
0.4341847401347525
0.9308054624450883
0.6704197817044025
0.44420779977158864
0.08116598150933796
0.7728800051335954
0.016230551581484343
0.33080778075988515
0.24958318036539595
0.9237050920165011
0.414797908746539
0.8475111169322872
0.05314246914904974
0.34509092320549006
0.045505677659093746
0.06140512269731657
0.5637323882854693
0.9290619203342065
0.4759094404366082
0.6400983336327941
0.3278884897136586
0.7078151726614955
0.2645512053002571
0.0694101410246063
0.6314499179183346
0.3758493139293423
0.7760479183480281
0.10071984670072909
0.8985560512130871
0.8423190784586451
0.5959117212472583
0.42468983214830014
0.6188386282893577
0.8434188720673657
0.42482885437810447
0.5792768305652805
0.33666573060938454
0.8050536452649031
0.502941918117396
0.4150817981888807
0.4712613163547903
0.6296241800859629
0.7595882133891977
0.8601029534639629
0.907074242683295
0.9020761288445109
0.8654674414438955
0.693803623369377
0.29904041677365634
0.5532839529664213
0.15834956903502995
0.512740767159953
0.0818319857694274
0.9289291703411101
0.7135760998998857
0.3540057110232325
0.7333464670478168
0.801173182491243
0.8834257584792141
0.5270407981665503
0.1586793149202439
0.8973698184025886
0.821270384323695
0.2122275426012773
0.04508970264181067
0.3769510134486339
0.3476941630464414
0.42473849589240986
0.325441482087089
0.5747706576090738
0.2317270680829565
0.012717291352179028
0.37794243348867773
0.5602517499503334
0.5833584044896605
0.20726435717529568
0.11265289985610616
0.8603815136394443
0.32126483514375137
0.6450325660537098
0.6255301374119151
0.321044352604551
0.9991987911714036
0.7179163563096156
0.3665440737315777
0.9650818057272886
0.7908671983023965
0.8382485354249261
0.18547423452433376
0.22229916067980893
0.7649005696210959
0.22176489315244696
0.5501790517109605
0.566928817177715
0.9022764559802063
0.7830752338523179
0.04018449666832635
0.09240795834388371
0.4147291687125163
0.46355988595993347
0.5331197393590161
0.7280029700994363
0.4025396787467286
0.8876616481812101
0.9624725431418939
0.6220976735888463
0.7138258180738611
0.21113570758954825
0.7271947682437756
0.5072682077295899
0.7111886111442276
0.5964790682446566
0.7557844099615987
0.5429818575360614
0.568051252353773
0.7836521936964936
0.5294198536190529
0.27387778216638003
0.23991523750513577
0.29684425012929005
0.08788565607154675
0.3187655042511508
0.6665973749781485
0.13220290701694304
0.9763494942971317
0.502225008333802
0.020255585319419067
0.7379418501435213
0.8845344306075617
0.3865413847450262
0.7576167474296535
0.8887514864632939
0.642181713694078
0.07938267991422432
0.888841770623703
0.19780347656355868
0.19357180819973452
0.4408152657902429
0.6007461542864861
0.46372284970504163
0.9239327180076672
0.9893332516781702
0.7623838879887785
0.03158714517382333
0.9951690272617789
0.8566790523114244
0.3197491867207597
0.5471844738525216
0.060872919511464896
0.5610481454209059
0.916390920899758
0.133146720114392
0.8596959747434454
0.9851676438627982
0.9066609419229942
0.7404039995809952
0.8653044985962975
0.7101338242272893
0.16098837114056808
0.9292855195335811
0.4586298210934755
0.40162244053503104
0.03950386124613736
0.5116087494794445
0.5393074498285256
0.29613200990169597
0.12445285193308053
0.5611789359479658
0.8912560225763589
0.5796668581687289
0.8542689128348716
0.7576990973832591
0.6354673393297355
0.3775845513862126
0.8560016362463936
0.09745142569522325
0.44005202455399395
