0.708305984921028
0.3046920523681549
0.7193091363173822
0.708305984921028
0.3046932586777017
0.3046923855626586
0.30469282979146356
0.708305984921028
0.30469205703685054
0.30469229371419737
0.708305984921028
0.708305984921028
0.708305984921028
0.708305984921028
0.3046959892784333
0.30469290004558397
0.708305984921028
0.3046923855626586
0.708305984921028
0.30469192284284385
0.30469252945557057
0.304692995028282
0.3046922632723384
0.3046923015231824
0.30469203454804256
0.3046920523681549
0.3046923843926237
0.3046923119721999
0.708305984921028
0.708305984921028
0.708305984921028
0.3046924498292271
0.3046930906486524
0.708305984921028
0.708305984921028
0.3046930906486524
0.708305984921028
0.30469223983072247
0.304692995028282
0.708305984921028
0.708305984921028
0.708305984921028
0.708305984921028
0.30469200055233514
0.708305984921028
0.708305984921028
0.3046925256883526
0.30469200055233514
0.708305984921028
0.30469236788059234
0.30469201679201374
0.708305984921028
0.708305984921028
0.708305984921028
0.708305984921028
0.708305984921028
0.30469245588194865
0.708305984921028
0.30469239620691574
0.3046922077423321
0.708305984921028
0.3046921288536427
0.708305984921028
0.708305984921028
0.708305984921028
0.3046917122181837
0.708305984921028
0.33225153185139655
0.15113612677671828
0.304692237668286
0.3046920873582406
0.30469195094887014
0.3046942530844035
0.34544942889027463
0.3046921610261227
0.3046923568401363
0.30469241162547755
0.3046923251311627
0.33225153185139655
0.3046921579997889
0.3046917472222334
0.3046929763269603
0.30469352565162533
0.3046922484468389
0.708305984921028
0.30469229371419737
0.30469193459601995
0.708305984921028
0.3046917122181837
0.708305984921028
0.2668176077027252
0.30469290004558397
0.3046923843926237
0.33225153185139655
0.30469185339838
0.4899962576006631
0.708305984921028
0.708305984921028
0.3046929763269603
0.708305984921028
0.708305984921028
0.042018745024539124
0.708305984921028
0.708305984921028
0.304692327670863
0.708305984921028
0.708305984921028
0.30469239620691574
0.708305984921028
0.17018431744124535
0.30469205703685054
0.708305984921028
0.708305984921028
0.708305984921028
0.3046927864279062
0.708305984921028
0.708305984921028
0.708305984921028
0.708305984921028
0.304691998018497
0.708305984921028
0.708305984921028
0.708305984921028
0.3046943662347815
0.30469205920092934
0.3046925327394079
0.708305984921028
0.708305984921028
0.708305984921028
0.30469215128894794
0.3046923544260248
0.3046923051962822
0.708305984921028
0.708305984921028
0.30469216854602643
0.2668176077027252
0.708305984921028
0.3046921288536427
0.3046923855626586
0.30469185339838
0.708305984921028
0.708305984921028
0.3046942530844035
0.2992463280881853
0.708305984921028
0.708305984921028
0.708305984921028
0.1617450470444694
0.042018745024539124
0.3046965763571674
0.2992463280881853
0.30469195094887014
0.708305984921028
0.708305984921028
0.3046934642031886
0.3046922484468389
0.3046937804179928
0.708305984921028
0.30469175067463555
0.3046920614458545
0.3046917472222334
0.3046918967135949
0.708305984921028
0.30469267058969374
0.30469245588194865
0.3046921052305015
0.22149537120673282
0.3046918925051022
0.3046923119721999
0.27411624476973273
0.30469201679201374
0.708305984921028
0.30469227134125243
0.3046926023389508
0.30469221862678647
0.3047212519904783
0.3046921340929019
0.708305984921028
0.3046950690514187
0.1452012970881647
0.30469160002868056
0.30469249229679
0.17018431744124535
0.30469192284284385
0.923960880314675
0.3046918451333731
0.30469230542566644
0.3046919298116396
0.3046921579997889
0.30469153868762006
0.708305984921028
0.3046921703490449
0.3046922957169569
0.3047212519904783
0.1617450470444694
0.22149537120673282
0.4899962576006631
0.30469220112562206
0.34544942889027463
0.708305984921028
0.08581903551695563
0.30469205920092934
0.3046914251311249
0.1452012970881647
0.3046921340929019
0.708305984921028
0.4899962576006631
0.1452012970881647
0.2668176077027252
0.304692397617362
0.923960880314675
0.27411624476973273
0.708305984921028
0.3046929763269603
0.3046922077423321
0.3046923657510756
0.5353374825183232
0.3046921464580613
0.7602750145854306
0.3046930483337401
0.30469836709388415
0.3046922957169569
0.15113612677671828
0.7193091363173822
0.30469253060825263
0.43375084804410746
0.7602750145854306
0.708305984921028
0.708305984921028
0.08581903551695563
0.708305984921028
0.1617450470444694
0.708305984921028
0.30470429729226284
0.3046923041264739
0.708305984921028
0.708305984921028
0.708305984921028
0.1452012970881647
0.30469224606495093
0.30469207938649767
0.708305984921028
0.43375084804410746
0.708305984921028
0.5353374825183232
0.3046959892784333
0.30470429729226284
0.30469267058969374
0.30469282979146356
0.43375084804410746
