0.7093347350922347
0.3024625103514
0.7193091363173822
0.7093347350922347
0.7093347350922347
0.30246248239237156
0.302462482260712
0.7093347350922347
0.3024625227698927
0.7093347350922347
0.7093347350922347
0.3024624193627584
0.30246248176376733
0.7093347350922347
0.7093347350922347
0.7093347350922347
0.3024624114760679
0.30246253935012946
0.3024625472830007
0.7093347350922347
0.3024624664747302
0.30246250361480226
0.7093347350922347
0.3024625000345451
0.30246248239237156
0.7093347350922347
0.302462504317477
0.3024624664747302
0.3024625472830007
0.7093347350922347
0.7093347350922347
0.30246252415722796
0.7093347350922347
0.30246248239237156
0.3024624264743147
0.7093347350922347
0.30246245318364634
0.30246249020311067
0.7093347350922347
0.7093347350922347
0.7093347350922347
0.3024625121146512
0.30246258371586987
0.30246244721301574
0.7093347350922347
0.3024625323474379
0.3024624795696169
0.30246248873409876
0.7093347350922347
0.30246246960949885
0.3024625323474379
0.7093347350922347
0.7093347350922347
0.7093347350922347
0.7093347350922347
0.7093347350922347
0.7093347350922347
0.7093347350922347
0.3024625121094866
0.3024625472830007
0.7093347350922347
0.30246248790394664
0.7093347350922347
0.7093347350922347
0.7093347350922347
0.3024626785688036
0.7093347350922347
0.30672339970566664
0.15113612677671828
0.30246243961103986
0.7093347350922347
0.7093347350922347
0.30246253666831363
0.32297523201190126
0.30246246428952483
0.30246249020311067
0.30246252415722796
0.3024624591326977
0.30672339970566664
0.3024624677129978
0.3024625484754013
0.3024625098340042
0.3024625484754013
0.30246246960949885
0.7093347350922347
0.3024624899502643
0.30246254092195624
0.7093347350922347
0.3024626785688036
0.7093347350922347
0.23103206286367867
0.3024626128804302
0.302462504317477
0.30672339970566664
0.30246244559080115
0.4899962576006631
0.30246245388905946
0.7093347350922347
0.3024625358739468
0.7093347350922347
0.7093347350922347
0.042018745024539124
0.7093347350922347
0.7093347350922347
0.30246242571253734
0.7093347350922347
0.7093347350922347
0.3024625825451468
0.7093347350922347
0.22976312265256085
0.30246243532493144
0.7093347350922347
0.7093347350922347
0.7093347350922347
0.3024626795290231
0.7093347350922347
0.7093347350922347
0.7093347350922347
0.7093347350922347
0.30246247497867584
0.7093347350922347
0.7093347350922347
0.7093347350922347
0.30246260803595004
0.30246250905022315
0.3024624591326977
0.7093347350922347
0.7093347350922347
0.7093347350922347
0.30246249096082434
0.302462531025871
0.30246244798921984
0.7093347350922347
0.30246244721301574
0.3024624795696169
0.3024624981280426
0.7093347350922347
0.3024624132771058
0.3024624655132214
0.3024624409092701
0.7093347350922347
0.7093347350922347
0.30246253666831363
0.30246250996206114
0.7093347350922347
0.7093347350922347
0.7093347350922347
0.1617450470444694
0.042018745024539124
0.30246255213351875
0.30246250996206114
0.3024625358739468
0.7093347350922347
0.7093347350922347
0.30246244721301574
0.3024625304087068
0.30246279512330015
0.7093347350922347
0.3024624264743147
0.30246246178362496
0.3024625949537735
0.3024624842806476
0.7093347350922347
0.30246244689281354
0.3024625482835127
0.30246247507353274
0.24071932410376543
0.30246245032858776
0.30246245448078063
0.29257058021048876
0.302462494841436
0.7093347350922347
0.302462482260712
0.3024624395453661
0.30246248688656974
0.3024628185948887
0.30246247564338985
0.7093347350922347
0.3024624193627584
0.23383234666982
0.3024625187243279
0.3024624525467675
0.22976312265256085
0.23383234666982
0.923960880314675
0.3024625825451468
0.30246247507353274
0.30246253935012946
0.30246248176376733
0.3024625949537735
0.7093347350922347
0.30246236445370656
0.3024624561648903
0.3024627961571747
0.1617450470444694
0.24071932410376543
0.4899962576006631
0.30246244559080115
0.32297523201190126
0.7093347350922347
0.25466488260776393
0.30246250905022315
0.3024624525467675
0.23339923082598713
0.30246247564338985
0.7093347350922347
0.4899962576006631
0.23103206286367867
0.3024626795290231
0.3024625011561073
0.923960880314675
0.29257058021048876
0.7093347350922347
0.302462538286965
0.30246247507353274
0.30246243532493144
0.5353374825183232
0.30246240967503
0.7093347350922347
0.3024627961571747
0.3024625854326806
0.30246245022927554
0.15113612677671828
0.7193091363173822
0.30246243961103986
0.43375084804410746
0.7093347350922347
0.7093347350922347
0.7093347350922347
0.7093347350922347
0.7093347350922347
0.1617450470444694
0.7093347350922347
0.3024628598493197
0.3024624863405548
0.7093347350922347
0.7093347350922347
0.7093347350922347
0.23339923082598713
0.3024624554394547
0.25466488260776393
0.7093347350922347
0.43375084804410746
0.7093347350922347
0.5353374825183232
0.30246279512330015
0.3024628598493197
0.3024626285907485
0.302462482260712
0.43375084804410746
