0.7086500390159638
0.7086500390159638
0.7193091363173822
0.7086500390159638
0.7086500390159638
0.3049913807139928
0.3049913807187398
0.30499138071865445
0.7086500390159638
0.7086500390159638
0.7086500390159638
0.3049913807189217
0.30499138071874293
0.7086500390159638
0.30499138071865445
0.304991380718562
0.7086500390159638
0.7086500390159638
0.7086500390159638
0.7086500390159638
0.7086500390159638
0.7086500390159638
0.7086500390159638
0.7086500390159638
0.30499138071872467
0.7086500390159638
0.3049913807187207
0.7086500390159638
0.3049913807191166
0.7086500390159638
0.7086500390159638
0.7086500390159638
0.3049913807183768
0.30499138071894194
0.7086500390159638
0.3049913807181371
0.7086500390159638
0.7086500390159638
0.7086500390159638
0.7086500390159638
0.7086500390159638
0.3049913807190797
0.304991380718494
0.30499138071907916
0.7086500390159638
0.3049913807191127
0.3049913807188204
0.30499138071852994
0.7086500390159638
0.30499138071865445
0.30499138071918946
0.7086500390159638
0.7086500390159638
0.7086500390159638
0.7086500390159638
0.7086500390159638
0.7086500390159638
0.7086500390159638
0.3049913807183757
0.30499138071876053
0.7086500390159638
0.30499138071860665
0.7086500390159638
0.7086500390159638
0.7086500390159638
0.3049913807191127
0.30499138071896176
0.32467154653506614
0.15113612677671828
0.30499138071881715
0.7086500390159638
0.30499138071894194
0.30499138071893767
0.325426274475365
0.304991380719281
0.3049913807190353
0.30499138071892645
0.3049913807187398
0.32467154653506614
0.30499138071913995
0.3049913807139928
0.30499138071863663
0.30499138071770787
0.3049913807187627
0.7086500390159638
0.30499138071923493
0.3049913807190272
0.7086500390159638
0.3049913807190196
0.7086500390159638
0.2668176077027252
0.3049913807185707
0.30499138071881715
0.32467154653506614
0.3049913807189229
0.4899962576006631
0.7086500390159638
0.7086500390159638
0.30499138071909576
0.7086500390159638
0.7086500390159638
0.042018745024539124
0.7086500390159638
0.7086500390159638
0.3049913807181371
0.7086500390159638
0.7086500390159638
0.30499138071809484
0.7086500390159638
0.17018431744124535
0.30499138071860665
0.7086500390159638
0.7086500390159638
0.7086500390159638
0.30499138071822046
0.7086500390159638
0.7086500390159638
0.7086500390159638
0.7086500390159638
0.3049913807192482
0.7086500390159638
0.7086500390159638
0.7086500390159638
0.3049913807187207
0.30499138071865883
0.30499138071879556
0.7086500390159638
0.7086500390159638
0.7086500390159638
0.3049913807187079
0.3049913807191127
0.30499138071896176
0.7086500390159638
0.7086500390159638
0.30499138071850557
0.2668176077027252
0.7086500390159638
0.3049913807192325
0.30499138071741017
0.304991380718494
0.7086500390159638
0.7086500390159638
0.30499138071903775
0.3049913807189129
0.7086500390159638
0.7086500390159638
0.7086500390159638
0.1617450470444694
0.042018745024539124
0.30499138071893767
0.3049913807189129
0.30499138071909576
0.7086500390159638
0.7086500390159638
0.3049913807189734
0.30499138071880466
0.30499138071549514
0.7086500390159638
0.3049913807195358
0.30499138071850795
0.30499138071016213
0.30499138071923493
0.7086500390159638
0.30499138071866216
0.3049913807185707
0.30499138071702214
0.22149537120673282
0.30499138071931675
0.30499138071850795
0.285688884564058
0.30499138071923493
0.7086500390159638
0.3049913807187119
0.3049913807190353
0.30499138071926124
0.3049913807173867
0.3049913807189833
0.7086500390159638
0.3049913807190741
0.1452012970881647
0.3049913807190849
0.30499138071846854
0.17018431744124535
0.3049913807188928
0.923960880314675
0.30499138071809484
0.30499138071896176
0.30499138071893767
0.3049913807188204
0.30499138071016213
0.30499138070633147
0.3049913807192325
0.3049913807188118
0.30499138071883536
0.1617450470444694
0.22149537120673282
0.4899962576006631
0.30499138071901477
0.325426274475365
0.7086500390159638
0.08581903551695563
0.3049913807185707
0.30499138071846854
0.1452012970881647
0.3049913807192415
0.7086500390159638
0.4899962576006631
0.1452012970881647
0.2668176077027252
0.3049913807190198
0.923960880314675
0.285688884564058
0.7086500390159638
0.30499138071911075
0.30499138071702214
0.3049913807189505
0.5353374825183232
0.3049913807181371
0.7265834266758291
0.30499138071866455
0.3049913807189194
0.30499138071899057
0.15113612677671828
0.7193091363173822
0.30499138071901477
0.43375084804410746
0.7265834266758291
0.7086500390159638
0.7086500390159638
0.08581903551695563
0.7086500390159638
0.1617450470444694
0.7086500390159638
0.3049913807183757
0.30499138071852994
0.7086500390159638
0.7086500390159638
0.7086500390159638
0.1452012970881647
0.3049913807190797
0.3049913807188317
0.7265834266758291
0.43375084804410746
0.7086500390159638
0.5353374825183232
0.30499138071549514
0.30499138071770787
0.30499138071866216
0.3049913807187119
0.43375084804410746
