0.3006727029046532
0.7093347350922347
0.7193091363173822
0.3006727029046532
0.3006727029046532
0.3006727029046532
0.3006727029046532
0.3006727029046532
0.7093347350922347
0.3006727029046532
0.7093347350922347
0.3006727029046532
0.3006727029046532
0.7093347350922347
0.3006727029046532
0.3006727029046532
0.3006727029046532
0.3006727029046532
0.7093347350922347
0.7093347350922347
0.3006727029046532
0.3006727029046532
0.3006727029046532
0.7093347350922347
0.3006727029046532
0.7093347350922347
0.3006727029046532
0.3006727029046532
0.3006727029046532
0.3006727029046532
0.7093347350922347
0.7093347350922347
0.3006727029046532
0.7093347350922347
0.3006727029046532
0.3006727029046532
0.7093347350922347
0.3006727029046532
0.7093347350922347
0.7093347350922347
0.3006727029046532
0.3006727029046532
0.3006727029046532
0.3006727029046532
0.3006727029046532
0.3006727029046532
0.3006727029046532
0.3006727029046532
0.7093347350922347
0.3006727029046532
0.3006727029046532
0.7093347350922347
0.7093347350922347
0.7093347350922347
0.3006727029046532
0.7093347350922347
0.3006727029046532
0.7093347350922347
0.3006727029046532
0.3006727029046532
0.7093347350922347
0.3006727029046532
0.7093347350922347
0.7093347350922347
0.7093347350922347
0.3006727029046532
0.3006727029046532
0.7093347350922347
0.20102531682046385
0.7093347350922347
0.7093347350922347
0.7093347350922347
0.3006727029046532
0.32297523201190126
0.3006727029046532
0.3006727029046532
0.3006727029046532
0.3006727029046532
0.7093347350922347
0.3006727029046532
0.3006727029046532
0.3006727029046532
0.3006727029046532
0.3006727029046532
0.7093347350922347
0.3006727029046532
0.3006727029046532
0.7093347350922347
0.3006727029046532
0.7093347350922347
0.2668266023176282
0.3006727029046532
0.3006727029046532
0.7093347350922347
0.3006727029046532
0.4899962576006631
0.3006727029046532
0.3006727029046532
0.3006727029046532
0.7093347350922347
0.7093347350922347
0.042018745024539124
0.7093347350922347
0.7093347350922347
0.3006727029046532
0.7093347350922347
0.7093347350922347
0.3006727029046532
0.7093347350922347
0.24284356271096427
0.3006727029046532
0.7093347350922347
0.7093347350922347
0.7093347350922347
0.3006727029046532
0.7093347350922347
0.7093347350922347
0.7093347350922347
0.7093347350922347
0.3006727029046532
0.7093347350922347
0.7093347350922347
0.7093347350922347
0.3006727029046532
0.3006727029046532
0.3006727029046532
0.7093347350922347
0.7093347350922347
0.7093347350922347
0.3006727029046532
0.3006727029046532
0.3006727029046532
0.7093347350922347
0.7093347350922347
0.3006727029046532
0.2668266023176282
0.7093347350922347
0.3006727029046532
0.3006727029046532
0.3006727029046532
0.7093347350922347
0.7093347350922347
0.3006727029046532
0.3006727029046532
0.7093347350922347
0.7093347350922347
0.3006727029046532
0.1617450470444694
0.042018745024539124
0.3006727029046532
0.3006727029046532
0.3006727029046532
0.7093347350922347
0.7093347350922347
0.3006727029046532
0.3006727029046532
0.3006727029046532
0.7093347350922347
0.3006727029046532
0.3006727029046532
0.3006727029046532
0.3006727029046532
0.7093347350922347
0.3006727029046532
0.3006727029046532
0.3006727029046532
0.24071932410376543
0.3006727029046532
0.3006727029046532
0.29257058021048876
0.3006727029046532
0.3006727029046532
0.3006727029046532
0.3006727029046532
0.3006727029046532
0.3006727029046532
0.3006727029046532
0.7093347350922347
0.3006727029046532
0.23485367819818043
0.3006727029046532
0.3006727029046532
0.24284356271096427
0.23485367819818043
0.923960880314675
0.3006727029046532
0.3006727029046532
0.3006727029046532
0.3006727029046532
0.3006727029046532
0.3006727029046532
0.3006727029046532
0.3006727029046532
0.3006727029046532
0.1617450470444694
0.24071932410376543
0.4899962576006631
0.3006727029046532
0.32297523201190126
0.7093347350922347
0.29536675877133844
0.3006727029046532
0.3006727029046532
0.23633914553851257
0.3006727029046532
0.7093347350922347
0.4899962576006631
0.2668266023176282
0.3006727029046532
0.3006727029046532
0.923960880314675
0.29257058021048876
0.7093347350922347
0.3006727029046532
0.3006727029046532
0.3006727029046532
0.5353374825183232
0.3006727029046532
0.7093347350922347
0.3006727029046532
0.3006727029046532
0.3006727029046532
0.20102531682046385
0.7193091363173822
0.3006727029046532
0.43375084804410746
0.7093347350922347
0.7093347350922347
0.7093347350922347
0.7093347350922347
0.7093347350922347
0.1617450470444694
0.7093347350922347
0.3006727029046532
0.3006727029046532
0.7093347350922347
0.7093347350922347
0.7093347350922347
0.23633914553851257
0.3006727029046532
0.29536675877133844
0.7093347350922347
0.43375084804410746
0.7093347350922347
0.5353374825183232
0.3006727029046532
0.3006727029046532
0.3006727029046532
0.3006727029046532
0.43375084804410746
