0.2998572852909622
0.2998572852909622
0.714954298989988
0.2998572852909622
0.2998572852909622
0.2998572852909622
0.2998572852909622
0.2998572852909622
0.7094118059545211
0.7094118059545211
0.7094118059545211
0.2998572852909622
0.7094118059545211
0.2998572852909622
0.2998572852909622
0.7094118059545211
0.2998572852909622
0.2998572852909622
0.7094118059545211
0.2998572852909622
0.2998572852909622
0.2998572852909622
0.2998572852909622
0.7094118059545211
0.7094118059545211
0.2998572852909622
0.2998572852909622
0.2998572852909622
0.2998572852909622
0.7094118059545211
0.7094118059545211
0.7094118059545211
0.2998572852909622
0.2998572852909622
0.2998572852909622
0.2998572852909622
0.7094118059545211
0.7094118059545211
0.7094118059545211
0.7094118059545211
0.2998572852909622
0.2998572852909622
0.7094118059545211
0.2998572852909622
0.7094118059545211
0.2998572852909622
0.2998572852909622
0.2998572852909622
0.7094118059545211
0.2998572852909622
0.2998572852909622
0.7094118059545211
0.7094118059545211
0.7094118059545211
0.2998572852909622
0.7094118059545211
0.7094118059545211
0.7094118059545211
0.2998572852909622
0.2998572852909622
0.7094118059545211
0.2998572852909622
0.7094118059545211
0.7094118059545211
0.7094118059545211
0.2998572852909622
0.2998572852909622
0.7094118059545211
0.20102531682046385
0.7094118059545211
0.2998572852909622
0.7094118059545211
0.2998572852909622
0.32297523201190126
0.2998572852909622
0.2998572852909622
0.2998572852909622
0.2998572852909622
0.7094118059545211
0.2998572852909622
0.2998572852909622
0.2998572852909622
0.2998572852909622
0.2998572852909622
0.7094118059545211
0.2998572852909622
0.2998572852909622
0.7094118059545211
0.2998572852909622
0.7094118059545211
0.27234556008658284
0.2998572852909622
0.2998572852909622
0.7094118059545211
0.2998572852909622
0.4899962576006631
0.7094118059545211
0.2998572852909622
0.2998572852909622
0.7094118059545211
0.7094118059545211
0.042018745024539124
0.7094118059545211
0.7094118059545211
0.2998572852909622
0.7094118059545211
0.2998572852909622
0.2998572852909622
0.7094118059545211
0.2572947826542346
0.2998572852909622
0.7094118059545211
0.7094118059545211
0.7094118059545211
0.2998572852909622
0.7094118059545211
0.7094118059545211
0.7094118059545211
0.7094118059545211
0.2998572852909622
0.7094118059545211
0.7094118059545211
0.7094118059545211
0.2998572852909622
0.2998572852909622
0.2998572852909622
0.7094118059545211
0.7094118059545211
0.7094118059545211
0.2998572852909622
0.2998572852909622
0.2998572852909622
0.2998572852909622
0.7094118059545211
0.2998572852909622
0.27234556008658284
0.7094118059545211
0.2998572852909622
0.2998572852909622
0.2998572852909622
0.7094118059545211
0.7094118059545211
0.2998572852909622
0.2998572852909622
0.7094118059545211
0.2998572852909622
0.2998572852909622
0.1617450470444694
0.042018745024539124
0.2998572852909622
0.2998572852909622
0.2998572852909622
0.7094118059545211
0.7094118059545211
0.2998572852909622
0.2998572852909622
0.2998572852909622
0.7094118059545211
0.2998572852909622
0.2998572852909622
0.2998572852909622
0.2998572852909622
0.7094118059545211
0.2998572852909622
0.2998572852909622
0.2998572852909622
0.26282465403376276
0.2998572852909622
0.2998572852909622
0.2998572852909622
0.2998572852909622
0.2998572852909622
0.2998572852909622
0.2998572852909622
0.2998572852909622
0.2998572852909622
0.2998572852909622
0.7094118059545211
0.2998572852909622
0.26270142462488777
0.2998572852909622
0.2998572852909622
0.2572947826542346
0.26270142462488777
0.923960880314675
0.2998572852909622
0.2998572852909622
0.2998572852909622
0.2998572852909622
0.2998572852909622
0.2998572852909622
0.2998572852909622
0.2998572852909622
0.2998572852909622
0.1617450470444694
0.26282465403376276
0.4899962576006631
0.2998572852909622
0.32297523201190126
0.7094118059545211
0.2998572852909622
0.2998572852909622
0.2998572852909622
0.23559641186834646
0.2998572852909622
0.7094118059545211
0.4899962576006631
0.27234556008658284
0.2998572852909622
0.2998572852909622
0.923960880314675
0.2998572852909622
0.7094118059545211
0.2998572852909622
0.2998572852909622
0.2998572852909622
0.5353374825183232
0.2998572852909622
0.7094118059545211
0.2998572852909622
0.2998572852909622
0.2998572852909622
0.20102531682046385
0.714954298989988
0.2998572852909622
0.43375084804410746
0.7094118059545211
0.7094118059545211
0.7094118059545211
0.7094118059545211
0.7094118059545211
0.1617450470444694
0.7094118059545211
0.2998572852909622
0.2998572852909622
0.7094118059545211
0.7094118059545211
0.7094118059545211
0.23559641186834646
0.2998572852909622
0.2998572852909622
0.7094118059545211
0.43375084804410746
0.7094118059545211
0.5353374825183232
0.2998572852909622
0.2998572852909622
0.2998572852909622
0.2998572852909622
0.43375084804410746
