0.7062779643535282
0.7062471560174897
0.7383404914472567
0.7061743989639163
0.7062384789489617
0.30654076958036347
0.30654076958036347
0.30654076958036347
0.7062451545819981
0.7065196819705689
0.7062518830570513
0.30654076958036347
0.30654076958036347
0.7062373165412609
0.30654076958036347
0.30654076958036347
0.7062432944645178
0.7062373165412609
0.7063574749586533
0.706156924462419
0.7062405974519269
0.30654076958036347
0.706315465523435
0.7062373165412609
0.706295181750011
0.30654076958036347
0.30654076958036347
0.7062405974519269
0.30654076958036347
0.7062758011607188
0.7062526599188472
0.7062492539584138
0.30654076958036347
0.706295181750011
0.30654076958036347
0.30654076958036347
0.7061743989639163
0.7062598718805106
0.30654076958036347
0.7062499943272187
0.70614744743648
0.30654076958036347
0.7067059988692894
0.30654076958036347
0.7062931924242004
0.7061390536105961
0.30654076958036347
0.30654076958036347
0.30654076958036347
0.30654076958036347
0.30654076958036347
0.7062779643535282
0.7066941679781008
0.7062470633376443
0.7065196819705689
0.7065196819705689
0.7062898704199925
0.30654076958036347
0.30654076958036347
0.30654076958036347
0.7062538208892213
0.30654076958036347
0.7062384789489617
0.7062822716937506
0.7062922525943498
0.30654076958036347
0.30654076958036347
0.3473205117064522
0.15113612677671828
0.7061978557785457
0.30654076958036347
0.3108290597775527
0.30654076958036347
0.37901947609026176
0.3108290597775527
0.30654076958036347
0.30654076958036347
0.30654076958036347
0.3473205117064522
0.30654076958036347
0.30654076958036347
0.30654076958036347
0.30654076958036347
0.30654076958036347
0.30654076958036347
0.30654076958036347
0.30654076958036347
0.7062538208892213
0.30654076958036347
0.7064276358761413
0.2323320298771873
0.30654076958036347
0.30654076958036347
0.3473205117064522
0.30654076958036347
0.4899962576006631
0.30654076958036347
0.7062639977468402
0.30654076958036347
0.7080803103713295
0.7062622428399389
0.042018745024539124
0.706321311201715
0.7062526599188472
0.30654076958036347
0.7116320057260491
0.7055749324831577
0.30654076958036347
0.7062323831267046
0.12485269215308567
0.30654076958036347
0.8192453609639448
0.7062409800094106
0.8192453609639448
0.17219291658147978
0.7062922525943498
0.70614744743648
0.7062409800094106
0.7062887422267824
0.30654076958036347
0.7061978557785457
0.7116320057260491
0.7062992180098161
0.30654076958036347
0.30654076958036347
0.30654076958036347
0.706295181750011
0.7067059988692894
0.7062613836771803
0.30654076958036347
0.30654076958036347
0.30654076958036347
0.7062492539584138
0.30654076958036347
0.30654076958036347
0.2323320298771873
0.7080803103713295
0.30654076958036347
0.30654076958036347
0.30654076958036347
0.7062526599188472
0.7062384789489617
0.30654076958036347
0.275071564530211
0.7062519912379465
0.7062451545819981
0.7062537978045956
0.1617450470444694
0.042018745024539124
0.30654076958036347
0.275071564530211
0.30654076958036347
0.7062451545819981
0.7063596126970023
0.30654076958036347
0.30654076958036347
0.30654076958036347
0.7063596126970023
0.30654076958036347
0.30654076958036347
0.30654076958036347
0.3082306702975406
0.706134411295629
0.30654076958036347
0.30654076958036347
0.30654076958036347
0.22149537120673282
0.30654076958036347
0.30654076958036347
0.248193685477589
0.3082306702975406
0.7062537978045956
0.30654076958036347
0.30654076958036347
0.30654076958036347
0.3460735308460038
0.30654076958036347
0.7062935695963034
0.30654076958036347
0.1452012970881647
0.30654076958036347
0.2884451621216853
0.12485269215308567
0.30654076958036347
0.923960880314675
0.30654076958036347
0.30654076958036347
0.30654076958036347
0.30654076958036347
0.30654076958036347
0.70614744743648
0.7062471560174897
0.30654076958036347
0.3460735308460038
0.1617450470444694
0.22149537120673282
0.4899962576006631
0.30654076958036347
0.37901947609026176
0.7062935695963034
0.08581903551695563
0.30654076958036347
0.2884451621216853
0.1452012970881647
0.30654076958036347
0.7062675075606428
0.4899962576006631
0.1452012970881647
0.17219291658147978
0.30654076958036347
0.923960880314675
0.248193685477589
0.7063574749586533
0.30654076958036347
0.30654076958036347
0.30654076958036347
0.5353374825183232
0.30654076958036347
0.7602750145854306
0.3460735308460038
0.30654076958036347
0.30654076958036347
0.15113612677671828
0.7383404914472567
0.30654076958036347
0.43375084804410746
0.7602750145854306
0.706480420026396
0.7062825395778333
0.08581903551695563
0.7061449534822856
0.1617450470444694
0.7064276358761413
0.30654076958036347
0.30654076958036347
0.7062898704199925
0.7061410431741534
0.7055749324831577
0.1452012970881647
0.30654076958036347
0.30654076958036347
0.7063574749586533
0.43375084804410746
0.7062931924242004
0.5353374825183232
0.30654076958036347
0.30654076958036347
0.30654076958036347
0.30654076958036347
0.43375084804410746
