0.7065549479110862
0.7065549479110862
0.7232719942805779
0.7065549479110862
0.7065549479110862
0.30620791197898634
0.7065549479110862
0.30620791197898634
0.30620791197898634
0.30620791197898634
0.30620791197898634
0.7065549479110862
0.30620791197898634
0.7065549479110862
0.30620791197898634
0.30620791197898634
0.7065549479110862
0.7065549479110862
0.7065549479110862
0.30620791197898634
0.30620791197898634
0.30620791197898634
0.7065549479110862
0.7065549479110862
0.7065549479110862
0.7065549479110862
0.30620791197898634
0.30620791197898634
0.30620791197898634
0.7065549479110862
0.7065549479110862
0.7065549479110862
0.30620791197898634
0.7065549479110862
0.7065549479110862
0.30620791197898634
0.7065549479110862
0.7065549479110862
0.7065549479110862
0.7065549479110862
0.7065549479110862
0.30620791197898634
0.7065549479110862
0.30620791197898634
0.7065549479110862
0.30620791197898634
0.30620791197898634
0.7065549479110862
0.7065549479110862
0.30620791197898634
0.30620791197898634
0.7065549479110862
0.7065549479110862
0.7065549479110862
0.30620791197898634
0.7065549479110862
0.30620791197898634
0.7065549479110862
0.30620791197898634
0.30620791197898634
0.7065549479110862
0.30620791197898634
0.7065549479110862
0.7065549479110862
0.7065549479110862
0.30620791197898634
0.30620791197898634
0.34544942889027463
0.15113612677671828
0.30620791197898634
0.30620791197898634
0.30620791197898634
0.30620791197898634
0.34544942889027463
0.30620791197898634
0.30620791197898634
0.30620791197898634
0.30620791197898634
0.34544942889027463
0.30620791197898634
0.30620791197898634
0.30620791197898634
0.30620791197898634
0.30620791197898634
0.7065549479110862
0.30620791197898634
0.30620791197898634
0.7065549479110862
0.30620791197898634
0.7065549479110862
0.2323320298771873
0.30620791197898634
0.30620791197898634
0.34544942889027463
0.30620791197898634
0.4899962576006631
0.30620791197898634
0.7065549479110862
0.30620791197898634
0.7065549479110862
0.7065549479110862
0.042018745024539124
0.7065549479110862
0.7065549479110862
0.30620791197898634
0.7065549479110862
0.7065549479110862
0.30620791197898634
0.7065549479110862
0.12485269215308567
0.30620791197898634
0.8192453609639448
0.7065549479110862
0.8192453609639448
0.17219291658147978
0.7065549479110862
0.7065549479110862
0.7065549479110862
0.7065549479110862
0.30620791197898634
0.7065549479110862
0.7065549479110862
0.7065549479110862
0.30620791197898634
0.30620791197898634
0.30620791197898634
0.7065549479110862
0.7065549479110862
0.7065549479110862
0.30620791197898634
0.30620791197898634
0.30620791197898634
0.7065549479110862
0.7065549479110862
0.30620791197898634
0.2323320298771873
0.7065549479110862
0.30620791197898634
0.30620791197898634
0.30620791197898634
0.7065549479110862
0.7065549479110862
0.30620791197898634
0.2872303817273395
0.7065549479110862
0.7065549479110862
0.30620791197898634
0.1617450470444694
0.042018745024539124
0.30620791197898634
0.2872303817273395
0.30620791197898634
0.7065549479110862
0.7065549479110862
0.30620791197898634
0.30620791197898634
0.30620791197898634
0.7065549479110862
0.30620791197898634
0.30620791197898634
0.30620791197898634
0.30620791197898634
0.7065549479110862
0.30620791197898634
0.30620791197898634
0.30620791197898634
0.22149537120673282
0.30620791197898634
0.30620791197898634
0.248193685477589
0.30620791197898634
0.30620791197898634
0.30620791197898634
0.30620791197898634
0.30620791197898634
0.3460735308460038
0.30620791197898634
0.7065549479110862
0.30620791197898634
0.1452012970881647
0.30620791197898634
0.30620791197898634
0.12485269215308567
0.30620791197898634
0.923960880314675
0.30620791197898634
0.30620791197898634
0.30620791197898634
0.30620791197898634
0.30620791197898634
0.7065549479110862
0.30620791197898634
0.30620791197898634
0.3460735308460038
0.1617450470444694
0.22149537120673282
0.4899962576006631
0.30620791197898634
0.34544942889027463
0.7065549479110862
0.08581903551695563
0.30620791197898634
0.30620791197898634
0.1452012970881647
0.30620791197898634
0.7065549479110862
0.4899962576006631
0.1452012970881647
0.17219291658147978
0.30620791197898634
0.923960880314675
0.248193685477589
0.7065549479110862
0.30620791197898634
0.30620791197898634
0.30620791197898634
0.5353374825183232
0.30620791197898634
0.7602750145854306
0.3460735308460038
0.30620791197898634
0.30620791197898634
0.15113612677671828
0.7232719942805779
0.30620791197898634
0.43375084804410746
0.7602750145854306
0.7065549479110862
0.7065549479110862
0.08581903551695563
0.7065549479110862
0.1617450470444694
0.7065549479110862
0.30620791197898634
0.30620791197898634
0.7065549479110862
0.7065549479110862
0.7065549479110862
0.1452012970881647
0.30620791197898634
0.30620791197898634
0.7065549479110862
0.43375084804410746
0.7065549479110862
0.5353374825183232
0.30620791197898634
0.30620791197898634
0.30620791197898634
0.30620791197898634
0.43375084804410746
