0.7093347350922347
0.3019978113533703
0.7193091363173822
0.7093347350922347
0.30199781263015774
0.3019978176755573
0.3019978176755573
0.30199781238235857
0.30199781253983576
0.30199782299912514
0.7093347350922347
0.301997813835063
0.3019978130752948
0.7093347350922347
0.3019978326761173
0.7093347350922347
0.7093347350922347
0.7093347350922347
0.7093347350922347
0.7093347350922347
0.3019978151236867
0.7093347350922347
0.3019978149491298
0.3019978222408363
0.7093347350922347
0.30199781238235857
0.3019978151236867
0.3019978218727954
0.7093347350922347
0.7093347350922347
0.7093347350922347
0.7093347350922347
0.7093347350922347
0.7093347350922347
0.7093347350922347
0.301997814937238
0.30199781253983576
0.30199781238235857
0.301997813835063
0.7093347350922347
0.7093347350922347
0.30199781514480045
0.3019978265396306
0.30199781754523164
0.7093347350922347
0.30199781333170644
0.30199781333170644
0.30199781278382837
0.7093347350922347
0.301997814937238
0.3019978182049617
0.7093347350922347
0.7093347350922347
0.7093347350922347
0.30199782315901813
0.7093347350922347
0.30199782300421973
0.7093347350922347
0.30199781989915475
0.3019978232994214
0.301997816381641
0.3019978222428492
0.7093347350922347
0.7093347350922347
0.7093347350922347
0.30199782299912514
0.3019978199344069
0.30131691569317975
0.15113612677671828
0.30199781196753567
0.7093347350922347
0.7093347350922347
0.30199781727384056
0.32297523201190126
0.3019978128657619
0.3019978099850573
0.3019978187447591
0.3019978079209913
0.30131691569317975
0.301997805949228
0.3019979306233857
0.30199781313998547
0.30199785589475553
0.301997814937238
0.7093347350922347
0.30199781313998547
0.3019978157690763
0.7093347350922347
0.30199782299912514
0.7093347350922347
0.2667614911416811
0.30199781654744035
0.30199781196753567
0.30131691569317975
0.30199781458190345
0.4899962576006631
0.3019978107392049
0.7093347350922347
0.3019978176755573
0.7093347350922347
0.7093347350922347
0.042018745024539124
0.7093347350922347
0.7093347350922347
0.30199781505193757
0.7093347350922347
0.7093347350922347
0.30199782080854465
0.7093347350922347
0.23105629037712622
0.3019978063865617
0.7093347350922347
0.7093347350922347
0.7093347350922347
0.30199782852428286
0.7093347350922347
0.7093347350922347
0.7093347350922347
0.7093347350922347
0.3019978098983299
0.7093347350922347
0.7093347350922347
0.7093347350922347
0.3019978227930253
0.30199781989915475
0.3019978121138511
0.7093347350922347
0.7093347350922347
0.7093347350922347
0.3019978144376494
0.30199781438199197
0.3019978122931051
0.7093347350922347
0.3019978151250631
0.30199780938848303
0.2667614911416811
0.7093347350922347
0.30199779213544187
0.3019978451939762
0.3019978113533703
0.7093347350922347
0.7093347350922347
0.30199781823141536
0.3019978399057183
0.7093347350922347
0.7093347350922347
0.7093347350922347
0.1617450470444694
0.042018745024539124
0.3019978223886823
0.3019978375119223
0.30199781848995494
0.7093347350922347
0.7093347350922347
0.3019978102891883
0.3019978294609992
0.3019979306233857
0.7093347350922347
0.30199781099734785
0.3019978157243319
0.3019979306233857
0.30199781553536176
0.7093347350922347
0.3019978188600972
0.3019978167653908
0.3019978175508807
0.24071932410376543
0.3019978122471956
0.3019978265396306
0.29257058021048876
0.30199781553536176
0.7093347350922347
0.30199782300421973
0.3019978149971146
0.3019978151250631
0.3019978461426133
0.3019978157243319
0.7093347350922347
0.30199780943187354
0.23361578874790362
0.3019978171409563
0.3019978451939762
0.23105629037712622
0.23361578874790362
0.923960880314675
0.30199782080854465
0.3019978175508807
0.30199782083243837
0.30199781233922035
0.30199810525243453
0.30199810525243453
0.30199779213544187
0.3019978121138511
0.30199782792869495
0.1617450470444694
0.24071932410376543
0.4899962576006631
0.30199781263015774
0.32297523201190126
0.7093347350922347
0.25466488260776393
0.3019978167653908
0.30199784546831354
0.23189243497011836
0.30199781727384056
0.7093347350922347
0.4899962576006631
0.23189243497011836
0.3019978222408363
0.3019978106676292
0.923960880314675
0.29257058021048876
0.7093347350922347
0.30199781848995494
0.3019978175508807
0.30199781754523164
0.5353374825183232
0.30199781438199197
0.7093347350922347
0.3019978510186844
0.30199781823141536
0.30199780938848303
0.15113612677671828
0.7193091363173822
0.30199781263015774
0.43375084804410746
0.7093347350922347
0.7093347350922347
0.7093347350922347
0.7093347350922347
0.7093347350922347
0.1617450470444694
0.7093347350922347
0.30199784391103346
0.30199781554692445
0.7093347350922347
0.7093347350922347
0.7093347350922347
0.23189243497011836
0.3019978122931051
0.25466488260776393
0.7093347350922347
0.43375084804410746
0.7093347350922347
0.5353374825183232
0.301997837166354
0.3019978681955813
0.301997823430497
0.3019978187447591
0.43375084804410746
