0.708984152975384
0.708984152975384
0.7193091363173822
0.7089841529753846
0.30499138071834453
0.30499138071834453
0.708984152975384
0.30499138071834453
0.708984152975384
0.7089841529753822
0.30499138071834453
0.7089841529753835
0.30499138071834453
0.708984152975383
0.30499138071834453
0.30499138071834453
0.7089841529753835
0.7089841529753843
0.7089841529753839
0.30499138071834453
0.30499138071834453
0.708984152975385
0.7089841529753843
0.30499138071834453
0.7089841529753831
0.30499138071834453
0.30499138071834453
0.30499138071834453
0.30499138071834453
0.7089841529753835
0.7089841529753835
0.30499138071834453
0.7089841529753836
0.30499138071834453
0.30499138071834453
0.30499138071834453
0.30499138071834453
0.30499138071834453
0.30499138071834453
0.708984152975383
0.7089841529753843
0.30499138071834453
0.30499138071834453
0.30499138071834453
0.708984152975384
0.30499138071834453
0.30499138071834453
0.30499138071834453
0.7089841529753835
0.30499138071834453
0.30499138071834453
0.7089841529753832
0.7089841529753844
0.708984152975384
0.7089841529753832
0.7089841529753835
0.7089841529753824
0.7089841529753836
0.30499138071834453
0.7089841529753839
0.30499138071834453
0.30499138071834453
0.7089841529753844
0.708984152975384
0.7089841529753839
0.30499138071834453
0.30499138071834453
0.3249734377111856
0.15113612677671828
0.30499138071834453
0.7089841529753842
0.7089841529753824
0.30499138071834453
0.3249734377111856
0.30499138071834453
0.30499138071834453
0.30499138071834453
0.30499138071834453
0.3249734377111856
0.30499138071834453
0.30499138071834453
0.30499138071834453
0.30499138071834453
0.30499138071834453
0.7089841529753836
0.30499138071834453
0.30499138071834453
0.7089841529753824
0.30499138071834453
0.7089841529753824
0.2668176077027252
0.30499138071834453
0.30499138071834453
0.3249734377111856
0.30499138071834453
0.4899962576006631
0.30499138071834453
0.7089841529753824
0.30499138071834453
0.7089841529753832
0.7089841529753823
0.042018745024539124
0.7089841529753836
0.708984152975384
0.30499138071834453
0.708984152975384
0.7089841529753833
0.30499138071834453
0.7089841529753843
0.17018431744124535
0.30499138071834453
0.7089841529753824
0.7089841529753844
0.7089841529753824
0.30499138071834453
0.7089841529753834
0.7089841529753846
0.7089841529753835
0.7089841529753846
0.30499138071834453
0.7089841529753839
0.708984152975384
0.7089841529753831
0.30499138071834453
0.30499138071834453
0.30499138071834453
0.7089841529753839
0.708984152975383
0.708984152975384
0.30499138071834453
0.30499138071834453
0.30499138071834453
0.7089841529753844
0.7089841529753843
0.30499138071834453
0.2668176077027252
0.7089841529753832
0.30499138071834453
0.30499138071834453
0.30499138071834453
0.7089841529753836
0.7089841529753844
0.30499138071834453
0.30499138071834453
0.708984152975384
0.7089841529753841
0.708984152975385
0.1617450470444694
0.042018745024539124
0.30499138071834453
0.30499138071834453
0.30499138071834453
0.7089841529753848
0.7089841529753822
0.30499138071834453
0.30499138071834453
0.30499138071834453
0.7089841529753822
0.30499138071834453
0.30499138071834453
0.30499138071834453
0.30499138071834453
0.7089841529753848
0.30499138071834453
0.30499138071834453
0.30499138071834453
0.22149537120673282
0.30499138071834453
0.30499138071834453
0.285688884564058
0.30499138071834453
0.7089841529753865
0.30499138071834453
0.30499138071834453
0.30499138071834453
0.30499138071834453
0.30499138071834453
0.7089841529753858
0.30499138071834453
0.1452012970881647
0.30499138071834453
0.30499138071834453
0.17018431744124535
0.30499138071834453
0.923960880314675
0.30499138071834453
0.30499138071834453
0.30499138071834453
0.30499138071834453
0.30499138071834453
0.7089841529753848
0.30499138071834453
0.30499138071834453
0.30499138071834453
0.1617450470444694
0.22149537120673282
0.4899962576006631
0.30499138071834453
0.3249734377111856
0.708984152975384
0.08581903551695563
0.30499138071834453
0.30499138071834453
0.1452012970881647
0.30499138071834453
0.7089841529753826
0.4899962576006631
0.1452012970881647
0.2668176077027252
0.30499138071834453
0.923960880314675
0.285688884564058
0.7089841529753844
0.30499138071834453
0.30499138071834453
0.30499138071834453
0.5353374825183232
0.30499138071834453
0.7089841529753815
0.30499138071834453
0.30499138071834453
0.30499138071834453
0.15113612677671828
0.7193091363173822
0.30499138071834453
0.43375084804410746
0.7187375695746381
0.7089841529753841
0.7089841529753796
0.08581903551695563
0.7089841529753836
0.1617450470444694
0.7089841529753831
0.30499138071834453
0.30499138071834453
0.7089841529753835
0.7089841529753843
0.7089841529753833
0.1452012970881647
0.30499138071834453
0.30499138071834453
0.7187375695746381
0.43375084804410746
0.7089841529753819
0.5353374825183232
0.30499138071834453
0.30499138071834453
0.30499138071834453
0.30499138071834453
0.43375084804410746
