0.8689948945701158
0.20913233819378196
0.3747124782186477
0.20152800318740505
0.18868791500482335
0.8995710465886821
0.407950132685756
0.052133382586543604
0.8205933598347872
0.5070222025569933
0.20152800318740505
0.562902242741576
0.3747124782186477
0.3606400421423013
0.18868791500482335
0.26358129367125116
0.6226955600707411
0.33894635447251864
0.6787332419759191
0.2058830442036197
0.9462857470457509
0.8032148333910993
0.6226955600707411
0.6787332419759191
0.2663517065366533
0.8759455948625676
0.2798261785767413
0.7511514948768128
0.14004103144953162
0.8511798146790059
0.407950132685756
0.643143424881259
0.5182471456565183
0.3887965258491394
0.8032148333910993
0.1804052446394831
0.13337705175081305
0.32568937462020986
0.4325851536652281
0.47603070953939086
0.6358076680254356
0.24081245277271973
0.8281829903205711
0.7666781623971362
0.8205933598347872
0.33894635447251864
0.2938624205057403
0.2551462980384269
0.08860041354521864
0.2503270984175986
0.2663517065366533
0.13603079944098717
0.9738279070789652
0.8445447878394878
0.4935349945800957
0.32568937462020986
0.8402957998334921
0.8511798146790059
0.3296613748155346
0.9462857470457509
0.8445447878394878
0.08075613018946604
0.27753472370046744
0.08985410544232923
0.9041318804809523
0.33593906195115697
0.21729058643770205
0.5337949292474334
0.6386877669817176
0.2798261785767413
0.1804052446394831
0.8995710465886821
0.6787332419759191
0.1468885840777672
0.05851540178894442
0.8281829903205711
0.11341838391082659
0.4208891395917115
0.3747124782186477
0.32568937462020986
0.08985410544232923
0.3747124782186477
0.24081245277271973
0.8380697374986334
0.7422909472355457
0.3747124782186477
0.11125740595796985
0.18868791500482335
0.4325851536652281
0.26842506284900325
0.4935349945800957
0.6428916629315606
0.5004050085146114
0.5192752262159255
0.11125740595796985
0.7254099795745563
0.27753472370046744
0.5070222025569933
0.36649023028927685
0.47603070953939086
0.11125740595796985
0.8281829903205711
0.7666781623971362
0.5337949292474334
0.9356016030486024
0.6358076680254356
0.7511514948768128
0.5990316994385525
0.407950132685756
0.7099695866088163
0.20913233819378196
0.6552508672103738
0.3747124782186477
0.9216936826381452
0.5004050085146114
0.11341838391082659
0.3747124782186477
0.15947314063807644
0.8032148333910993
0.20152800318740505
0.5724204033552189
0.7254099795745563
0.9216936826381452
0.8281829903205711
0.364409500696305
0.33894635447251864
0.11125740595796985
0.4325851536652281
0.6336535859520382
0.36649023028927685
0.9356016030486024
0.20152800318740505
0.6649432940761182
0.8281829903205711
0.8281829903205711
0.5724204033552189
0.08860041354521864
0.15240223095912286
0.5990316994385525
0.26358129367125116
0.7422909472355457
0.7422909472355457
0.47189919885582976
0.2696294151989097
0.689043685737704
0.5486019456198146
0.26842506284900325
0.23552346094668064
0.8759455948625676
0.13337705175081305
0.13603079944098717
0.7511514948768128
0.8032148333910993
0.9267421193629781
0.3887965258491394
0.8281829903205711
0.6386877669817176
0.8380697374986334
0.8032148333910993
0.7099695866088163
0.052133382586543604
0.5192752262159255
0.2685648759266567
0.33593906195115697
0.07447044979494646
0.8445447878394878
0.15240223095912286
0.21729058643770205
0.15947314063807644
0.2696294151989097
0.21729058643770205
0.27882017399676995
0.3747124782186477
0.3747124782186477
0.33894635447251864
0.5486019456198146
0.07447044979494646
0.6649432940761182
0.47189919885582976
0.3887965258491394
0.08075613018946604
0.562902242741576
0.4335287902827546
0.15240223095912286
0.2503270984175986
0.3606400421423013
0.6428916629315606
0.27882017399676995
0.689043685737704
0.9041318804809523
0.5070222025569933
0.3747124782186477
0.6336535859520382
0.2685648759266567
0.6358076680254356
0.4046092830172231
0.7422909472355457
0.9807060606843225
0.1468885840777672
0.23552346094668064
0.21729058643770205
0.8445447878394878
0.547434367467208
0.7666781623971362
0.5182471456565183
0.4046092830172231
0.08075613018946604
0.547434367467208
0.8032148333910993
0.7666781623971362
0.4208891395917115
0.9738279070789652
0.13337705175081305
0.3747124782186477
0.7422909472355457
0.4335287902827546
0.3296613748155346
0.5182471456565183
0.3606400421423013
0.2058830442036197
0.6552508672103738
0.2938624205057403
0.9807060606843225
0.9267421193629781
0.05851540178894442
0.2685648759266567
0.7069365988632941
0.643143424881259
0.47189919885582976
0.6730588462100022
0.3747124782186477
0.8689948945701158
0.2551462980384269
0.8445447878394878
0.20152800318740505
0.6226955600707411
0.8281829903205711
0.7069365988632941
0.18868791500482335
0.6730588462100022
0.3887965258491394
0.3747124782186477
0.8402957998334921
0.2663517065366533
0.364409500696305
0.5070222025569933
0.4208891395917115
0.7511514948768128
0.5724204033552189
0.8205933598347872
