0.82843104792875
0.1827613727391878
0.39374085496430644
0.21016606919474584
0.20571167141746832
0.8113630380224917
0.4227550164920524
0.07205249610652509
0.8720176732053939
0.3998582136965365
0.14397925435512915
0.4783086599276656
0.20571167141746832
0.4091202188921572
0.18820405104733812
0.26394716699026854
0.6273180623168024
0.3353859820794307
0.505811611312529
0.18820405104733812
0.8303416987988628
0.6766543907614606
0.49006175526392404
0.6627695855323938
0.3921421313788227
0.737956449324596
0.30794712899749477
0.7318905162269844
0.1827613727391878
0.7926998824661582
0.695209465806887
0.6338552474011325
0.4955604190082328
0.505811611312529
0.8586018139481724
0.1535298619812578
0.1535298619812578
0.320863145260985
0.41595680491516196
0.49006175526392404
0.43151161706204944
0.2551010607978432
0.8094560005699607
0.6273180623168024
0.8720176732053939
0.45809326045940413
0.3921421313788227
0.3716333416732395
0.11799366577309973
0.30794712899749477
0.32618790462027547
0.4345352401151784
0.8307140362380492
0.8307140362380492
0.45809326045940413
0.3381323897782499
0.6763502399886321
0.8566800100119143
0.3381323897782499
0.9692326228047985
0.737956449324596
0.08075613018946604
0.3381323897782499
0.08866612673598953
0.8113630380224917
0.383608936219903
0.21016606919474584
0.413057088788194
0.6826308541574191
0.3381323897782499
0.2785399113034446
0.8113630380224917
0.684231604629868
0.1535298619812578
0.07205249610652509
0.8425389117187705
0.1827613727391878
0.45116908030791425
0.320863145260985
0.36649393663465435
0.08866612673598953
0.39374085496430644
0.20571167141746832
0.8303416987988628
0.7318905162269844
0.30794712899749477
0.08866612673598953
0.21016606919474584
0.4041988025832616
0.3222325983401798
0.413057088788194
0.7707095052593603
0.4041988025832616
0.32851962497395926
0.1827613727391878
0.6338552474011325
0.2681854132295924
0.524046228261199
0.7328605318220127
0.695209465806887
0.24535425086834484
0.8094560005699607
0.6826308541574191
0.6338552474011325
0.9288023165638786
0.6627695855323938
0.809864651452646
0.675741938442975
0.3994973134525329
0.7169545840038387
0.1827613727391878
0.4955604190082328
0.36649393663465435
0.8920709416789798
0.3921421313788227
0.1827613727391878
0.24535425086834484
0.2681854132295924
0.6627695855323938
0.18820405104733812
0.6904441272090889
0.8246026709473799
0.8920709416789798
0.6647046463192655
0.3994973134525329
0.3353859820794307
0.4091202188921572
0.4041988025832616
0.684231604629868
0.737956449324596
0.9288023165638786
0.18820405104733812
0.6904441272090889
0.8184827609854406
0.7328605318220127
0.675741938442975
0.11799366577309973
0.1899857531452489
0.7318905162269844
0.3921421313788227
0.6332666887655397
0.6308851949536547
0.49006175526392404
0.20569249276614132
0.539027995509016
0.413057088788194
0.3222325983401798
0.22417187270513006
0.809864651452646
0.14142940784365352
0.18820405104733812
0.8094560005699607
0.8496094608653424
0.82843104792875
0.36955466156062794
0.8425389117187705
0.5941844828287839
0.6308851949536547
0.8009647893409546
0.5941844828287839
0.20571167141746832
0.49006175526392404
0.3513707751867201
0.4227550164920524
0.14397925435512915
0.8566800100119143
0.17799304453308423
0.17799304453308423
0.18820405104733812
0.4091202188921572
0.413057088788194
0.3222325983401798
0.2824808232594276
0.22017021455930602
0.21016606919474584
0.524046228261199
0.1899857531452489
0.6555695334163113
0.383608936219903
0.3513707751867201
0.08075613018946604
0.4783086599276656
0.6332666887655397
0.20569249276614132
0.32851962497395926
0.303255256342593
0.6647046463192655
0.320863145260985
0.8009647893409546
0.8586018139481724
0.3716333416732395
0.3949923976371108
0.303255256342593
0.2824808232594276
0.41595680491516196
0.3949923976371108
0.737956449324596
0.9692326228047985
0.22017021455930602
0.22417187270513006
0.36955466156062794
0.8246026709473799
0.45116908030791425
0.7299504850369276
0.4955604190082328
0.3949923976371108
0.08075613018946604
0.43151161706204944
0.7707095052593603
0.7926998824661582
0.2785399113034446
0.8496094608653424
0.14142940784365352
0.6736621827068577
0.6904441272090889
0.4091202188921572
0.3381323897782499
0.6826308541574191
0.303255256342593
0.18820405104733812
0.7661805770585783
0.45809326045940413
0.9692326228047985
0.8720176732053939
0.07205249610652509
0.26394716699026854
0.6736621827068577
0.6766543907614606
0.4345352401151784
0.7661805770585783
0.3381323897782499
0.82843104792875
0.2551010607978432
0.8184827609854406
0.1827613727391878
0.6763502399886321
0.8425389117187705
0.7169545840038387
0.413057088788194
0.45809326045940413
0.3381323897782499
0.3998582136965365
0.539027995509016
0.32618790462027547
0.3381323897782499
0.4227550164920524
0.6338552474011325
0.8094560005699607
0.6555695334163113
0.7299504850369276
