0.828526924230361
0.1859392981426362
0.3954275869266203
0.3198606980089401
0.313741005912871
0.8139658805214602
0.4227550164920524
0.07205249610652509
0.8720176732053939
0.3567208639044492
0.14397925435512915
0.46248743781371904
0.20678430988498814
0.4121994951043446
0.19731692203959617
0.26394716699026854
0.5402563361712795
0.6859566826853403
0.41248705768358096
0.1859392981426362
0.8266292734125138
0.6924497968840596
0.611332894445684
0.6627695855323938
0.2974065053218814
0.7223052158076546
0.3067741608337693
0.732604033627444
0.1859392981426362
0.7969348978703776
0.7036956455085341
0.7081430559280328
0.4955604190082328
0.4381109136968485
0.8294237639621578
0.1693940557714894
0.16125388580782915
0.32142637372452454
0.29555692789865085
0.49006175526392404
0.41676925031178486
0.25939436393951093
0.805311908712212
0.6314438301152999
0.8720176732053939
0.5402563361712795
0.399722286979576
0.44608575368399395
0.11799366577309973
0.3067741608337693
0.38291348808140324
0.4381109136968485
0.8139658805214602
0.8139658805214602
0.4581515236358389
0.35317150022238597
0.5334074954836145
0.8378745670234478
0.32142637372452454
0.9692326228047985
0.7352777237806805
0.08075613018946604
0.3665514858986586
0.08866612673598953
0.8139658805214602
0.35317150022238597
0.21154163918237287
0.4125492333763888
0.6841595205511186
0.3362914886020415
0.2795251392924403
0.805310742945727
0.684231604629868
0.16125388580782915
0.07205249610652509
0.6859566826853403
0.1859392981426362
0.38291348808140324
0.32142637372452454
0.4002190884017951
0.08866612673598953
0.41676925031178486
0.19731692203959617
0.8266292734125138
0.7352777237806805
0.313741005912871
0.08866612673598953
0.19731692203959617
0.399722286979576
0.3198606980089401
0.4125492333763888
0.6314438301152999
0.3954275869266203
0.3399088006231305
0.29555692789865085
0.6596678587091621
0.2638921100879247
0.5216465370534138
0.611332894445684
0.6859566826853403
0.24535425086834484
0.805311908712212
0.6841595205511186
0.6355695979137974
0.8031267037609549
0.6627695855323938
0.8104703124776071
0.68595668268534
0.3954275869266203
0.7036956455085341
0.1859392981426362
0.4955604190082328
0.5020829161890243
0.9104366291214292
0.3954275869266203
0.19731692203959617
0.24535425086834484
0.2638921100879247
0.5963138764892262
0.1859392981426362
0.68595668268534
0.7969348978703776
0.8753363778135761
0.6018663209141408
0.3665514858986586
0.3362914886020415
0.3852807876531049
0.399722286979576
0.684231604629868
0.7223052158076546
0.9104366291214292
0.1859392981426362
0.6924497968840596
0.8294237639621578
0.732604033627444
0.68595668268534
0.11799366577309973
0.20317094364215815
0.7969348978703776
0.3954275869266203
0.6487519821868255
0.557216622060096
0.5020829161890243
0.21626175046495139
0.42756322182373013
0.4121994951043446
0.2537220221940778
0.21626175046495139
0.8053099792112279
0.14142940784365352
0.1859392981426362
0.8139658805214602
0.8378745670234478
0.828526924230361
0.44090018351933213
0.828526924230361
0.557216622060096
0.653626870156437
0.7858371473001575
0.5698522231479277
0.20678430988498814
0.49006175526392404
0.3634926348141742
0.5216465370534138
0.14397925435512915
0.8378745670234478
0.17799304453308423
0.17799304453308423
0.2537220221940778
0.3198606980089401
0.4121917231427436
0.32142637372452454
0.28149559527043183
0.20317094364215815
0.21154163918237287
0.5216465370534138
0.1693940557714894
0.463559154828607
0.399722286979576
0.3634926348141742
0.08075613018946604
0.46248743781371904
0.6487519821868255
0.2974065053218814
0.3399088006231305
0.313741005912871
0.6355695979137974
0.32142637372452454
0.8266292734125138
0.8753363778135761
0.3852807876531049
0.5334074954836145
0.32142637372452454
0.28149559527043183
0.463559154828607
0.3954275869266203
0.7352777237806805
0.9692326228047985
0.21626175046495139
0.21626175046495139
0.44090018351933213
0.8155233235935492
0.5963138764892262
0.7313473074937684
0.4955604190082328
0.3954275869266203
0.08075613018946604
0.4002190884017951
0.7858371473001575
0.8031267037609549
0.2795251392924403
0.8449891295121961
0.14142940784365352
0.6684607857223774
0.68595668268534
0.44608575368399395
0.33497128696175726
0.6596678587091621
0.3067741608337693
0.1859392981426362
0.805310742945727
0.4581515236358389
0.9692326228047985
0.8155233235935492
0.07205249610652509
0.26394716699026854
0.6859566826853403
0.653626870156437
0.4581515236358389
0.8139658805214602
0.313741005912871
0.828526924230361
0.25939436393951093
0.8294237639621578
0.1859392981426362
0.6859566826853402
0.8449891295121961
0.5698522231479277
0.313741005912871
0.46248743781371904
0.3567208639044492
0.42756322182373013
0.6018663209141408
0.33497128696175726
0.33497128696175726
0.4227550164920524
0.7081430559280328
0.8104703124776071
0.6684607857223774
0.7313473074937684
