0.8248963827212097
0.1726671206820729
0.3934671614902808
0.25355741570148627
0.39073012157056997
0.8102687865918983
0.48577349200900033
0.07205249610652509
0.8248963827212096
0.3934671614902808
0.2174558598728189
0.497306848328838
0.3419014178795377
0.3857447430417499
0.21946422395728676
0.29133923512842363
0.48451279669709624
0.7247006631255231
0.45667200696589455
0.18954738583568964
0.8248963827212095
0.7127960083984892
0.48451279669709624
0.697701454897353
0.3347305117278768
0.7247006631255231
0.34326843813914887
0.697701454897353
0.21946422395728676
0.8162826156258345
0.7036956455085341
0.638103125604213
0.497306848328838
0.29133923512842363
0.6559838828631669
0.23969794188597116
0.326701426163009
0.2174558598728189
0.33956893870035265
0.5634369953792189
0.393990413972695
0.31842870109880483
0.8162826156258033
0.7891474532962814
0.8102687865918983
0.497306848328838
0.393990413972695
0.2969459392824416
0.1726671206820729
0.2899996793234647
0.33858900887447146
0.39073012157056997
0.8102687865918983
0.8162826156258695
0.27057632470745563
0.3718767888342096
0.5342458725470474
0.8102687865918983
0.318547044325483
0.9692326228047985
0.6830997488742938
0.27057632470745563
0.3806961219377255
0.08866612673598953
0.8102687865918983
0.497306848328838
0.18072162111194395
0.4050613840944296
0.6859441961669714
0.2750747902530441
0.2805103672814361
0.7329293023847891
0.6863784249361258
0.2493810620788838
0.07205249610652509
0.6859441961669714
0.24938106207888378
0.39073012157056997
0.24938106207888378
0.46103473043002363
0.08866612673598953
0.4050613840944296
0.22918620144226576
0.8248963827212095
0.7312378148835073
0.315779175213586
0.08866612673598953
0.18954738583568964
0.3965213256831738
0.31254998311354243
0.3806961219377255
0.6331216997306528
0.3965213256831738
0.35588322787251536
0.24938106207888383
0.7329293023847891
0.23603831578657256
0.582042891662315
0.5634369953792189
0.5967323835166917
0.3586855697665131
0.7781651151834359
0.6830997488742938
0.582042891662315
0.8102687865918983
0.697701454897353
0.8102687865918983
0.6863784249361258
0.33858900887447146
0.7036956455085341
0.18072162111194395
0.497306848328838
0.638103125604213
0.8870364615828608
0.2577405926774881
0.18954738583568964
0.2311218903605684
0.31842870109880483
0.6331216997306528
0.18954738583568964
0.5599170267698589
0.7781651151834359
0.8870364615828608
0.4682075591177788
0.3857447430417499
0.4682075591177788
0.3419014178795377
0.33956893870035265
0.6442523184979414
0.7127960083984892
0.7208780877062211
0.22918620144226576
0.7247006631255231
0.697701454897353
0.8102687865918983
0.6741383805253771
0.1726671206820729
0.1868831522152204
0.8058041350291942
0.3934671614902808
0.5976027215898915
0.4050282312120942
0.48451279669709624
0.23969794188597116
0.5599170267698589
0.4050613840944296
0.22918620144226576
0.23111865331768094
0.7329293023847891
0.152375205749222
0.1726671206820729
0.8102687865918983
0.7907204931385334
0.6741383805253771
0.4506978828760335
0.8162826156257408
0.5646034726314473
0.5646034726314473
0.7874649292462828
0.46103473043002363
0.2750747902530441
0.5976027215898915
0.35588322787251536
0.6559838828631669
0.25355741570148627
0.7907204931385334
0.23603831578657256
0.1726671206820729
0.2562522813956608
0.31254998311354243
0.3718767888342096
0.4800657559700052
0.30769881927299847
0.1868831522152204
0.2577405926774881
0.49021033459581675
0.1868831522152204
0.45667200696589455
0.7312378148835073
0.2899996793234647
0.152375205749222
0.39299820906809324
0.7208780877062211
0.35588322787251536
0.46321609216208826
0.318547044325483
0.48577349200900033
0.34326843813914887
0.8248963827212096
0.8870364615828608
0.31842870109880483
0.5342458725470474
0.318547044325483
0.30769881927299847
0.5342458725470474
0.49021033459581675
0.697701454897353
0.9692326228047985
0.2493810620788838
0.23111865331768094
0.4506978828760335
0.8102687865918983
0.5967323835166917
0.39299820906809324
0.497306848328838
0.3857447430417499
0.152375205749222
0.4050613840944296
0.7874649292462828
0.8102687865918983
0.2805103672814361
0.8449891295121961
0.24600142461489521
0.6684607857223774
0.6859441961669714
0.4800657559700052
0.24600142461489521
0.6830997488742938
0.152375205749222
0.29133923512842363
0.8162826156258345
0.45817207310521013
0.9692326228047985
0.7891474532962814
0.07205249610652509
0.29133923512842363
0.6859441961669714
0.4800657559700052
0.326701426163009
0.8162826156258695
0.315779175213586
0.8248963827212097
0.2969459392824416
0.8162826156258753
0.39299820906809324
0.7208780877062211
0.8449891295121961
0.46321609216208826
0.2562522813956608
0.46103473043002363
0.4050282312120942
0.45817207310521013
0.6442523184979414
0.3347305117278768
0.315779175213586
0.3586855697665131
0.7208780877062211
0.8102687865918983
0.6684607857223774
0.8058041350291942
