0.8553909264869342
0.22711310526362777
0.3712637171439116
0.20239743235680857
0.18975792235337186
0.8828302842525901
0.405770994583611
0.055324392187744015
0.8210902044338257
0.4550807698605502
0.20239743235680857
0.5465421115444571
0.3042622670420416
0.3688064199857573
0.22711310526362777
0.26777321308487834
0.6108636297546468
0.337154804810333
0.6813108529163654
0.20239743235680857
0.8210902044338257
0.8032148333910993
0.6444079878842457
0.6813108529163654
0.3042622670420416
0.766662528426945
0.2787083957102374
0.756321848868178
0.1332692919955455
0.8493487595804059
0.4006244000314577
0.6573169545345185
0.5231116826249667
0.3887965258491394
0.7643124064828278
0.1804052446394831
0.13816120466854276
0.3436232335910653
0.4325851536652281
0.5579594217137902
0.6358076680254356
0.24706795340018944
0.825823089591398
0.766662528426945
0.825823089591398
0.337154804810333
0.405770994583611
0.37790838737098453
0.09002662576873938
0.3076566850811175
0.26777321308487834
0.12148774292239772
0.918158804028427
0.8456936516485101
0.4939414058131024
0.484836563445759
0.7033012243790819
0.8493487595804059
0.337154804810333
0.9692326228047985
0.8456936516485101
0.08075613018946604
0.28639250556354956
0.09002662576873938
0.9041318804809523
0.337154804810333
0.21729058643770205
0.5390642711901841
0.7003649183762118
0.35852110426123174
0.1804052446394831
0.8828302842525901
0.6813108529163654
0.10675604620914522
0.055324392187744015
0.8281829903205711
0.12148774292239772
0.4570187989350357
0.3754984485440349
0.35242581239097337
0.09002662576873938
0.3712637171439116
0.22711310526362777
0.8320018781192396
0.7441284054119288
0.35242581239097337
0.09002662576873938
0.18975792235337186
0.49101289642912666
0.26777321308487834
0.4570187989350357
0.6428916629315606
0.5147919870885345
0.5465421115444571
0.11197773194225544
0.7643124064828278
0.2787083957102374
0.4550807698605502
0.4939414058131024
0.4946437300162677
0.1332692919955455
0.8424676872593267
0.7003649183762118
0.5147919870885345
0.93117186120579
0.6358076680254356
0.8135485448696902
0.6148322982706727
0.405770994583611
0.7084530927360553
0.20239743235680857
0.6148322982706727
0.3743500533165329
0.9216936826381452
0.4628050493145953
0.12148774292239772
0.3743500533165329
0.15947314063807644
0.8244542425198047
0.20239743235680857
0.5711592217111356
0.7193773025260959
0.9216936826381452
0.825823089591398
0.3688064199857573
0.337154804810333
0.11197773194225544
0.4325851536652281
0.6934846411229397
0.7033012243790819
0.93117186120579
0.20239743235680857
0.766662528426945
0.825823089591398
0.825823089591398
0.5711592217111356
0.10675604620914522
0.15240223095912286
0.7193773025260959
0.26777321308487834
0.7441284054119288
0.7441284054119288
0.4939414058131024
0.26777321308487834
0.484836563445759
0.5390642711901841
0.26777321308487834
0.23804358279501586
0.8135485448696902
0.13816120466854276
0.1332692919955455
0.8424676872593267
0.8032148333910993
0.93117186120579
0.4006244000314577
0.8553909264869342
0.5711592217111356
0.8320018781192396
0.8032148333910993
0.7084530927360553
0.055324392187744015
0.49101289642912666
0.25810741242481205
0.337154804810333
0.08384727033177371
0.8828302842525901
0.15240223095912286
0.21729058643770205
0.15947314063807644
0.26777321308487834
0.21729058643770205
0.26777321308487834
0.3704075249987409
0.24308382649168625
0.337154804810333
0.5390642711901841
0.08384727033177371
0.6573169545345185
0.4628050493145953
0.3887965258491394
0.08075613018946604
0.5074275203556005
0.5074275203556005
0.15240223095912286
0.25810741242481205
0.3712637171439116
0.6428916629315606
0.2787083957102374
0.8210902044338257
0.9041318804809523
0.4946437300162677
0.3743500533165329
0.5579594217137902
0.25810741242481205
0.4939414058131024
0.3754984485440349
0.7441284054119288
0.9692326228047985
0.24308382649168625
0.23804358279501586
0.21729058643770205
0.8456936516485101
0.5390642711901841
0.766662528426945
0.5231116826249667
0.41906903664998885
0.08075613018946604
0.5390642711901841
0.8032148333910993
0.766662528426945
0.35852110426123174
0.918158804028427
0.13816120466854276
0.3704075249987409
0.7441284054119288
0.41906903664998885
0.3436232335910653
0.5390642711901841
0.3076566850811175
0.20239743235680857
0.662474043346235
0.28639250556354956
0.9692326228047985
0.93117186120579
0.055324392187744015
0.25810741242481205
0.7084530927360553
0.5711592217111356
0.4628050493145953
0.662474043346235
0.3712637171439116
0.8553909264869342
0.24706795340018944
0.8244542425198047
0.20239743235680857
0.6108636297546468
0.8281829903205711
0.7084530927360553
0.18975792235337186
0.6444079878842457
0.3887965258491394
0.3743500533165329
0.6934846411229397
0.3042622670420416
0.3436232335910653
0.37790838737098453
0.4628050493145953
0.756321848868178
0.6148322982706727
0.7193773025260959
