0.8719334568060303
0.16485234537774007
0.3475635435741953
0.21929302002293233
0.1726079283802321
0.9064122974270874
0.43582398948026496
0.048942372985343194
0.8613824342065557
0.5480819349135735
0.19635427359667046
0.6797462112871682
0.3578721189905616
0.4253621282575234
0.3546737144792679
0.27231531280368904
0.6178583602958454
0.30915407899830805
0.6797462112871682
0.15813481574386545
0.9462857470457509
0.798197591468144
0.6297592791271092
0.6797462112871682
0.36584915682498353
0.8753252550203876
0.2928550535256282
0.6279396861739943
0.1560538104825988
0.8544012450442289
0.39096308411661207
0.46753252149213087
0.5154962527519577
0.36584915682498353
0.8034772894364011
0.0069693597352982195
0.1560538104825988
0.19635427359667046
0.522112002584176
0.49072056591979174
0.6558235099380706
0.11014732507121566
0.8303931973875709
0.7580913551325592
0.6675297371509348
0.3464831233500769
0.29595032284136635
0.28322243472813846
0.06366235787920427
0.45110109534054066
0.27235110680134045
0.06969359531666297
0.9738279070789652
0.8753252550203876
0.47320953188152237
0.37834933879271215
0.8587100254474197
0.8544012450442289
0.3546737144792679
0.9462857470457509
0.8133709375737905
0.06321833331546747
0.09608471363102455
0.06969359531666297
0.9064122974270874
0.14715613115301315
0.15813481574386545
0.6958699421275933
0.6532141043817232
0.27037619139861446
0.3567881747737307
0.9064122974270874
0.6797462112871682
0.1607471330214318
0.07532517864720009
0.8303931973875709
0.1607471330214318
0.4253621282575234
0.3787920622509636
0.28322243472813846
0.19566433576820372
0.3475635435741953
0.10038899159908377
0.8380697374986334
0.798197591468144
0.3787920622509636
0.0069693597352982195
0.1726079283802321
0.40805616156895186
0.26597811166563257
0.3546737144792679
0.6059052183227798
0.6558235099380706
0.5163177359596645
0.06366235787920427
0.7246988408632269
0.2932855686402821
0.5045030433023698
0.3608832892334255
0.47320953849539416
0.06969359531666297
0.8303931973875709
0.7580913551325592
0.5871297926513586
0.9553127301024725
0.6279396861739943
0.8699256262889259
0.5480819349135735
0.43582398948026496
0.7193304710226627
0.27231531280368904
0.6059052183227798
0.4732095378812854
0.9064122974270874
0.3567881747737307
0.06969359531666297
0.39096308411661207
0.11014732507121566
0.8034772894364011
0.15813481574386545
0.6014498032069169
0.7246988408632269
0.9064122974270874
0.8133709375737905
0.2932855686402821
0.2928550535256282
0.16485234537774007
0.37834933879271215
0.7715192111085554
0.3608832892334255
0.9553127301024725
0.21929302002293233
0.70113254454953
0.8237689575530649
0.8237689575530649
0.5163177359596645
0.10510243827965993
0.16485234537774007
0.6178583602958454
0.27231531280368904
0.7715192111085554
0.7263726853771368
0.47320953188152237
0.30915407899830805
0.70113254454953
0.5154962527519577
0.2928550535256282
0.39096308411661207
0.8753252550203876
0.13798733569977145
0.25714790731420445
0.6279396861739943
0.7985437114070276
0.9807060606843225
0.36584915682498353
0.8303931973875709
0.6532141043817232
0.8380697374986334
0.798543711407028
0.7193304710226627
0.048942372985343194
0.522112002584176
0.27231531280368904
0.3464831233500769
0.07532517864720009
0.8133709375737905
0.1388465620059522
0.10510243827965993
0.20596532330438372
0.26597811166563257
0.27231531280368904
0.27231531280368904
0.3608832892334255
0.27037619139861446
0.3567881747737307
0.5045030433023698
0.07532517864720009
0.6297592791271092
0.4556793552562126
0.45110109534054066
0.09608471363102455
0.44430657705751536
0.38711733252756575
0.1388465620059522
0.27037619139861446
0.4473229539424604
0.6297592791271092
0.2928550535256282
0.6797462112871682
0.9064122974270874
0.4732095378812854
0.39096308411661207
0.49072056591979174
0.44430657705751536
0.6297592791271092
0.5871297926513586
0.6958699421275933
0.9807060606843225
0.10038899159908377
0.07532517864720009
0.15813481574386545
0.8699256262889259
0.5594009275291874
0.7715192111085554
0.5319803533451836
0.2932855686402821
0.06321833331546747
0.5594009275291874
0.798543711407028
0.7580913551325592
0.4253621282575234
0.9738279070789652
0.13798733569977145
0.38711733252756575
0.7263726853771368
0.4556793552562126
0.3546737144792679
0.5319803533451836
0.4473229539424604
0.19566433576820372
0.7715192111085554
0.29595032284136635
0.9807060606843225
0.8613824342065557
0.048942372985343194
0.25714790731420445
0.6957972993994064
0.8237689575530649
0.4556793552562126
0.6675297371509348
0.3787920622509636
0.8719334568060303
0.27235110680134045
0.8753252550203876
0.14715613115301315
0.6178583602958454
0.8303931973875709
0.6957972993994064
0.20596532330438372
0.6797462112871682
0.46753252149213087
0.38711733252756575
0.8587100254474197
0.20596532330438372
0.3578721189905616
0.5045030433023698
0.40805616156895186
0.8699256262889259
0.6014498032069169
0.8613824342065557
