0.8308722219161353
0.1861150986245102
0.3954275869266203
0.3191595876600347
0.30953906064076864
0.795337405709815
0.4227550164920524
0.07205249610652509
0.8720176732053939
0.3567208639044492
0.14397925435512915
0.4783086599276656
0.20678430988498814
0.4122938113965491
0.19711909432564156
0.26394716699026854
0.6273180623168024
0.6849870233108761
0.4129222875332361
0.1861150993377806
0.82253071185787
0.6849870233108761
0.49006175526392404
0.6627695855323938
0.30018087145672734
0.7223052158076546
0.3067741608337693
0.732604033627444
0.18611509855970754
0.8076929471830914
0.7036956455085341
0.6338552474011325
0.4955604190082328
0.4374956757861893
0.8586018139481724
0.1734641407533195
0.15718380082599903
0.32126291870707213
0.2927825617638049
0.49006175526392404
0.4374956757861893
0.2551010607978432
0.8065288416493157
0.6273180623168024
0.8720176732053939
0.45809326045940413
0.39908976327382006
0.37073108102933994
0.11799366577309973
0.3067741608337693
0.38291348808140324
0.4374956757861893
0.8304889381545633
0.8076929471830914
0.45809326045940413
0.35317150022238597
0.6713874040406087
0.829600514834268
0.32199846628673173
0.9692326228047985
0.7352777237806805
0.08075613018946604
0.3665514858986586
0.08866612673598953
0.8291414624126435
0.35317150022238597
0.21154163918237287
0.4129222875332361
0.6841595205511186
0.33782723336727005
0.2785399113034446
0.8101874590416014
0.684231604629868
0.15718380082599903
0.07205249610652509
0.6849870233108761
0.18611509847876334
0.38291348808140324
0.32126291870705304
0.4002190884017951
0.08866612673598953
0.3954275869266203
0.19711909432564156
0.82253071185787
0.7352777237806805
0.3067741608337693
0.08866612673598953
0.19751474975355088
0.40018003854917783
0.32126291870677404
0.4129222875332361
0.6360594123459873
0.3954275869266203
0.3399088006231305
0.2927825617638049
0.6596678587091621
0.2681854132295924
0.5216465370534138
0.732604033627444
0.6713874040406087
0.24535425086834484
0.8065288416493157
0.6841595205511186
0.6360594123459873
0.9288023165638786
0.6627695855323938
0.8101874590416014
0.6874540254755692
0.3954275869266203
0.7036956455085341
0.18477653194141075
0.4955604190082328
0.5020829161890243
0.8920709416789798
0.3954275869266203
0.19751474975355088
0.24535425086834484
0.2681854132295924
0.5963138764892262
0.1861150993377806
0.6874540254755692
0.7879291262736583
0.8920709416789798
0.6018663209141408
0.3665514858986586
0.33782723336727005
0.40018003854917783
0.39908976327382006
0.684231604629868
0.7223052158076546
0.9288023165638786
0.1865259480940391
0.6986790693748965
0.82253071185787
0.732604033627444
0.6874540254755692
0.11799366577309973
0.20317094364215815
0.8028616152356547
0.3954275869266203
0.6487519821868255
0.557216622060096
0.5020829161890243
0.21626175046495139
0.44430469125247496
0.4122938113965491
0.32126291870697077
0.21626175046495139
0.8101874590416014
0.14142940784365352
0.18611509855970754
0.8304889381545633
0.8480382277216598
0.8308722219161353
0.4374956757861893
0.829141462402383
0.557216622060096
0.653626870156437
0.7858371473001575
0.5698522231479277
0.20678430988498814
0.49006175526392404
0.3634926348141742
0.5216465370534138
0.14397925435512915
0.829600514834268
0.17799304453308423
0.17799304453308423
0.1865259480940391
0.3191595876600347
0.4122938113965491
0.32126291870697077
0.2824808232594276
0.20317094364215815
0.21154163918237287
0.5216465370534138
0.1734641407533195
0.5141040771141245
0.40018003854917783
0.3634926348141742
0.08075613018946604
0.4783086599276656
0.6487519821868255
0.30018087145672734
0.3399088006231305
0.3212629187060471
0.6360594123459873
0.32126291870707213
0.829141462402383
0.8586018139481724
0.37073108102933994
0.3954275869266203
0.32199846628673173
0.2824808232594276
0.4100857228942034
0.3954275869266203
0.7352777237806805
0.9692326228047985
0.21626175046495139
0.21626175046495139
0.44430469125247496
0.82253071185787
0.5963138764892262
0.7313473074937684
0.4955604190082328
0.3954275869266203
0.08075613018946604
0.4002190884017951
0.7858371473001575
0.8065288416493157
0.2785399113034446
0.8480382277216598
0.14142940784365352
0.6684607857223774
0.6874540254755692
0.5141040771141245
0.33200756899377276
0.6596678587091621
0.3067741608337693
0.18611509912084478
0.7879291262736583
0.45809326045940413
0.9692326228047985
0.8028616152356547
0.07205249610652509
0.26394716699026854
0.6986790693748965
0.653626870156437
0.4374956757861893
0.795337405709815
0.3212629187060471
0.8308722219161353
0.2551010607978432
0.82253071185787
0.18477653194141075
0.6849870233108761
0.8480382277216598
0.5698522231479277
0.30953906064076864
0.45809326045940413
0.3567208639044492
0.4100857228942034
0.6018663209141408
0.33200756899377276
0.33782723336727005
0.4227550164920524
0.6338552474011325
0.8101874590416014
0.6684607857223774
0.7313473074937684
