0.8689948945701158
0.21171377819207454
0.3475635435741953
0.21171377819207454
0.1893771040613637
0.897290629642547
0.407950132685756
0.048942372985343194
0.822288007236557
0.510026618442458
0.26548365409166186
0.562902242741576
0.37366738974827857
0.3104737185781562
0.3411391530011521
0.2718305324524205
0.6223639109474268
0.32538909749753026
0.6787332419759191
0.15490352620928693
0.9462857470457509
0.8024212834828282
0.6412005818144157
0.6787332419759191
0.26548365409166186
0.8759455948625676
0.28161562246212135
0.7511514948768128
0.13869427827728764
0.8544012450442289
0.407950132685756
0.6481718611423064
0.5182471456565183
0.39495896543626896
0.8053206201388862
0.0069693597352982195
0.150450340550429
0.32220415984263806
0.5192752262159255
0.48978842768653885
0.6558235099380706
0.10144172304176421
0.826226425434805
0.7702916896706034
0.8194635949002753
0.33758188460121197
0.2938624205057403
0.21171377819207454
0.08860041354521864
0.3765924854974463
0.2682075826675664
0.06909234109048182
0.9738279070789652
0.872783784775383
0.4702878388795372
0.3939527924039363
0.8417770684138608
0.8544012450442289
0.3557398493163656
0.9462857470457509
0.8392451450735989
0.06321833331546747
0.12478508206886624
0.06909234109048182
0.9064122974270874
0.2780907714452356
0.15914481045801337
0.6787332419759191
0.6412005818144157
0.28161562246212135
0.368358884409527
0.897290629642547
0.6787332419759191
0.150450340550429
0.07447044979494646
0.8297307734041199
0.16829250372614782
0.4225665103413908
0.3765924854974463
0.16829250372614782
0.21171377819207454
0.3475635435741953
0.3411391530011521
0.8380697374986334
0.7422909472355457
0.3765924854974463
0.0069693597352982195
0.1893771040613637
0.3802439674955729
0.2780556290777716
0.3557398493163656
0.6196349092111166
0.6558235099380706
0.5192752262159255
0.06922365745798428
0.7254099795745563
0.2938624205057403
0.5040177866715285
0.3606024271420545
0.48978842768653885
0.06922365745796136
0.8297307734041199
0.763064635123669
0.5871297926513586
0.9400313448914146
0.6249671887988597
0.7511514948768128
0.5523672764208036
0.407950132685756
0.7114860804815772
0.2718305324524205
0.6730588462100022
0.4192117688420317
0.9216936826381452
0.34580060751681646
0.06922365745796136
0.37366738974827857
0.15914481045801337
0.8053206201388862
0.15490352620928693
0.5523672764208036
0.7254099795745563
0.9216936826381452
0.826226425434805
0.407950132685756
0.32538909749753026
0.1532565828346933
0.3939527924039363
0.6336535859520382
0.3606024271420545
0.9400313448914146
0.1893771040613637
0.6993541294994889
0.8194635949002753
0.8194635949002753
0.5824469668224269
0.08860041354521864
0.1532565828346933
0.6223639109474268
0.26548365409166186
0.7422909472355457
0.7422909472355457
0.4702878388795372
0.2679981326817713
0.6993541294994889
0.545683000238298
0.2780556290777716
0.3939527924039363
0.8759455948625676
0.12478508206886624
0.21171377819207454
0.7511514948768128
0.8024212834828282
0.9223123775201659
0.3782658365837214
0.8297307734041199
0.6373518461368243
0.8380697374986334
0.8017729248187728
0.7114860804815772
0.048942372985343194
0.5192752262159255
0.2718305324524205
0.33758188460121197
0.07447044979494646
0.8024212834828282
0.149962696085506
0.21171377819207454
0.15914481045801337
0.2679981326817713
0.21370705963294612
0.2718305324524205
0.3782658365837214
0.3802439674955729
0.34580060751681646
0.5182471456565183
0.07447044979494646
0.6373518461368243
0.4556793552562126
0.39495896543626896
0.10144172304176421
0.562902242741576
0.39495896543626896
0.149962696085506
0.25453005202558165
0.36085264621728635
0.6196349092111166
0.2938624205057403
0.6787332419759191
0.9064122974270874
0.510026618442458
0.32220415984263806
0.6336535859520382
0.2780907714452356
0.6249671887988597
0.5871297926513586
0.7422909472355457
0.9807060606843225
0.13869427827728764
0.07447044979494646
0.21370705963294612
0.8392451450735989
0.545683000238298
0.7702916896706034
0.5182471456565183
0.2938624205057403
0.06321833331546747
0.545683000238298
0.8017729248187728
0.763064635123669
0.4225665103413908
0.9738279070789652
0.12478508206886624
0.3939527924039363
0.7422909472355457
0.4556793552562126
0.3557398493163656
0.5182471456565183
0.36085264621728635
0.2679981326817713
0.6730588462100022
0.2938624205057403
0.9807060606843225
0.9223123775201659
0.048942372985343194
0.25453005202558165
0.6993541294994889
0.6481718611423064
0.4702878388795372
0.6730588462100022
0.368358884409527
0.8689948945701158
0.3104737185781562
0.872783784775383
0.1532565828346933
0.6223639109474268
0.8297307734041199
0.7114860804815772
0.1893771040613637
0.6730588462100022
0.39495896543626896
0.3939527924039363
0.8417770684138608
0.2682075826675664
0.3557398493163656
0.5040177866715285
0.4192117688420317
0.7511514948768128
0.5824469668224269
0.822288007236557
