0.8553909264869342
0.18691414938089906
0.3839003495483382
0.2140388053379459
0.20617990683890336
0.8913258503855679
0.41074516015694007
0.07205249610652509
0.8391447995020984
0.3782304762857709
0.14397925435512915
0.5163330037607208
0.20524343599603317
0.42156034553529387
0.18691414938089906
0.26394716699026854
0.6158687566272687
0.336249399331821
0.5117347373025964
0.20683159285212432
0.8248464912859137
0.711499119938782
0.4834919610086484
0.6661345699489114
0.3960367851552874
0.7573001768651747
0.33206492630996043
0.7249494189443066
0.17403628477991748
0.842776987922508
0.6116950658645628
0.6680605280444457
0.4929185352555776
0.5117347373025964
0.8116902104364865
0.18513497869084505
0.16529365018182868
0.30411324198470524
0.41882782500316584
0.5152146219920914
0.3897221235634123
0.2551010607978432
0.8017573318471751
0.6116950658645628
0.791890230858376
0.4929185352555776
0.3897221235634123
0.3424175414870365
0.09561322813385129
0.31379063203763735
0.32665811655335275
0.1905985212000219
0.8273017534460856
0.8273017534460856
0.4614055319492981
0.4025448395434575
0.6911035698851704
0.842776987922508
0.3453439335158853
0.9692326228047985
0.8273017534460856
0.08075613018946604
0.28126976566134154
0.08866612673598953
0.8913676165784269
0.3782304762857709
0.2291415794722233
0.397045402692474
0.6826308541574191
0.33206492630996043
0.18513497869084505
0.8913258503855679
0.684231604629868
0.16529365018182868
0.07205249610652509
0.832493453939791
0.16529365018182868
0.44891993951053244
0.33232091326628965
0.3960367851552874
0.08866612673598953
0.39434416062956834
0.20617990683890336
0.8248464912859137
0.7441284054119288
0.31379063203763735
0.08866612673598953
0.1905985212000219
0.40559022445404014
0.27564221686685986
0.4614055319492981
0.6428916629315606
0.41882782500298443
0.5163330037607208
0.18691414938089906
0.6520560063636192
0.28126976566134154
0.524046228261199
0.6158687566272687
0.4834919610086484
0.18691414938089906
0.8017573318471751
0.6826308541574191
0.6046988618941707
0.92858154301796
0.6661345699489114
0.7976385587534922
0.6158687566272687
0.41074516015694007
0.7111841451835657
0.1905985212000219
0.4975566706627863
0.3424175414870365
0.92858154301796
0.3839003495483382
0.16529365018182868
0.30426571479519465
0.2551010607978432
0.8017573318471751
0.18691414938089906
0.6911035698851704
0.8017573318471751
0.874454859282985
0.684231604629868
0.3828816530281245
0.336249399331821
0.42156034553529387
0.40559022445404014
0.684231604629868
0.7375128662326589
0.92858154301796
0.18691414938089906
0.7573001768651747
0.8301755744259447
0.8301755744259447
0.5852759507292005
0.09561322813385129
0.31364368025524325
0.7249494189443066
0.3839003495483382
0.7441284054119288
0.6116950658645628
0.47466416367852293
0.20517471999978554
0.49350191658534315
0.418827825002531
0.3470505348840521
0.2261727017780421
0.8116902104364865
0.1362434989275374
0.17403628477991748
0.8116902104364865
0.8640463198599776
0.929133476882757
0.39434416062956834
0.8553909264869342
0.5852759507292005
0.8248464912859137
0.8248464912859137
0.7111841451835657
0.20524343599603317
0.47466416367852293
0.3424175414870365
0.418827825002531
0.14397925435512915
0.8913676165784269
0.1808452087636187
0.1808452087636187
0.18691414938089906
0.27564221686685986
0.4025448395434575
0.30411324198470524
0.2140388053379459
0.1905985212000219
0.2291415794722233
0.524046228261199
0.07205249610652509
0.6520560063636192
0.47466416367852293
0.3782304762857709
0.08075613018946604
0.49142873870436476
0.49350191658534315
0.20517471999978554
0.30426571479519465
0.3043180677273352
0.6428916629315606
0.33232091326628965
0.8248464912859137
0.8913676797916852
0.42156034553529387
0.39434416062956834
0.3043180677273352
0.3424175414870365
0.39434416062956834
0.3782304762857709
0.7441284054119288
0.9692326228047985
0.2261727017780421
0.2261727017780421
0.20517471999978554
0.8301755744259447
0.44891993951053244
0.7249494189443066
0.4975566706627863
0.3905931882559576
0.08075613018946604
0.44891993951053244
0.8017573318471751
0.7375128662326589
0.32665811655335275
0.8640463198599776
0.1362434989275374
0.5152146219920914
0.6911035698851704
0.3905931882559576
0.3453439335158853
0.6826308541574191
0.33206492630996043
0.20683159285212432
0.791890230858376
0.5141695338214617
0.9692326228047985
0.929133476882757
0.07205249610652509
0.26394716699026854
0.7111841451835657
0.6680605280444457
0.47466416367852293
0.6046988618941707
0.3828816530281245
0.8391447995020984
0.2551010607978432
0.874454859282985
0.16529365018182868
0.711499119938782
0.832493453939791
0.7111841451835657
0.397045402692474
0.49142873870436476
0.31364368025524325
0.39434416062956834
0.684231604629868
0.32665811655335275
0.3470505348840521
0.39434416062956834
0.5141695338214617
0.7976385587534922
0.5852759507292005
0.7249494189443066
