0.8719334568060303
0.16115062578163294
0.3475635435741953
0.22679128325314835
0.1726079283802321
0.9077427627856431
0.43582398948026496
0.048942372985343194
0.8613824342065557
0.5480819349135735
0.19635427359667046
0.6807023899768265
0.3606649243989707
0.4253621282575234
0.35523541728455665
0.27254726824871733
0.6162709049439283
0.3141741844491901
0.6807023899768265
0.17095647634331837
0.9462857470457509
0.7970519426568898
0.6393871653714867
0.6778338539078519
0.3606649243989707
0.8768644443801159
0.29168348803838773
0.620704828299478
0.15546570030007412
0.8544012450442289
0.38449068476961556
0.3141741844491913
0.5237650172477369
0.395241106589441
0.8034772894364011
0.0069693597352982195
0.15546570030007412
0.19635427359667046
0.522112002584176
0.48758816270637884
0.6675297371509348
0.11881484744253301
0.8354928121939331
0.7580913551325592
0.6103606334386427
0.3141741844491893
0.3001700446273602
0.27239574566417135
0.06366235787920427
0.5443300716905197
0.2723957456641697
0.07612934806817873
0.9738279070789652
0.874232796081688
0.47345027114799065
0.2759029401414085
0.8587100254474197
0.8544012450442289
0.506382581986856
0.9462857470457509
0.8034772894364011
0.06321833331546747
0.08850800236052173
0.061182487775388705
0.9041486469421005
0.14715613115301315
0.1531196700917028
0.6670410433919598
0.6393871653714867
0.2686525279274369
0.36110165406788
0.9077427627856431
0.6778338539078519
0.15546570030007412
0.07591280285906607
0.8260558950952813
0.16115062578163294
0.4253621282575234
0.3629815072054895
0.3141741844491901
0.22679128325314835
0.3475635435741953
0.11881484744253301
0.8380697374986334
0.7970519426568898
0.386378095127199
0.0069693597352982195
0.1726079283802321
0.40805616156895186
0.2642110170780301
0.506382581986856
0.6103606334386427
0.6675297371509348
0.5163177359596645
0.06366235787920427
0.7246988408632269
0.29386457191373005
0.5113618705040679
0.36110165406788
0.482516624403194
0.06751339633578438
0.8354928121939331
0.7580913551325592
0.5871297926513586
0.9553127301024725
0.620704828299478
0.8673253109715153
0.5480819349135735
0.43582398948026496
0.7193304710226627
0.27254726824871733
0.6103606334386427
0.4602307547329548
0.9073454825535177
0.36110165406788
0.07612934806817873
0.3953891052815068
0.11881484744253301
0.8034772894364011
0.1531196700917028
0.5969943880910542
0.7246988408632269
0.9073454825535177
0.8237689575530649
0.29386457191373005
0.3485979458543407
0.27520042214134566
0.48758816270637884
0.7709682008468055
0.36110165406788
0.9553127301024725
0.1726079283802321
0.70113254454953
0.8237689575530649
0.8237689575530649
0.5163177359596645
0.10510243827965993
0.061182487775388705
0.6193253901974988
0.2717519319710221
0.7720702213703052
0.7263726853771368
0.47345027114799065
0.3141741844491899
0.70113254454953
0.5113618705040679
0.27520042214134566
0.45276179148907025
0.8768644443801159
0.06321833331546747
0.25714790731420445
0.620704828299478
0.8062423258974007
0.9807060606843225
0.3606649243989707
0.8354928121939331
0.6670410433919598
0.8380697374986334
0.7958400529730958
0.7193304710226627
0.048942372985343194
0.522112002584176
0.2686525279274369
0.3629815072054895
0.06751339633578438
0.8062423258974007
0.1388465620059522
0.10510243827965993
0.1867955027082801
0.2642110170780301
0.2759029401414085
0.27254726824871733
0.3606649243989707
0.2686525279274369
0.3485979458543407
0.5113618705040679
0.07591280285906607
0.6294725614187358
0.45276179148907025
0.35523541728455665
0.08850800236052173
0.44430657705751536
0.395241106589441
0.1388465620059522
0.2717519319710221
0.4473229539424604
0.6294725614187358
0.29168348803838773
0.6807023899768265
0.9041486469421005
0.482516624403194
0.3953891052815068
0.48758816270637884
0.44430657705751536
0.620704828299478
0.5871297926513586
0.7246988408632269
0.9807060606843225
0.07978151355400545
0.07978151355400545
0.1531196700917028
0.874232796081688
0.5594009275291874
0.7709682008468055
0.5237650172477369
0.29386457191373005
0.06321833331546747
0.5594009275291874
0.7958400529730958
0.7580913551325592
0.4253621282575234
0.9738279070789652
0.21822369291321048
0.3141741844491906
0.7263726853771368
0.45276179148907025
0.21822369291321048
0.5443300716905197
0.4473229539424604
0.17095647634331837
0.7720702213703052
0.3001700446273602
0.9807060606843225
0.8613824342065557
0.048942372985343194
0.25714790731420445
0.6957972993994064
0.8237689575530649
0.4602307547329548
0.7246988408632269
0.386378095127199
0.8719334568060303
0.27239574566417135
0.874232796081688
0.14715613115301315
0.6162709049439283
0.8260558950952813
0.6957972993994064
0.1867955027082801
0.6807023899768265
0.6193253901974988
0.38449068476961556
0.8587100254474197
0.19635427359667046
0.19635427359667046
0.482516624403194
0.40805616156895186
0.8673253109715153
0.5969943880910542
0.8613824342065557
