0.8689948945701158
0.20913233819378196
0.3747124782186477
0.20152800318740505
0.18868791500482335
0.8995710465886821
0.407950132685756
0.055324392187744015
0.8205933598347872
0.5070222025569933
0.20152800318740505
0.562902242741576
0.3747124782186477
0.3620535891000527
0.18868791500482335
0.26895178531965946
0.6108636297546468
0.3374427082118378
0.6800220474461423
0.2058830442036197
0.9462857470457509
0.8032148333910993
0.6444079878842457
0.6825996583865885
0.26577453718969446
0.8759455948625676
0.2787083957102374
0.7511514948768128
0.144606066535022
0.8511798146790059
0.407950132685756
0.6420642754513199
0.5182471456565183
0.3887965258491394
0.8032148333910993
0.1804052446394831
0.13337705175081305
0.32568937462020986
0.4325851536652281
0.47603070953939086
0.6358076680254356
0.24081245277271973
0.8281829903205711
0.7666781623971362
0.8205933598347872
0.3374427082118378
0.2938624205057403
0.2551462980384269
0.08860041354521864
0.2503270984175986
0.26577453718969446
0.13603079944098717
0.9738279070789652
0.8445447878394878
0.4935349945800957
0.5073665301789569
0.8402957998334921
0.8511798146790059
0.3296613748155346
0.9462857470457509
0.8445447878394878
0.08075613018946604
0.2787083957102374
0.08985410544232923
0.9041318804809523
0.3374427082118378
0.21729058643770205
0.5337949292474334
0.6444079878842457
0.2787083957102374
0.1804052446394831
0.8995710465886821
0.6800220474461423
0.144606066535022
0.055324392187744015
0.8281829903205711
0.11274307830055885
0.4208891395917115
0.3747124782186477
0.32568937462020986
0.08985410544232923
0.3747124782186477
0.24081245277271973
0.8380697374986334
0.7422909472355457
0.3747124782186477
0.11193271156823759
0.18868791500482335
0.4325851536652281
0.26895178533970765
0.4935349945800957
0.6428916629315606
0.5004050085146114
0.5192752262159255
0.11125740595796985
0.7254099795745563
0.2787083957102374
0.5070222025569933
0.5015327940533811
0.47603070953939086
0.11193271156823759
0.8281829903205711
0.7666781623971362
0.5337949292474334
0.9356016030486024
0.6358076680254356
0.7511514948768128
0.6108636297546468
0.407950132685756
0.7099695866088163
0.20913233819378196
0.66118686021025
0.3747124782186477
0.9216936826381452
0.5004050085146114
0.11274307830055885
0.3747124782186477
0.15947314063807644
0.8032148333910993
0.20152800318740505
0.5724204033552189
0.7254099795745563
0.9216936826381452
0.8281829903205711
0.3620535891000527
0.33894635447251864
0.11125740595796985
0.4325851536652281
0.6336535859520382
0.5046610977663233
0.9356016030486024
0.20152800318740505
0.6649432940761182
0.8281829903205711
0.8281829903205711
0.5724204033552189
0.08860041354521864
0.15240223095912286
0.6108636297546468
0.268951785321832
0.7422909472355457
0.7422909472355457
0.47189919885582976
0.2689517853316877
0.5073665301789569
0.5486019456198146
0.2689517853283686
0.23552346094668064
0.8759455948625676
0.13337705175081305
0.13603079944098717
0.7511514948768128
0.8032148333910993
0.9267421193629781
0.3887965258491394
0.8281829903205711
0.5046610977663233
0.8380697374986334
0.8032148333910993
0.7099695866088163
0.055324392187744015
0.5192752262159255
0.26895178531965946
0.3374427082118378
0.07447044979494646
0.8445447878394878
0.15240223095912286
0.21729058643770205
0.15947314063807644
0.2689517853316877
0.21729058643770205
0.2689517853283686
0.3747124782186477
0.3747124782186477
0.33894635447251864
0.5486019456198146
0.07447044979494646
0.6649432940761182
0.47189919885582976
0.3887965258491394
0.08075613018946604
0.562902242741576
0.4335287902827546
0.15240223095912286
0.2503270984175986
0.36111122446155175
0.6428916629315606
0.2787083957102374
0.6825996583865885
0.9041318804809523
0.5070222025569933
0.3747124782186477
0.6336535859520382
0.268951785317487
0.5015327940533811
0.4046092830172231
0.7422909472355457
0.9807060606843225
0.144606066535022
0.23552346094668064
0.21729058643770205
0.8445447878394878
0.547434367467208
0.7666781623971362
0.5182471456565183
0.4046092830172231
0.08075613018946604
0.547434367467208
0.8032148333910993
0.7666781623971362
0.4208891395917115
0.9738279070789652
0.13337705175081305
0.3747124782186477
0.7422909472355457
0.4335287902827546
0.3296613748155346
0.5182471456565183
0.36111122446155175
0.2058830442036197
0.66118686021025
0.2938624205057403
0.9807060606843225
0.9267421193629781
0.055324392187744015
0.268951785317487
0.7069365988632941
0.6420642754513199
0.47189919885582976
0.66118686021025
0.3687932996654265
0.8689948945701158
0.2551462980384269
0.8445447878394878
0.20152800318740505
0.6108636297546468
0.8281829903205711
0.7069365988632941
0.18868791500482335
0.6444079878842457
0.3887965258491394
0.3747124782186477
0.8402957998334921
0.26577453718969446
0.3687932996654265
0.5070222025569933
0.4208891395917115
0.7511514948768128
0.5724204033552189
0.8205933598347872
