0.8553909264869342
0.1754589425784573
0.38628399609474384
0.1420960065336211
0.1948567851119472
0.8828302842525901
0.39562880587357374
0.06643830370382584
0.823193708948302
0.42781921371785564
0.1420960065336211
0.5163330037607208
0.3438796624026831
0.39130473895379536
0.22431057578262226
0.26394716699026854
0.6121865192599887
0.3360619372433038
0.6368161680744414
0.2281371631059956
0.8319542339890775
0.8108117206175753
0.4614055319492982
0.6661345699489114
0.39130473895379536
0.766662528426945
0.3216394881663759
0.756551181089425
0.14530497776575957
0.8443756466622188
0.4614055319492982
0.6545026466855124
0.49205940366714096
0.38628399609474373
0.8148725729427115
0.17436316884063657
0.1362434989275374
0.30411324198470524
0.43236997037805625
0.5579594217137902
0.44432109014019694
0.2492321590638387
0.756551181089425
0.7375128662326589
0.7904859671689194
0.49048448464495953
0.39562880587357374
0.3438796624026831
0.09561322813385129
0.31379063203763735
0.38628399609474384
0.1805893858148433
0.918158804028427
0.8443756466622188
0.461405531949298
0.34139321494366937
0.697830524335294
0.8443756466622188
0.34139321494366937
0.9692326228047985
0.8395796704430862
0.08075613018946604
0.28126976566134154
0.08866612673598953
0.8970313484048316
0.33317795364272784
0.2281371631059956
0.49976498870093045
0.7003649183762118
0.33317795364272784
0.18499037068668533
0.8828302842525901
0.6368161680744414
0.1805893858148433
0.06643830370382584
0.832493453939791
0.1805893858148433
0.4614055319492978
0.37505329470181836
0.39130473895379536
0.08866612673598953
0.33317795364272784
0.22431057578262226
0.8319542339890775
0.7441284054119288
0.31379063203763735
0.08866612673598953
0.1948567851119472
0.46140553194929823
0.26676635884945465
0.4614055319492978
0.6428916629315606
0.4280265997528322
0.5163330037607208
0.17436316884063657
0.6471627257198322
0.28126976566134154
0.524046228261199
0.49048448464495953
0.49048448464495953
0.14530497776575957
0.8108117206175753
0.7003649183762118
0.6046988618941707
0.9299870888848343
0.6661345699489114
0.7849351968689341
0.6368161680744414
0.49205940366714096
0.7111841451835657
0.210557711201528
0.49976498870093045
0.37888496770422564
0.9240632272800564
0.4280265997528322
0.14530497776575957
0.4012897072360989
0.2492321590638387
0.8148725729427115
0.210557711201528
0.6368161680744414
0.685908222881868
0.9240632272800564
0.6812980209106496
0.37505329470181836
0.33317795364272784
0.17436316884063657
0.43236997037805625
0.7292131221798637
0.7375128662326589
0.9299870888848343
0.1754589425784573
0.766662528426945
0.828236576013974
0.828236576013974
0.5852759507292005
0.09561322813385129
0.24765599151013387
0.685908222881868
0.3360619372433038
0.7441284054119288
0.7441284054119288
0.461405531949298
0.2273660457918248
0.49976498870093045
0.39130473895379536
0.44432109014019694
0.2273660457918248
0.8148725729427115
0.1362434989275374
0.1805893858148433
0.8148725729427115
0.8108117206175753
0.9299870888848343
0.3970443667261966
0.8553909264869342
0.5852759507292005
0.8319542339890775
0.8026573471516305
0.7111841451835657
0.08889507331462287
0.4773725205489309
0.2307102992582984
0.33317795364272784
0.1420960065336211
0.8970313484048316
0.19065525568964464
0.19065525568964464
0.1754589425784573
0.26676635884945465
0.38628399609474373
0.30411324198470524
0.3537739382785057
0.24765599151013387
0.2307102992582984
0.524046228261199
0.06643830370382584
0.6545026466855124
0.4773725205489309
0.42781921371785564
0.08075613018946604
0.49976498870093045
0.49976498870093045
0.15808316339044076
0.1948567851119472
0.33317795364272784
0.6428916629315606
0.28126976566134154
0.823193708948302
0.8970313484048316
0.49048448464495953
0.4012897072360989
0.5579594217137902
0.3537739382785057
0.4012897072360989
0.37505329470181836
0.7441284054119288
0.9692326228047985
0.20218159838982366
0.2273660457918248
0.20218159838982366
0.8395796704430862
0.5390642711901841
0.7292131221798637
0.49976498870093045
0.39359645348786476
0.08075613018946604
0.5390642711901841
0.8026573471516305
0.7375128662326589
0.33886172892090727
0.918158804028427
0.1362434989275374
0.37888496770422564
0.7441284054119288
0.39359645348786476
0.33886172892090727
0.6471627257198322
0.3216394881663759
0.2273660457918248
0.7904859671689194
0.5141695338214617
0.9692326228047985
0.9299870888848343
0.08889507331462287
0.26394716699026854
0.7111841451835657
0.6812980209106496
0.49976498870093045
0.6046988618941707
0.18499037068668533
0.8553909264869342
0.2492321590638387
0.8148725729427115
0.15808316339044076
0.6121865192599887
0.832493453939791
0.7111841451835657
0.24091836394148186
0.49048448464495953
0.38628399609474373
0.38628399609474373
0.697830524335294
0.24091836394148186
0.3438796624026831
0.3970443667261966
0.5141695338214617
0.7849351968689341
0.5852759507292005
0.7375128662326589
