0.8181006184342849
0.17400953742038472
0.3964579230149008
0.2558233032301539
0.38893509101299495
0.8077727280412267
0.48577349200900033
0.07205249610652509
0.8233977577624705
0.3892848302913457
0.21668197879986367
0.497306848328838
0.37348979878706856
0.3868272294915056
0.32610995918632435
0.2907042258208603
0.4834010365153233
0.7035059450675554
0.45963932610191205
0.20269021986031704
0.8233977577624705
0.7181764680859775
0.4834010365153233
0.697701454897353
0.3424828755996837
0.7189440204435709
0.33834693527651827
0.697701454897353
0.21668197879986367
0.8095515505545556
0.7036956455085341
0.656120753064795
0.497306848328838
0.2907042258208603
0.6559838828631669
0.21420550607335698
0.3344162960973226
0.21668197879986367
0.3405042492885951
0.5862141461863339
0.39745062507784856
0.31573733160350503
0.8085534898205109
0.7891474532962814
0.7448998915688541
0.497306848328838
0.39745062507784856
0.31011428663255114
0.21420550607335698
0.2907042258208603
0.3344162960973226
0.2907042258208603
0.8077727280412267
0.8085534898205109
0.27057632470745563
0.3868272294915056
0.5051487709102707
0.8095515505545556
0.32444086969989944
0.9692326228047985
0.6904148426468152
0.27057632470745563
0.3806961219377255
0.08866612673598953
0.8085534898205109
0.497306848328838
0.18312087836634905
0.403612106268911
0.6831282303962773
0.2750747902530441
0.2805103672814361
0.7322527073842762
0.6852950267561764
0.24938106207888378
0.07205249610652509
0.7035059450675554
0.24938106207888378
0.38893509101299495
0.24938106207888378
0.45963932610191205
0.08866612673598953
0.37348979878706856
0.22705313288319
0.8233977577624705
0.7322527073842762
0.3160107858423733
0.08866612673598953
0.18312087836634905
0.39474935499193997
0.31573733160350503
0.3806961219377255
0.6331216997306528
0.39474935499193997
0.35588322787251536
0.21420550607335698
0.7322527073842762
0.23603831578657256
0.582042891662315
0.5488414339631331
0.5967323835166917
0.34232714235947936
0.7781651151834359
0.6831282303962773
0.582042891662315
0.8099005181297678
0.697701454897353
0.8102130312453827
0.6852950267561764
0.3344162960973226
0.7036956455085341
0.20717955356525147
0.497306848328838
0.5861744990756301
0.8870364615828608
0.2558233032301539
0.2907042258208603
0.20717955356525147
0.31573733160350503
0.6331216997306528
0.20269021986031704
0.5534992382141559
0.7781651151834359
0.8870364615828608
0.4645937765799645
0.3868272294915056
0.4645937765799645
0.31332023768200906
0.3405042492885951
0.6442523184979414
0.6431169631632979
0.7208780877062211
0.22705313288319
0.7189440204435709
0.697701454897353
0.8092752958686464
0.6852950267561764
0.17400953742038472
0.1868831522152204
0.8058041350291942
0.3964579230149008
0.5862141461863339
0.42786305704406385
0.46763293438400255
0.2251271544701311
0.5534992382141559
0.403612106268911
0.22705313288319
0.2251271544701311
0.7322527073842762
0.152375205749222
0.21668197879986367
0.8099005181297678
0.8077727280412267
0.656120753064795
0.42786305704406385
0.8181006184342849
0.6431169631632979
0.4385967354142417
0.8012851299753263
0.45963932610191205
0.2750747902530441
0.5862141461863339
0.35588322787251536
0.6559838828631669
0.2490429854324257
0.8085534898205109
0.23603831578657256
0.17400953742038472
0.2466741763732716
0.4385967354142417
0.32610995918632435
0.48117751615177784
0.31011428663255114
0.20717955356525147
0.2558233032301539
0.49021033459581675
0.1868831522152204
0.45963932610191205
0.7322527073842762
0.2907042258208603
0.152375205749222
0.391429154798169
0.7035059450675554
0.3424828755996837
0.5051487709102707
0.3160107858423733
0.48577349200900033
0.33834693527651827
0.8233977577624705
0.8870364615828608
0.31573733160350503
0.5861744990756301
0.32444086969989944
0.31011428663255114
0.5488414339631331
0.49021033459581675
0.6904148426468152
0.9692326228047985
0.21420550607335698
0.2251271544701311
0.45963932610191205
0.8092752958686464
0.5967323835166917
0.391429154798169
0.497306848328838
0.37348979878706856
0.152375205749222
0.39745062507784856
0.8012851299753263
0.8099005181297678
0.2805103672814361
0.8449891295121961
0.2490429854324257
0.6684607857223774
0.6831282303962773
0.48117751615177784
0.2490429854324257
0.7448998915688541
0.152375205749222
0.2907042258208603
0.8085534898205109
0.4645937765799645
0.9692326228047985
0.7891474532962814
0.07205249610652509
0.2907042258208603
0.7035059450675554
0.48117751615177784
0.31332023768200906
0.8085534898205109
0.3160107858423733
0.8181006184342849
0.31011428663255114
0.8233977577624705
0.391429154798169
0.7181764680859775
0.8449891295121961
0.45963932610191205
0.2466741763732716
0.45963932610191205
0.3892848302913457
0.46763293438400255
0.6442523184979414
0.34232714235947936
0.34232714235947936
0.34232714235947936
0.7208780877062211
0.8102130312453827
0.6684607857223774
0.8058041350291942
