0.8689948945701158
0.21171377819207454
0.3475635435741953
0.20054544112671913
0.1893771040613637
0.897290629642547
0.407950132685756
0.048942372985343194
0.8209281050005695
0.510026618442458
0.26975222817422223
0.562902242741576
0.3758778354342661
0.3104737185781562
0.23041826144951116
0.26767392389602396
0.5990316994385525
0.3270032254721633
0.6787332419759191
0.15901294054818577
0.9462857470457509
0.8021619400172066
0.6364089697131554
0.6787332419759191
0.26767392389602396
0.8759455948625676
0.28134901445178595
0.7511514948768128
0.14004103144953162
0.8544012450442289
0.407950132685756
0.6453712538310297
0.5182471456565183
0.39036108606124176
0.8053206201388862
0.1863525578582293
0.13337705175081305
0.32220415984263806
0.45682630789142664
0.47603070953939086
0.6558235099380706
0.23041826144951116
0.8287962806123024
0.7666781623971362
0.8209281050005695
0.33758188460121197
0.2938624205057403
0.21171377819207454
0.08860041354521864
0.24621210471745464
0.26767392389602396
0.06917113091097413
0.9738279070789652
0.8447369539485596
0.4698334435140491
0.3270032254721633
0.8417770684138608
0.8544012450442289
0.31691531038080056
0.9462857470457509
0.8447369539485596
0.08075613018946604
0.24621210471745464
0.06917113091097413
0.9064122974270874
0.31691531038080056
0.21537420841656374
0.6787332419759191
0.6374173473487164
0.28134901445178595
0.1863525578582293
0.897290629642547
0.6787332419759191
0.16177414108752985
0.07447044979494646
0.8287962806123024
0.16177414108752985
0.4208891395917115
0.3765924854974463
0.3270032254721633
0.11006412494936746
0.3475635435741953
0.23041826144951116
0.8380697374986334
0.7422909472355457
0.3765924854974463
0.11006412494936746
0.1893771040613637
0.37805177491314146
0.273414398000009
0.3557398493163656
0.6196349092111166
0.6558235099380706
0.5192752262159255
0.11006412494936746
0.7254099795745563
0.2938624205057403
0.5040177866715285
0.36649023028927685
0.47603070953939086
0.06917113091097413
0.8287962806123024
0.7666781623971362
0.5871297926513586
0.9356016030486024
0.6249671887988597
0.7511514948768128
0.5990316994385525
0.407950132685756
0.7114860804815772
0.21537420841656374
0.6730588462100022
0.4208891395917115
0.9216936826381452
0.34580060751681646
0.06917113091097413
0.37805177491314146
0.15901294054818577
0.8053206201388862
0.15082639761403785
0.5724204033552189
0.7254099795745563
0.9216936826381452
0.8373332626727547
0.3865686011847627
0.3270032254721633
0.11006412494936746
0.45682630789142664
0.6336535859520382
0.36649023028927685
0.9356016030486024
0.20054544112671913
0.6993541294994889
0.8200912420861157
0.8200912420861157
0.5724204033552189
0.08860041354521864
0.15240223095912286
0.5990316994385525
0.26767392389602396
0.7422909472355457
0.7422909472355457
0.4698334435140491
0.26767392389602396
0.6993541294994889
0.545683000238298
0.2786597076307133
0.23421162109944138
0.8759455948625676
0.13337705175081305
0.19814462992147244
0.7511514948768128
0.8021619400172066
0.9267421193629781
0.39036108606124176
0.8287962806123024
0.6374173473487164
0.8380697374986334
0.8021619400172066
0.7114860804815772
0.048942372985343194
0.5192752262159255
0.26975222817422223
0.33758188460121197
0.07447044979494646
0.8373332626727547
0.15240223095912286
0.19814462992147244
0.15901294054818577
0.273414398000009
0.24121026033946102
0.2786597076307133
0.36649023028927685
0.37805177491314146
0.34580060751681646
0.5182471456565183
0.07447044979494646
0.6374173473487164
0.47603070953939086
0.39036108606124176
0.08075613018946604
0.562902242741576
0.42958279440003155
0.15240223095912286
0.24121026033946102
0.3639068016565239
0.6196349092111166
0.28134901445178595
0.6787332419759191
0.9064122974270874
0.510026618442458
0.32220415984263806
0.6336535859520382
0.2663104117354086
0.6249671887988597
0.5871297926513586
0.7422909472355457
0.9807060606843225
0.14004103144953162
0.23421162109944138
0.21537420841656374
0.8447369539485596
0.545683000238298
0.7666781623971362
0.5182471456565183
0.2938624205057403
0.08075613018946604
0.545683000238298
0.8021619400172066
0.7666781623971362
0.4208891395917115
0.9738279070789652
0.13337705175081305
0.39437738956439894
0.7422909472355457
0.42958279440003155
0.3557398493163656
0.5182471456565183
0.3639068016565239
0.26767392389602396
0.6730588462100022
0.2938624205057403
0.9807060606843225
0.9267421193629781
0.048942372985343194
0.2663104117354086
0.6993541294994889
0.6453712538310297
0.4698334435140491
0.6730588462100022
0.3639068016565239
0.8689948945701158
0.3104737185781562
0.8447369539485596
0.15082639761403785
0.6364089697131554
0.8287962806123024
0.7114860804815772
0.1893771040613637
0.6730588462100022
0.39036108606124176
0.39437738956439894
0.8417770684138608
0.26767392389602396
0.3758778354342661
0.5040177866715285
0.4208891395917115
0.7511514948768128
0.5724204033552189
0.8209281050005695
