0.82843104792875
0.1827613727391878
0.39212475070947506
0.21016606919474584
0.20571167141746832
0.8127252076314424
0.4227550164920524
0.07205249610652509
0.8720176732053939
0.39941857375059625
0.14397925435512915
0.4783086599276656
0.20571167141746832
0.4091202188921572
0.18820405104733812
0.26394716699026854
0.6273180623168024
0.34086312255983364
0.505811611312529
0.18820405104733812
0.8303416987988628
0.6766543907614606
0.49006175526392404
0.6627695855323938
0.39212475070947506
0.737956449324596
0.3078733814277964
0.7318905162269844
0.1827613727391878
0.7926998824661582
0.695209465806887
0.6338552474011325
0.4955604190082328
0.505811611312529
0.8586018139481724
0.1535298619812578
0.1535298619812578
0.32052078199118605
0.41595680491516196
0.49006175526392404
0.43151161706204944
0.2551010607978432
0.8094560005699607
0.6273180623168024
0.8720176732053939
0.45809326045940413
0.40059094693977026
0.3716333416732395
0.11799366577309973
0.30791947365885974
0.32618790462027547
0.4345352401151784
0.8307140362380492
0.8307140362380492
0.45809326045940413
0.3380516117678295
0.6766543907614606
0.8566800100119143
0.33811215765016267
0.9692326228047985
0.737956449324596
0.08075613018946604
0.3381753571398736
0.08866612673598953
0.8127252076314424
0.3834226759257005
0.21016606919474584
0.413057088788194
0.6826308541574191
0.3381729078926924
0.2785399113034446
0.8094560005699607
0.684231604629868
0.1535298619812578
0.07205249610652509
0.8425389117187705
0.1827613727391878
0.45116908030791425
0.32052078199118605
0.39212475070947506
0.08866612673598953
0.3953569592191378
0.20571167141746832
0.8303416987988628
0.7318905162269844
0.30791947365885974
0.08866612673598953
0.21016606919474584
0.40622255037797744
0.3225749616099788
0.413057088788194
0.7707095052593603
0.40622255037797744
0.34086312255983364
0.1827613727391878
0.6338552474011325
0.2681854132295924
0.524046228261199
0.7328605318220127
0.695209465806887
0.1827613727391878
0.8094560005699607
0.6826308541574191
0.6338552474011325
0.9288023165638786
0.6627695855323938
0.8094560005699607
0.6754377876701465
0.4047313524320087
0.7169545840038387
0.1827613727391878
0.4955604190082328
0.34086312255983364
0.8920709416789798
0.38416771710251046
0.1827613727391878
0.3080116581209863
0.2681854132295924
0.6627695855323938
0.18820405104733812
0.6904441272090889
0.8246026709473799
0.8920709416789798
0.6647046463192655
0.4047313524320087
0.3381735155599378
0.4091202188921572
0.40059094693977026
0.684231604629868
0.737956449324596
0.9288023165638786
0.18820405104733812
0.6904441272090889
0.8184827609854406
0.7328605318220127
0.6754377876701465
0.11799366577309973
0.1899857531452489
0.7318905162269844
0.39212475070947506
0.6332666887655397
0.6308851949536547
0.49006175526392404
0.20569249276614132
0.539027995509016
0.413057088788194
0.3225749616099788
0.2261727017780421
0.8094560005699607
0.14142940784365352
0.18820405104733812
0.8094560005699607
0.8566800100119143
0.82843104792875
0.36955466156062794
0.8425389117187705
0.5941844828287839
0.6308851949536547
0.8009647893409546
0.5941844828287839
0.20571167141746832
0.49006175526392404
0.3513707751867201
0.4227550164920524
0.14397925435512915
0.8566800100119143
0.17799304453308423
0.17799304453308423
0.18820405104733812
0.4091202188921572
0.413057088788194
0.3225749616099788
0.2824808232594276
0.21816938548639397
0.21016606919474584
0.524046228261199
0.1899857531452489
0.6555695334163113
0.3834226759257005
0.3513707751867201
0.08075613018946604
0.4783086599276656
0.6332666887655397
0.20569249276614132
0.3080116581209863
0.303255256342593
0.6647046463192655
0.32052078199118605
0.8009647893409546
0.8586018139481724
0.3716333416732395
0.3953569592191378
0.303255256342593
0.2824808232594276
0.41595680491516196
0.38416771710251046
0.737956449324596
0.9692326228047985
0.21816938548639397
0.2261727017780421
0.36955466156062794
0.8246026709473799
0.45116908030791425
0.7299504850369276
0.4955604190082328
0.3953569592191378
0.08075613018946604
0.43151161706204944
0.7707095052593603
0.7926998824661582
0.2785399113034446
0.8425389117187705
0.14142940784365352
0.6736621827068577
0.6904441272090889
0.4091202188921572
0.33811215765016267
0.6826308541574191
0.303255256342593
0.18820405104733812
0.7661805770585783
0.45809326045940413
0.9692326228047985
0.8720176732053939
0.07205249610652509
0.26394716699026854
0.6736621827068577
0.6766543907614606
0.4345352401151784
0.7661805770585783
0.33817412322718315
0.82843104792875
0.2551010607978432
0.8184827609854406
0.1827613727391878
0.6766543907614606
0.8425389117187705
0.7169545840038387
0.413057088788194
0.45809326045940413
0.3380516117678295
0.39941857375059625
0.539027995509016
0.32618790462027547
0.3381735155599378
0.4227550164920524
0.6338552474011325
0.8094560005699607
0.6555695334163113
0.7299504850369276
