0.8719334568060303
0.16485234537774007
0.3475635435741953
0.2654626284002871
0.1726079283802321
0.9059457048638799
0.43582398948026496
0.048942372985343194
0.8613824342065557
0.5480819349135735
0.19635427359667046
0.6797462112871682
0.3578721189905616
0.4253621282575234
0.3546737144792679
0.27253077073758614
0.6172890666951187
0.30915407899830805
0.6797462112871682
0.1588270260011389
0.9462857470457509
0.7970519426568898
0.6297592791271094
0.6797462112871682
0.3578721189905616
0.8758227502619882
0.29168348803838773
0.620704828299478
0.15546570030007412
0.8544012450442289
0.38479625422417285
0.4667497873233445
0.5196306349998474
0.36983767574219456
0.8034772894364011
0.0069693597352982195
0.15546570030007412
0.19635427359667046
0.522112002584176
0.49072056591979174
0.6675297371509348
0.11014732507121566
0.8303931973876809
0.7580913551325592
0.6675297371509348
0.3464831233500769
0.3001700446273602
0.28322243472813846
0.06366235787920427
0.5443300716905197
0.27235110680134045
0.06969359531666297
0.9738279070789652
0.8749272588271066
0.47345027114799065
0.2654626284002871
0.8587100254474197
0.8544012450442289
0.3546737144792679
0.9462857470457509
0.8034772894364011
0.06321833331546747
0.09608471363102455
0.06969359531666297
0.9059457048638799
0.14715613115301315
0.1586188258516416
0.6958699421275933
0.6532141043817232
0.2686525279274369
0.3608832892334255
0.9059457048638799
0.6797462112871682
0.15546570030007412
0.07720237309071254
0.8303931973874312
0.16485234537774007
0.4253621282575234
0.3787920622509636
0.28322243472813846
0.19566433576820372
0.3475635435741953
0.10038899159908377
0.8380697374986334
0.7970519426568898
0.3787920622509636
0.0069693597352982195
0.1726079283802321
0.40805616156895186
0.26649359493097763
0.3546737144792679
0.6059052183227798
0.6675297371509348
0.5163177359596645
0.06366235787920427
0.7246988408632269
0.29386457191373005
0.5196306349998474
0.3608832892334255
0.482516624403194
0.06969359531666297
0.8303931973875428
0.7580913551325592
0.5871297926513586
0.9553127301024725
0.620704828299478
0.8673253109715153
0.5480819349135735
0.43582398948026496
0.7193304710226627
0.27253077073758614
0.6059052183227798
0.4690979898297033
0.906878889990294
0.3608832892334255
0.06969359531666297
0.3953891052815068
0.11014732507121566
0.8034772894364011
0.1588270260011389
0.6014498032069169
0.7246988408632269
0.906878889990294
0.8303931973876809
0.29386457191373005
0.3485979458543407
0.16485234537774007
0.49072056591979174
0.7715192111085554
0.3608832892334255
0.9553127301024725
0.1726079283802321
0.70113254454953
0.8237689575530649
0.8237689575530649
0.5163177359596645
0.10510243827965993
0.16485234537774007
0.6172890666951187
0.27253077073758614
0.7715192111085554
0.7263726853771368
0.47345027114799065
0.30915407899830805
0.70113254454953
0.5113618705040679
0.2292788387790654
0.3882778716792623
0.8758227502619882
0.13798733569977145
0.25714790731420445
0.620704828299478
0.8062423258974007
0.9807060606843225
0.36983767574219456
0.8303931973876582
0.6532141043817232
0.8380697374986334
0.7958400529730958
0.7193304710226627
0.048942372985343194
0.522112002584176
0.27253077073758614
0.3464831233500769
0.06969359531666297
0.8062423258974007
0.1388465620059522
0.10510243827965993
0.2292788387790654
0.26649359493097763
0.27253077073758614
0.27253077073758614
0.3608832892334255
0.2686525279274369
0.3485979458543407
0.5113618705040679
0.07720237309071254
0.6297592791271092
0.4556793552562126
0.3578721189905616
0.09608471363102455
0.44430657705751536
0.3882778716792623
0.1388465620059522
0.27253077073758614
0.4473229539424604
0.6297592791271092
0.29168348803838773
0.6797462112871682
0.906878889990294
0.4690979898297033
0.3953891052815068
0.49072056591979174
0.44430657705751536
0.6297592791271093
0.5871297926513586
0.6958699421275933
0.9807060606843225
0.10038899159908377
0.07720237309071254
0.1586188258516416
0.8749272588271066
0.5594009275291874
0.7715192111085554
0.5196306349998474
0.29386457191373005
0.06321833331546747
0.5594009275291874
0.7958400529730958
0.7580913551325592
0.4253621282575234
0.9738279070789652
0.13798733569977145
0.3882778716792623
0.7263726853771368
0.4556793552562126
0.3546737144792679
0.5443300716905197
0.4473229539424604
0.19566433576820372
0.7715192111085554
0.3001700446273602
0.9807060606843225
0.8613824342065557
0.048942372985343194
0.25714790731420445
0.6957972993994064
0.8237689575530649
0.4556793552562126
0.6675297371509348
0.3787920622509636
0.8719334568060303
0.27235110680134045
0.8749272588271066
0.14715613115301315
0.6172890666951187
0.8303931973874312
0.6957972993994064
0.1943085655670428
0.6797462112871682
0.4667497873233445
0.38479625422417285
0.8587100254474197
0.1943085655670428
0.3578721189905616
0.482516624403194
0.40805616156895186
0.8673253109715153
0.6014498032069169
0.8613824342065557
