0.8248963827212095
0.1726671206820729
0.3934671614902808
0.25355741570148627
0.39073012157056997
0.8102687865918983
0.48577349200900033
0.07205249610652509
0.8248963827212095
0.3934671614902808
0.2174558598728189
0.497306848328838
0.3419014178795377
0.3857447430417499
0.21946422395728676
0.29133923512842363
0.48451279669709624
0.7035059450675554
0.45917148395055185
0.18954738583568964
0.8248963827212095
0.7154900348343998
0.48451279669709624
0.697701454897353
0.34594995265796197
0.7247006631255231
0.34326843813914887
0.697701454897353
0.21946422395728676
0.8162826156258327
0.7036956455085341
0.656120753064795
0.497306848328838
0.29133923512842363
0.6559838828631669
0.23969794188597116
0.3326452175187402
0.2174558598728189
0.33956893870035265
0.5862141461863339
0.393990413972695
0.31493462890346613
0.8162826156258327
0.7891474532962814
0.8102687865918983
0.497306848328838
0.393990413972695
0.3095847615762279
0.1726671206820729
0.2899996793234647
0.3360166774434086
0.39073012157056997
0.8102687865918983
0.8162826156258327
0.27057632470745563
0.3718767888342096
0.5051487709102707
0.8102687865918983
0.318547044325483
0.9692326228047985
0.6834419289586637
0.27057632470745563
0.3806961219377255
0.08866612673598953
0.8102687865918983
0.497306848328838
0.18072162111194395
0.4050613840944296
0.6828145318338921
0.2750747902530441
0.2805103672814361
0.7325534162733931
0.6863784249361258
0.24938106207888378
0.07205249610652509
0.7035059450675554
0.24938106207888378
0.39073012157056997
0.24938106207888378
0.46071661517743034
0.08866612673598953
0.4050613840944296
0.22918620144226576
0.8205894991735211
0.7320522347915319
0.3158592113278794
0.08866612673598953
0.18954738583568964
0.3965213256831738
0.31230788298327017
0.3806961219377255
0.6331216997306528
0.3965213256831738
0.35588322787251536
0.24938106207888378
0.7325534162733931
0.23603831578657256
0.582042891662315
0.5488414339631331
0.5967323835166917
0.3586855697665131
0.7781651151834359
0.6834419289586637
0.582042891662315
0.8102687865918983
0.697701454897353
0.8102687865918983
0.6863784249361258
0.3326452175187402
0.7036956455085341
0.18072162111194395
0.497306848328838
0.5861744990756301
0.8870364615828608
0.2577405926774881
0.18954738583568964
0.23111973233197675
0.3158592113323186
0.6331216997306528
0.18954738583568964
0.5534992382141559
0.7781651151834359
0.8870364615828608
0.4682075591177788
0.3857447430417499
0.4682075591177788
0.3419014178795377
0.33956893870035265
0.6442523184979414
0.7154900348343998
0.7208780877062211
0.22918620144226576
0.7247006631255231
0.697701454897353
0.8102687865918983
0.6828145318338921
0.1726671206820729
0.1868831522152204
0.8058041350291942
0.3934671614902808
0.5862141461863339
0.4050282312120942
0.48117751615177784
0.23969794188597116
0.5534992382141559
0.4050613840944296
0.22918620144226576
0.23111973233197675
0.7320522347915319
0.152375205749222
0.1726671206820729
0.8102687865918983
0.7907204931385334
0.656120753064795
0.4506978828760335
0.8162826156258327
0.5646034726314473
0.5646034726314473
0.7874649292462828
0.46071661517743123
0.2750747902530441
0.5862141461863339
0.35588322787251536
0.6559838828631669
0.25355741570148627
0.7907204931385334
0.23603831578657256
0.1726671206820729
0.2562522813956608
0.31230788298327017
0.3718767888342096
0.48117751615177784
0.3085191923299939
0.1868831522152204
0.2577405926774881
0.49021033459581675
0.1868831522152204
0.45917148395055185
0.7320522347915319
0.2899996793234647
0.152375205749222
0.39299820906809324
0.7035059450675554
0.34594995265796197
0.5051487709102707
0.318547044325483
0.48577349200900033
0.34326843813914887
0.8248963827212095
0.8870364615828608
0.31493462890346613
0.5861744990756301
0.318547044325483
0.3085191923299939
0.5488414339631331
0.49021033459581675
0.697701454897353
0.9692326228047985
0.24938106207888378
0.23111973233197675
0.4506978828760335
0.8102687865918983
0.5967323835166917
0.39299820906809324
0.497306848328838
0.3857447430417499
0.152375205749222
0.4050613840944296
0.7874649292462828
0.8102687865918983
0.2805103672814361
0.8449891295121961
0.24600142461489521
0.6684607857223774
0.6828145318338921
0.48117751615177784
0.24600142461489521
0.6834419289586637
0.152375205749222
0.29133923512842363
0.8162826156258327
0.45817207310521013
0.9692326228047985
0.7891474532962814
0.07205249610652509
0.29133923512842363
0.7035059450675554
0.48117751615177784
0.3095847615762279
0.8162826156258327
0.3158592113079032
0.8248963827212095
0.3095847615762277
0.8205894991735211
0.39299820906809324
0.7154900348343998
0.8449891295121961
0.45917148395055185
0.2562522813956608
0.46071661517743123
0.4050282312120942
0.45817207310521013
0.6442523184979414
0.3360166774434086
0.3158592113079032
0.3586855697665131
0.7208780877062211
0.8102687865918983
0.6684607857223774
0.8058041350291942
