0.8319580138762552
0.187797275912867
0.3950965749600118
0.2167362522518811
0.2100022252875476
0.8102712052614724
0.4227550164920524
0.07205249610652509
0.8720176732053939
0.3998582136965365
0.14397925435512915
0.4783086599276656
0.20571167141746832
0.4119288839429873
0.1859088122227373
0.26394716699026854
0.6273180623168024
0.41760805750068164
0.41760805750068164
0.187797275912867
0.8211716886072199
0.6843907691095685
0.49006175526392404
0.6627695855323938
0.30018087145672734
0.7094929457205131
0.30794712899749477
0.7317611808143141
0.1827613727391878
0.795454646389159
0.7036956455085341
0.6338552474011325
0.4955604190082328
0.4376831364365785
0.8586018139481724
0.1535298619812578
0.1535298619812578
0.3215478718005824
0.41723095483409234
0.49006175526392404
0.44134034868498184
0.2551010607978432
0.8097389198610452
0.6273180623168024
0.8720176732053939
0.45809326045940413
0.3959688957440418
0.37073108102933994
0.11799366577309973
0.30794712899749477
0.32618790462027547
0.4345352401151784
0.8313725381583834
0.8299791696189946
0.45809326045940413
0.33782723336727005
0.6684607857223774
0.8313725381583834
0.33782723336727005
0.9692326228047985
0.7360638070380625
0.08075613018946604
0.33782723336727005
0.08866612673598953
0.824678568691955
0.383608936219903
0.21154163918237287
0.4123808949310508
0.6841595205511186
0.33782723336727005
0.2785399113034446
0.8102712052614724
0.684231604629868
0.1535298619812578
0.07205249610652509
0.8448957614342947
0.18464983642931748
0.44134034868498184
0.3215478718005824
0.4002190884017951
0.08866612673598953
0.3950965749600118
0.20571167141746832
0.8211716886072199
0.7360638070380625
0.30794712899749477
0.08866612673598953
0.2100022252875476
0.4041988025832616
0.3215478718005824
0.4123808949310508
0.6378219695514513
0.3959688957440418
0.3399088006231305
0.1827613727391878
0.6338552474011325
0.2681854132295924
0.524046228261199
0.735117485894796
0.6843907691095685
0.24535425086834484
0.8097389198610452
0.6841595205511186
0.6338552474011325
0.9288023165638786
0.6627695855323938
0.8102712052614724
0.6887916111488215
0.3950965749600118
0.7036956455085341
0.1827613727391878
0.4955604190082328
0.5110317350254828
0.8920709416789798
0.3955327353520268
0.1859088122227373
0.24535425086834484
0.2681854132295924
0.6627695855323938
0.187797275912867
0.6887916111488215
0.7804036061581575
0.8920709416789798
0.6018663209141408
0.3950965749600118
0.33782723336727005
0.40961232762916167
0.4041988025832616
0.684231604629868
0.735117485894796
0.9288023165638786
0.187797275912867
0.7094929457205131
0.8211717655147277
0.7317611808143141
0.6887916111488215
0.11799366577309973
0.20317094364215815
0.7317611808143141
0.3955327353520268
0.6332666887655397
0.5202487612914082
0.49006175526392404
0.21594541596959815
0.44430469125247496
0.4119288839429873
0.3215478718005824
0.21594541596959815
0.8102712052614724
0.14142940784365352
0.187797275912867
0.8313725381583834
0.8496094608653424
0.8319580138762552
0.4376831364365785
0.8319580138762552
0.5941844828287839
0.653626870156437
0.7858371473001575
0.5941844828287839
0.20571167141746832
0.49006175526392404
0.3513707751867201
0.5168471546378448
0.14397925435512915
0.8299791696189946
0.17799304453308423
0.17799304453308423
0.187797275912867
0.40961232762916167
0.4119288839429873
0.3215478718005824
0.2824808232594276
0.20317094364215815
0.21154163918237287
0.524046228261199
0.18464983642931748
0.5110317350254828
0.383608936219903
0.3513707751867201
0.08075613018946604
0.4783086599276656
0.6332666887655397
0.30018087145672734
0.3399088006231305
0.303255256342593
0.6378219695514513
0.3215478718005824
0.824678568691955
0.8586018139481724
0.37073108102933994
0.3950965749600118
0.303255256342593
0.2824808232594276
0.41723095483409234
0.3959688957440418
0.7360638070380625
0.9692326228047985
0.2167362522518811
0.21594541596959815
0.44430469125247496
0.8211717653210957
0.5168471546378448
0.7307264975129504
0.4955604190082328
0.3950965749600118
0.08075613018946604
0.4002190884017951
0.7858371473001575
0.795454646389159
0.2785399113034446
0.8496094608653424
0.14142940784365352
0.6684607857223774
0.6841595205511186
0.5202487612914082
0.33782723336727005
0.6841595205511186
0.303255256342593
0.187797275912867
0.795454646389159
0.45809326045940413
0.9692326228047985
0.8720176732053939
0.07205249610652509
0.26394716699026854
0.6887916111488215
0.653626870156437
0.4345352401151784
0.7804036061581575
0.33782723336727005
0.8319580138762552
0.2551010607978432
0.8211717655147277
0.1827613727391878
0.6843907691095685
0.8448957614342947
0.6887916111488215
0.4123808949310508
0.45809326045940413
0.33782723336727005
0.3998582136965365
0.6018663209141408
0.32618790462027547
0.33782723336727005
0.4227550164920524
0.6338552474011325
0.8102712052614724
0.6684607857223774
0.7307264975129504
