0.8288134524598829
0.18594179442869915
0.3954275869266203
0.3198606980089401
0.31363896283325754
0.8012151479085281
0.4227550164920524
0.07205249610652509
0.8720176732053939
0.3567208639044492
0.14397925435512915
0.4783086599276656
0.20678430988498814
0.41198965214111805
0.19731692203959617
0.26394716699026854
0.6273180623168024
0.6856037738520494
0.4127357604548124
0.18593741056187646
0.8241833994948533
0.6849870233108761
0.49006175526392404
0.6627695855323938
0.30018087145672734
0.7223052158076546
0.3067741608337693
0.732604033627444
0.185938239080924
0.7960788478627474
0.7036956455085341
0.7081430559280328
0.4955604190082328
0.4374956757861893
0.8405662629030212
0.1693940557714894
0.16125388580782915
0.32142637372452454
0.2927825617638049
0.49006175526392404
0.43872615160757505
0.2551010607978432
0.8031267037609549
0.6273180623168024
0.8720176732053939
0.4531946100257567
0.399722286979576
0.44608575368399395
0.11799366577309973
0.3067741608337693
0.38291348808140324
0.4374956757861893
0.8203418818309366
0.8203418818309366
0.45809326045940413
0.35317150022238597
0.6713874040406087
0.8297436384648782
0.32142637372452454
0.9692326228047985
0.7352777237806805
0.08075613018946604
0.3665514858986586
0.08866612673598953
0.8297436384648782
0.35317150022238597
0.21154163918237287
0.4127357604548124
0.6841595205511186
0.33782723336727005
0.2795251392924403
0.8012151479085281
0.684231604629868
0.16125388580782915
0.07205249610652509
0.6856037738520494
0.18594179442869915
0.38291348808140324
0.32142637372452454
0.4002190884017951
0.08866612673598953
0.3954275869266203
0.19731692203959617
0.8241833994948533
0.7352777237806805
0.3138911382598888
0.08866612673598953
0.19731692203959617
0.399722286979576
0.3198606980089401
0.4127357604548124
0.6355695979137974
0.3954275869266203
0.3399088006231305
0.2927825617638049
0.6596678587091621
0.2681854132295924
0.5216465370534138
0.732604033627444
0.6713874040406087
0.24535425086834484
0.8088167605151488
0.6841595205511186
0.6355695979137974
0.8031267037609549
0.6627695855323938
0.8106390371674574
0.6874540254755692
0.3954275869266203
0.7036956455085341
0.18593852327005103
0.4955604190082328
0.5020829161890243
0.9104366291214292
0.3954275869266203
0.19731692203959617
0.24535425086834484
0.2681854132295924
0.5963138764892262
0.18593862708379127
0.6874540254755692
0.7960788478627474
0.8753363778135761
0.6018663209141408
0.3665514858986586
0.33782723336727005
0.3852807876531049
0.399722286979576
0.684231604629868
0.7223052158076546
0.9104366291214292
0.1859421681447186
0.6986790693748965
0.8098797760631312
0.732604033627444
0.686837274934396
0.11799366577309973
0.20317094364215815
0.7960788478627474
0.3954275869266203
0.6487519821868255
0.557216622060096
0.5020829161890243
0.21626175046495139
0.42756322182373013
0.41198965214111805
0.2537220221940778
0.21626175046495139
0.8106390371674574
0.14142940784365352
0.1859380926733397
0.8088167605151488
0.8480382277216598
0.8288134524598829
0.44090018351933213
0.82748877476882
0.557216622060096
0.653626870156437
0.7858371473001575
0.5698522231479277
0.20678430988498814
0.49006175526392404
0.3634926348141742
0.5216465370534138
0.14397925435512915
0.8297436384648782
0.17799304453308423
0.17799304453308423
0.2537220221940778
0.3198606980089401
0.41198965214111805
0.32142637372452454
0.28149559527043183
0.20317094364215815
0.21154163918237287
0.5216465370534138
0.1693940557714894
0.4624629147545549
0.399722286979576
0.3634926348141742
0.08075613018946604
0.4783086599276656
0.6487519821868255
0.30018087145672734
0.3399088006231305
0.3136418951056602
0.6355695979137974
0.32142637372452454
0.82748877476882
0.8753363778135761
0.3852807876531049
0.3954275869266203
0.32142637372452454
0.28149559527043183
0.4624629147545549
0.3954275869266203
0.7352777237806805
0.9692326228047985
0.21626175046495139
0.21626175046495139
0.44090018351933213
0.8139171375144201
0.5963138764892262
0.7313473074937684
0.4955604190082328
0.3954275869266203
0.08075613018946604
0.4002190884017951
0.7858371473001575
0.8031267037609549
0.2795251392924403
0.8480382277216598
0.14142940784365352
0.6684607857223774
0.686837274934396
0.44608575368399395
0.3339474571182718
0.6596678587091621
0.3067741608337693
0.1859380926733397
0.8031267037609549
0.45809326045940413
0.9692326228047985
0.8139171375144201
0.07205249610652509
0.26394716699026854
0.6986790693748965
0.653626870156437
0.43872615160757505
0.8098797760631312
0.3138911382598888
0.8288134524598829
0.2551010607978432
0.8405662629030212
0.185938239080924
0.6849870233108761
0.8480382277216598
0.5698522231479277
0.3136418951056602
0.4531946100257567
0.3567208639044492
0.42756322182373013
0.6018663209141408
0.3339474571182718
0.3339474571182718
0.4227550164920524
0.7081430559280328
0.8106390371674574
0.6684607857223774
0.7313473074937684
