0.8278898958307139
0.15196648195786797
0.3969963350452611
0.3200727863643572
0.313741005912871
0.8114343960111967
0.41324525748025687
0.07205249610652509
0.8038124380516616
0.35942491763778617
0.23270281403982684
0.44808991153613476
0.23010070878588218
0.3973950249874901
0.1980815834204394
0.25202581285893927
0.521169626180152
0.6869026495609037
0.41324525748025687
0.1839527347402482
0.8278898958307139
0.6869026495098927
0.611332894445684
0.6431193582346723
0.2964817166102661
0.7223052158076546
0.3067741608337693
0.6927103514859796
0.23978102995612038
0.8038124380516616
0.7036956455085341
0.638103125604213
0.4955604190082328
0.41324525748025687
0.8291654936980337
0.16439837070961072
0.23978102995612038
0.23270281403982684
0.2964817166102661
0.4619906770827606
0.4009341808208108
0.31212190776427906
0.8038124380516616
0.7724907715633687
0.8038124380516616
0.5309514366123467
0.40204837819077344
0.44808991153613476
0.16439837070961072
0.3067741608337693
0.38291348808140324
0.4545068507609553
0.8114343960111967
0.8292050178716384
0.45693663267754436
0.35942491763778617
0.5334074954836145
0.8266648256200744
0.31886458445397337
0.9692326228047985
0.7345721666569096
0.08075613018946604
0.3716307880643197
0.08866612673598953
0.8114343960111967
0.37419249822065037
0.16439837070961072
0.41324525748025687
0.6841595205511186
0.3351478383468999
0.2805103672814361
0.8038124380516616
0.6861458142030121
0.16439837070961072
0.07205249610652509
0.6869026495813082
0.17766667695706279
0.38291348808140324
0.32758404749377007
0.4009341808208108
0.08866612673598953
0.4009341808208108
0.21004291287328394
0.8278898958307139
0.7213576112924712
0.313741005912871
0.08866612673598953
0.1980815834204394
0.40204837819077344
0.3200727863643572
0.3716307880643197
0.6331216997306528
0.39626540348450806
0.3399088006231305
0.2964817166102661
0.6596678587091621
0.29209702363767287
0.5216465370534138
0.611332894445684
0.6331216997306528
0.3200727863643572
0.8038124380516616
0.6841595205511186
0.6431193582346723
0.8071685259283237
0.6927103514859796
0.8084052044761743
0.6861458142030121
0.3200727863643572
0.7036956455085341
0.1888112390592232
0.4955604190082328
0.638103125604213
0.8870364615828608
0.3351478383468999
0.1980815834204394
0.23010070878588218
0.32758404749377007
0.6331216997306528
0.1888112390592232
0.6866567737408459
0.8038124380516616
0.8870364615828608
0.6018663209141408
0.3969963350452611
0.3351478383468999
0.37419249822065037
0.40204837819077344
0.6861458142030121
0.7223052158076546
0.7724907715633687
0.1980815834204394
0.6872182254192738
0.815681215528935
0.815681215528935
0.6872182254193091
0.15196648195786797
0.1980815834204394
0.8038124380516616
0.4054198137192722
0.6487519821868255
0.5629380799815005
0.521169626180152
0.23978102995612038
0.43177643657039055
0.41324525748025687
0.2562522813956608
0.2259592505994159
0.8084052044761743
0.14142940784365352
0.1839527347402482
0.8071685259283237
0.8292050178716384
0.8278898958307139
0.31212190776427906
0.8278898958307139
0.5629380799815005
0.5629380799815005
0.7858371473001575
0.5666933228759699
0.2562522813956608
0.4619906770827606
0.3631717010297292
0.5309514366123467
0.16495927624888268
0.8266648256200744
0.17997960793547224
0.17997960793547224
0.2562522813956608
0.3200727863643572
0.4054198137192722
0.48752662194048074
0.2805103672814361
0.1980815834204394
0.1980815834204394
0.5216465370534138
0.17766667695706279
0.46291612461967435
0.5884180974483202
0.3631717010297292
0.08075613018946604
0.4784924667626492
0.6487519821868255
0.2964817166102661
0.3399088006231305
0.31886458445397337
0.6331216997306528
0.29209702363767287
0.8278898958307139
0.8870364615828608
0.3973950249874901
0.5334074954836145
0.31886458445397337
0.2805103672814361
0.46291612461967435
0.39626540348450806
0.7345721666569096
0.9692326228047985
0.21004291287328394
0.2259592505994159
0.43177643657039055
0.8109277553142697
0.6331216997306528
0.5884180974483202
0.4955604190082328
0.37814352882951296
0.08075613018946604
0.4009341808208108
0.7858371473001575
0.8071685259283237
0.2805103672814361
0.8449891295121961
0.14142940784365352
0.6684607857223774
0.6866567737408459
0.44808991153613476
0.3716307880643197
0.6596678587091621
0.3067741608337693
0.16495927624888268
0.8038124380516616
0.45693663267754436
0.9692326228047985
0.8109277553142697
0.07205249610652509
0.25202581285893927
0.6872182254192738
0.48752662194048074
0.4545068507609553
0.8266648256200744
0.313741005912871
0.8278898958307139
0.23010070878588218
0.8291654936980337
0.1888112390592232
0.6869026495098927
0.8449891295121961
0.5666933228759699
0.2562522813956608
0.4784924667626492
0.35942491763778617
0.43177643657039055
0.6018663209141408
0.3351478383468999
0.3351478383468999
0.37814352882951296
0.7213576112924712
0.8084052044761743
0.6684607857223774
0.8038124380516616
