0.8719334568060303
0.22403739005293927
0.3475635435741953
0.21929302002293233
0.1726079283802321
0.9064122974270874
0.43582398948026496
0.048942372985343194
0.8613824342065557
0.5480819349135735
0.19635427359667046
0.678463355564151
0.3559012271481694
0.4253621282575234
0.35541709365279117
0.2718305324524205
0.6178583602958454
0.30915407899830805
0.6797462112871682
0.15803456397556193
0.9462857470457509
0.7984052634314736
0.6297592791271092
0.6797462112871682
0.324535795776561
0.8753252550203876
0.28161562246212135
0.6279396861739943
0.12847003139031815
0.8544012450442289
0.3957446368375536
0.6456507395225979
0.5154962527519577
0.41182852085379773
0.8034772894364011
0.0069693597352982195
0.15735889962806715
0.19635427359667046
0.5192752262159255
0.49072056591979174
0.6558235099380706
0.10526815833514971
0.8303931973875709
0.7580913551325592
0.7255433180829306
0.3464831233500769
0.2941377640975341
0.22403739005293927
0.06366235787920427
0.3721933319904114
0.27235110680134045
0.06969359531666297
0.9738279070789652
0.8753252550203876
0.473209535604202
0.37834933879271215
0.8587100254474197
0.8544012450442289
0.35541709365279117
0.9462857470457509
0.8133709375737905
0.06321833331546747
0.09608471363102455
0.06969359531666297
0.9064122974270874
0.15735889962824204
0.15803456383933626
0.6887848908834286
0.6532141043817232
0.28161562246212135
0.35747069385034647
0.9064122974270874
0.678463355564151
0.15735889962808283
0.07532517864720009
0.8303931973875709
0.15735889962808283
0.4253621282575234
0.3787920622509636
0.324535795776561
0.19566433576820372
0.3475635435741953
0.10526815833514971
0.8380697374986334
0.7984052634314736
0.3787920622509636
0.0069693597352982195
0.1726079283802321
0.4062140513582467
0.26597811166563257
0.3559012271481393
0.6039559742095897
0.6558235099380706
0.5192752262159255
0.06366235787920427
0.7252766410661821
0.293495295716682
0.5045030433023698
0.36020077015680974
0.473209535604202
0.06969359531666297
0.8303931973875709
0.7580913551325592
0.5871297926513586
0.9553127301024725
0.6279396861739943
0.8699256262889259
0.5480819349135735
0.43582398948026496
0.7114860804815772
0.2718305324524205
0.6039559742095897
0.473209535604202
0.9064122974270874
0.35747069385034647
0.06969359531666297
0.39096308411661207
0.15803456383933626
0.8034772894364011
0.15803456350896977
0.5609379594352641
0.7252766410661821
0.9064122974270874
0.8133709375737905
0.3721933319904114
0.2941377640975341
0.15735889962824204
0.37834933879271215
0.7715192111085554
0.36020077015680974
0.9553127301024725
0.21929302002293233
0.6993541294994889
0.8237689575530649
0.8237689575530649
0.5609379594352641
0.10510243827965993
0.15735889962824204
0.6178583602958454
0.2718305324524205
0.7414215272876092
0.7414215272876092
0.473209535604202
0.30915407899830805
0.6993541294994889
0.5154962527519577
0.2941377640975341
0.39096308411661207
0.8753252550203876
0.13798733569977145
0.25714790731420445
0.6279396861739943
0.7984052634314736
0.9807060606843225
0.36302496349089663
0.8303931973875709
0.6532141043817232
0.8380697374986334
0.7984052634314736
0.7114860804815772
0.048942372985343194
0.5192752262159255
0.2718305324524205
0.3464831233500769
0.07532517864720009
0.8133709375737905
0.1388465620059522
0.10510243827965993
0.15803456461671728
0.26597811166563257
0.2718305324524205
0.2718305324524205
0.36302496349089663
0.2718305324524205
0.35747069385034647
0.5045030433023698
0.07532517864720009
0.6297592791271092
0.4556793552562126
0.4465714164851904
0.09608471363102455
0.4465714164851904
0.38711733252756575
0.1388465620059522
0.2718305324524205
0.4473229539424604
0.6297592791271092
0.293495295716682
0.6797462112871682
0.9064122974270874
0.473209535604202
0.39096308411661207
0.49072056591979174
0.4465714164851904
0.6297592791271092
0.5871297926513586
0.6887848908834286
0.9807060606843225
0.12847003139031815
0.07532517864720009
0.15803456306195524
0.8699256262889259
0.5594009275291874
0.7715192111085554
0.5319803533451836
0.293495295716682
0.06321833331546747
0.5594009275291874
0.7984052634314736
0.7580913551325592
0.4253621282575234
0.9738279070789652
0.13798733569977145
0.38711733252756575
0.7414215272876092
0.4556793552562126
0.3559012271481639
0.5319803533451836
0.4473229539424604
0.19566433576820372
0.7255433180829306
0.2941377640975341
0.9807060606843225
0.8613824342065557
0.048942372985343194
0.25714790731420445
0.6993541294994889
0.6456507395225979
0.4556793552562126
0.6754092370300926
0.3787920622509636
0.8719334568060303
0.27235110680134045
0.8753252550203876
0.15735889962824204
0.6178583602958454
0.8303931973875709
0.7114860804815772
0.20596532330438372
0.6754092370300926
0.41182852085379773
0.3957446368375536
0.8587100254474197
0.20596532330438372
0.3559012271481393
0.5045030433023698
0.4062140513582467
0.8699256262889259
0.6039559742095897
0.8613824342065557
