0.8169437470650988
0.17400953742038472
0.3964579230149008
0.2558233032301539
0.3880132875583153
0.8088288120903109
0.48577349200900033
0.09213317351719932
0.8233977577624705
0.3892848302913457
0.21668197879986367
0.497306848328838
0.37348979878706856
0.38761729160109215
0.3251363236525766
0.2907042258208603
0.48394562045029227
0.7035059450675554
0.45963932610191205
0.2053838200832777
0.8233977577624705
0.718560244264774
0.48394562045029227
0.697701454897353
0.3419584528772153
0.718560244264774
0.33954390298141146
0.697701454897353
0.21668197879986367
0.8088288120903109
0.7036956455085341
0.6520570687205771
0.497306848328838
0.2907042258208603
0.6559838828631669
0.21420550607335698
0.3344162960973226
0.21668197879986367
0.3418370564381342
0.5862141461863339
0.39745062507784856
0.3158545262773058
0.8088288120903109
0.7891474532962814
0.7448998915688541
0.497306848328838
0.39745062507784856
0.31011428663255114
0.21420550607335698
0.2907042258208603
0.3344162960973226
0.2907042258208603
0.8088288120903109
0.8088288120903109
0.27057632470745563
0.35639169949820493
0.49551654862836714
0.8088288120903109
0.3251363236525766
0.9692326228047985
0.6904148426468152
0.27057632470745563
0.3806961219377255
0.08866612673598953
0.8088288120903109
0.497306848328838
0.18008376471769422
0.403612106268911
0.6753603929188818
0.27688664926250817
0.17628143169398058
0.7322527073842762
0.6852950267561764
0.24938106207888378
0.17628143169398058
0.7035059450675554
0.24938106207888378
0.3880132875583153
0.24938106207888378
0.45963932610191205
0.08866612673598953
0.37348979878706856
0.22705313288319
0.8233977577624705
0.7322527073842762
0.3158545262773058
0.08866612673598953
0.18008376471769422
0.39474935499193997
0.3158545262773058
0.3806961219377255
0.6331216997306528
0.39474935499193997
0.35588322787251536
0.21420550607335698
0.7322527073842762
0.23603831578657256
0.582042891662315
0.5488414339631331
0.5967323835166917
0.3419584528772153
0.7781651151834359
0.6753603929188818
0.582042891662315
0.8088288120903109
0.697701454897353
0.8088288120903109
0.6852950267561764
0.3344162960973226
0.7036956455085341
0.2053838200832777
0.5625401641095227
0.5861744990756301
0.8870364615828608
0.2558233032301539
0.2907042258208603
0.2053838200832777
0.3158545262773058
0.6331216997306528
0.2053838200832777
0.5534992382141559
0.7781651151834359
0.8870364615828608
0.4645937765799645
0.38761729160109215
0.4645937765799645
0.31332023768200906
0.3418370564381342
0.6442523184979414
0.5625401641095227
0.7208780877062211
0.22705313288319
0.718560244264774
0.697701454897353
0.8088288120903109
0.6839407790312395
0.17400953742038472
0.1868831522152204
0.8058041350291942
0.3964579230149008
0.5862141461863339
0.42786305704406385
0.47632497136207075
0.2251271544701311
0.5534992382141559
0.403612106268911
0.22705313288319
0.2251271544701311
0.7322527073842762
0.152375205749222
0.21668197879986367
0.8088288120903109
0.8088288120903109
0.6520570687205771
0.42786305704406385
0.8088288120903109
0.6680810924470846
0.4385967354142417
0.8088288120903109
0.45963932610191205
0.27688664926250817
0.5862141461863339
0.35588322787251536
0.6559838828631669
0.2490429854324257
0.8088288120903109
0.23603831578657256
0.18008376471769422
0.2466741763732716
0.4385967354142417
0.35639169949820493
0.47040842112684494
0.31011428663255114
0.2053838200832777
0.2558233032301539
0.49021033459581675
0.1868831522152204
0.47040842112684494
0.7322527073842762
0.2907042258208603
0.13229452833854777
0.391429154798169
0.7035059450675554
0.3418370564381342
0.49551654862836714
0.3158545262773058
0.48577349200900033
0.33954390298141146
0.8233977577624705
0.8870364615828608
0.3158545262773058
0.5861744990756301
0.3251363236525766
0.31011428663255114
0.5488414339631331
0.49021033459581675
0.6904148426468152
0.9692326228047985
0.21420550607335698
0.2251271544701311
0.45963932610191205
0.8088288120903109
0.5967323835166917
0.391429154798169
0.497306848328838
0.37348979878706856
0.152375205749222
0.39745062507784856
0.8088288120903109
0.8088288120903109
0.27688664926250817
0.8449891295121961
0.2490429854324257
0.6680810924470846
0.6839407790312395
0.47632497136207075
0.2490429854324257
0.7448998915688541
0.13229452833854777
0.2907042258208603
0.8088288120903109
0.48337926176613655
0.9692326228047985
0.7891474532962814
0.09213317351719932
0.2907042258208603
0.7035059450675554
0.47632497136207075
0.31332023768200906
0.8088288120903109
0.3158545262773058
0.8169437470650988
0.31011428663255114
0.8233977577624705
0.391429154798169
0.718560244264774
0.8449891295121961
0.45963932610191205
0.2466741763732716
0.45963932610191205
0.3892848302913457
0.48337926176613655
0.6442523184979414
0.3419584528772153
0.33954390298142456
0.3419584528772153
0.7208780877062211
0.8088288120903109
0.6680810924470846
0.8058041350291942
