0.8155611912858323
0.17400953742038472
0.39059483307208354
0.2558233032301539
0.3866024783970131
0.8090311585579801
0.48577349200900033
0.09213317351719932
0.8122781421468765
0.39059483307208354
0.2164364774016398
0.497306848328838
0.3773178194917073
0.3866024783970131
0.3251363236525766
0.29555674102378304
0.4927129942348452
0.7035059450675554
0.45963932610191205
0.20630726322772736
0.8216689131244184
0.718560244264774
0.48366244110821444
0.697701454897353
0.3419064258318948
0.718560244264774
0.3395439029814159
0.697701454897353
0.2164364793263815
0.8090311585579801
0.6778763571145556
0.6627397512049154
0.497306848328838
0.2907042258208603
0.6559838828631669
0.21643648184199749
0.3344162960973226
0.21643647679697184
0.34501238184092153
0.5932263044065724
0.3960608540281203
0.31536449781844966
0.8090311585579801
0.7891474532962814
0.7448998915688541
0.4927129942348452
0.3960608540281203
0.31011428663255114
0.21450226022713598
0.2907042258208603
0.3344162960973226
0.2907042258208603
0.7934969636368734
0.8113918673474502
0.27057632470745563
0.35639169949820493
0.49551654862836714
0.8090311585579801
0.3251363236525766
0.9692326228047985
0.6904148426468152
0.27057632470745563
0.38570539914727553
0.08866612673598953
0.8113918673474502
0.5492817476802421
0.18008376471769422
0.4018016089631543
0.6753603929188818
0.27688664926250817
0.17628143169398058
0.7322527073842762
0.684617902893708
0.24938106207888378
0.17628143169398058
0.7035059450675554
0.24938106207888378
0.3866024783970131
0.24938106207888378
0.45963932610191205
0.08866612673598953
0.3773178194917073
0.22705313288319
0.8216689131244184
0.7322527073842762
0.31568953353021634
0.08866612673598953
0.18008376471769422
0.3960608540281203
0.31536449781844966
0.38570539914727553
0.6331216997306528
0.3960608540281203
0.35122429385897513
0.21450226022713598
0.7322527073842762
0.23603831578657256
0.582042891662315
0.5489882052021695
0.5932263044065724
0.3419064258318948
0.7934969636368734
0.6753603929188818
0.582042891662315
0.8090311585579801
0.697701454897353
0.8090311585579801
0.684617902893708
0.3344162960973226
0.6858883689778094
0.20630726322772736
0.5625401641095227
0.5861744990756301
0.8870364615828608
0.2558233032301539
0.2907042258208603
0.20630726322772736
0.31536449781844966
0.6331216997306528
0.20630726322772736
0.5534992382141559
0.8039169026646813
0.8870364615828608
0.4645937765799645
0.3866024783970131
0.4645937765799645
0.3145477837203559
0.34501238184092153
0.6442523184979414
0.5625401641095227
0.7208780877062211
0.22705313288319
0.718560244264774
0.697701454897353
0.8090311585579801
0.684617902893708
0.17400953742038472
0.1868831522152204
0.8122781421468765
0.39059483307208354
0.522676417891589
0.4514362088786642
0.4750101824209093
0.2251271544701311
0.5534992382141559
0.4018016089631543
0.22705313288319
0.2251271544701311
0.7322527073842762
0.152375205749222
0.2164364793263815
0.7934969636368734
0.8090311585579801
0.6778763571145556
0.41130404844673174
0.8155611912858323
0.6627397512049154
0.4336771328279102
0.8090311585579801
0.45963932610191205
0.27688664926250817
0.5492817476802421
0.35122429385897513
0.6559838828631669
0.2490429854324257
0.8090311585579801
0.23603831578657256
0.18008376471769422
0.2466741763732716
0.4336771328279102
0.35639169949820493
0.4750101824209093
0.3052617714296284
0.20630726322772736
0.2558233032301539
0.49257583917349046
0.1868831522152204
0.46760262512483386
0.7322527073842762
0.2907042258208603
0.13229452833854777
0.39059483307208354
0.7035059450675554
0.34501238184092153
0.49551654862836714
0.31568953353021634
0.48577349200900033
0.3395439029814159
0.8155611912858323
0.8870364615828608
0.31536449781844966
0.5861744990756301
0.3251363236525766
0.3052617714296284
0.5489882052021695
0.49257583917349046
0.6904148426468152
0.9692326228047985
0.21643648154656037
0.21643648154656037
0.45963932610191205
0.8137525761369202
0.5932263044065724
0.41130404844673174
0.497306848328838
0.3773178194917073
0.152375205749222
0.3960608540281203
0.8090311585579801
0.8090311585579801
0.27688664926250817
0.8449891295121961
0.2490429854324257
0.6627397512049154
0.684617902893708
0.4514362088786642
0.2490429854324257
0.7448998915688541
0.13229452833854777
0.2907042258208603
0.8090311585579801
0.48366244110821444
0.9692326228047985
0.7891474532962814
0.09213317351719932
0.29555674102378304
0.7035059450675554
0.4750101824209093
0.3145477837203559
0.8090311585579801
0.31568953353021634
0.8155611912858323
0.31011428663255114
0.8137525761369202
0.39059483307208354
0.718560244264774
0.8449891295121961
0.46760262512483386
0.2466741763732716
0.45963932610191205
0.39059483307208354
0.522676417891589
0.6442523184979414
0.3419064258318948
0.3395439029814159
0.3419064258318948
0.7208780877062211
0.8090311585579801
0.6858883689778094
0.8039169026646813
