0.8461593054007985
0.1836280246268377
0.39212475070947506
0.21016606919474584
0.20571167141746832
0.7661805770585783
0.4109772197709527
0.07205249610652509
0.8787256028340051
0.39824620056142224
0.14397925435512915
0.4783086599276656
0.20571167141746832
0.40886854189046784
0.18820405104733812
0.26394716699026854
0.6273180623168024
0.34086312255983364
0.505811611312529
0.18820405104733812
0.8303416987988628
0.676881829838653
0.49006175526392404
0.6627695855323938
0.39212475070947506
0.7474065215489167
0.30351635961101964
0.7330961432985088
0.18224138160659809
0.8480519299310625
0.6575583997917613
0.6338552474011325
0.4955604190082328
0.505811611312529
0.8586018139481724
0.1535298619812578
0.1535298619812578
0.3224114614963601
0.41595680491516196
0.49006175526392404
0.3991591443198138
0.2551010607978432
0.8094560005699536
0.6273180623168024
0.8586018139481724
0.45809326045940413
0.3991591443198138
0.3716333416732395
0.11799366577309973
0.3095204594869744
0.32618790462027547
0.4109772197709527
0.8133932318875761
0.8480519299310625
0.45809326045940413
0.3673574159952955
0.6911035698851704
0.8480519299310625
0.3388727838411604
0.9692326228047985
0.7381469042201056
0.08075613018946604
0.3379282295871846
0.08866612673598953
0.8586018139481724
0.39824620056142224
0.21016606919474584
0.413057088788194
0.6826308541574191
0.33792822957873603
0.2785399113034446
0.8094560005699644
0.684231604629868
0.1535298619812578
0.07205249610652509
0.8413321138247611
0.1836280246268377
0.4497842442776162
0.31957544223859913
0.39212475070947506
0.08866612673598953
0.3953569592191378
0.20571167141746832
0.8303416987988628
0.7330961432985088
0.3095204594869744
0.08866612673598953
0.21016606919474584
0.4013896198008008
0.30279330440614033
0.413057088788194
0.7707095052593603
0.41595680491516196
0.34086312255983364
0.18224138160659809
0.6338552474011325
0.2681854132295924
0.524046228261199
0.7211716229134068
0.7330961432985088
0.18224138160659809
0.8094560005699536
0.6826308541574191
0.6338552474011325
0.9288023165638786
0.6627695855323938
0.8094560005699631
0.6617503334833663
0.4047313524320087
0.7111841451835657
0.18224138160659809
0.4955604190082328
0.34086312255983364
0.8920709416789798
0.3847885847498521
0.1836280246268377
0.3095204594869744
0.2681854132295924
0.6627695855323938
0.18820405104733812
0.6911035698851704
0.8133932318875761
0.8920709416789798
0.6647046463192655
0.4047313524320087
0.33792822957873603
0.39824620056142224
0.4013896198008008
0.684231604629868
0.7474065215489167
0.9288023165638786
0.18820405104733812
0.7929745329846531
0.8184827609854406
0.7311411949547848
0.5852759507292005
0.11799366577309973
0.3095204594869744
0.7330961432985088
0.39212475070947506
0.6332666887655397
0.6308851949536547
0.49006175526392404
0.20569249276614132
0.42049759122627084
0.413057088788194
0.337928229585601
0.2261727017780421
0.8094560005699644
0.14142940784365352
0.18820405104733812
0.8094560005699614
0.8807579557685026
0.7929745329846531
0.39824620056142224
0.8461593054007985
0.5986387488785756
0.6308851949536547
0.8807579557685026
0.5986387488785756
0.20571167141746832
0.49006175526392404
0.3513707751867201
0.45809326045940413
0.14397925435512915
0.8586018139481724
0.17799304453308423
0.17799304453308423
0.18820405104733812
0.42049759122627084
0.413057088788194
0.3224114614963601
0.2824808232594276
0.21816938548639397
0.21016606919474584
0.524046228261199
0.07205249610652509
0.7284954616443848
0.3673574159952955
0.3513707751867201
0.08075613018946604
0.4783086599276656
0.6332666887655397
0.20569249276614132
0.3095204594869744
0.30351635961101964
0.6647046463192655
0.31957544223859913
0.7211716229134068
0.8586018139481724
0.3716333416732395
0.3953569592191378
0.30351635961101964
0.2824808232594276
0.41595680491516196
0.3847885847498521
0.7381469042201056
0.9692326228047985
0.21816938548639397
0.2261727017780421
0.34086312255983364
0.8184827609854406
0.4497842442776162
0.7284954616443848
0.4955604190082328
0.3953569592191378
0.08075613018946604
0.4497842442776162
0.7707095052593603
0.7311411949547848
0.2785399113034446
0.8413321138247611
0.14142940784365352
0.6736621827068577
0.6911035698851704
0.40886854189046784
0.3388727838411604
0.6826308541574191
0.30279330440614033
0.18820405104733812
0.7661805770585783
0.45809326045940413
0.9692326228047985
0.8787256028340051
0.07205249610652509
0.26394716699026854
0.6736621827068577
0.676881829838653
0.45809326045940413
0.7661805770585783
0.3379282295871846
0.8461593054007985
0.2551010607978432
0.8184827609854406
0.18224138160659809
0.6617503334833663
0.8413321138247611
0.7111841451835657
0.413057088788194
0.45809326045940413
0.3095204594869744
0.4013896198008008
0.6575583997917613
0.32618790462027547
0.33792822958618274
0.4109772197709527
0.6338552474011325
0.809456000569965
0.5852759507292005
0.7284954616443848
