0.8553909264869342
0.1780241641966503
0.38628399609474384
0.1420960065336211
0.1948567851119472
0.8875639723033373
0.3958800089941715
0.06643830370382584
0.823193708948302
0.39427201305579385
0.1420960065336211
0.5163330037607208
0.3412042352126943
0.3952197540419613
0.1848077767741909
0.26394716699026854
0.6121865192599887
0.3347801667541591
0.6368161680744414
0.2289779679752038
0.8319542339890775
0.8108117206175753
0.4614055319492981
0.6661345699489114
0.3916866913761402
0.766662528426945
0.3216394881663759
0.756551181089425
0.1848077767741909
0.842776987922508
0.4614055319492981
0.6545026466855124
0.4916656739115956
0.3820299676428994
0.8148725729427115
0.17436316884063657
0.15824980288081558
0.30411324198470524
0.43236997037805625
0.5579594217137902
0.44432109014019694
0.2492321590638387
0.756551181089425
0.7375128662326589
0.7904859671689194
0.4906419765471779
0.3958800089941715
0.3412042352126943
0.09561322813385129
0.31379063203763735
0.38628399609474384
0.1805893858148433
0.918158804028427
0.842776987922508
0.4614055319492981
0.34139321494366937
0.6948499489719375
0.842776987922508
0.34139321494366937
0.9692326228047985
0.842776987922508
0.08075613018946604
0.28126976566134154
0.08866612673598953
0.8970313484048316
0.3347801667541591
0.2289779679752038
0.41647147117182914
0.7003649183762118
0.3336586175761572
0.18499037068668533
0.8875639723033373
0.6368161680744414
0.15824980288081558
0.06643830370382584
0.832493453939791
0.1805893858148433
0.4614055319492981
0.3759608428648974
0.39576372675488103
0.08866612673598953
0.3412042352126943
0.21404851045423212
0.8319542339890775
0.7441284054119288
0.31379063203763735
0.08866612673598953
0.1948567851119472
0.42095205781479494
0.26676635884945465
0.4614055319492981
0.6428916629315606
0.4280265997528322
0.5163330037607208
0.17436316884063657
0.6471627257198322
0.28126976566134154
0.524046228261199
0.4906419765471779
0.4906419765471779
0.14530497776575957
0.8108117206175753
0.7003649183762118
0.6046988618941707
0.9299870888848343
0.6661345699489114
0.7849351968689341
0.6368161680744414
0.4916656739115956
0.7111841451835657
0.210557711201528
0.49976498870093045
0.39576372675488103
0.9240632272800564
0.4280265997528322
0.14530497776575957
0.39893414094542234
0.2492321590638387
0.8148725729427115
0.210557711201528
0.6368161680744414
0.6888887982452245
0.9240632272800564
0.6812980209106496
0.3759608428648974
0.3336586175761572
0.17436316884063657
0.43236997037805625
0.7292131221798637
0.7375128662326589
0.9299870888848343
0.1754589425784573
0.766662528426945
0.8325504937369148
0.8325504937369148
0.5852759507292005
0.09561322813385129
0.24765599151013387
0.6888887982452245
0.3347801667541591
0.7441284054119288
0.7441284054119288
0.4614055319492981
0.21404851045423212
0.49976498870093045
0.3916866913761402
0.44432109014019694
0.22752026925465885
0.8148725729427115
0.1362434989275374
0.1780241641966503
0.8148725729427115
0.8108117206175753
0.9299870888848343
0.3973895653111369
0.8553909264869342
0.5852759507292005
0.8319542339890775
0.8026573471516305
0.7111841451835657
0.08889507331462287
0.4773725205489309
0.22956104746342182
0.3820299676428994
0.1420960065336211
0.8875639723033373
0.19065525568964464
0.19065525568964464
0.1754589425784573
0.26676635884945465
0.3838176532979044
0.30411324198470524
0.3537739382785057
0.24765599151013387
0.22956104746342182
0.524046228261199
0.06643830370382584
0.6545026466855124
0.4773725205489309
0.42095205781479494
0.08075613018946604
0.49976498870093045
0.49976498870093045
0.15824980288081558
0.1948567851119472
0.41647147117182914
0.6428916629315606
0.28126976566134154
0.823193708948302
0.8970313484048316
0.4906419765471779
0.39893414094542234
0.5579594217137902
0.3537739382785057
0.39893414094542234
0.3759608428648974
0.7441284054119288
0.9692326228047985
0.21404851045423212
0.22752026925465885
0.21404851045423212
0.8325504937369148
0.5390642711901841
0.7292131221798637
0.49976498870093045
0.3973895653111369
0.08075613018946604
0.5390642711901841
0.8026573471516305
0.7375128662326589
0.33886172892090727
0.918158804028427
0.1362434989275374
0.3838176532979044
0.7441284054119288
0.3952197540419613
0.33886172892090727
0.6471627257198322
0.3216394881663759
0.22752026925465885
0.7904859671689194
0.5141695338214617
0.9692326228047985
0.9299870888848343
0.08889507331462287
0.26394716699026854
0.7111841451835657
0.6812980209106496
0.49976498870093045
0.6046988618941707
0.18499037068668533
0.8553909264869342
0.2492321590638387
0.8148725729427115
0.15824980288081558
0.6121865192599887
0.832493453939791
0.7111841451835657
0.24091836394148186
0.4906419765471779
0.39427201305579385
0.3838176532979044
0.6948499489719375
0.24091836394148186
0.3412042352126943
0.3973895653111369
0.5141695338214617
0.7849351968689341
0.5852759507292005
0.7375128662326589
