0.8461593054007985
0.1839431707678013
0.4007098477370952
0.21016606919474584
0.20571167141746832
0.7473830149567622
0.4109772197709527
0.07205249610652509
0.7293230556143248
0.3978253876890968
0.14397925435512915
0.45809326045940413
0.20571167141746832
0.40886854189046784
0.18830650213321456
0.26394716699026854
0.6273180623168024
0.3358952608005371
0.505811611312529
0.18830650213323602
0.8303416987988628
0.676881829838653
0.49006175526392404
0.6627695855323938
0.3926743502692539
0.7573001768651747
0.30407709630051827
0.7284182917042077
0.18205229392201983
0.842776987922508
0.6308841741526099
0.6348452648836258
0.4955604190082328
0.505811611312529
0.8381842060810998
0.1535298619812578
0.1535298619812578
0.3224114614963601
0.42245454266249793
0.49006175526392404
0.3953569592191378
0.2551010607978432
0.806745715486882
0.6273180623168024
0.8581601411573963
0.45809326045940413
0.4029613294204898
0.34544129565738224
0.11799366577309973
0.30966189988115245
0.32618790462027547
0.4109772197709527
0.8127944211945655
0.8581601411573963
0.45809326045940413
0.3673574159952955
0.6911035698851704
0.842776987922508
0.33534438820575163
0.9692326228047985
0.8381842060810998
0.08075613018946604
0.3389987760562857
0.08866612673598953
0.8581601411573963
0.3978253876890968
0.21016606919474584
0.41370148061861345
0.6826308541574191
0.33771796023645295
0.2785399113034446
0.8581601411573963
0.684231604629868
0.1535298619812578
0.07205249610652509
0.8413321138247611
0.1839431707678013
0.4497842442776162
0.31957544223859913
0.3926743502692539
0.08866612673598953
0.3953569592191378
0.20571167141746832
0.8303416987988628
0.7377354099227211
0.30966189988115245
0.08866612673598953
0.21016606919474584
0.4029613294204898
0.30195219937189277
0.41370148061861345
0.7284182917042077
0.4029613294204898
0.34247112305661465
0.18205229392201983
0.630886987665441
0.2681854132295924
0.524046228261199
0.7211716229134068
0.7293230556143248
0.18205229392201983
0.806745715486882
0.6826308541574191
0.6348452648836258
0.9288023165638786
0.6627695855323938
0.809063593133036
0.6617503334833663
0.4109772197709527
0.7111841451835657
0.18205229392201983
0.4955604190082328
0.34247112305661465
0.8985690447054244
0.3847885847498521
0.1839431707678013
0.30966189988115245
0.2681854132295924
0.6627695855323938
0.18830650213321456
0.6911035698851704
0.8127944211945655
0.8855728386525352
0.6647046463192655
0.3953569592191378
0.3358952608005371
0.3978253876890968
0.4029613294204898
0.684231604629868
0.7375128662326589
0.9288023165638786
0.18794792333255295
0.7573001768651747
0.806745715486882
0.7284182917042077
0.5852759507292005
0.11799366577309973
0.3092375786986177
0.7377354099227211
0.3847885847498521
0.7680093181351524
0.6308841741526099
0.49006175526392404
0.20569249276614132
0.49852405939592703
0.41209050104256495
0.33534438820575163
0.2261727017780421
0.8078199837791928
0.14142940784365352
0.18830650213329786
0.8078199837791928
0.8985690447054244
0.9288023165638786
0.4007098477370952
0.8461593054007985
0.5986387488785756
0.630883651132172
0.8581601411573963
0.5986387488785756
0.20571167141746832
0.49006175526392404
0.3513707751867201
0.45809326045940413
0.14397925435512915
0.8581601411573963
0.17799304453308423
0.17799304453308423
0.18794792333255295
0.34247112305661465
0.41209050104256495
0.3224114614963601
0.2824808232594276
0.21016606919474584
0.21016606919474584
0.524046228261199
0.07205249610652509
0.630886987665441
0.3673574159952955
0.3513707751867201
0.08075613018946604
0.49852405939592703
0.49852405939592703
0.20569249276614132
0.30966189988115245
0.30407709630051827
0.6647046463192655
0.31957544223859913
0.7211716229134068
0.8855728386525352
0.3978253876890968
0.3953569592191378
0.30407709630051827
0.2824808232594276
0.42245454266249793
0.3847885847498521
0.7377354099227211
0.9692326228047985
0.2261727017780421
0.2261727017780421
0.34247112305661465
0.8242457042839895
0.4497842442776162
0.7269374356124967
0.4955604190082328
0.3953569592191378
0.08075613018946604
0.4497842442776162
0.806745715486882
0.7375128662326589
0.2785399113034446
0.8413321138247611
0.14142940784365352
0.6736621827068577
0.6911035698851704
0.40886854189046784
0.34544129565738224
0.6826308541574191
0.30195219937189277
0.18830650213329786
0.7680093181351524
0.45809326045940413
0.9692326228047985
0.9288023165638786
0.07205249610652509
0.26394716699026854
0.6736621827068577
0.676881829838653
0.45809326045940413
0.7473830149567622
0.3389987760562857
0.8461593054007985
0.2551010607978432
0.8242457042839895
0.18205229392201983
0.6617503334833663
0.8413321138247611
0.7111841451835657
0.41370148061861345
0.45809326045940413
0.3092375786986177
0.3978253876890968
0.684231604629868
0.32618790462027547
0.33771796023645295
0.4109772197709527
0.6348452648836258
0.809063593133036
0.5852759507292005
0.7269374356124967
