0.8278898958307139
0.17038886050854557
0.39139742568187363
0.3200727863643572
0.31720176630809577
0.8097127765521315
0.41324525748025687
0.07205249610652509
0.817947868067843
0.3610372069436276
0.23270281403982684
0.44808991153613476
0.2234147768150161
0.3971956800163755
0.1980815834204394
0.25202581285893927
0.521169626180152
0.6868724636104557
0.41324525748025687
0.1855722361799066
0.8284656289353232
0.6868724636104557
0.611332894445684
0.6431193582346723
0.2964817166102661
0.7223052158076546
0.3067741608337693
0.6927103514859796
0.23978102995612038
0.8038124380516616
0.7036956455085341
0.638103125604213
0.4955604190082328
0.37635258878315003
0.8284656289353232
0.18722064179144732
0.23978102995612038
0.23270281403982684
0.2964817166102661
0.5791630434980966
0.40063796582361566
0.3218406972790441
0.8055955637753325
0.7724907715633687
0.8077180528151646
0.5309514366123467
0.3942859054865445
0.44808991153613476
0.16439837070961072
0.3067741608337693
0.3800928130771324
0.45572174171924984
0.8097127765521315
0.8279250407024551
0.45572174171924984
0.36037865667217145
0.5334074954836145
0.8272949331612647
0.31886458445397337
0.9692326228047985
0.7345721666569096
0.08075613018946604
0.37684719286593676
0.08866612673598953
0.8077180528151646
0.37635258878315003
0.16439837070961072
0.41324525748025687
0.6841595205511186
0.3351478383468999
0.2805103672814361
0.8038124380516616
0.6861458142030121
0.15818242633373936
0.07205249610652509
0.6868724636104557
0.24916460183019165
0.3800928130771324
0.24916460183019165
0.4838137518483903
0.08866612673598953
0.39139742568187363
0.2234147768150161
0.8284656289353232
0.7213576112924712
0.31720176630809577
0.08866612673598953
0.1980815834204394
0.40204837819077344
0.31874763993101085
0.37445146306859056
0.6331216997306528
0.3942859054865445
0.3515402508264298
0.2964817166102661
0.6596678587091621
0.29209702363767287
0.5216465370534138
0.611332894445684
0.5791630434980966
0.31874763993101085
0.8038124380516616
0.6841595205511186
0.6431193582346723
0.8055957678145267
0.6927103514859796
0.8092671245209329
0.6868724636104557
0.31874763993101085
0.7036956455085341
0.17038886050854557
0.4955604190082328
0.638103125604213
0.8870364615828608
0.3351478383468999
0.1980815834204394
0.23494086937100128
0.3218406972790441
0.6331216997306528
0.1855722361799066
0.6868724636104557
0.8038124380516616
0.8870364615828608
0.6018663209141408
0.39139742568187363
0.3351478383468999
0.367745403777204
0.40204837819077344
0.6861458142030121
0.7223052158076546
0.7724907715633687
0.1980815834204394
0.6868724636104557
0.815681215528935
0.815681215528935
0.6868724636104557
0.15818242633373936
0.1980815834204394
0.8038124380516616
0.4054198137192722
0.6487519821868255
0.5629380799815005
0.521169626180152
0.23494086937100128
0.43177643657039055
0.41324525748025687
0.2562522813956608
0.2259592505994159
0.8092671245209329
0.14142940784365352
0.17526575621439464
0.8092671245209329
0.8279250407024551
0.8278898958307139
0.3610372069436276
0.8278898958307139
0.5629380799815005
0.5629380799815005
0.7858371473001575
0.4838137518483903
0.2562522813956608
0.4935975321741505
0.3515402508264298
0.5309514366123467
0.17131297660297273
0.8272949331612647
0.17997960793547224
0.17997960793547224
0.2562522813956608
0.3200727863643572
0.4054198137192722
0.48752662194048074
0.2805103672814361
0.1980815834204394
0.1980815834204394
0.5216465370534138
0.17131297660297273
0.4605123589021433
0.4935975321741505
0.367745403777204
0.08075613018946604
0.4784924667626492
0.6487519821868255
0.2964817166102661
0.45570482746708124
0.3163027951834222
0.6331216997306528
0.29209702363767287
0.817947868067843
0.8870364615828608
0.3971956800163755
0.5334074954836145
0.31886458445397337
0.2805103672814361
0.4605123589021433
0.39236025228343063
0.7345721666569096
0.9692326228047985
0.18722064179144732
0.2259592505994159
0.43177643657039055
0.8080499967521149
0.6331216997306528
0.3893181315989019
0.4955604190082328
0.39236025228343063
0.08075613018946604
0.40063796582361566
0.7858371473001575
0.8055955637753325
0.2805103672814361
0.8449891295121961
0.14142940784365352
0.6684607857223774
0.6868724636104557
0.44808991153613476
0.37445146306859056
0.6596678587091621
0.3067741608337693
0.17526575621439464
0.8055945435793612
0.45572174171924984
0.9692326228047985
0.8080499967521149
0.07205249610652509
0.25202581285893927
0.6868724636104557
0.48752662194048074
0.45572174171924984
0.8279250407024551
0.3163027951834222
0.8278898958307139
0.2234147768150161
0.8284656289353232
0.3893181315989019
0.6868724636104557
0.8449891295121961
0.45570482746708124
0.2562522813956608
0.4784924667626492
0.36037865667217145
0.43177643657039055
0.6018663209141408
0.3351478383468999
0.3351478383468999
0.37684719286593676
0.7213576112924712
0.8092671245209329
0.6684607857223774
0.8038124380516616
