0.8553909264869342
0.1725367296492793
0.385908514083821
0.19407028833409667
0.16253135022943907
0.8828302842525901
0.3951660626761092
0.055324392187744015
0.823193708948302
0.42781921371785564
0.12246575444150172
0.5163330037607208
0.3497141648590754
0.3951660626761092
0.22431057578262226
0.26394716699026854
0.6121865192599887
0.3301536301621599
0.6812980209106496
0.1894735499691541
0.8314234174348782
0.8026573471516305
0.4612098573741283
0.6661345699489114
0.392881594718413
0.766662528426945
0.3113287650780039
0.7545289116219214
0.1610615566447669
0.8443756466622188
0.4612098573741283
0.6545026466855124
0.4879537518216889
0.38750618487353533
0.8026573471516305
0.18499037068668533
0.1362434989275374
0.30411324198470524
0.43236997037805625
0.5579594217137902
0.44432109014019694
0.2492321590638387
0.7545289116219214
0.7375128662326589
0.8244207532484138
0.4879537518216889
0.3951660626761092
0.34330806412045156
0.09561322813385129
0.3150215655174542
0.385908514083821
0.1773257677757941
0.918158804028427
0.8443756466622188
0.4627637577037709
0.3422370436179234
0.697830524335294
0.8443756466622188
0.3422370436179234
0.9692326228047985
0.8379810117033755
0.08075613018946604
0.28126976566134154
0.08866612673598953
0.9041318804809523
0.3422370436179234
0.22810738315877432
0.49404382050033835
0.7003649183762118
0.33886172892090727
0.18499037068668533
0.8828302842525901
0.6812980209106496
0.18499037068668533
0.055324392187744015
0.832493453939791
0.1773257677757941
0.46034081805757887
0.37505329470181836
0.392881594718413
0.08866612673598953
0.3497141648590754
0.22431057578262226
0.8314234174348782
0.7441284054119288
0.3150215655174542
0.08866612673598953
0.16253135022943907
0.4612098573741283
0.26676635884945465
0.46034081805757887
0.6428916629315606
0.4280265997528322
0.5163330037607208
0.16916917417574234
0.6545026466855124
0.28126976566134154
0.4979419428711221
0.4905457579867706
0.49080013403551875
0.14661834378239758
0.832493453939791
0.7003649183762118
0.49404382050033835
0.9299870888848343
0.6661345699489114
0.7849351968689341
0.5923343152382332
0.4979419428711221
0.7111841451835657
0.23131097220434238
0.5047918433985137
0.3863352901387221
0.9240632272800564
0.4280265997528322
0.14661834378239758
0.39345080207418004
0.2492321590638387
0.8026573471516305
0.19407028833409667
0.5923343152382332
0.6814417964061885
0.9240632272800564
0.6812980209106496
0.37505329470181836
0.3113287650780039
0.1725367296492793
0.43236997037805625
0.697830524335294
0.7375128662326589
0.9299870888848343
0.1775744608409221
0.766662528426945
0.8244207532484138
0.8244207532484138
0.5923343152382332
0.09561322813385129
0.24222559968342233
0.7111841451835657
0.3301536301621599
0.7441284054119288
0.7441284054119288
0.4627637577037709
0.26676635884945465
0.5003489292165348
0.3818025922931785
0.44432109014019694
0.22798813848048538
0.8158604750154466
0.1362434989275374
0.1894735499691541
0.8158604750154466
0.8026573471516305
0.9299870888848343
0.38750618487353533
0.8553909264869342
0.5817467684746844
0.8314234174348782
0.8026573471516305
0.7111841451835657
0.12246575444150172
0.4773725205489309
0.23131097220434238
0.33886172892090727
0.08866612673598953
0.8828302842525901
0.15240223095912286
0.22810738315877432
0.1775744608409221
0.26676635884945465
0.3818025922931785
0.30411324198470524
0.37148593931370755
0.24222559968342233
0.23131097220434238
0.5982038131021156
0.08866612673598953
0.6545026466855124
0.4773725205489309
0.42781921371785564
0.08075613018946604
0.5003489292165348
0.5003489292165348
0.15240223095912286
0.26394716699026854
0.33886172892090727
0.6428916629315606
0.28126976566134154
0.823193708948302
0.9041318804809523
0.49080013403551875
0.40942448497079886
0.5579594217137902
0.34330806412045156
0.40942448497079886
0.37505329470181836
0.7441284054119288
0.9692326228047985
0.16916917417574234
0.22798813848048538
0.22810738315877432
0.8379810117033755
0.5390642711901841
0.766662528426945
0.5047918433985137
0.3951660626761092
0.08075613018946604
0.5390642711901841
0.8026573471516305
0.7375128662326589
0.33886172892090727
0.918158804028427
0.1362434989275374
0.37148593931370755
0.7441284054119288
0.3951660626761092
0.33886172892090727
0.5982038131021156
0.3113287650780039
0.22798813848048538
0.7545289116219214
0.5141695338214617
0.9692326228047985
0.9299870888848343
0.055324392187744015
0.26394716699026854
0.7111841451835657
0.6812980209106496
0.5003489292165348
0.6814417964061885
0.18499037068668533
0.8553909264869342
0.2492321590638387
0.8443756466622188
0.1610615566447669
0.6121865192599887
0.832493453939791
0.7111841451835657
0.24091836394148186
0.4905457579867706
0.39345080207418004
0.3863352901387221
0.697830524335294
0.24091836394148186
0.33886172892090727
0.3951660626761092
0.5141695338214617
0.7849351968689341
0.5817467684746844
0.7375128662326589
