0.8689948945701158
0.21171377819207454
0.3475635435741953
0.20054544112671913
0.1893771040613637
0.897290629642547
0.407950132685756
0.048942372985343194
0.8213465364577963
0.510026618442458
0.26975222817422223
0.562902242741576
0.36518706968376946
0.3104737185781562
0.26285731732601125
0.26767392389602396
0.5990316994385525
0.32538909749753026
0.6787332419759191
0.1537455191490258
0.9462857470457509
0.8021619400172066
0.6364089697131554
0.6787332419759191
0.26767392389602396
0.8759455948625676
0.28161562246212135
0.7511514948768128
0.13592063161300122
0.8544012450442289
0.407950132685756
0.6453712538310297
0.5182471456565183
0.39451178015131805
0.8053206201388862
0.1863525578582293
0.13592063161300122
0.32220415984263806
0.5192752262159255
0.4791293425520619
0.6558235099380706
0.22129043802145815
0.8281732854177575
0.7672992373972634
0.820091242086116
0.33758188460121197
0.2938624205057403
0.21171377819207454
0.08860041354521864
0.3765924854974463
0.26767392389602396
0.06917113091097413
0.9738279070789652
0.8425513336976699
0.4698334435140491
0.3944223357248964
0.8417770684138608
0.8544012450442289
0.3557398493163656
0.9462857470457509
0.8327290823566529
0.06321833331546747
0.11583172393746301
0.06917113091097413
0.9064122974270874
0.2780907714452356
0.15914481045801337
0.6787332419759191
0.6364089697131554
0.28161562246212135
0.1863525578582293
0.897290629642547
0.6787332419759191
0.16479908144652924
0.07447044979494646
0.8292116107419989
0.16479908144652924
0.42172782496655103
0.3765924854974463
0.26285731732601125
0.10934156896368638
0.3475635435741953
0.22129043802145815
0.8380697374986334
0.7422909472355457
0.3765924854974463
0.10934156896368638
0.1893771040613637
0.37805177491314146
0.27333863692188765
0.3557398493163656
0.6196349092111166
0.6558235099380706
0.5192752262159255
0.1107866809350485
0.7254099795745563
0.2938624205057403
0.5040177866715285
0.3606024271420545
0.4791293425520619
0.06917113091097413
0.8281732854177575
0.766057087397009
0.5871297926513586
0.9356016030486024
0.6249671887988597
0.7511514948768128
0.5990316994385525
0.407950132685756
0.7114860804815772
0.27352578650471304
0.6730588462100022
0.4200504542168715
0.9216936826381452
0.34580060751681646
0.06917113091097413
0.37805177491314146
0.15914481045801337
0.8053206201388862
0.1537455191490258
0.5724204033552189
0.7254099795745563
0.9216936826381452
0.8327290823566529
0.407950132685756
0.32538909749753026
0.1107866809350485
0.3944223357248964
0.6336535859520382
0.3606024271420545
0.9356016030486024
0.20054544112671913
0.6993541294994889
0.8200912420861151
0.820091242086116
0.5724204033552189
0.08860041354521864
0.15240223095912286
0.5990316994385525
0.26767392389602396
0.7422909472355457
0.7422909472355457
0.4698334435140491
0.26767392389602396
0.6993541294994889
0.545683000238298
0.2733431431468437
0.23421162109944138
0.8759455948625676
0.13210526181971888
0.19814462992147244
0.7511514948768128
0.8021619400172066
0.9267421193629781
0.3782658365837214
0.8292116107419989
0.6379215361664967
0.8380697374986334
0.8021619400172066
0.7114860804815772
0.048942372985343194
0.5192752262159255
0.26975222817422223
0.33758188460121197
0.07447044979494646
0.8425513336976699
0.15240223095912286
0.19814462992147244
0.15914481045801337
0.27333863692188765
0.21370705963294612
0.27352578650471304
0.3782658365837214
0.37805177491314146
0.34580060751681646
0.5182471456565183
0.07447044979494646
0.6379215361664967
0.4698334435140491
0.39451178015131805
0.11583172393746301
0.562902242741576
0.42958279440003155
0.15240223095912286
0.25453005202558165
0.3632666676429013
0.6196349092111166
0.2938624205057403
0.6787332419759191
0.9064122974270874
0.510026618442458
0.32220415984263806
0.6336535859520382
0.2780907714452356
0.6249671887988597
0.5871297926513586
0.7422909472355457
0.9807060606843225
0.13592063161300122
0.23421162109944138
0.21370705963294612
0.8515267545155506
0.545683000238298
0.7672992373972634
0.5182471456565183
0.2938624205057403
0.06321833331546747
0.545683000238298
0.8021619400172066
0.766057087397009
0.42172782496655103
0.9738279070789652
0.13210526181971888
0.39415402701040303
0.7422909472355457
0.42958279440003155
0.3557398493163656
0.5182471456565183
0.3632666676429013
0.26767392389602396
0.6730588462100022
0.2938624205057403
0.9807060606843225
0.9267421193629781
0.048942372985343194
0.25453005202558165
0.6993541294994889
0.6453712538310297
0.4698334435140491
0.6730588462100022
0.36518706968376946
0.8689948945701158
0.3104737185781562
0.8515267545155506
0.15240223095912286
0.6364089697131554
0.8292116107419989
0.7114860804815772
0.1893771040613637
0.6730588462100022
0.39451178015131805
0.39415402701040303
0.8417770684138608
0.26767392389602396
0.36518706968376946
0.5040177866715285
0.4200504542168715
0.7511514948768128
0.5724204033552189
0.8213465364577963
