0.8248963827212095
0.1726671206820729
0.3964579230149008
0.25512610706748695
0.39073012157056997
0.8102687865918983
0.48577349200900033
0.07205249610652509
0.8248963827212095
0.39095132495672835
0.2170721294424365
0.497306848328838
0.36729212292274516
0.37881076593797974
0.21793986130610393
0.29133923512842363
0.48451279669709624
0.7035059450675554
0.45917148395055185
0.20269021986031704
0.8227429409473652
0.7154900348343998
0.48451279669709624
0.697701454897353
0.34331018105332234
0.7247006631255231
0.339671407254179
0.697701454897353
0.21793986130610393
0.8132757011088655
0.7036956455085341
0.656120753064795
0.497306848328838
0.2906694572259423
0.6559838828631669
0.2073929213081361
0.3337754484853853
0.2170721294424365
0.33956893870035265
0.5862141461863339
0.393990413972695
0.31332149944478344
0.8162826156258327
0.7891474532962814
0.8102687865918983
0.497306848328838
0.393990413972695
0.30958476157622783
0.2073929213081361
0.2906694572259325
0.3337754484853853
0.39073012157056997
0.8102687865918983
0.8162826156258327
0.27057632470745563
0.37881076593797974
0.5051487709102707
0.8132757011088655
0.32444086969989944
0.9692326228047985
0.6831282303962836
0.27057632470745563
0.3806961219377255
0.08866612673598953
0.8102687865918983
0.497306848328838
0.17669437089700843
0.403612106268911
0.6831282303962718
0.2750747902530441
0.2805103672814361
0.7322527073852467
0.6863784249361258
0.24938106207888378
0.07205249610652509
0.7035059450675554
0.24938106207888378
0.39073012157056997
0.24938106207888378
0.4607166151774309
0.08866612673598953
0.36729212292274516
0.22545131179753186
0.8227429409473652
0.7322527073828373
0.31623114217878145
0.08866612673598953
0.18954738583568964
0.3965213256831738
0.31332149944478344
0.3806961219377255
0.6331216997306528
0.3965213256831738
0.35588322787251536
0.2126305615471857
0.7322527073852467
0.23603831578657256
0.582042891662315
0.5488414339631331
0.5967323835166917
0.3586855697665131
0.7781651151834359
0.6831282303962825
0.582042891662315
0.8102687865918983
0.697701454897353
0.8102687865918983
0.6863784249361258
0.3337754484853853
0.7036956455085341
0.2126305615471857
0.497306848328838
0.5861744990756301
0.8870364615828608
0.2561719013114874
0.18954738583568964
0.22860777721303943
0.3162311421644137
0.6331216997306528
0.20269021986031704
0.5534992382141559
0.7781651151834359
0.8870364615828608
0.4682075591177788
0.3882432787082941
0.4682075591177788
0.3201393682505806
0.33956893870035265
0.6442523184979414
0.7154900348343998
0.7208780877062211
0.22918620144226576
0.7247006631255231
0.697701454897353
0.8102687865918983
0.6831282303962716
0.1726671206820729
0.1868831522152204
0.8058041350291942
0.3964579230149008
0.5862141461863339
0.42786305704406385
0.48117751615177784
0.2153366657142766
0.5534992382141559
0.403612106268911
0.22918620144226576
0.22860777721303943
0.732252707385213
0.152375205749222
0.2153366657142766
0.8102687865918983
0.7899066021654708
0.656120753064795
0.42786305704406385
0.8162826156258327
0.5646034726314473
0.5646034726314473
0.7882788202193454
0.4557072490267322
0.2750747902530441
0.5862141461863339
0.35588322787251536
0.6559838828631669
0.25512610706748695
0.7899066021654708
0.23603831578657256
0.17669437089700843
0.2562522813956608
0.3119838971631884
0.39095132495672835
0.48117751615177784
0.3085191923299939
0.1868831522152204
0.2561719013114874
0.49021033459581675
0.1868831522152204
0.45917148395055185
0.7322527073828373
0.2906694572259423
0.152375205749222
0.3925888322458204
0.7035059450675554
0.34331018105332234
0.5051487709102707
0.31623114217333415
0.48577349200900033
0.339671407254179
0.8227429409473652
0.8870364615828608
0.3201393682505806
0.5861744990756301
0.32444086969989944
0.3085191923299939
0.5488414339631331
0.49021033459581675
0.697701454897353
0.9692326228047985
0.22545131179753186
0.22545131179753186
0.4557072490267322
0.8102687865918983
0.5967323835166917
0.3925888322458204
0.497306848328838
0.3882432787082941
0.152375205749222
0.403612106268911
0.7882788202193454
0.8102687865918983
0.2805103672814361
0.8449891295121961
0.24600142461489521
0.6684607857223774
0.6831282303962716
0.48117751615177784
0.24600142461489521
0.6831282303962825
0.152375205749222
0.2906694572259598
0.8162826156258327
0.45817207310521013
0.9692326228047985
0.7891474532962814
0.07205249610652509
0.29133923512842363
0.7035059450675554
0.48117751615177784
0.3119838971631884
0.8162826156258327
0.31623114217333415
0.8248963827212095
0.30958476157622783
0.8227429409473652
0.3925888322458204
0.7154900348343998
0.8449891295121961
0.45917148395055185
0.2562522813956608
0.4607166151774309
0.39095132495672835
0.45817207310521013
0.6442523184979414
0.33665926273910274
0.33665926273910274
0.3586855697665131
0.7208780877062211
0.8102687865918983
0.6684607857223774
0.8058041350291942
