0.86572593050659
0.18644725238656262
0.30874899202119155
0.22679128325314835
0.1726079283802321
0.9330010461657814
0.43582398948026496
0.048942372985343194
0.8599346021065439
0.5480819349135735
0.19620807546821958
0.6807023899768265
0.3602216614188451
0.4253621282575234
0.35523541728455665
0.2553455348923229
0.6162709049439283
0.3138675693222689
0.6807023899768265
0.15546570030007406
0.9462857470457509
0.7970519426568898
0.6393871653714867
0.6778338539078519
0.3602216614188451
0.8768644443801159
0.2387924117146677
0.620704828299478
0.15546570030007428
0.8544012450442289
0.29881802301942045
0.31478741470303295
0.5237650172477369
0.395241106589441
0.8072959076680536
0.0069693597352982195
0.15546570030007417
0.19620807546821958
0.5248926038883182
0.4963005707996627
0.6103606334386427
0.11881484744253301
0.8372552619682856
0.7580913551325592
0.6103606334386427
0.3138675693222689
0.3001700446273602
0.27583171324082084
0.06986203313874319
0.5317710251582964
0.30874899202119155
0.07612934806817873
0.9738279070789652
0.874232796081688
0.47345027114799065
0.2742803229981986
0.8587100254474197
0.8544012450442289
0.506382581986856
0.9462857470457509
0.8072959076680536
0.06321833331546747
0.08850800236052173
0.059942552723480924
0.9041486469421005
0.14034284342057668
0.151946654987517
0.6670410433919598
0.6393871653714867
0.2387924117146677
0.36141259148508953
0.9330010461657814
0.6778338539078519
0.1554657003000741
0.07591280285906607
0.8260558950952813
0.13585399917670327
0.4253621282575234
0.3445745643621078
0.3138675693222689
0.22679128325314835
0.386378095127199
0.11881484744253301
0.8380697374986334
0.7970519426568898
0.386378095127199
0.0069693597352982195
0.1726079283802321
0.40805616156895186
0.18644725238656262
0.506382581986856
0.6103606334386427
0.7249605157144536
0.5163805156534942
0.059942552723480924
0.7249605157144536
0.29386452716090816
0.5104140768380776
0.36141259148508953
0.482516624403194
0.06751339633578438
0.8372552619682856
0.7580913551325592
0.5871297926513586
0.9553127301024725
0.620704828299478
0.8673253109715153
0.5480819349135735
0.43582398948026496
0.7193304710226627
0.2787379647790684
0.6103606334386427
0.4602307547329548
0.9073454825535177
0.36141259148508953
0.07612934806817873
0.3953891052815068
0.11881484744253301
0.7946551320677105
0.15546570030007406
0.5969943880910542
0.7245243909624093
0.9073454825535177
0.8252339471890122
0.29386459429014106
0.3485979458543407
0.32079048808506555
0.47016334651981073
0.7700498504105556
0.36141259148508953
0.9553127301024725
0.1726079283802321
0.70113254454953
0.8252339471890122
0.8223039679171174
0.5163805156534942
0.06986203313874319
0.059942552723480924
0.6193253901974988
0.279469180476723
0.772988571806555
0.7263726853771368
0.47345027114799065
0.3138675693222689
0.70113254454953
0.5104140768380776
0.20246259382518383
0.45276179148907025
0.8768644443801159
0.06321833331546747
0.25714790731420445
0.620704828299478
0.8062423258974007
0.9807060606843225
0.36048631254467717
0.7982098947838666
0.6670410433919598
0.8380697374986334
0.7982098947838666
0.7193304710226627
0.048942372985343194
0.5248926038883182
0.2787379647790684
0.38138845004887123
0.06751339633578438
0.8062423258974007
0.14034284342057668
0.14034284342057668
0.1726079283802321
0.32079048808506555
0.2742803229981986
0.2553455348923229
0.36048631254467717
0.29881802301942045
0.3485979458543407
0.5104140768380776
0.07591280285906607
0.6294725614187358
0.45276179148907025
0.35523541728455665
0.08850800236052173
0.44430657705751536
0.395241106589441
0.13585399917670327
0.279469180476723
0.38138845004887123
0.6294725614187358
0.3445745643621078
0.6807023899768265
0.9041486469421005
0.482516624403194
0.3953891052815068
0.4963005707996627
0.44430657705751536
0.620704828299478
0.5871297926513586
0.7245243909624093
0.9807060606843225
0.07978151355400545
0.07978151355400545
0.151946654987517
0.874232796081688
0.5719599740614105
0.7700498504105556
0.5237650172477369
0.29386459429014106
0.06321833331546747
0.5719599740614105
0.7946551320677105
0.7580913551325592
0.4253621282575234
0.9738279070789652
0.22881583975542644
0.31478741470303295
0.7263726853771368
0.45276179148907025
0.22881583975542644
0.5317710251582964
0.5104140768380776
0.18644725238656262
0.772988571806555
0.3001700446273602
0.9807060606843225
0.8599346021065439
0.048942372985343194
0.25714790731420445
0.6957972993994064
0.8223039679171174
0.4602307547329548
0.7245243909624093
0.386378095127199
0.86572593050659
0.27583171324082084
0.874232796081688
0.15546570030007428
0.6162709049439283
0.8260558950952813
0.6957972993994064
0.19053834962505897
0.6807023899768265
0.6193253901974988
0.47016334651981073
0.8587100254474197
0.19053834962505897
0.20246259382518383
0.482516624403194
0.40805616156895186
0.8673253109715153
0.5969943880910542
0.8599346021065439
