0.8278898958307139
0.17507032754753288
0.3915441237312812
0.3163912837917503
0.3176773712840302
0.8118386435960694
0.41324525748025687
0.07205249610652509
0.8229188819492785
0.37094756023243214
0.2174558598728189
0.4644029443531934
0.22458732401004816
0.39563384664296464
0.1905836070407085
0.24348334111497028
0.5001600335782379
0.686638316081742
0.43848474323783576
0.17507032754753288
0.825175663081184
0.7571116220836864
0.5001600335782379
0.6985141428650041
0.2990457138798951
0.7223052158076546
0.3067741608337693
0.6946449486123212
0.27197736918763665
0.8051708423166635
0.7036956455085341
0.638103125604213
0.4955604190082328
0.37094755956089775
0.816268109165611
0.24569717510530012
0.19148912677407037
0.2174558598728189
0.27197736918763665
0.5671101417766591
0.39755955139672683
0.3197754479264707
0.8051708423166061
0.7724907715633687
0.8089707901442165
0.5253088295317272
0.39844147217978576
0.4588164567562696
0.16853264768295145
0.3067741608337693
0.33858900887447146
0.4617299758419237
0.8089707897677103
0.8275849280856309
0.4575276894618573
0.37094753835197414
0.5342458725470474
0.8275849280856309
0.3176773712840302
0.9692326228047985
0.7345721666569096
0.08075613018946604
0.3853899258749277
0.08866612673598953
0.8089707901442165
0.48980217594366116
0.16853264768295145
0.41324525748025687
0.6848377563159529
0.33454879732141674
0.2805103672814361
0.805170842318012
0.686638316081742
0.19148912677407037
0.07205249610652509
0.686638316081742
0.24916460183019165
0.3771304896705533
0.24916460183019165
0.477057829428918
0.08866612673598953
0.3915441237312812
0.22458732401004816
0.825175663081184
0.7213576112924712
0.3176773712840302
0.08866612673598953
0.19722352592107778
0.39844147217978576
0.3197754479264707
0.3771304896705533
0.6331216997306528
0.39844147217978576
0.35593488811174306
0.24569717510530012
0.6596678587091621
0.23603831578657256
0.582042891662315
0.5639044242448306
0.5671101417766591
0.2990457138798951
0.8096311375611842
0.6848377563159529
0.582042891662315
0.8067648962098606
0.6946449486123212
0.8118386435960694
0.686638316081742
0.33858900887447146
0.7036956455085341
0.16853264768295145
0.4955604190082328
0.638103125604213
0.8870364615828608
0.32611308430272345
0.19722352592107778
0.2277805763282456
0.32611308430272345
0.6331216997306528
0.1905836070407085
0.686638316081742
0.8096311375611842
0.8870364615828608
0.4682075591177788
0.3853899258749277
0.4682075591177788
0.37094755856073053
0.39844147217978576
0.6442523184979414
0.7223052158076546
0.7724907715633687
0.19722352592107778
0.686638316081742
0.6985141428650041
0.8089707897976235
0.686638316081742
0.17507032754753288
0.18471872885620372
0.8051708423196124
0.4054198137192722
0.6487519821868255
0.4381796735899788
0.4588164567562696
0.24348334111497028
0.42893533213190493
0.41324525748025687
0.2562522813956608
0.2277805763282456
0.816268109165611
0.14142940784365352
0.17507032754753288
0.8067648962098606
0.7571116220836864
0.8229188819492785
0.4381796735899788
0.8278898958307139
0.5639044242448306
0.5639044242448306
0.7858371473001575
0.46596823507431423
0.2562522813956608
0.43848474323783576
0.35593488811174306
0.48980217594366116
0.19107413127526385
0.8275849280856309
0.23603831578657256
0.17507032754753288
0.2562522813956608
0.3197754479264707
0.4054198137192722
0.4863374988562403
0.3163912837917503
0.19722352592107778
0.19722352592107778
0.48980217594366116
0.18471872885620372
0.4754524350597929
0.4754524350597929
0.37094755956089775
0.08075613018946604
0.4644029443531934
0.6487519821868255
0.2990457138798951
0.4573073379454353
0.3176773712840302
0.6331216997306528
0.34743279170083285
0.825175663081184
0.8870364615828608
0.39563384664296464
0.5342458725470474
0.3176773712840302
0.27710034086205226
0.5342458725470474
0.48980217594366116
0.7345721666569096
0.9692326228047985
0.19148912677407037
0.2277805763282456
0.46596823507431423
0.8118386435960694
0.6331216997306528
0.42893533213190493
0.5253088295317272
0.3822864926131319
0.08075613018946604
0.39755955139672683
0.7858371473001575
0.8089707897677103
0.2805103672814361
0.8449891295121961
0.14142940784365352
0.6684607857223774
0.686638316081742
0.477057829428918
0.34743279170083285
0.6596678587091621
0.3067741608337693
0.19107413127526385
0.805170842318012
0.4575276894618573
0.9692326228047985
0.8051708423196124
0.07205249610652509
0.27710034086205226
0.686638316081742
0.4863374988562403
0.4617299758419237
0.816268109165611
0.3176773712840302
0.8278898958307139
0.22458732401004816
0.825175663081184
0.3915441237312812
0.686638316081742
0.8449891295121961
0.4573073379454353
0.2562522813956608
0.428935332123967
0.37094755856073053
0.45881645673314986
0.6442523184979414
0.33454879732141674
0.33454879732141674
0.3822864926131319
0.7213576112924712
0.8067648962098606
0.6684607857223774
0.8051708423193604
