0.828526924230361
0.15196648195786797
0.3954275869266203
0.3198606980089401
0.313741005912871
0.8139658805214602
0.4127417038603023
0.07205249610652509
0.8720176732053939
0.35494618206341755
0.14397925435512915
0.46291612461967435
0.2038240752816165
0.3991365002331904
0.19790458363396118
0.26394716699026854
0.5402563361712795
0.6859566826853403
0.4127417038603023
0.1859392981426362
0.8271036861169754
0.6924497968840596
0.611332894445684
0.651758333658859
0.2964817166102661
0.7223052158076546
0.3067741608337693
0.732604033627444
0.23961931557037558
0.8050728455849874
0.7036956455085341
0.7081430559280328
0.4955604190082328
0.4388082311524694
0.8288437445008618
0.16439837070961072
0.23961931557037558
0.32142637372452454
0.2964817166102661
0.49006175526392404
0.4047157689752099
0.26051880047661435
0.8047948253244113
0.7724907715633687
0.8720176732053939
0.5402563361712795
0.4047157689752099
0.44608575368399395
0.16439837070961072
0.3067741608337693
0.38291348808140324
0.4388082311524694
0.8139658805214602
0.8308205185634638
0.4581515236358389
0.35494618206341755
0.5334074954836145
0.8261126655373123
0.32142637372452454
0.9692326228047985
0.7352777237806805
0.08075613018946604
0.3666512927147859
0.08866612673598953
0.8139658805214602
0.37011348485826123
0.16439837070961072
0.4127417038603023
0.6841595205511186
0.3354993676178707
0.2795251392924403
0.8053508658455635
0.684662874143736
0.16439837070961072
0.07205249610652509
0.6859566826853403
0.17766667695706279
0.38291348808140324
0.32142637372452454
0.4002190884017951
0.08866612673598953
0.4127417038603023
0.2038240752816165
0.8288437445008618
0.7352777237806805
0.313741005912871
0.08866612673598953
0.19790458363396118
0.399722286979576
0.3198606980089401
0.3741205357390865
0.6344101794932797
0.4047157689752099
0.3399088006231305
0.2964817166102661
0.6596678587091621
0.26276767355082126
0.5216465370534138
0.611332894445684
0.6310836751109037
0.24535425086834484
0.8047948253244113
0.6841595205511186
0.634550586127691
0.8039607645426831
0.651758333658859
0.810199666046242
0.685669169676095
0.3954275869266203
0.7036956455085341
0.1888112390592232
0.4955604190082328
0.5020829161890243
0.8870364615828608
0.4047157689752099
0.19790458363396118
0.24535425086834484
0.26276767355082126
0.6344101794932797
0.1888112390592232
0.6858129261807177
0.7969348978703776
0.8870364615828608
0.6018663209141408
0.3666512927147859
0.3354993676178707
0.37011348485826123
0.399722286979576
0.684662874143736
0.7223052158076546
0.7724907715633687
0.19790458363396118
0.6924497968840596
0.8261126655373123
0.732604033627444
0.6858129261807177
0.15196648195786797
0.19852408288663512
0.7969348978703776
0.3954275869266203
0.6487519821868255
0.557216622060096
0.5020829161890243
0.21626175046495139
0.43177643657039055
0.4127417038603023
0.2537220221940778
0.21626175046495139
0.8053508658455635
0.14142940784365352
0.1859392981426362
0.810199666046242
0.8308205185634638
0.828526924230361
0.3666512927147859
0.8271036861169754
0.557216622060096
0.653626870156437
0.7858371473001575
0.5698522231479277
0.2038240752816165
0.49006175526392404
0.3634926348141742
0.5216465370534138
0.14397925435512915
0.8261126655373123
0.17799304453308423
0.17799304453308423
0.2537220221940778
0.3198606980089401
0.4127417038603023
0.32142637372452454
0.28149559527043183
0.19852408288663512
0.19790458363396118
0.5216465370534138
0.17766667695706279
0.46291612461967435
0.399722286979576
0.3634926348141742
0.08075613018946604
0.46291612461967435
0.6487519821868255
0.2964817166102661
0.3399088006231305
0.313741005912871
0.634550586127691
0.32142637372452454
0.8271036861169754
0.8870364615828608
0.3991365002331904
0.5334074954836145
0.32142637372452454
0.28149559527043183
0.46291612461967435
0.3954275869266203
0.7352777237806805
0.9692326228047985
0.21626175046495139
0.21626175046495139
0.43177643657039055
0.8155233235935492
0.6310836751109037
0.7313473074937684
0.4955604190082328
0.3954275869266203
0.08075613018946604
0.4002190884017951
0.7858371473001575
0.8039607645426831
0.2795251392924403
0.8449891295121961
0.14142940784365352
0.6684607857223774
0.6859566826853403
0.44608575368399395
0.3741205357390865
0.6596678587091621
0.3067741608337693
0.1859392981426362
0.8050728455849874
0.4581515236358389
0.9692326228047985
0.8155233235935492
0.07205249610652509
0.26394716699026854
0.6859566826853403
0.653626870156437
0.4581515236358389
0.8261126655373123
0.313741005912871
0.828526924230361
0.26051880047661435
0.8288437445008618
0.1888112390592232
0.685669169676095
0.8449891295121961
0.5698522231479277
0.313741005912871
0.46291612461967435
0.35494618206341755
0.43177643657039055
0.6018663209141408
0.3354993676178707
0.3354993676178707
0.3666512927147859
0.7081430559280328
0.810199666046242
0.6684607857223774
0.7313473074937684
