0.8553909264869342
0.22561576114011433
0.37490027306855633
0.19588423218736395
0.17663626527485876
0.8828302842525901
0.39516685792750283
0.055324392187744015
0.8210902044338257
0.42781921371785564
0.12246575444150172
0.5336714523364898
0.3042622670420416
0.381778653558581
0.22561576114011433
0.262940312754845
0.6121865192599887
0.33862329799257357
0.6813108529163654
0.19588423218736395
0.8332100732552858
0.8032148333910993
0.4321547870908844
0.6813108529163654
0.3042622670420416
0.766662528426945
0.3066076484199556
0.756321848868178
0.1610615566447669
0.847534662283739
0.4321547870908844
0.6549863558470603
0.48519321852461483
0.38549292886204456
0.7943833245013163
0.1804052446394831
0.1362434989275374
0.3032817731729551
0.4325851536652281
0.5579594217137902
0.6358076680254356
0.2492321590638387
0.825823089591398
0.766662528426945
0.825823089591398
0.49021520611414976
0.39516685792750283
0.39318661017323964
0.0983913359889423
0.3229347093162765
0.2492321590638387
0.17663626527485876
0.918158804028427
0.8412166310406979
0.4650465409832418
0.381778653558581
0.697830524335294
0.847534662283739
0.3365559987528569
0.9692326228047985
0.834745392366053
0.08075613018946604
0.28126976566134154
0.09002662576873938
0.9041318804809523
0.29342951806766354
0.2325105669725751
0.5390642711901841
0.7003649183762118
0.34146282515684656
0.1804052446394831
0.8828302842525901
0.6813108529163654
0.1731227305651526
0.055324392187744015
0.8329496579816138
0.1840651229029
0.46034081805757887
0.3752063163350803
0.4614021262342254
0.09002662576873938
0.39516685792750283
0.22561576114011433
0.8294859995860946
0.7441284054119288
0.3229347093162765
0.09002662576873938
0.14715468369413987
0.49151114480995206
0.26777321308487834
0.46034081805757887
0.6428916629315606
0.542975604399835
0.5336714523364898
0.11708532081807324
0.6540189375239644
0.28126976566134154
0.5079301339205553
0.48519795969813057
0.4946437300162677
0.1731227305651526
0.8329496579819775
0.7003649183762118
0.4864340881242046
0.93117186120579
0.6358076680254356
0.8135485448696902
0.5923343152382332
0.48519321852461483
0.7084530927360553
0.2325105669725751
0.4614021262342254
0.35941206270928805
0.9216936826381452
0.4650465409831901
0.14715468369413987
0.4022809827560179
0.2492321590638387
0.7943833245013163
0.19588423218736395
0.5923343152382332
0.6814417964061885
0.9216936826381452
0.834745392366053
0.37490027306855633
0.3066076484199556
0.11708532081807324
0.4325851536652281
0.697830524335294
0.7333713432125527
0.93117186120579
0.1775754863099676
0.766662528426945
0.825823089591398
0.825823089591398
0.5923343152382332
0.0983913359889423
0.24222559968342233
0.7193773025260959
0.33862329799257357
0.7441284054119288
0.7441284054119288
0.49151114480995206
0.26777321308487834
0.5008003872270625
0.5390642711901841
0.3365559987528569
0.23036051582085643
0.8135485448696902
0.1362434989275374
0.19588423218736395
0.8332100732552858
0.8032148333910993
0.93117186120579
0.39318661017323964
0.8553909264869342
0.5817467684746844
0.8294859995860946
0.8032148333910993
0.7084530927360553
0.12246575444150172
0.49151114480995206
0.22951158005199307
0.3393257379015696
0.08384727033177371
0.8828302842525901
0.15240223095912286
0.22039501971014608
0.1775754863099676
0.26777321308487834
0.22039501971014608
0.3032817731729551
0.37148593931370755
0.24222559968342233
0.22951158005199307
0.5390642711901841
0.08384727033177371
0.6549863558470603
0.4650465409831895
0.42781921371785564
0.08075613018946604
0.5008003872270625
0.5008003872270625
0.15240223095912286
0.262940312754845
0.3393257379015696
0.6428916629315606
0.28126976566134154
0.8210902044338257
0.9041318804809523
0.4946437300162677
0.39516685792750283
0.5579594217137902
0.29342951806766354
0.48519795969813057
0.3752063163350803
0.7441284054119288
0.9692326228047985
0.19588423218736395
0.23036051582085643
0.2325105669725751
0.8412166310406979
0.5390642711901841
0.766662528426945
0.5079301339205553
0.39516685792750283
0.08075613018946604
0.5390642711901841
0.8032148333910993
0.7333713432125527
0.34146282515684656
0.918158804028427
0.1362434989275374
0.37148593931370755
0.7441284054119288
0.4022809827560179
0.34146282515684656
0.6540189375239644
0.3066076484199556
0.22561576114011433
0.6814417964061885
0.4650465409832418
0.9692326228047985
0.93117186120579
0.055324392187744015
0.262940312754845
0.7084530927360553
0.542975604399835
0.4650465409831895
0.6814417964061885
0.1840651229029
0.8553909264869342
0.2492321590638387
0.8412166310406979
0.1610615566447669
0.6121865192599887
0.8329496579816138
0.7084530927360553
0.17663626527485876
0.49021520611414976
0.38549292886204456
0.35941206270928805
0.697830524335294
0.3042622670420416
0.3365559987528569
0.39318661017323964
0.4864340881242046
0.756321848868178
0.5817467684746844
0.7193773025260959
