0.8689948945701158
0.20572947445852235
0.3475635435741953
0.19909517461075005
0.18738618472282143
0.8995710465886821
0.407950132685756
0.048942372985343194
0.8205933598347872
0.5077733065283594
0.20188088394858794
0.562902242741576
0.37687363924093636
0.303603763210489
0.18998964528682516
0.26773691296935465
0.5990316994385525
0.33665727331981454
0.6787332419759191
0.15373613670600278
0.9462857470457509
0.8032148333910993
0.6325950427417235
0.6787332419759191
0.26773691296935465
0.8759455948625676
0.2809007966482737
0.7511514948768128
0.14004103144953162
0.8511798146790059
0.407950132685756
0.6453712538310297
0.5182471456565183
0.39036108606124176
0.8032148333910993
0.1804052446394831
0.13337705175081305
0.3236980528974839
0.45682630789142664
0.47603070953939086
0.6403953493684651
0.23041826144951116
0.8233276667606257
0.7666781623971362
0.8205933598347872
0.33954608484622595
0.2938624205057403
0.20572947445852235
0.08860041354521864
0.24621210471745464
0.26773691296935465
0.06917113091097413
0.9738279070789652
0.8511798146790059
0.4935349945800957
0.3236980528974839
0.8417770684138608
0.8511798146790059
0.3236980528974839
0.9462857470457509
0.8447369539485596
0.08075613018946604
0.24621210471745464
0.06917113091097413
0.9041318804809523
0.33665727331981454
0.21537420841656374
0.5337949292474334
0.6374173473487164
0.2809007966482737
0.1804052446394831
0.8995710465886821
0.6787332419759191
0.15373613670600278
0.07447044979494646
0.8287962806123024
0.11485903587939773
0.4208891395917115
0.3759026741174518
0.3236980528974839
0.11053707997368434
0.3475635435741953
0.23041826144951116
0.8380697374986334
0.7422909472355457
0.3759026741174518
0.11053707997368434
0.18998964528682516
0.3778446043644209
0.273414398000009
0.4935349945800957
0.6196349092111166
0.5004050085146114
0.5192752262159255
0.11053707997368434
0.7254099795745563
0.303603763210489
0.5062710985856271
0.36649023028927685
0.47603070953939086
0.11053707997368434
0.8287962806123024
0.7666781623971362
0.5337949292474334
0.9356016030486024
0.6403953493684651
0.7511514948768128
0.5990316994385525
0.407950132685756
0.7114860804815772
0.21537420841656374
0.6730588462100022
0.4208891395917115
0.9216936826381452
0.5004050085146114
0.11485903587939773
0.37687363924093636
0.15947314063807644
0.8032148333910993
0.19909517461075005
0.5724204033552189
0.7254099795745563
0.9216936826381452
0.8373332626727547
0.3759026741174518
0.3406357052515149
0.11053707997368434
0.45682630789142664
0.6336535859520382
0.36649023028927685
0.9356016030486024
0.20572947445852235
0.6993541294994889
0.8233276667606257
0.8233276667606257
0.5724204033552189
0.08860041354521864
0.15240223095912286
0.5990316994385525
0.2544420921177425
0.7422909472355457
0.7422909472355457
0.4698334435140491
0.26773691296935465
0.6993541294994889
0.5503533128487246
0.2798549551067455
0.23552346094668064
0.8759455948625676
0.13337705175081305
0.20188088394858794
0.7511514948768128
0.8032148333910993
0.9267421193629781
0.39036108606124176
0.8287962806123024
0.6374173473487164
0.8380697374986334
0.8032148333910993
0.7114860804815772
0.048942372985343194
0.5192752262159255
0.26773691296935465
0.33954608484622595
0.07447044979494646
0.8373332626727547
0.15240223095912286
0.20188088394858794
0.15947314063807644
0.273414398000009
0.23552346094668064
0.2798549551067455
0.37405981300603963
0.3778446043644209
0.3406357052515149
0.5503533128487246
0.07447044979494646
0.6374173473487164
0.47603070953939086
0.39036108606124176
0.08075613018946604
0.562902242741576
0.42958279440003155
0.15240223095912286
0.2544420921177425
0.3639068016565239
0.6196349092111166
0.2798549551067455
0.6787332419759191
0.9041318804809523
0.5077733065283594
0.3236980528974839
0.6336535859520382
0.26773691296935465
0.6325950427417235
0.4453667779309238
0.7422909472355457
0.9807060606843225
0.14004103144953162
0.23552346094668064
0.21537420841656374
0.8447369539485596
0.545683000238298
0.7666781623971362
0.5182471456565183
0.4453667779309238
0.08075613018946604
0.545683000238298
0.8032148333910993
0.7666781623971362
0.4208891395917115
0.9738279070789652
0.13337705175081305
0.37405981300603963
0.7422909472355457
0.42958279440003155
0.33954608484622595
0.5182471456565183
0.3639068016565239
0.26773691296935465
0.6730588462100022
0.2938624205057403
0.9807060606843225
0.9267421193629781
0.048942372985343194
0.26773691296935465
0.6993541294994889
0.6453712538310297
0.4698334435140491
0.6730588462100022
0.3759026741174518
0.8689948945701158
0.303603763210489
0.8447369539485596
0.19909517461075005
0.6325950427417235
0.8287962806123024
0.7114860804815772
0.18738618472282143
0.6730588462100022
0.39036108606124176
0.37405981300603963
0.8417770684138608
0.26773691296935465
0.3759026741174518
0.5062710985856271
0.4208891395917115
0.7511514948768128
0.5724204033552189
0.8205933598347872
