0.8263395643948039
0.1726671206820729
0.3934671614902808
0.25355741570148627
0.39073012157056997
0.8111348476151874
0.48577349200900033
0.07205249610652509
0.8227319768517918
0.3934671614902808
0.2174558598728189
0.498477714469329
0.3119260469248658
0.3857447430417499
0.18938449526149836
0.2914535547341909
0.48451279669709624
0.7359968172970677
0.45667200696589455
0.1897917216969769
0.8256176069170327
0.7208780877062211
0.48451279669709624
0.697701454897353
0.35588322787251536
0.7359968172970677
0.34326843813914887
0.697701454897353
0.249963887559015
0.8199401133146973
0.7036956455085341
0.638103125604213
0.49637015541644525
0.3718767888342096
0.6559838828631669
0.2491993767681951
0.326701426163009
0.2174558598728189
0.33956893870035265
0.5634369953792189
0.393990413972695
0.3182131484331262
0.8095532708145383
0.7891474532962814
0.8111455237310732
0.4970726751007398
0.393990413972695
0.2969459392824416
0.1726671206820729
0.2899996793234647
0.33858900887447146
0.39073012157056997
0.811109238835992
0.8199401133146973
0.27057632470745563
0.3718767888342096
0.5342458725470474
0.811109238835992
0.3186702036695499
0.9692326228047985
0.6830997488742938
0.27057632470745563
0.3806961219377255
0.08866612673598953
0.8095532708145383
0.4970726751007398
0.18072162111194395
0.4050613840944296
0.6859441961669714
0.2750747902530441
0.2805103672814361
0.7329293023847891
0.6863784249361258
0.2491993767681951
0.07205249610652509
0.6859441961669714
0.2491993767681951
0.39073012157056997
0.2491993767681951
0.4632085051225507
0.08866612673598953
0.4050613840944296
0.22918620144226576
0.8256176069170327
0.7312378148835073
0.3186702036695499
0.08866612673598953
0.18938449526149836
0.3965213256831738
0.31254998311354243
0.3806961219377255
0.6331216997306528
0.3965213256831738
0.35588322787251536
0.2491993767681951
0.7329293023847891
0.23603831578657256
0.582042891662315
0.5634369953792189
0.5646034726314473
0.4054450926081604
0.7781651151834359
0.6830997488742938
0.582042891662315
0.810002620213479
0.697701454897353
0.8106165043809277
0.6863784249361258
0.33858900887447146
0.7036956455085341
0.18072162111194395
0.49637015541644525
0.638103125604213
0.8870364615828608
0.2577405926774881
0.18938449526149836
0.231672187651436
0.3182131484331262
0.6331216997306528
0.1897917216969769
0.5577868241055005
0.7781651151834359
0.8870364615828608
0.4682075591177788
0.3857447430417499
0.4682075591177788
0.3718767888342096
0.33956893870035265
0.6442523184979414
0.7208780877062211
0.7208780877062211
0.22918620144226576
0.6859441961669714
0.697701454897353
0.8095532708145383
0.6741383805253771
0.1726671206820729
0.1868831522152204
0.8058041350291942
0.3934671614902808
0.5976027215898915
0.4381796735899788
0.48451279669709624
0.249963887559015
0.5577868241055005
0.4050613840944296
0.22918620144226576
0.231672187651436
0.7329293023847891
0.16754352516276888
0.1726671206820729
0.8100024556768994
0.7907204931385334
0.6741383805253771
0.4381796735899788
0.8227319768517918
0.5646034726314473
0.5646034726314473
0.7874649292462828
0.4632084076229205
0.2750747902530441
0.5976027215898915
0.35588322787251536
0.6559838828631669
0.25355741570148627
0.7907204931385334
0.23603831578657256
0.1726671206820729
0.2562522813956608
0.31254998311354243
0.3718767888342096
0.4800657559700052
0.30769881927299847
0.1868831522152204
0.2577405926774881
0.49021033459581675
0.1868831522152204
0.45667200696589455
0.7312378148835073
0.2899996793234647
0.13720688633567513
0.38677476729805965
0.7208780877062211
0.35588322787251536
0.46322757022102545
0.3186702036695499
0.48577349200900033
0.34326843813914887
0.8227319768517918
0.8870364615828608
0.3182131484331262
0.5342458725470474
0.3186702036695499
0.30769881927299847
0.5342458725470474
0.49021033459581675
0.697701454897353
0.9692326228047985
0.2491993767681951
0.2105730422111031
0.4632084076229205
0.8095532708145383
0.6331216997306528
0.4054450926081604
0.498477714469329
0.3857447430417499
0.13720688633567513
0.4050613840944296
0.7874649292462828
0.810002620213479
0.2805103672814361
0.8449891295121961
0.24600142461489521
0.6684607857223774
0.6859441961669714
0.4800657559700052
0.24600142461489521
0.6830997488742938
0.16754352516276888
0.2105730422111031
0.8095532708145383
0.45817207310521013
0.9692326228047985
0.7891474532962814
0.07205249610652509
0.2914535547341909
0.6859441961669714
0.4800657559700052
0.326701426163009
0.8111455237310732
0.3186702036695499
0.8263395643948039
0.2969459392824416
0.8199401133146973
0.38677476729805965
0.7208780877062211
0.8449891295121961
0.46322757022102545
0.2562522813956608
0.45667200696589455
0.3718767888342096
0.45817207310521013
0.6442523184979414
0.3119260469248658
0.3119260469248658
0.3119260469248658
0.7208780877062211
0.8106165043809277
0.6684607857223774
0.8058041350291942
