0.8461593054007985
0.17799304453308423
0.3847885847498521
0.21296749161821876
0.20571167141746832
0.8900671680193537
0.4090925894531575
0.07205249610652509
0.8282792963694269
0.3970365202828081
0.14397925435512915
0.474665167683876
0.20571167141746832
0.4201940852690485
0.18719405624939506
0.26394716699026854
0.6134688844387124
0.3333336291608716
0.505811611312529
0.19054034066626724
0.8413321138247611
0.711499119938782
0.49006175526392404
0.6661345699489114
0.3926743502692539
0.7573001768651747
0.3187234355727884
0.7284182917042077
0.17799304453308423
0.842776987922508
0.6134688844387124
0.6540241902722577
0.4955604190082328
0.505811611312529
0.8435327151507234
0.1535298619812578
0.1535298619812578
0.3187234355727884
0.42245454266249793
0.49006175526392404
0.3940301068027583
0.2551010607978432
0.8067457143096521
0.6134688844387124
0.8282792963694269
0.458311669479217
0.3940301068027583
0.34544129565738224
0.11799366577309973
0.3106519834104845
0.32665811655335275
0.4090925894531575
0.8127944211945655
0.8274871879418533
0.458311669479217
0.3673574159952955
0.6911035698851704
0.842776987922508
0.34544129565738224
0.9692326228047985
0.8274871879418533
0.08075613018946604
0.28126976566134154
0.08866612673598953
0.8900671680193537
0.3956801185252242
0.21296749161821876
0.3956801185252242
0.6826308541574191
0.3333336291608716
0.2558965476220989
0.8587771779806035
0.684231604629868
0.1535298619812578
0.07205249610652509
0.8413321138247611
0.18238522672850438
0.44722636137545246
0.3333336291608716
0.3926743502692539
0.08866612673598953
0.3956801185252242
0.20571167141746832
0.8248464912859137
0.7377354099227211
0.3106519834104845
0.08866612673598953
0.2077826852725561
0.4081521591247961
0.3003585266754236
0.458311669479217
0.7284182917042077
0.40134397224520174
0.474665167683876
0.18334306087108132
0.6490012252195996
0.28126976566134154
0.524046228261199
0.6110119473788325
0.634342848195603
0.18238522672850438
0.8067457154378865
0.6826308541574191
0.6046988618941707
0.9288023165638786
0.6661345699489114
0.8088942520715039
0.6110119473788325
0.4090925894531575
0.7111841451835657
0.18334306087108132
0.4955604190082328
0.3429446661752008
0.8985690447054244
0.3847885847498521
0.18238522672850438
0.3071963290014599
0.2551010607978432
0.6560396166993585
0.19054034066626724
0.6911035698851704
0.8127944211945655
0.883325673969126
0.684231604629868
0.39487718594693777
0.3333336291608716
0.3926743502692539
0.4081521591247961
0.684231604629868
0.7375128662326589
0.9288023165638786
0.18719405624939506
0.7573001768651747
0.8067457131814177
0.7284182917042077
0.5852759507292005
0.11799366577309973
0.3107130660489781
0.7377354099227211
0.3847885847498521
0.7680093181351524
0.6134688844387124
0.49006175526392404
0.20569249276614132
0.49852405939592703
0.4201940852690485
0.32477726882104374
0.2261727017780421
0.8067457178413415
0.14142940784365352
0.17799304453308423
0.8067457178413415
0.8985690447054244
0.9288023165638786
0.41663111072433834
0.8461593054007985
0.5852759507292005
0.634342848195603
0.8587771779806035
0.6110119473788325
0.20571167141746832
0.49006175526392404
0.3513707751867201
0.458311669479217
0.14397925435512915
0.8900671680193537
0.17799304453308423
0.17799304453308423
0.18719405624939506
0.3429446661752008
0.40764648056159375
0.32477726882104374
0.28576491655608005
0.2077826852725561
0.21296749161821876
0.524046228261199
0.07205249610652509
0.6490012252195996
0.3673574159952955
0.3513707751867201
0.08075613018946604
0.49852405939592703
0.49852405939592703
0.20569249276614132
0.3071963290014599
0.3043746861561786
0.6490012252195996
0.3333336291608716
0.8248464912859137
0.883325673969126
0.3970365202828081
0.39487718594693777
0.3043746861561786
0.28576491655608005
0.42245454266249793
0.3847885847498521
0.7377354099227211
0.9692326228047985
0.2261727017780421
0.2261727017780421
0.20569249276614132
0.8127944211945655
0.44722636137545246
0.7249494189443066
0.4955604190082328
0.39487718594693777
0.08075613018946604
0.44722636137545246
0.8067457143096521
0.7375128662326589
0.2558965476220989
0.8413321138247611
0.14142940784365352
0.6736621827068577
0.6911035698851704
0.3926743502692539
0.34544129565738224
0.6826308541574191
0.3003585266754236
0.20569249276614132
0.7680093181351524
0.458311669479217
0.9692326228047985
0.9288023165638786
0.07205249610652509
0.26394716699026854
0.6736621827068577
0.6540241902722577
0.44894360055998717
0.6046988618941707
0.40134397224520174
0.8461593054007985
0.2551010607978432
0.8435327151507234
0.18334306087108132
0.711499119938782
0.8413321138247611
0.7111841451835657
0.3956801185252242
0.44894360055998717
0.3107130660489781
0.40764648056159375
0.684231604629868
0.32665811655335275
0.34544129565738224
0.41663111072433834
0.6560396166993585
0.8088942520715039
0.5852759507292005
0.7249494189443066
