0.8553909264869342
0.18606292621002485
0.3793328117007013
0.2140388053379459
0.20707381082527945
0.8899308163287108
0.38785120421974695
0.07345604420719991
0.8391447995020984
0.39468839305823256
0.14397925435512915
0.5163330037607208
0.2043495320096571
0.42146764086977
0.1876362894146787
0.26394716699026854
0.6119802713790968
0.336249399331821
0.5117347373025964
0.1876362894146787
0.8248464912859137
0.711499119938782
0.47728420841296565
0.6661345699489114
0.39468904695506624
0.7573001768651747
0.33165146632801756
0.7249494189443066
0.16722736079621625
0.842776987922508
0.608422195035266
0.6680605280444457
0.4975566706627863
0.5117347373025964
0.8116902104364865
0.18467100493125516
0.16722736079621625
0.30411324198470524
0.4294743899612401
0.5152146219920914
0.39245257965194447
0.2551010607978432
0.8017521170420421
0.6119802713790968
0.7820022706490457
0.49332454323358754
0.38785120421974695
0.3400705949088515
0.09561322813385129
0.31379063203763735
0.32665811655335275
0.1623930842602474
0.8215541114863668
0.8293411177888887
0.4614055319492981
0.40391255181480157
0.6911035698851704
0.842776987922508
0.3400705949088515
0.9692326228047985
0.8293411177888887
0.08075613018946604
0.28126976566134154
0.08866612673598953
0.8934810823667712
0.3400705949088515
0.2291415794722233
0.397045402692474
0.6826308541574191
0.33165146632801756
0.18467100493125516
0.8899308163287108
0.6830146451271526
0.16722736079621625
0.07064894800585028
0.832493453939791
0.1623930842602474
0.4614055319492981
0.38299305911572634
0.39468904695506624
0.08866612673598953
0.39245257965194447
0.20707381082527945
0.8248464912859137
0.7441284054119288
0.31379063203763735
0.08866612673598953
0.1876362894146787
0.4018736680148926
0.27564221686685986
0.4614055319492981
0.6428916629315606
0.4294743899612401
0.5163330037607208
0.18606292621002485
0.6520560063636192
0.28126976566134154
0.524046228261199
0.6209432673233842
0.48358878973881203
0.1876362894146787
0.8017521170420421
0.6826308541574191
0.6046988618941707
0.9299870888848343
0.6661345699489114
0.7976385587534922
0.6209432673233842
0.43881825776636735
0.7111841451835657
0.18606292621002485
0.4975566706627863
0.3392699171067406
0.9240632272800564
0.38785120421974695
0.1623930842602474
0.30426571479519465
0.2551010607978432
0.8017521170420421
0.1876362894146787
0.6911035698851704
0.8215541114863668
0.9240632272800564
0.6854485641325836
0.3793328117007013
0.336249399331821
0.3597173106628232
0.4018736680148926
0.6830146451271526
0.7375128662326589
0.9299870888848343
0.18606292621002485
0.7573001768651747
0.8307318788506493
0.8307318788506493
0.5852759507292005
0.09561322813385129
0.22733656539621455
0.7249494189443066
0.395115809251002
0.7441284054119288
0.608422195035266
0.4614055319492981
0.19793720135123716
0.4936074564924585
0.42146764086977
0.3761024143854209
0.22776321904141633
0.8116902104364865
0.1362434989275374
0.1808452087636187
0.8116902104364865
0.8640463198599776
0.9299870888848343
0.3946886113328511
0.8553909264869342
0.5852759507292005
0.8248464912859137
0.8248464912859137
0.7111841451835657
0.2043495320096571
0.47728420841296565
0.3392699171067406
0.43881825776636735
0.14397925435512915
0.8899308163287108
0.1808452087636187
0.1808452087636187
0.1876362894146787
0.27564221686685986
0.395115809251002
0.30411324198470524
0.2140388053379459
0.22733656539621455
0.2291415794722233
0.524046228261199
0.07064894800585028
0.6520560063636192
0.47837404635029057
0.3597173106628232
0.08075613018946604
0.4936074564924585
0.4936074564924585
0.19793720135123716
0.30426571479519465
0.3043180677273352
0.6428916629315606
0.28126976566134154
0.8248464912859137
0.8934810823667712
0.48358878973881203
0.3946886481484031
0.3043180677273352
0.3400705949088515
0.39468851698483365
0.38299305911572634
0.7441284054119288
0.9692326228047985
0.2196497572968824
0.22776321904141633
0.2196497572968824
0.8307318788506493
0.4426771432911497
0.7249494189443066
0.4975566706627863
0.3946886481484031
0.08075613018946604
0.4426771432911497
0.8017521170420421
0.7375128662326589
0.32665811655335275
0.8640463198599776
0.1362434989275374
0.5152146219920914
0.6911035698851704
0.3946890211058219
0.3400705949088515
0.6826308541574191
0.33165146632801756
0.22776321904141633
0.7820022706490457
0.5141695338214617
0.9692326228047985
0.9299870888848343
0.07345604420719991
0.26394716699026854
0.7111841451835657
0.6680605280444457
0.47837404635029057
0.6046988618941707
0.3761024143854209
0.8391447995020984
0.2551010607978432
0.8248464912859137
0.16722736079621625
0.711499119938782
0.832493453939791
0.7111841451835657
0.397045402692474
0.49332454323358754
0.40391255181480157
0.39468819689985324
0.6854485641325836
0.32665811655335275
0.33165146632801756
0.3946886113328511
0.5141695338214617
0.7976385587534922
0.5852759507292005
0.7249494189443066
