0.8719334568060303
0.16277112670807076
0.3475635435741953
0.22679128325314835
0.1726079283802321
0.9068442338247575
0.43582398948026496
0.048942372985343194
0.8613824342065557
0.5480819349135735
0.19635427359667046
0.6800692951022287
0.3608832892334255
0.4253621282575234
0.35523541728455665
0.27144238918985975
0.6172890666951187
0.3141741844491902
0.6794169412574411
0.17095647634331837
0.9462857470457509
0.7970519426568898
0.6300459968354823
0.6794186920729128
0.3608832892334255
0.8762065323055089
0.29168348803838773
0.620704828299478
0.15546570030007412
0.8544012450442289
0.38479625422417285
0.4667497873233445
0.5196306349998474
0.395241106589441
0.8034772894364011
0.0069693597352982195
0.15546570030007412
0.19635427359667046
0.522112002584176
0.48758816270637884
0.6675297371509348
0.11014732507121566
0.8311379869247
0.7580913551325592
0.6675297371509348
0.3141741844491902
0.3001700446273602
0.2730391233293916
0.06366235787920427
0.5443300716905197
0.2730391233293916
0.06969359531666297
0.9738279070789652
0.8746714041314261
0.47345027114799065
0.2748582490181936
0.8587100254474197
0.8544012450442289
0.506382581986856
0.9462857470457509
0.8034772894364011
0.06321833331546747
0.09608471363102455
0.06969359531666297
0.9050471759029861
0.14715613115301315
0.1531196700917028
0.6958699421275933
0.6532141043817232
0.2686525279274369
0.3608832892334255
0.9068442338247575
0.6794169412574411
0.15546570030007412
0.07720237309071254
0.829648407850442
0.16277112670807076
0.4253621282575234
0.3629815072054895
0.3141741844491902
0.22679128325314835
0.3475635435741953
0.10038899159908377
0.8380697374986334
0.7970519426568898
0.386378095127199
0.0069693597352982195
0.1726079283802321
0.40805616156895186
0.26649359493097763
0.506382581986856
0.6059052183227798
0.6675297371509348
0.5163177359596645
0.06366235787920427
0.7246988408632269
0.29386457191373005
0.5196306349998474
0.3608832892334255
0.482516624403194
0.06969359531666297
0.8311379869247
0.7580913551325592
0.5871297926513586
0.9553127301024725
0.620704828299478
0.8673253109715153
0.5480819349135735
0.43582398948026496
0.7193304710226627
0.27144238918985975
0.6059052183227798
0.4556793552562126
0.9073454825535177
0.3608832892334255
0.06969359531666297
0.3953891052815068
0.11014732507121566
0.8034772894364011
0.1531196700917028
0.6014498032069169
0.7246988408632269
0.9073454825535177
0.8311379869247
0.29386457191373005
0.3485979458543407
0.16601212856094644
0.48758816270637884
0.7715192111085554
0.3608832892334255
0.9553127301024725
0.1726079283802321
0.70113254454953
0.8237689575530649
0.8237689575530649
0.5163177359596645
0.10510243827965993
0.16601212856094644
0.6172890666951187
0.2727688667717639
0.7715192111085554
0.7263726853771368
0.47345027114799065
0.3141741844491902
0.70113254454953
0.5113618705040679
0.27092273106535547
0.38479625422417285
0.8762065323055089
0.06321833331546747
0.25714790731420445
0.620704828299478
0.8062423258974007
0.9807060606843225
0.3608832892334255
0.829648407850442
0.6532141043817232
0.8380697374986334
0.7958400529730958
0.7193304710226627
0.048942372985343194
0.522112002584176
0.27144238918985975
0.3629815072054895
0.06969359531666297
0.8062423258974007
0.1388465620059522
0.10510243827965993
0.1867955027082801
0.26649359493097763
0.2748582490181936
0.27092273106535547
0.3608832892334255
0.2686525279274369
0.3485979458543407
0.5113618705040679
0.07720237309071254
0.6294725614187358
0.4556793552562126
0.35523541728455665
0.09608471363102455
0.44430657705751536
0.395241106589441
0.1388465620059522
0.2727688667717639
0.4473229539424604
0.6294725614187358
0.29168348803838773
0.6800692951022287
0.9050471759029861
0.482516624403194
0.3953891052815068
0.48758816270637884
0.44430657705751536
0.6300459968354823
0.5871297926513586
0.6958699421275933
0.9807060606843225
0.10038899159908377
0.07720237309071254
0.1531196700917028
0.8746714041314261
0.5594009275291874
0.7715192111085554
0.5196306349998474
0.29386457191373005
0.06321833331546747
0.5594009275291874
0.7958400529730958
0.7580913551325592
0.4253621282575234
0.9738279070789652
0.21275633808407546
0.38479625422417285
0.7263726853771368
0.4556793552562126
0.21275633808407546
0.5443300716905197
0.4473229539424604
0.17095647634331837
0.7715192111085554
0.3001700446273602
0.9807060606843225
0.8613824342065557
0.048942372985343194
0.25714790731420445
0.6957972993994064
0.8237689575530649
0.4556793552562126
0.6675297371509348
0.386378095127199
0.8719334568060303
0.2730391233293916
0.8746714041314261
0.14715613115301315
0.6172890666951187
0.829648407850442
0.6957972993994064
0.1867955027082801
0.6800861029307578
0.4667497873233445
0.38479625422417285
0.8587100254474197
0.20182162842580548
0.20182162842580548
0.482516624403194
0.40805616156895186
0.8673253109715153
0.6014498032069169
0.8613824342065557
