0.8267005431336898
0.1726671206820729
0.39932003002648975
0.3163912837917503
0.3176773712840302
0.8081955035454087
0.4859120091639474
0.07205249610652509
0.8162387592435385
0.3837553177385871
0.2174558598728189
0.4454074077174305
0.29533096456187774
0.38638216815675896
0.1941299464142336
0.2914535547341909
0.4970961290955669
0.734780225262622
0.4559417096742432
0.18012964160150638
0.8256176069370277
0.7206991160586469
0.48147437568357326
0.6971479317151823
0.35588322787251536
0.734780225262622
0.3146600874440881
0.6971479317151823
0.2816617779661278
0.8130769359936558
0.7036956455085341
0.638103125604213
0.4955604190082328
0.3718767888342096
0.8162387592435385
0.24569717510530012
0.1929227265608222
0.2174558598728189
0.2816617779661278
0.5625621374400476
0.39612980071333104
0.3197754479264707
0.8081955035454087
0.7891474532962814
0.8162387592435385
0.5253088295317272
0.3975972173475869
0.2969459392824416
0.1726671206820729
0.3146600874440881
0.33858900887447146
0.4627887177889086
0.8130769359936558
0.8256176068770429
0.27057632470745563
0.3718767888342096
0.5342458725470474
0.8130769359936558
0.3183128273877609
0.9692326228047985
0.6830997488742938
0.27057632470745563
0.3806961219377255
0.08866612673598953
0.8081955035454087
0.4970961290955669
0.18936810105225407
0.41324525748025687
0.6856547103208692
0.2750747902530441
0.2805103672814361
0.7327359968691782
0.6863784249361258
0.1929227265608222
0.07205249610652509
0.6856547103208692
0.24916460183019165
0.38638216815675896
0.24916460183019165
0.46939720079766134
0.08866612673598953
0.39612980071333104
0.22918620144226576
0.8256176069214647
0.7213255168265642
0.3176773712840302
0.08866612673598953
0.18936810105225144
0.3975972173475869
0.3197754479264707
0.3806961219377255
0.6331216997306528
0.3975972173475869
0.35588322787251536
0.24569717510530012
0.7327359968691782
0.23603831578657256
0.582042891662315
0.5625621374400476
0.5651867112575621
0.4054450926081604
0.7781651151834359
0.6830997488742938
0.582042891662315
0.8081955035454087
0.6971479317151823
0.8081955035454087
0.6863784249361258
0.33858900887447146
0.7036956455085341
0.1726671206820729
0.4955604190082328
0.638103125604213
0.8870364615828608
0.32611308430272345
0.1941299464142336
0.231672187651436
0.32611308430272345
0.6331216997306528
0.18012964160150638
0.5577868241055005
0.7781651151834359
0.8870364615828608
0.4682075591177788
0.3842617542048977
0.4682075591177788
0.3718767888342096
0.3975972173475869
0.6442523184979414
0.7206991160597531
0.7206991160566851
0.22918620144226576
0.6863784249361258
0.6971479317151823
0.8081955035454087
0.6863784249361258
0.1726671206820729
0.18471872885620372
0.8058041350291942
0.39932003002648975
0.6990124308551267
0.4381796735899788
0.48147437568357326
0.231672187651436
0.5577868241055005
0.41324525748025687
0.22918620144226576
0.231672187651436
0.8162387592435385
0.16754352516276888
0.1726671206820729
0.8130769359936558
0.7907204931385334
0.8267005431336898
0.4381796735899788
0.8256176069448091
0.5651867112575621
0.5651867112575621
0.7874649292462828
0.46333708434896226
0.2750747902530441
0.4970961290955669
0.35588322787251536
0.4859120091639474
0.18936810105225144
0.7907204931385334
0.23603831578657256
0.1726671206820729
0.2562522813956608
0.3197754479264707
0.3718767888342096
0.4797840320272915
0.3163912837917503
0.19435632634757408
0.18936810105225407
0.48980217594366116
0.18471872885620372
0.4559417096742432
0.4970961290955669
0.29900635475424664
0.13720688633567513
0.38677476729805965
0.720699116057666
0.35588322787251536
0.46333708434896226
0.3183128273877609
0.48591183108352715
0.3718767888342096
0.8256176069448091
0.8870364615828608
0.3837553177385871
0.5342458725470474
0.3183128273877609
0.29900635475424664
0.5342458725470474
0.48980217594366116
0.6990124308551267
0.9692326228047985
0.19435632634757408
0.2105730422111031
0.46939720079766134
0.8081955035454087
0.6331216997306528
0.4054450926081604
0.5253088295317272
0.3842617542048977
0.13720688633567513
0.39612980071333104
0.7874649292462828
0.8081955035454087
0.2805103672814361
0.8449891295121961
0.24600142461489521
0.6684607857223774
0.6856547103208692
0.4797840320272915
0.24600142461489521
0.6830997488742938
0.16754352516276888
0.2105730422111031
0.8081955035454087
0.45817207310521013
0.9692326228047985
0.7891474532962814
0.07205249610652509
0.2914535547341909
0.6863784249361258
0.4797840320272915
0.4627887177889086
0.8162387592435385
0.3183128273877609
0.8267005431336898
0.2969459392824416
0.8256176068770429
0.38677476729805965
0.720699116057666
0.8449891295121961
0.46333708434896226
0.2562522813956608
0.4454074077174305
0.3718767888342096
0.45817207310521013
0.6442523184979414
0.3227214683156761
0.29533096456187774
0.3227214683156761
0.7213255168265642
0.8081955035454087
0.6684607857223774
0.8058041350291942
