0.8461593054007985
0.17799304453308423
0.3847885847498521
0.2105897411044687
0.20571167141746832
0.7473830149567622
0.4090925894531575
0.07205249610652509
0.7313110722825149
0.39946723192134415
0.14397925435512915
0.45809326045940413
0.20571167141746832
0.40725756231441934
0.1894249125273098
0.26394716699026854
0.6120015470279507
0.3349100178622042
0.505811611312529
0.1894249125273098
0.8303416987988628
0.711499119938782
0.49006175526392404
0.6627695855323938
0.3926743502692539
0.7573001768651747
0.30195219937189277
0.7284182917042077
0.17799304453308423
0.842776987922508
0.6289479208395394
0.6422645397385238
0.4955604190082328
0.505811611312529
0.8381842060810998
0.1535298619812578
0.1535298619812578
0.31957544223859913
0.42245454266249793
0.49006175526392404
0.3954374968169114
0.2551010607978432
0.806745715486882
0.6422645397385238
0.8569260675109811
0.45809326045940413
0.4029613294204898
0.34544129565738224
0.11799366577309973
0.30980334000555426
0.32618790462027547
0.4090925894531575
0.8127944211945655
0.8587771779806035
0.45809326045940413
0.3673574159952955
0.6911035698851704
0.842776987922508
0.34544129565738224
0.9692326228047985
0.8381842060810998
0.08075613018946604
0.3396391839662021
0.08866612673598953
0.8569260675109811
0.39543749682993307
0.2105897411044687
0.3954374968221941
0.6826308541574191
0.3380627952648695
0.2752558180067921
0.8587771779806035
0.684231604629868
0.1535298619812578
0.07205249610652509
0.8413321138247611
0.1828641437997927
0.4497842442776162
0.31957544223859913
0.3926743502692539
0.08866612673598953
0.39543749681738405
0.20571167141746832
0.8303416987988628
0.7377354099227211
0.3098033408148827
0.08866612673598953
0.2095305613301618
0.4029613294204898
0.30195219937189277
0.4497842442776162
0.7284182917042077
0.4029613294204898
0.34247112305661465
0.1828641437997927
0.6268500435568851
0.2681854132295924
0.524046228261199
0.6120015470279507
0.7313110722825149
0.1828641437997927
0.806745715486882
0.6826308541574191
0.6268500435568851
0.9288023165638786
0.6627695855323938
0.808178073209963
0.6120015470279507
0.4090925894531575
0.7111841451835657
0.18286414379979274
0.4955604190082328
0.34247112305661465
0.8985690447054244
0.3847885847498521
0.1828641437997927
0.30923758301503607
0.2681854132295924
0.6627695855323938
0.1894249125273098
0.6911035698851704
0.8127944211945655
0.8855728386525352
0.6647046463192655
0.39508079724247247
0.3349100178622042
0.39543749682993307
0.4029613294204898
0.684231604629868
0.7375128662326589
0.9288023165638786
0.18719405624939506
0.7573001768651747
0.806745715486882
0.7284182917042077
0.5852759507292005
0.11799366577309973
0.3092375765404086
0.7377354099227211
0.3847885847498521
0.7680093181351524
0.6316033995081911
0.49006175526392404
0.20569249276614132
0.49852405939592703
0.41400456267585495
0.325247480754121
0.2261727017780421
0.808178073209963
0.14142940784365352
0.17799304453308423
0.806745715486882
0.8985690447054244
0.9288023165638786
0.41663111072433834
0.8461593054007985
0.5852759507292005
0.6316033995081911
0.8587771779806035
0.6120015470279507
0.20571167141746832
0.49006175526392404
0.3513707751867201
0.45809326045940413
0.14397925435512915
0.8587771779806035
0.17799304453308423
0.17799304453308423
0.18719405624939506
0.34247112305661465
0.41400456267585495
0.325247480754121
0.28576491655608005
0.2095305613301618
0.2105897411044687
0.524046228261199
0.07205249610652509
0.6289479208395394
0.3673574159952955
0.3513707751867201
0.08075613018946604
0.49852405939592703
0.49852405939592703
0.20569249276614132
0.30980334000555426
0.3051395447648312
0.6647046463192655
0.31957544223859913
0.8303416987988628
0.8855728386525352
0.39946723192134415
0.39543749681738405
0.3051395447648312
0.28576491655608005
0.42245454266249793
0.3847885847498521
0.7377354099227211
0.9692326228047985
0.2261727017780421
0.2261727017780421
0.34247112305661465
0.8127944211945655
0.4497842442776162
0.7249494189443066
0.4955604190082328
0.39508079724247247
0.08075613018946604
0.4497842442776162
0.806745715486882
0.7375128662326589
0.2752558180067921
0.8413321138247611
0.14142940784365352
0.6736621827068577
0.6911035698851704
0.40725756231441934
0.34544129565738224
0.6826308541574191
0.30195219937189277
0.20569249276614132
0.7680093181351524
0.45809326045940413
0.9692326228047985
0.9288023165638786
0.07205249610652509
0.26394716699026854
0.6736621827068577
0.6422645397385238
0.45809326045940413
0.7473830149567622
0.3396391839662021
0.8461593054007985
0.2551010607978432
0.8381842060810998
0.18286414379979277
0.711499119938782
0.8413321138247611
0.7111841451835657
0.3954374968221941
0.45809326045940413
0.3092375765404086
0.39946723192134415
0.684231604629868
0.32618790462027547
0.3380627952648695
0.41663111072433834
0.6422645397385238
0.808178073209963
0.5852759507292005
0.7249494189443066
