0.8553909264869342
0.22798813848048538
0.37505329470181836
0.19588423218736395
0.17701195368891587
0.8828302842525901
0.39443384789047475
0.055324392187744015
0.8210902044338257
0.42781921371785564
0.12246575444150172
0.5336714523364898
0.3042622670420416
0.3952195637170163
0.22561576114011433
0.262940312754845
0.6121865192599887
0.33821505846573496
0.6813108529163654
0.19588423218736395
0.8311718175770069
0.8032148333910993
0.43236997037805625
0.6813108529163654
0.3042622670420416
0.766662528426945
0.3066076484199556
0.756321848868178
0.1610615566447669
0.8454286518693921
0.43236997037805625
0.6545026466855124
0.48756783105043133
0.38830502026839253
0.7943833245013163
0.1862098649699384
0.1362434989275374
0.3032817731729551
0.43236997037805625
0.5579594217137902
0.6358076680254356
0.2492321590638387
0.825823089591398
0.766662528426945
0.825823089591398
0.48756783105043133
0.39443384789047475
0.34330806412045156
0.0983913359889423
0.3229347093162765
0.2492321590638387
0.18057351639979927
0.918158804028427
0.8454286518693921
0.4650465409832105
0.33821507006850415
0.697830524335294
0.8454286518693921
0.33821506444869154
0.9692326228047985
0.834745392366053
0.08075613018946604
0.28126976566134154
0.08899673319591175
0.9041318804809523
0.33821506444869154
0.2315733835598932
0.5390642711901841
0.7003649183762118
0.3382151045013584
0.18413507911075105
0.8828302842525901
0.6813108529163654
0.1731227305651526
0.055324392187744015
0.832681416724236
0.18057351639979927
0.46034081805757887
0.37505329470181836
0.4614021262342254
0.08899673319591175
0.3952195637170163
0.22561576114011433
0.8311718175770069
0.7441284054119288
0.3229347093162765
0.08899673319591175
0.14715468369413987
0.4916641986858281
0.26777321308487834
0.46034081805757887
0.6428916629315606
0.542975604399835
0.5336714523364898
0.11708532081807324
0.6545026466855124
0.28126976566134154
0.5079301339205553
0.4882431924001318
0.4930145015063524
0.1731227305651526
0.832681416724236
0.7003649183762118
0.4864340881242046
0.9288023165638788
0.6358076680254356
0.8135485448696902
0.5923343152382332
0.48756783105043133
0.7098186189598104
0.23113603130064167
0.4614021262342254
0.35941206270928805
0.9240632272800564
0.4650465409832105
0.14715468369413987
0.3952195637170163
0.2492321590638387
0.7943833245013163
0.19588423218736395
0.5923343152382332
0.6814417964061885
0.9240632272800564
0.834745392366053
0.37505329470181836
0.3066076484199556
0.11708532081807324
0.43236997037805625
0.697830524335294
0.7333713432125527
0.9288023165638788
0.17701195368891587
0.766662528426945
0.825823089591398
0.825823089591398
0.5923343152382332
0.0983913359889423
0.24222559968342233
0.7166462500785857
0.33821505846573496
0.7441284054119288
0.7441284054119288
0.4882431924001318
0.26777321308487834
0.5008003872270625
0.5390642711901841
0.3382150813081294
0.22798813848048538
0.8135485448696902
0.1362434989275374
0.19588423218736395
0.832681416724236
0.8032148333910993
0.93117186120579
0.38830502026839253
0.8553909264869342
0.5817467684746844
0.8311718175770069
0.8032148333910993
0.7098186189598104
0.12246575444150172
0.4916641986858281
0.23113603130064167
0.33986052723385984
0.08539210919101511
0.8828302842525901
0.15240223095912286
0.22039501971014608
0.17701195368891587
0.26777321308487834
0.22039501971014608
0.3032817731729551
0.37148593931370755
0.24222559968342233
0.23113603130064167
0.5390642711901841
0.08539210919101511
0.6545026466855124
0.4650465409832105
0.42781921371785564
0.08075613018946604
0.5008003872270625
0.5008003872270625
0.15240223095912286
0.262940312754845
0.33986052723385984
0.6428916629315606
0.28126976566134154
0.8210902044338257
0.9041318804809523
0.4930145015063524
0.3952195637170163
0.5579594217137902
0.34330806412045156
0.4882431924001318
0.37505329470181836
0.7441284054119288
0.9692326228047985
0.1862098649699384
0.22798813848048538
0.2315733835598932
0.8412166310406979
0.5390642711901841
0.766662528426945
0.5079301339205553
0.3952195637170163
0.08075613018946604
0.5390642711901841
0.8032148333910993
0.7333713432125527
0.33986052723385984
0.918158804028427
0.1362434989275374
0.37148593931370755
0.7441284054119288
0.3952195637170163
0.33986052723385984
0.6545026466855124
0.3066076484199556
0.22798813848048538
0.6814417964061885
0.4650465409832105
0.9692326228047985
0.93117186120579
0.055324392187744015
0.262940312754845
0.7098186189598104
0.542975604399835
0.4650465409832105
0.6814417964061885
0.18413507911075105
0.8553909264869342
0.2492321590638387
0.8412166310406979
0.1610615566447669
0.6121865192599887
0.832681416724236
0.7098186189598104
0.17701195368891587
0.4882431924001318
0.38830502026839253
0.35941206270928805
0.697830524335294
0.3042622670420416
0.3382151045013584
0.39443384789047475
0.4864340881242046
0.756321848868178
0.5817467684746844
0.7166462500785857
