0.8553909264869342
0.18440434569623232
0.3793328117007013
0.14397925435512915
0.1948567851119472
0.8899308163287108
0.38671302100582344
0.06643830370382584
0.8391447995020984
0.40240230270105853
0.14397925435512915
0.5163330037607208
0.31980399070469134
0.43037869251660893
0.19270326056232268
0.26394716699026854
0.6245013436672151
0.34062706501550044
0.6368161680744414
0.1887218584173675
0.8248464912859137
0.711499119938782
0.4614055319492981
0.6661345699489114
0.3948430725929831
0.7573001768651747
0.32665811655335275
0.756551181089425
0.1682338042077564
0.842776987922508
0.5994591990909786
0.6520560063636192
0.49098320900198333
0.38629940997472734
0.8125683978089653
0.18440434569623232
0.16655639852185627
0.30411324198470524
0.4294743899612401
0.5152146219920914
0.46698518887168594
0.2551010607978432
0.756551181089425
0.5994591990909786
0.7904859671689194
0.4942763763890885
0.38671302100582344
0.34062706501550044
0.09561322813385129
0.31379063203763735
0.32665811655335275
0.16655639852185627
0.918158804028427
0.8293411177888887
0.4614055319492981
0.39586296338340765
0.6923661361691404
0.842776987922508
0.34062706501550044
0.9692326228047985
0.8293411177888887
0.08075613018946604
0.28126976566134154
0.08866612673598953
0.8934810823667712
0.34062706501550044
0.2291415794722233
0.397045402692474
0.6826308541574191
0.32665811655335275
0.18440434569623232
0.8899308163287108
0.6830146451271526
0.16655639852185627
0.06643830370382584
0.832493453939791
0.15997594599226292
0.4614055319492981
0.38629940997472734
0.3924840613096232
0.08866612673598953
0.31980399070469134
0.2196497572968824
0.8248464912859137
0.7441284054119288
0.31379063203763735
0.08866612673598953
0.1948567851119472
0.40134503332872634
0.27564221686685986
0.4614055319492981
0.6428916629315606
0.4294743899612401
0.5163330037607208
0.18440434569623232
0.6520560063636192
0.28126976566134154
0.524046228261199
0.6173851909795534
0.49098320900198333
0.1887218584173675
0.8094069232680408
0.6826308541574191
0.6046988618941707
0.9299870888848343
0.6661345699489114
0.7976385587534922
0.6245013436672151
0.49098320900198333
0.7111841451835657
0.18440434569623232
0.49976498870093045
0.3924840613096232
0.9240632272800564
0.3875955672486814
0.15997594599226292
0.39368358056984126
0.2551010607978432
0.8125683978089653
0.19270326056232268
0.6368161680744414
0.7252765924876554
0.9240632272800564
0.6812980209106496
0.3793328117007013
0.339055133169302
0.32341649555551455
0.40134503332872634
0.6830146451271526
0.7375128662326589
0.9299870888848343
0.179717303581043
0.7573001768651747
0.8314272593815297
0.8314272593815297
0.5852759507292005
0.09561322813385129
0.2392541212461584
0.6923661361691404
0.3875955672486814
0.7441284054119288
0.6173851909795534
0.4614055319492981
0.19793720135123716
0.4990331737260181
0.43037869251660893
0.46698518887168594
0.22776321904141633
0.8125683978089653
0.1362434989275374
0.179717303581043
0.8094069232680408
0.8094069232680408
0.9299870888848343
0.3948430725929831
0.8553909264869342
0.5852759507292005
0.8248464912859137
0.8248464912859137
0.7111841451835657
0.08889507331462287
0.4760564788760101
0.2291415794722233
0.38629940997472734
0.14397925435512915
0.8899308163287108
0.179717303581043
0.179717303581043
0.179717303581043
0.27564221686685986
0.39586296338340765
0.30411324198470524
0.339055133169302
0.2392541212461584
0.2291415794722233
0.524046228261199
0.06643830370382584
0.6520560063636192
0.4760564788760101
0.40240230270105853
0.08075613018946604
0.4990331737260181
0.4990331737260181
0.19793720135123716
0.1948567851119472
0.2852196398991559
0.6428916629315606
0.28126976566134154
0.8248464912859137
0.8934810823667712
0.49098320900198333
0.39368358056984126
0.32341649555551455
0.34062706501550044
0.3924840613096232
0.3793328117007013
0.7441284054119288
0.9692326228047985
0.2196497572968824
0.22776321904141633
0.2196497572968824
0.8293411177888887
0.4426771432911497
0.7252765924876554
0.49976498870093045
0.39522142518081693
0.08075613018946604
0.4426771432911497
0.8125683978089653
0.7375128662326589
0.32665811655335275
0.918158804028427
0.1362434989275374
0.5152146219920914
0.7441284054119288
0.39522142518081693
0.339055133169302
0.6826308541574191
0.32665811655335275
0.22776321904141633
0.7904859671689194
0.5141695338214617
0.9692326228047985
0.9299870888848343
0.08889507331462287
0.26394716699026854
0.7111841451835657
0.6812980209106496
0.46698518887168594
0.6046988618941707
0.2852196398991559
0.8391447995020984
0.2551010607978432
0.8248464912859137
0.1682338042077564
0.711499119938782
0.832493453939791
0.7111841451835657
0.397045402692474
0.4942763763890885
0.39586296338340765
0.3924840613096232
0.6923661361691404
0.32665811655335275
0.339055133169302
0.39522142518081693
0.5141695338214617
0.7976385587534922
0.5852759507292005
0.7252765924876554
