0.8278898958307139
0.1752327775125081
0.39364936207930207
0.3163912837917503
0.3176773712840302
0.8121399385443098
0.41324525748025687
0.07205249610652509
0.817947868067843
0.3697738816138948
0.2174558598728189
0.463291189149392
0.22458732401004816
0.39563384664296464
0.1905836070407085
0.24348334111497028
0.448761107481651
0.686638316081742
0.43848474323783576
0.17522739837459503
0.8275849280856309
0.7571116220836864
0.5510869434934158
0.6985141428650041
0.2990457138798951
0.7223052158076546
0.3067741608337693
0.6946449486123212
0.27197736918763665
0.8050049449131318
0.7036956455085341
0.638103125604213
0.4955604190082328
0.37212122999532615
0.816268109165611
0.24569717510530012
0.19148912677407037
0.2174558598728189
0.27197736918763665
0.5791630434980966
0.39755955139672683
0.3197754479264707
0.8050049449131318
0.7724907715633687
0.8080654665063998
0.5309514366123467
0.39755955139672683
0.44808991153613476
0.16853264768295145
0.3067741608337693
0.33858900887447146
0.45572174171924984
0.8116377802972425
0.8275849280856309
0.45572174171924984
0.3697738816138948
0.5342458725470474
0.8275849280856309
0.3176773712840302
0.9692326228047985
0.7345721666569096
0.08075613018946604
0.3771304896705533
0.08866612673598953
0.8080654665063998
0.448761107481651
0.16853264768295145
0.41324525748025687
0.6848377563159529
0.33454879732141674
0.2805103672814361
0.8053156500145222
0.686638316081742
0.19148912677407037
0.07205249610652509
0.686638316081742
0.24916460183019165
0.3771304896705533
0.24916460183019165
0.4838137518483903
0.08866612673598953
0.39049150455727066
0.22458732401004816
0.8275849280856309
0.7213576112924712
0.3176773712840302
0.08866612673598953
0.19722352592107778
0.39932339296284475
0.3197754479264707
0.3771304896705533
0.6331216997306528
0.39755955139672683
0.35593488811174306
0.24569717510530012
0.6596678587091621
0.23603831578657256
0.582042891662315
0.5639044242448306
0.5791630434980966
0.2990457138798951
0.8076244948251259
0.6848377563159529
0.582042891662315
0.8050049449131318
0.6946449486123212
0.8121399385443098
0.686638316081742
0.33858900887447146
0.7036956455085341
0.16853264768295145
0.4955604190082328
0.638103125604213
0.8870364615828608
0.33454879732141674
0.19722352592107778
0.2277805763282456
0.3176773712840302
0.6331216997306528
0.1905836070407085
0.686638316081742
0.8116377802972425
0.8870364615828608
0.6018663209141408
0.39364936207930207
0.33454879732141674
0.37212122999532615
0.39932339296284475
0.686638316081742
0.7223052158076546
0.7724907715633687
0.19722352592107778
0.686638316081742
0.6985141428650041
0.8116377802972425
0.686638316081742
0.1748293421690268
0.18471872885620372
0.8053156500145222
0.4054198137192722
0.6487519821868255
0.4381796735899788
0.5510869434934158
0.24348334111497028
0.43177643657039055
0.41324525748025687
0.2562522813956608
0.2277805763282456
0.816268109165611
0.14142940784365352
0.1752327775125081
0.8076244948251259
0.7571116220836864
0.8278898958307139
0.4381796735899788
0.8278898958307139
0.5639044242448306
0.5639044242448306
0.7858371473001575
0.4838137518483903
0.2562522813956608
0.43848474323783576
0.35593488811174306
0.5309514366123467
0.19107413127526385
0.8275849280856309
0.23603831578657256
0.1748293421690268
0.2562522813956608
0.3197754479264707
0.4054198137192722
0.48752662194048074
0.3163912837917503
0.19722352592107778
0.19722352592107778
0.4897480798403234
0.18471872885620372
0.4754524350597929
0.4754524350597929
0.37212122999532615
0.08075613018946604
0.463291189149392
0.6487519821868255
0.2990457138798951
0.4573073379454353
0.3176773712840302
0.6331216997306528
0.34743279170083285
0.817947868067843
0.8870364615828608
0.39563384664296464
0.5342458725470474
0.3176773712840302
0.27710034086205226
0.5342458725470474
0.4897480798403234
0.7345721666569096
0.9692326228047985
0.19148912677407037
0.2277805763282456
0.43177643657039055
0.8116377802972425
0.6331216997306528
0.42751477990869324
0.4955604190082328
0.3822864926131319
0.08075613018946604
0.39755955139672683
0.7858371473001575
0.8050049449131318
0.2805103672814361
0.8449891295121961
0.14142940784365352
0.6684607857223774
0.686638316081742
0.44808991153613476
0.34743279170083285
0.6596678587091621
0.3067741608337693
0.19107413127526385
0.8050049449131318
0.45572174171924984
0.9692326228047985
0.8053156500145222
0.07205249610652509
0.27710034086205226
0.686638316081742
0.48752662194048074
0.45572174171924984
0.816268109165611
0.3176773712840302
0.8278898958307139
0.22458732401004816
0.8275849280856309
0.39049150455727066
0.686638316081742
0.8449891295121961
0.4573073379454353
0.2562522813956608
0.42751477990869324
0.3697738816138948
0.43177643657039055
0.6018663209141408
0.33454879732141674
0.33454879732141674
0.3822864926131319
0.7213576112924712
0.8076244948251259
0.6684607857223774
0.8053156500145222
