0.009751980088717027
0.12951471368283007
0.9452425440960046
0.13701800077245319
0.47528597871233286
0.9452425440960046
0.28305199845694934
0.3765805684296338
0.33143260165769645
0.3917573450615858
0.8991659871913442
0.5940406800307919
0.42416745242499415
0.6364138447025808
0.5568700250479801
0.3711924766940289
0.5724572890777084
0.4524241676888921
0.33143260165769645
0.36136711063550814
0.35231045114659265
0.37341969357890265
0.8633635584127128
0.6044106032085625
0.4617888687268152
0.5969248529610947
0.508536694910561
0.428183366080968
0.47291825854378083
0.4615422099024145
0.4480207898977051
0.37820368255678105
0.36136711063550814
0.13701800077245319
0.977862136496926
0.735401039628977
0.9262691188397085
0.428183366080968
0.6401325288521793
0.3451161338212581
0.38803028014127333
0.6203683313359097
0.7420092780403489
0.41190932000866676
0.9452425440960046
0.6219371839224
0.3917573450615858
0.15011474877299813
0.508536694910561
0.44352719581624894
0.4005488433531646
0.15537404053497525
0.4273261064779579
0.28305199845694934
0.5802992837335172
0.2443399320929235
0.508536694910561
0.8904971093349505
0.1375621664116442
0.5134119498706551
0.5894068455449155
0.28305199845694934
0.5568700250479801
0.6044160632503168
0.24500131454816837
0.37836591673357445
0.37836591673357445
0.4373173617805046
0.8904971093349505
0.37836591673357445
0.5416830371192662
0.7076748815949571
0.6364138447025808
0.3451161338212581
0.9360915515553327
0.31673773377996195
0.48550927466992044
0.3906683095209173
0.36136711063550814
0.47291825854378083
0.8784611526732898
0.977862136496926
0.3032994953695657
0.6953443879619162
0.5568700250479801
0.4107641372630946
0.15011474877299813
0.7033439458287243
0.6239471529389831
0.006320928735180531
0.9360915515553327
0.5403233711863704
0.12950422267698325
0.9262691188397085
0.8991659871913442
0.4418839042253091
0.3590738430689733
0.47528597871233286
0.25499146979725235
0.37341969357890265
0.9023204790491965
0.47291825854378083
0.5724572890777084
0.49022814812300464
0.6203683313359097
0.4418839042253091
0.33579478357818143
0.8992354971349943
0.07035774879269452
0.5940406800307919
0.5549483633568137
0.4234850343112797
0.42416745242499415
0.4418839042253091
0.2443399320929235
0.7627856724237939
0.5894068455449155
0.7951931066471583
0.4524241676888921
0.4292302776074713
0.3477433093114472
0.44049514882564206
0.9452425440960046
0.3812231557693425
0.4542032400050028
0.4521220715106053
0.3944726859056115
0.4524241676888921
0.6432725265372531
0.47275990932530476
0.5977082616947371
0.21268311319553246
0.7784468196364359
0.47528597871233286
0.5796169324352698
0.33579478357818143
0.6146493077450877
0.6364138447025808
0.19132331167504893
0.006320928735180531
0.12951471368283007
0.41190932000866676
0.9023204790491965
0.907875490564255
0.23132379045199764
0.28597249204713915
0.0703777299383308
0.03263174226714782
0.053304742720551856
0.33839188482066185
0.4534113832622467
0.0014172418826005062
0.3765805684296338
0.017794130005303388
0.501871357109624
0.38093884738045725
0.8633635584127128
0.31673773377996195
0.2734039589220868
0.8541124448158863
0.15661322285857232
0.5734228431155945
0.9218876095296953
0.3944726859056115
0.22193414043621543
0.08846626815531822
0.5796169324352698
0.12179237044464974
0.38225377785958037
0.37341969357890265
0.6158740446798111
0.12951471368283007
0.6741893646594881
0.7696998989662455
0.32447331849473104
0.8991659871913442
0.4867447136601202
0.33876301109467477
0.6001755092120427
0.03520100583468785
0.9823047075627929
0.3917573450615858
0.6508303457245973
0.03520100583468785
0.3451161338212581
0.07410606834363354
0.47150869028737613
0.6687428793219632
0.5969248529610947
0.5800902660810735
0.5800902660810735
0.011525131815553591
0.308050886016008
0.4955429502322598
0.8992354971349943
0.37209758104050283
0.4273261064779579
0.8633635584127128
0.9193233542172596
0.025309851295297725
0.3906683095209173
0.5198711573902492
0.23169173340864574
0.5416830371192662
0.15011474877299813
0.5627578053836777
0.5708671386731154
0.25499146979725235
0.37407407761707323
0.23132379045199764
0.6209342785979911
0.5403233711863704
0.011525131815553591
0.5380702119637014
0.6630155305590666
0.6452850077987721
0.5755556339544027
0.4926335568169756
0.42725093459490965
0.40848274991897093
0.6203683313359097
0.977862136496926
0.6630155305590666
0.4480207898977051
0.357056630800007
0.9073140005046304
0.15537404053497525
0.4617888687268152
0.7133385309245576
0.7693225053115597
0.6407434791261296
0.5802992837335172
0.3765805684296338
0.46919231084831836
0.5627578053836777
0.20580989796640148
0.37820368255678105
0.2384321003969393
0.33143260165769645
0.2192256312227855
0.36165806650538757
0.13701800077245319
0.2911648043431021
0.3819269163277921
0.5969248529610947
0.9452425440960046
0.35231045114659265
0.7033439458287243
0.13893681226780508
0.8991659871913442
