0.46251158470228054
0.4632588688915553
0.4643786469414663
0.4635358768914131
0.4627146188184084
0.46484625150205994
0.45688485090998504
0.46233554938992993
0.4614609864013857
0.46255794573258296
0.4595476052786948
0.4615840890537368
0.46395278728867995
0.4693746427925709
0.46065967619387765
0.46284037050604354
0.4615840890537368
0.4620067439299973
0.4634316975095796
0.8968695301447958
0.4620067439299973
0.46255335038426154
0.4628920722222689
0.46088558329350104
0.46337657676413174
0.46415679229246787
0.46180398586506105
0.4618320797537135
0.4628418936659518
0.46756844750227344
0.4586460303128135
0.45686832757291046
0.4586460303128135
0.4635358768914131
0.46148199347478225
0.4623184791908286
0.46363009582557163
0.46204643127517714
0.46134426147472923
0.46316565220647604
0.4624270405909236
0.4626802398668581
0.462643207256424
0.46254546271552055
0.46113440803436984
0.46096393985863443
0.4607244904823787
0.8968695301447958
0.46096393985863443
0.463213113655107
0.46204643127517714
0.46254546271552055
0.4643786469414663
0.46444300936589344
0.4599288682570102
0.46256628325976124
0.46871687333655815
0.46344458815554246
0.4664758479365037
0.4621961782936694
0.46438318831830117
0.4613605542138331
0.4635510521899397
0.462522126224396
0.46148199347478225
0.46940162136133445
0.47493432976823163
0.4562295314242384
0.46456956509017533
0.4595476052786948
0.46563003884138443
0.47263051816330476
0.46432175711922635
0.46309320127222237
0.46284037050604354
0.46422191980628763
0.46444300936589344
0.4669136273274172
0.45688485090998504
0.46445811905731366
0.46233554938992993
0.4628920722222689
0.46113440803436984
0.4583716095401198
0.46065967619387765
0.46260292039212697
0.4637590092093247
0.4628418936659518
0.4641034092011733
0.46741122128972223
0.46395278728867995
0.4613677391601609
0.46106500178214777
0.46352223289906674
0.4647375485498739
0.4661718114815303
0.4690205414479323
0.46431352802660397
0.46367920636473386
0.46255335038426154
0.8968695301447958
0.46261176951977445
0.4616123589291541
0.4620160305347678
0.45959827703193823
0.46182719895387514
0.4630590565205828
0.4640078508559413
0.4635693475349003
0.46204643127517714
0.4607979991654199
0.4655524455927886
0.46255794573258296
0.4658843454277955
0.4270014892945218
0.46226744190221286
0.7949166178491387
0.4634316975095796
0.463213113655107
0.4620654726514301
0.46378477675371826
0.46292483599367773
0.4620102017397196
0.4647705586098302
0.4632588688915553
0.46065967619387765
0.4621619754016615
0.4619562786076055
0.45688485090998504
0.46871687333655815
0.46201093817824607
0.46282276372711967
0.4620153259337863
0.4607979991654199
0.4624188905726695
0.46288796198010984
0.4704984298915341
0.4825865458321846
0.46185049897270175
0.4632805602718238
0.4640078508559413
0.46134426147472923
0.46248228947680836
0.4607057105217754
0.46940162136133445
0.4610452304318822
0.4687714627100295
0.46254546271552055
0.46371442540747987
0.4659975226196695
0.46227260726361025
0.46106500178214777
0.4553607520968042
0.015279746100074593
0.46598620041523603
0.4794553697278701
0.4627065702999489
0.46201177024053225
0.4626351367469123
0.7949166178491387
0.46242401394813365
0.46432088577980996
0.46275397069003615
0.4599939306835165
0.4726325660852937
0.4633072020512581
0.4632982297448048
0.4605205196426975
0.462602161255732
0.4633122422479526
0.46371442540747987
0.46191052857200304
0.46229834478439985
0.4627720119363759
0.4614609864013857
0.40117038523203286
0.46614471956368925
0.4590550757238377
0.45028731990315823
0.4609171615113672
0.46949352033604325
0.4626557843674381
0.462276381361216
0.4664758479365037
0.462602161255732
0.4623861622421505
0.46415679229246787
0.4941434540652541
0.4659975226196695
0.4619988035792877
0.46445064204915293
0.47263051816330476
0.46372644699979654
0.4693746427925709
0.46395278728867995
0.4794553697278701
0.464492426585946
0.46255335038426154
0.4616123589291541
0.45686832757291046
0.46398997508739315
0.4728080229048426
0.46337657676413174
0.4646878321441266
0.46300182529059164
0.4688276043764786
0.4661718114815303
0.46372644699979654
0.4629980814301962
0.4607244904823787
0.4636125178897412
0.46284037050604354
0.4674596792842654
0.4644788980085959
0.4634316975095796
0.4593735558687988
0.4619916254220399
0.46315143478259974
0.45987300098471384
0.4635358768914131
0.47163773152708205
0.4623184791908286
0.47163773152708205
0.4595476052786948
0.4628313272854852
0.46415679229246787
0.46251158470228054
0.4776731935043627
0.46020786199463076
0.46248228947680836
0.4621231787293845
0.46285903790408717
0.4693746427925709
0.4580061128292669
0.46339344126848214
0.45028731990315823
0.46378477675371826
0.46232514722403534
0.4614609864013857
0.4623184791908286
0.4613837088217201
0.45651242737995856
0.4598807474047808
0.4632982297448048
0.46259081904046595
0.46255794573258296
0.46344458815554246
0.4641405358280364
0.4601722498101138
0.4624188905726695
