0.7742939666003779
0.32451486313433914
0.24776260023215568
0.7894448260277095
0.7780571549242157
0.3091021107563852
0.2607908170862485
0.2978781845328902
0.7709408884648516
0.25220993479132436
0.29901252434797143
0.7930275077651145
0.2827976232503483
0.752824728876856
0.7853910936844314
0.2755404359138802
0.23894490723530953
0.23894490723530953
0.7751566128201439
0.28553901187771213
0.7457369930478549
0.30460926826888524
0.5970613147418878
0.2432304317729388
0.6073626258607202
0.247808191089623
0.30322545129355444
0.7392441109055843
0.2755404359138802
0.7529829646540078
0.7738619016884061
0.31306110011719607
0.7810959846495711
0.7790627914200244
0.30034173726142793
0.29259220780824513
0.2728368146087532
0.7595087873756265
0.7681942364030915
0.25085450786503394
0.7774096319800886
0.7142956422052974
0.24538157372720248
0.2502380089499372
0.7713303507896291
0.6073626258607202
0.29541836839084934
0.2664486323187355
0.7896087195432739
0.7500395493954234
0.7803893455063915
0.7829217255609543
0.2592275905630368
0.7810959846495711
0.29317504196893185
0.2918397627159609
0.292541457925888
0.28737380615476527
0.31250103545444935
0.7896087195432739
0.2926937075729594
0.7811484811691916
0.2568899022820824
0.7885544668323488
0.4250135099543022
0.691948287236487
0.2740210714433483
0.25769403604614255
0.7790805083145612
0.6481665524666534
0.25068550490655694
0.30034173726142793
0.4160393610680221
0.7808982827613178
0.30477993348874133
0.2664486323187355
0.2563156207756054
0.7879434696545361
0.6085641785381838
0.7607459693658737
0.27122920999946776
0.7829217255609543
0.7513764381165586
0.34534670649577587
0.4250135099543022
0.6630967424059138
0.2978781845328902
0.7694675951866896
0.25147571330882795
0.7709408884648516
0.7831320127860016
0.2545499185367034
0.3040571630329872
0.3040571630329872
0.2811353957437314
0.3099810477831996
0.7811484811691916
0.3421393304420143
0.4600743751993223
0.9067357158880314
0.3589149483335522
0.7742939666003779
0.22283086430508714
0.3138435308523715
0.292541457925888
0.2607908170862485
0.7885544668323488
0.7512675078436415
0.6226139336042706
0.7808982827613178
0.27490824192038127
0.32436599314772646
0.7710502416384138
0.7803893455063915
0.6085641785381838
0.7736641472773638
0.4600743751993223
0.7781936656432417
0.25112514559319327
0.7902760752841584
0.4031360016991046
0.7638920472811095
0.29430131654321734
0.7645448029650279
0.30869749928165047
0.24884297335991698
0.2972154463694104
0.7188421618850942
0.7765312645657352
0.24362736824201192
0.29430131654321734
0.7674532628807553
0.7202670381020506
0.28737380615476527
0.22294719880705588
0.2811353957437314
0.27490824192038127
0.7784560663287482
0.7086684470815388
0.2376134813720792
0.254201256598283
0.30166273089874784
0.7681942364030915
0.7656365814213246
0.803250694638816
0.7514041178905326
0.2888016589008191
0.25147571330882795
0.3005755359677751
0.25239403536379224
0.09923341971141442
0.7799130982909375
0.25239403536379224
0.2836395878988895
0.8444537822809202
0.2376134813720792
0.3427461462771084
0.24362736824201192
0.7620807645012406
0.29430131654321734
0.7594472819446174
0.2983355056859687
0.2771875175861141
0.2943031749705104
0.2812559081753129
0.7422979174318121
0.32451486313433914
0.29430131654321734
0.7816088926749097
0.524732687615542
0.7713303507896291
0.3589149483335522
0.7774096319800886
0.7188421618850942
0.31250103545444935
0.2625056723218045
0.7781254102837287
0.7202670381020506
0.23726882561638998
0.7710502416384138
0.3242395730901807
0.40072709114601823
0.25653761624667404
0.2545499185367034
0.4160393610680221
0.7799130982909375
0.752824728876856
0.691948287236487
0.6226139336042706
0.2709477393211208
0.7422979174318121
0.30322545129355444
0.3027277348461351
0.2836395878988895
0.2592275905630368
0.7800222646712214
0.40072709114601823
0.23726882561638998
0.7656365814213246
0.7645448029650279
0.7790805083145612
0.25769403604614255
0.7529829646540078
0.3005755359677751
0.793202625108298
0.3130647385051857
0.2859208037522614
0.23254633636632177
0.9067357158880314
0.27122920999946776
0.7751566128201439
0.2943031749705104
0.3130647385051857
0.7790627914200244
0.524732687615542
0.7930275077651145
0.803250694638816
0.25248158307400437
0.251216426310477
0.7142956422052974
0.21646974509170713
0.7573262976984696
0.8447793509031354
0.22283086430508714
0.3421393304420143
0.7831320127860016
0.3091008369102422
0.7767932382138452
0.3242395730901807
0.7853910936844314
0.2918397627159609
0.7781254102837287
0.7512380392466886
0.3088790160686679
0.23254633636632177
0.2708546253005826
0.30869749928165047
0.7500395493954234
0.3091021107563852
0.3091008369102422
0.2563156207756054
0.30166273089874784
0.3027277348461351
0.2506338948513762
0.7457369930478549
0.8447793509031354
0.2812559081753129
0.7948831125388334
0.7765312645657352
0.22294719880705588
