0.8462210165316135
0.502865030652482
0.40897582433342416
0.7885195581100894
0.8462210165316135
0.31326306985686736
0.09899276442768723
0.1249332316222237
0.8608032952497522
0.20272233295468073
0.19948952456032226
0.7450858708135819
0.24929052257963888
0.8756110575698517
0.9447912352996086
0.1856689048510859
0.1983796223319051
0.31644669919379687
0.7550915562161008
0.27189731565281067
0.9276513838636834
0.2978574871099244
0.6106309441400576
0.1512364869009558
0.5842256191393562
0.2943438428951773
0.0708828874605521
0.8825959247367507
0.5654426855731536
0.8051258648618913
0.8040400141310363
0.28704523097949874
0.7918068128075371
0.9211066350209456
0.30991550053168837
0.1990721023809388
0.3052431309270437
0.9218408282714896
0.8015599903424163
0.08299372229286146
0.6990920846980347
0.663986729709993
0.07984238882519468
0.1782453111933757
0.6593768352822726
0.5648249712362392
0.4150273478261525
0.35977308126012364
0.9639483614991006
0.7282062840591541
0.6383694303890408
0.7490828461681636
0.13755964253554837
0.7306009241109374
0.33665474566520714
0.0731273388729674
0.0708828874605521
0.35853087554921614
0.3175548067327738
0.7826077044913662
0.6361210516289124
0.674994211362953
0.2326948642336638
0.7508330767175563
0.37270484637256096
0.6147452488826488
0.24049517529917236
0.12454372014715698
0.8624767760634048
0.5767585761600152
0.13775481696509234
0.1249332316222237
0.44319031385339913
0.8040400141310363
0.5180948360239328
0.057230380778538925
0.40897582433342416
0.8007587357659194
0.5654426855731536
0.8440260785583228
0.315056795557087
0.9218408282714896
0.6383694303890408
0.30991550053168837
0.37270484637256096
0.5648249712362392
0.5237704480537172
0.5981403075130018
0.1782453111933757
0.8624767760634048
0.8015599903424163
0.09899276442768723
0.2702756684229445
0.5359653570796736
0.4996943455884888
0.49170205237342657
0.7918068128075371
0.31326306985686736
0.49720897996167235
0.9639483614991006
0.5981403075130018
0.7389768174676531
0.3883970162731854
0.25846672405515636
0.28569617424361526
0.18308934790589237
0.7508330767175563
0.8921383182799695
0.5767585761600152
0.7598198843385313
0.24929052257963888
0.11550651261670311
0.8280796187189983
0.792589404684301
0.5186377612410108
0.7442330448229658
0.5642444742683584
0.6384944779988622
0.14714103869004125
0.8825959247367507
0.5186377612410108
0.7450858708135819
0.37565740406378856
0.6596060083316885
0.45201862890112765
0.31644669919379687
0.43458564825939916
0.5449097541057526
0.8724892309764336
0.22916867865659002
0.2872086589240936
0.7532134763645241
0.8558476547422628
0.17213638999076036
0.14051772658343192
0.09138876186731298
0.19948952456032226
0.6389346806416285
0.6332943224626649
0.18308934790589237
0.33665474566520714
0.2900948909692762
0.8330062777230217
0.6746455320023332
0.7906858726543686
0.6106309441400576
0.35853087554921614
0.25101899729161914
0.3997756238005063
0.1512364869009558
0.09923341971141442
0.6862675661245696
0.2943438428951773
0.2787409887841903
0.8245374963463143
0.13775481696509234
0.40462530982453065
0.22916867865659002
0.7532134763645241
0.2872086589240936
0.7885195581100894
0.40448274502044557
0.35977308126012364
0.0967578645019993
0.43458564825939916
0.6401358616383869
0.3591328891443647
0.2873720868686884
0.9839322836087109
0.5101999958029673
0.7870327599541743
0.4009340321897131
0.8921383182799695
0.5449097541057526
0.3175548067327738
0.09138876186731298
0.9749065162691148
0.49170205237342657
0.17106400479454031
0.8280796187189983
0.4022004668125185
0.36355405033596344
0.3124397497881026
0.20272233295468073
0.640065181146804
0.6862675661245696
0.8756110575698517
0.6147452488826488
0.634428988762044
0.19186190851131427
0.8802582988247862
0.24370579540025916
0.16145737112321332
0.2787409887841903
0.13755964253554837
0.6990920846980347
0.4478382115614502
0.17106400479454031
0.6746455320023332
0.6596060083316885
0.6593768352822726
0.32306498680067974
0.8051258648618913
0.502865030652482
0.7001653853611591
0.3124397497881026
0.17800084395793775
0.07582062323228789
0.9522004477926302
0.1856689048510859
0.7550915562161008
0.2652454157973052
0.30982270401911827
0.9211066350209456
0.5101999958029673
0.9321215227880241
0.9948937503743158
0.07817624326311243
0.4960582867259733
0.663986729709993
0.15528577155700307
0.7461087569304938
0.8798362768307355
0.3883970162731854
0.44319031385339913
0.705432953333405
0.4451842663150226
0.7713931229344392
0.4022004668125185
0.9447912352996086
0.1990721023809388
0.8773465855588338
0.7416928737934902
0.393866697425473
0.17213638999076036
0.14098230509307907
0.45201862890112765
0.5868328995180712
0.2978574871099244
0.22906694091843616
0.11323757811233381
0.2582591974281918
0.5359653570796736
0.27189731565281067
0.9276513838636834
0.8798362768307355
0.13399580978398673
0.674994211362953
0.8724892309764336
0.14051772658343192
