0.7774897056360676
0.34258524972626514
0.40897582433342416
0.8689084813290555
0.9052202189231886
0.27904017255277414
0.19496074602337596
0.16972781828599653
0.8716583017740968
0.2030562009387666
0.21787111846538437
0.864991888385052
0.27817900649885546
0.9197797095344762
0.8945602793536922
0.18912405977839497
0.25466647714244783
0.25466647714244783
0.6354104988320757
0.19824859393610644
0.8833611908688205
0.3627529479543463
0.6225299664510509
0.22049315406555314
0.5110272494243807
0.20345684251966967
0.08122498825638538
0.8524985408293733
0.41708307989842436
0.7538148281390536
0.7823417062568447
0.31223470038794643
0.7726158305530345
0.9281471579720394
0.5017626220163733
0.17685213837487782
0.23682643563849237
0.9417404612705991
0.8059448620711446
0.21332574957160697
0.6990920846980347
0.663986729709993
0.14739792850397546
0.17813633245120122
0.7133486522016297
0.5867924710186249
0.40800769656633246
0.35514554091019146
0.9197797095344762
0.7173380680787307
0.6383694303890408
0.7484085700328919
0.17451427373201267
0.7133486522016297
0.32485599275244165
0.15094919200024967
0.08122498825638538
0.364941733981295
0.35370682543611714
0.8103297337998728
0.5671696898035914
0.7142095298307425
0.17369152924004502
0.7676615900372494
0.21332574957160697
0.6147452488826488
0.26363971643671114
0.17448033505042737
0.8833611908688205
0.5767585761600152
0.15135884321445486
0.17685213837487782
0.44319031385339913
0.7823417062568447
0.4658277031881669
0.08374138348378417
0.40897582433342416
0.7922164787851089
0.5420402234070822
0.8668802184651894
0.2360845627323174
0.9052202189231886
0.6535694981449215
0.3165315377188875
0.4003102651828047
0.5867924710186249
0.5237704480537172
0.6743702320431496
0.17813633245120122
0.8195294676712398
0.8559399484945904
0.15135884321445486
0.34800327975857237
0.5539747674155998
0.4150071426320693
0.4901688913453025
0.7726158305530345
0.3729668640435058
0.5647293244720398
0.9281471579720394
0.49953716985135743
0.7942568116917278
0.38976443656125725
0.25846672405515636
0.29645181736894743
0.15553411142700826
0.758555306196879
0.8795092683725794
0.5767585761600152
0.7836742218042985
0.27817900649885546
0.34258524972626514
0.8280796187189983
0.7565953651859312
0.5420402234070822
0.7774897056360676
0.5307267271150153
0.6523545517155163
0.16972781828599653
0.8689084813290555
0.5110272494243807
0.7480594676431747
0.41708307989842436
0.7259112435583988
0.42894780846225355
0.35514554091019146
0.43458564825939916
0.5983154070720849
0.8349260871845681
0.25963178481293314
0.28723877293117744
0.7735931812148762
0.864991888385052
0.19824859393610644
0.1484426836779823
0.09138876186731298
0.21787111846538437
0.6535694981449215
0.6549624280948947
0.21738119909985915
0.3269948659931998
0.25963178481293314
0.8059448620711446
0.6746455320023332
0.8349260871845681
0.6756887734702948
0.364941733981295
0.2827955507318298
0.40800769656633246
0.14739792850397546
0.09923341971141442
0.7579136531272934
0.22049315406555314
0.16094308343382785
0.8548973266116873
0.1507935511384911
0.4658277031881669
0.23682643563849237
0.7676615900372494
0.27984727997197606
0.7538148281390536
0.3650171558452018
0.39384438262658605
0.0967578645019993
0.35370682543611714
0.6523545517155163
0.4150071426320693
0.20678900922554533
0.8917691665634756
0.5101999958029673
0.8195294676712398
0.49953716985135743
0.8795092683725794
0.6354104988320757
0.273310873825605
0.09138876186731298
0.9417404612705991
0.4901688913453025
0.167119446485156
0.801168618650856
0.4060578450980521
0.4587465551210478
0.3133512987518377
0.2030562009387666
0.5017626220163733
0.7173380680787307
0.8756110575698517
0.6147452488826488
0.6225299664510509
0.17369152924004502
0.7949804415583605
0.26363971643671114
0.14714121493345922
0.21738119909985915
0.17451427373201267
0.6990920846980347
0.3729668640435058
0.167119446485156
0.6746455320023332
0.6596060083316885
0.6593768352822726
0.1921744371218338
0.7249731960265042
0.34800327975857237
0.7480594676431747
0.2215098565408878
0.24118586748664217
0.16094308343382785
0.9580744046458654
0.18912405977839497
0.6743702320431496
0.2699053244409033
0.31223470038794643
0.8917691665634756
0.5101999958029673
0.9165366612738037
0.9165366612738037
0.2215098565408878
0.4003102651828047
0.663986729709993
0.1631748881757717
0.8205861588606712
0.8548973266116873
0.38976443656125725
0.44319031385339913
0.6639421891826183
0.3627529479543463
0.7816325204954973
0.29645181736894743
0.8945602793536922
0.15094919200024967
0.8773465855588338
0.801168618650856
0.35550853574905517
0.1921744371218338
0.20678900922554533
0.42894780846225355
0.5647293244720398
0.35550853574905517
0.273310873825605
0.20345684251966967
0.2699053244409033
0.5539747674155998
0.19496074602337596
0.8559399484945904
0.8576077666348497
0.17761917945484584
0.7142095298307425
0.7778634348303162
0.14714121493345922
