0.7769990547720647
0.4060578450980521
0.40897582433342416
0.8862259208594001
0.8295597401300172
0.32485599275244165
0.15553411142700826
0.1249332316222237
0.8929884294298454
0.2030562009387666
0.21787111846538437
0.8503281741183482
0.2842180337434671
0.8756110575698517
0.8985483975593394
0.18912405977839497
0.19288625509109875
0.31644669919379687
0.7922164787851089
0.1866286486789727
0.9103199066467644
0.340638433234562
0.6225299664510509
0.20490174539878886
0.5671696898035914
0.20345684251966967
0.08122498825638538
0.8825959247367507
0.41708307989842436
0.7249731960265042
0.7973629433927025
0.27984727997197606
0.7918068128075371
0.9211066350209456
0.4052098369606618
0.22877104512753194
0.23682643563849237
0.9483736722703022
0.8015599903424163
0.14116501984148985
0.6990920846980347
0.663986729709993
0.08989411160916205
0.17813633245120122
0.6593768352822726
0.5867924710186249
0.40800769656633246
0.39384438262658605
0.9639483614991006
0.7484085700328919
0.6383694303890408
0.7484085700328919
0.13755964253554837
0.7673204691209868
0.32485599275244165
0.0731273388729674
0.08122498825638538
0.3651679995730154
0.2583656323292792
0.8103297337998728
0.5671696898035914
0.7142095298307425
0.1697638790252442
0.7513571952226734
0.37270484637256096
0.6147452488826488
0.23499225503455645
0.17448033505042737
0.8503281741183482
0.5767585761600152
0.1507935511384911
0.1249332316222237
0.44319031385339913
0.7673204691209868
0.4658277031881669
0.08374138348378417
0.40897582433342416
0.7922164787851089
0.5420402234070822
0.8668802184651894
0.2860935653867801
0.9218408282714896
0.6383694303890408
0.3165315377188875
0.4003102651828047
0.5867924710186249
0.5237704480537172
0.5981403075130018
0.17813633245120122
0.8624767760634048
0.8559399484945904
0.15192413529041865
0.34800327975857237
0.5539747674155998
0.4150071426320693
0.4901688913453025
0.753424848298532
0.2597667048428994
0.5647293244720398
0.9639483614991006
0.49953716985135743
0.7942568116917278
0.38976443656125725
0.25846672405515636
0.34334210977506385
0.15553411142700826
0.7513571952226734
0.8668802184651894
0.5767585761600152
0.7836742218042985
0.2721399792542438
0.23322435235310657
0.8280796187189983
0.8295597401300172
0.5420402234070822
0.7772328981115734
0.5307267271150153
0.6393151698186246
0.08989411160916205
0.8825959247367507
0.45488480904517
0.7480594676431747
0.41708307989842436
0.6596060083316885
0.45201862890112765
0.31644669919379687
0.43458564825939916
0.5449097541057526
0.8349260871845681
0.25963178481293314
0.28729037289639103
0.7735931812148762
0.8583254749960074
0.20986853919324022
0.1458397461889361
0.09138876186731298
0.21787111846538437
0.6724664421138107
0.6810411918886781
0.21738119909985915
0.340638433234562
0.25963178481293314
0.8103297337998728
0.6746455320023332
0.8349260871845681
0.6756887734702948
0.3645646246617609
0.19288625509109875
0.40800769656633246
0.20490174539878886
0.09923341971141442
0.6862675661245696
0.1870133258995112
0.2842180337434671
0.8521868865885249
0.1507935511384911
0.4658277031881669
0.23682643563849237
0.7735931812148762
0.27984727997197606
0.7795846409832856
0.3651679995730154
0.39384438262658605
0.0967578645019993
0.43458564825939916
0.6393151698186246
0.4150071426320693
0.28729037289639103
0.8862259208594001
0.5101999958029673
0.7877761590321319
0.49953716985135743
0.8921383182799695
0.5449097541057526
0.273310873825605
0.09138876186731298
0.9483736722703022
0.4901688913453025
0.167119446485156
0.801168618650856
0.4060578450980521
0.4886357303171784
0.3133512987518377
0.2030562009387666
0.6394999308942162
0.6862675661245696
0.8756110575698517
0.6147452488826488
0.6225299664510509
0.1697638790252442
0.812844906674902
0.2860935653867801
0.15104562116702852
0.21738119909985915
0.13755964253554837
0.6990920846980347
0.42885737992491724
0.167119446485156
0.6746455320023332
0.6596060083316885
0.6593768352822726
0.17448033505042737
0.7249731960265042
0.34800327975857237
0.7480594676431747
0.3133512987518377
0.23499225503455645
0.07582062323228789
0.9522004477926302
0.18912405977839497
0.7506001565732974
0.2699053244409033
0.34462212080391685
0.9211066350209456
0.5101999958029673
0.9165366612738037
0.9165366612738037
0.1866286486789727
0.4003102651828047
0.663986729709993
0.1631748881757717
0.7506001565732974
0.8521868865885249
0.38976443656125725
0.44319031385339913
0.6724664421138107
0.3848674626741307
0.7795846409832856
0.34334210977506385
0.8985483975593394
0.22877104512753194
0.8773465855588338
0.801168618650856
0.45488480904517
0.20986853919324022
0.1407500158382555
0.42885737992491724
0.5647293244720398
0.23322435235310657
0.273310873825605
0.20345684251966967
0.2699053244409033
0.5539747674155998
0.27189731565281067
0.8559399484945904
0.8630286466811745
0.1854744798844475
0.7142095298307425
0.7769990547720647
0.1458397461889361
