0.8265288278211814
0.3743215474121586
0.40897582433342416
0.8447473200948634
0.9166836884476139
0.27904017255277414
0.19496074602337596
0.16972781828599653
0.826645411134797
0.2030562009387666
0.20349758912188967
0.864991888385052
0.27817900649885546
0.8976953835521639
0.8945602793536922
0.20349758912188967
0.25466647714244783
0.25466647714244783
0.6354104988320757
0.19824859393610644
0.8833611908688205
0.3627529479543463
0.6225299664510509
0.22049315406555314
0.5110272494243807
0.20345684251966967
0.08122498825638538
0.8004535554311325
0.41708307989842436
0.7538148281390536
0.7801545749963525
0.31223470038794643
0.7726158305530345
0.9166836884476139
0.5017626220163733
0.1806311468038474
0.23682643563849237
0.9417404612705991
0.8059448620711446
0.21332574957160697
0.6687307575435377
0.663986729709993
0.14739792850397546
0.17813633245120122
0.7133486522016297
0.5867924710186249
0.40800769656633246
0.35514554091019146
0.9197797095344762
0.7952664057488075
0.6687307575435377
0.8004535554311325
0.17451427373201267
0.7133486522016297
0.32592542937282076
0.15094919200024967
0.08122498825638538
0.36497001718026006
0.2584408568059444
0.8103297337998728
0.5671696898035914
0.7142095298307425
0.17369152924004502
0.7631084481170642
0.2480606501517184
0.6147452488826488
0.26363971643671114
0.17448033505042737
0.8833611908688205
0.5767585761600152
0.15107619717647297
0.17685213837487782
0.44319031385339913
0.7801545749963525
0.4658277031881669
0.08374138348378417
0.40897582433342416
0.7922164787851089
0.5420402234070822
0.8265288278211814
0.2360845627323174
0.9052202189231886
0.6535694981449215
0.3000372820852321
0.4003102651828047
0.5867924710186249
0.5237704480537172
0.6743702320431496
0.17813633245120122
0.8016018447377691
0.8559399484945904
0.15135884321445486
0.34800327975857237
0.5539747674155998
0.4150071426320693
0.4901688913453025
0.7726158305530345
0.31941075939791796
0.5647293244720398
0.9431107813089523
0.49953716985135743
0.7942568116917278
0.38976443656125725
0.25846672405515636
0.29645181736894743
0.15553411142700826
0.7631084481170642
0.7952664057488075
0.5767585761600152
0.8016018447377691
0.27817900649885546
0.31941075939791796
0.8146241186849271
0.7572545091566123
0.5420402234070822
0.7818623896166408
0.5307267271150153
0.6523545517155163
0.16972781828599653
0.8689084813290555
0.5110272494243807
0.7480594676431747
0.41708307989842436
0.7259112435583988
0.42894780846225355
0.35514554091019146
0.3501243253524403
0.5983154070720849
0.8349260871845681
0.25963178481293314
0.28354302645157675
0.7779674437358605
0.864991888385052
0.19824859393610644
0.17729047926563304
0.09138876186731298
0.184410155232817
0.6535694981449215
0.6536584899052055
0.21738119909985915
0.32592542937282076
0.25963178481293314
0.8059448620711446
0.6746455320023332
0.8349260871845681
0.6756887734702948
0.3649605894472717
0.2480606501517184
0.40800769656633246
0.14739792850397546
0.09923341971141442
0.7572545091566123
0.22049315406555314
0.16094308343382785
0.8548973266116873
0.15107619717647297
0.4658277031881669
0.23682643563849237
0.7676615900372494
0.3000372820852321
0.7866721479051467
0.36497001718026006
0.39384438262658605
0.0967578645019993
0.3501243253524403
0.6536584899052055
0.4150071426320693
0.20678900922554533
0.8917691665634756
0.5101999958029673
0.7866721479051467
0.49953716985135743
0.8795092683725794
0.6354104988320757
0.273310873825605
0.09138876186731298
0.9417404612705991
0.4901688913453025
0.167119446485156
0.8146241186849271
0.3743215474121586
0.4587465551210478
0.26743057764636274
0.2030562009387666
0.5017626220163733
0.7173380680787307
0.8976953835521639
0.6147452488826488
0.6225299664510509
0.17369152924004502
0.786235073597214
0.26363971643671114
0.14746658211959
0.21738119909985915
0.17451427373201267
0.6990920846980347
0.3729668640435058
0.167119446485156
0.6746455320023332
0.6596060083316885
0.6593768352822726
0.1921744371218338
0.7630709073386801
0.34800327975857237
0.7480594676431747
0.26743057764636274
0.24118586748664217
0.16094308343382785
0.9431107813089523
0.26585465475233006
0.6743702320431496
0.2699053244409033
0.31223470038794643
0.8917691665634756
0.5101999958029673
0.9165366612738037
0.9165366612738037
0.2215098565408878
0.4003102651828047
0.663986729709993
0.2584408568059444
0.8447473200948634
0.8548973266116873
0.38976443656125725
0.44319031385339913
0.7219025507030483
0.3627529479543463
0.826645411134797
0.29645181736894743
0.8945602793536922
0.1806311468038474
0.8773465855588338
0.7630709073386801
0.35550853574905517
0.1921744371218338
0.17729047926563304
0.42894780846225355
0.5647293244720398
0.35550853574905517
0.273310873825605
0.20345684251966967
0.2699053244409033
0.5539747674155998
0.19496074602337596
0.8559399484945904
0.8576077666348497
0.26566300244548147
0.7142095298307425
0.7219025507030483
0.14746658211959
