0.7826077044913662
0.3591328891443647
0.4694280080850328
0.7602562930953851
0.882457480759012
0.3372482501646924
0.11499180656251298
0.06307831196227837
0.7713931229344392
0.28726410100431743
0.06307831196227837
0.817394155607704
0.19333791423223406
0.8756110575698517
0.9447912352996086
0.19333696574423404
0.1983796223319051
0.31644669919379687
0.7665036629547255
0.27189731565281067
0.945131104634611
0.2578441441742627
0.6672154001556362
0.16863228807920516
0.5351569158160476
0.2943438428951773
0.0708828874605521
0.9174446831093607
0.5375139652166353
0.8685588559302925
0.7156128095514956
0.3136974331791933
0.7918068128075371
0.9760257108823649
0.2702756684229445
0.13399580978398673
0.2897050692339749
0.9218408282714896
0.8015599903424163
0.050995638023209944
0.7620631177671571
0.663986729709993
0.07984238882519468
0.19333791423223406
0.6593768352822726
0.5454243233331222
0.47092180650794035
0.32306498680067974
0.968140933715322
0.7282062840591541
0.6474160578304266
0.7490828461681636
0.13755964253554837
0.7306009241109374
0.4117928489673796
0.0731273388729674
0.0708828874605521
0.3215651647039439
0.2796349943665153
0.7826077044913662
0.6993658203162946
0.7374270869971153
0.2326948642336638
0.7090767487508116
0.37270484637256096
0.6125613357287907
0.22906694091843616
0.12454372014715698
0.8641502568770574
0.5150226743211683
0.13775481696509234
0.14098230509307907
0.44319031385339913
0.817394155607704
0.5180948360239328
0.057230380778538925
0.3575097992077727
0.8350138085771134
0.5933714059296717
0.7988365431791609
0.35910235523647555
0.9218408282714896
0.6281923024424796
0.34955533264043226
0.37270484637256096
0.5454243233331222
0.5237704480537172
0.5981403075130018
0.16315270815451732
0.8641502568770574
0.8015599903424163
0.11499180656251298
0.2702756684229445
0.5180948360239328
0.4996943455884888
0.49170205237342657
0.7918068128075371
0.24691772548865465
0.49720897996167235
0.9434858676833935
0.5981403075130018
0.7688768861844946
0.3829273351208978
0.2521030855669365
0.28569617424361526
0.13666768273252144
0.7090767487508116
0.8921383182799695
0.6368530943593373
0.7188810329111432
0.3821537959217849
0.11550651261670311
0.844304831332726
0.8141461326828222
0.502118606665974
0.7442330448229658
0.5642444742683584
0.6401358616383869
0.2236547997673871
0.9174446831093607
0.5351569158160476
0.7001653853611591
0.37565740406378856
0.5855478598877888
0.45201862890112765
0.31644669919379687
0.5240460745174529
0.6211359709655587
0.8940822000147043
0.16863228807920516
0.28476294659104506
0.7375500665445536
0.9403021865500863
0.17213638999076036
0.03581950388452504
0.09138876186731298
0.25940858931844
0.640065181146804
0.7211643215922077
0.13666768273252144
0.26518914055180676
0.25940858931844
0.8330062777230217
0.6311652224386503
0.8673676146374257
0.5868328995180712
0.3215651647039439
0.25101899729161914
0.3997756238005063
0.13384068572270647
0.09923341971141442
0.644328848189985
0.2943438428951773
0.35910235523647555
0.8245374963463143
0.13775481696509234
0.40462530982453065
0.2897050692339749
0.7688768861844946
0.2603930287798042
0.7870327599541743
0.4694280080850328
0.39648117571956754
0.0967578645019993
0.4015397519765951
0.6401358616383869
0.3591328891443647
0.2874369925879895
0.9839322836087109
0.5005168035965775
0.7870327599541743
0.4009340321897131
0.8921383182799695
0.46868353724594636
0.3003337885618891
0.09138876186731298
0.9749065162691148
0.49170205237342657
0.17106400479454031
0.8118544061052704
0.40462530982453065
0.36355405033596344
0.2710112358776985
0.193478774040942
0.640065181146804
0.7282062840591541
0.8756110575698517
0.6169291620365069
0.6016425773684518
0.20940702972215808
0.9779088931582064
0.25012703560243277
0.20333666020277608
0.1983796223319051
0.13755964253554837
0.5728762829415304
0.4478382115614502
0.17106400479454031
0.7181258415660161
0.7336641567755882
0.6593768352822726
0.32306498680067974
0.7416928737934902
0.5907027134788114
0.7001653853611591
0.3304443371964866
0.24550216947773496
0.07582062323228789
0.9522004477926302
0.11550651261670311
0.7404701630919553
0.2663424366167195
0.3328317700223737
0.882457480759012
0.5198831880093571
0.9321215227880241
0.9948937503743158
0.09327417456394649
0.4960582867259733
0.663986729709993
0.15528577155700307
0.6748233582532837
0.8798362768307355
0.4117928489673796
0.44319031385339913
0.705432953333405
0.4451842663150226
0.7713931229344392
0.3997756238005063
0.9447912352996086
0.26678014759274704
0.8773465855588338
0.7416928737934902
0.3759405458835663
0.17213638999076036
0.14098230509307907
0.45201862890112765
0.5868328995180712
0.3372482501646924
0.22906694091843616
0.11323757811233381
0.2578441441742627
0.5538358781354146
0.27189731565281067
0.924014873855381
0.8798362768307355
0.13399580978398673
0.6125613357287907
0.8578679100148802
0.20333666020277608
