0.24318028248526613
0.6516204024139141
0.6564460469144668
0.6562655403388051
0.22934093454805654
0.23031812921530725
0.239861267848654
0.6598072375855435
0.23426251492585826
0.6602968575378476
0.6597249227585491
0.6615015350381459
0.2361008122124204
0.24202965542005273
0.6623425132124174
0.23395124463475897
0.6572580009863642
0.6530442796478986
0.6597249227585491
0.24367429916163091
0.6536977850859456
0.23003013535124084
0.23780348487408348
0.25091103451891583
0.6516268301816373
0.2533200858617526
0.24024487534149241
0.22144302599807714
0.23500206037939025
0.23625525684561752
0.23444547957549666
0.6603600176202666
0.661487377954195
0.6591835882056531
0.23336166444712145
0.6551246937492832
0.2279550902699381
0.6536977850859456
0.6584905795932864
0.24820204335134793
0.23395124463475897
0.2605735634087186
0.25456706661029116
0.8888603536586924
0.2257321530979315
0.22868224251953073
0.6584738282099496
0.6516204024139141
0.6637029955407734
0.6578964043064749
0.6596041231646999
0.6590107675770529
0.6548289327256772
0.25091103451891583
0.6587933635938497
0.21948012996943606
0.2535065052181066
0.23003013535124084
0.24497029236498744
0.6591874440940647
0.6555044742109404
0.6555896841812361
0.6591835882056531
0.9082694392792209
0.24024487534149241
0.6548289327256772
0.2210360353679714
0.653775135489983
0.2334547813922332
0.2453552356394227
0.659353667297053
0.6589942984136662
0.23142448265310347
0.2372799167982246
0.6592814002894598
0.9088231673370865
0.6560546746131891
0.22669226555265937
0.659353667297053
0.6600599803002086
0.22965678151397
0.2257321530979315
0.6587933635938497
0.25508594410684005
0.6590107675770529
0.2334547813922332
0.6585384067541121
0.659632065503259
0.6589445513530275
0.21937302958776075
0.22054768046588702
0.6600599803002086
0.23472225787783746
0.22267737133941864
0.6564460469144668
0.6601635202860663
0.6603956194389415
0.22733006461844762
0.6587768759611288
0.22224386577189928
0.6564444882105809
0.6584905795932864
0.6555044742109404
0.6549766555303954
0.6604033014055601
0.6593626953001236
0.22286232428106365
0.6555896841812361
0.6530442796478986
0.659632065503259
0.661487377954195
0.23031812921530725
0.24266820843815184
0.22934093454805654
0.22669226555265937
0.23208455841092326
0.24194747063444544
0.6603244158015917
0.6537312771481304
0.2509203710805064
0.22318767334472855
0.6629617381339108
0.6595440463041469
0.6583982486516127
0.6595440463041469
0.6566043045091021
0.6621487344817291
0.66166088399597
0.23426251492585826
0.6579800908963389
0.23893879173436736
0.25340184476212413
0.659392414029267
0.6496472409144
0.6572028259578303
0.660260640750733
0.23899497961350713
0.658900558617055
0.6575863500477479
0.2284844840533331
0.22739328310556953
0.6572028259578303
0.22733006461844762
0.2361008122124204
0.6604565970573669
0.24822059936169658
0.6524068921110352
0.6565463358895415
0.9082694392792209
0.2284844840533331
0.23450393640114436
0.2251679706208885
0.6600408789880523
0.23083663004744248
0.6608420715687379
0.6611771300642206
0.6566768205923363
0.6569571814404938
0.24266820843815184
0.6576429270438657
0.6593626953001236
0.6509486412287884
0.6605098985272682
0.6495357275516369
0.23500206037939025
0.23450393640114436
0.6604033014055601
0.22033380127541333
0.2430075828603411
0.6602997882439949
0.26138434938848604
0.6596379580778724
0.6572580009863642
0.6599881646488639
0.6564413183813973
0.6590758147301451
0.653236714454769
0.6562655403388051
0.23219092209810316
0.967275354064413
0.6552892979146769
0.2453552356394227
0.6596224154551091
0.23133654237750856
0.22267737133941864
0.658900558617055
0.6607614755568927
0.6611771300642206
0.6571776570917042
0.22033380127541333
0.6603600176202666
0.2279550902699381
0.9084276472964418
0.6564444882105809
0.2372799167982246
0.6578964043064749
0.6589445513530275
0.6596392786913878
0.6596392786913878
0.23659493307266377
0.6569571814404938
0.6604565970573669
0.6607614755568927
0.2509203710805064
0.967275354064413
0.65871045650706
0.6640629736507437
0.6599881646488639
0.2210360353679714
0.27218354774603015
0.66166088399597
0.6583982486516127
0.23444547957549666
0.659457677541586
0.22457363816236767
0.2375926619256406
0.6565463358895415
0.2375926619256406
0.23893879173436736
0.23625525684561752
0.9165736003727613
0.24194747063444544
0.9084276472964418
0.6603782639780781
0.22489481466599293
0.25508594410684005
0.6591874440940647
0.24820204335134793
0.6571776570917042
0.6576429270438657
0.6585384067541121
0.27218354774603015
0.6582295393224653
0.2303500460232687
0.23777650683748078
0.6594039844703397
0.658512042456644
0.23219092209810316
0.6590650077384306
0.23302778662397733
0.23472225787783746
0.6609359805061092
0.23083663004744248
0.23302778662397733
0.24202965542005273
0.6613574800860228
0.24190678405235627
0.6568547708722503
0.6597688443180902
0.660847210669365
