0.3582565833021454
0.7397840837870827
0.724375086858731
0.7397840837870827
0.08995679680388291
0.18766033759170966
0.22437964934249818
0.6047858163100683
0.14035452684585453
0.6047858163100683
0.8477856094670776
0.6876507940521062
0.08929479648190407
0.21198123186404283
0.837251237611309
0.2876849775500971
0.6745137401360464
0.4150609650020083
0.8477856094670776
0.08961555392902526
0.6456929469489887
0.13959744082508285
0.105157938079076
0.4187754324904443
0.8639967018647227
0.14437009703932596
0.08961555392902526
0.18766033759170966
0.05542545990323466
0.11496108412722733
0.4844454022018074
0.5022622582221413
0.5316779390491486
0.4187754324904443
0.434962123639398
0.756978202200369
0.18235251631902996
0.7538840053529592
0.7463822657455421
0.2316611391546513
0.09502384389561394
0.07900379124463222
0.28450071043795927
0.8888603536586924
0.3340863753223716
0.3768249440688874
0.9165736003727613
0.8190639983848964
0.5142344791041114
0.6203186170390539
0.657790963132991
0.6511645024152727
0.5433901140093436
0.32971313525041335
0.694366184079133
0.10826904978526282
0.35792239859336356
0.08929479648190407
0.4150609650020083
0.8512444555473506
0.7603317856012763
0.7184969021333196
0.4844454022018074
0.9076515629504491
0.06503405443760217
0.5172721238417491
0.4244653623386446
0.7510938534042553
0.07996900218885442
0.3185903313382399
0.6931148182179069
0.5118717029950115
0.1481352276300723
0.37648007323286553
0.434962123639398
0.9107711841471733
0.6511645024152727
0.11496108412722733
0.7234702564640394
0.6523872960858561
0.40162120341914287
0.33711409697685935
0.6096827168184149
0.2322517237072037
0.6278319130887268
0.13268662909607903
0.693377635838218
0.6677241595909409
0.5947729065339816
0.35265919587102657
0.24552233316213148
0.7359314053067636
0.25765014013245435
0.11434622282527168
0.5433901140093436
0.657790963132991
0.7971776989383683
0.10668321104010364
0.4464782485230272
0.06537907518873906
0.8639967018647227
0.6924415913268874
0.6484580752348705
0.45075592141530874
0.7463822657455421
0.5961094799485023
0.10826904978526282
0.6899025337240463
0.35265919587102657
0.6711189498634936
0.6203186170390539
0.22769274745363835
0.5118717029950115
0.17903843021057309
0.31701577371933237
0.28450071043795927
0.058601537539554806
0.7971776989383683
0.5386280720020098
0.12826357025994659
0.31701577371933237
0.559972187567112
0.5702644540202184
0.7550403741102955
0.8652376734833922
0.5172721238417491
0.35633699560856036
0.8970318896401307
0.35018861661200384
0.6557828108216153
0.18235251631902996
0.13268662909607903
0.7665976086276232
0.7251930776468585
0.694366184079133
0.559972187567112
0.40079130505777727
0.8997611531525783
0.6579332454480269
0.5642653175865195
0.32971313525041335
0.48827379275475147
0.10668321104010364
0.40162120341914287
0.48150286484769517
0.20254079976610465
0.48827379275475147
0.5961094799485023
0.9076515629504491
0.20501118501905785
0.2322517237072037
0.063142812851621
0.6087081181103391
0.22769274745363835
0.8190639983848964
0.22437964934249818
0.5099590071124145
0.6523872960858561
0.37648007323286553
0.7156826104936835
0.7069962224211056
0.5337577286390573
0.8381943640232457
0.5142344791041114
0.24552233316213148
0.1481352276300723
0.7190540005854
0.15772390454158627
0.1471021265703098
0.7234702564640394
0.5099590071124145
0.6924415913268874
0.5642653175865195
0.7989539784173696
0.582174791149971
0.7603317856012763
0.7853740034087251
0.6514568267179555
0.07996900218885442
0.9678208198039915
0.6456929469489887
0.129211490917748
0.48150286484769517
0.17903843021057309
0.33711409697685935
0.724375086858731
0.44764081421762186
0.4216606536605506
0.6400279468333612
0.11436981253434589
0.9561112725936771
0.20254079976610465
0.9107711841471733
0.7510938534042553
0.4244429643812846
0.582174791149971
0.618828273232637
0.5980151453594985
0.8381943640232457
0.09984815531487064
0.7989539784173696
0.6278319130887268
0.5607744394974943
0.1312314366767477
0.9678208198039915
0.6899025337240463
0.6514568267179555
0.7289080824739785
0.129211490917748
0.09984815531487064
0.6804478775939132
0.6484580752348705
0.1387168515116563
0.7853740034087251
0.06503405443760217
0.4010086396257443
0.7374488540048032
0.058601537539554806
0.38120349585053614
0.6064969179638304
0.9165736003727613
0.34290087744356146
0.8831613887806531
0.7156826104936835
0.063142812851621
0.35018861661200384
0.6949043997559528
0.5022622582221413
0.749465271822215
0.7184969021333196
0.7251930776468585
0.3790524712282547
0.6711189498634936
0.08995679680388291
0.3105263653521193
0.6087081181103391
0.9660753294373401
0.15772390454158627
0.8997611531525783
0.4464782485230272
0.11863229412870407
0.7289080824739785
0.3185903313382399
0.054864201312525285
0.3105263653521193
0.44764081421762186
0.34290087744356146
0.9590111858332079
0.33688925791175384
0.5702644540202184
