0.3582565833021454
0.6782160882627595
0.6000883642479876
0.789974847886959
0.07928256468290285
0.3582565833021454
0.08400858714251083
0.5109100837099418
0.14035452684585453
0.6124362784834466
0.8443267633868046
0.6886113388740266
0.04394469121656436
0.3535505553972862
0.8462636831477534
0.2876849775500971
0.6000883642479876
0.4311802004960783
0.8652376734833922
0.02790044220102572
0.5930089186052958
0.08654392995135232
0.14365953602876802
0.4027093022119464
0.8448320149487922
0.16430774808237184
0.14979253439964255
0.14365953602876802
0.06181895487382966
0.06382256033750969
0.4996054528994034
0.48839296346711564
0.5286304957861777
0.514699157494599
0.4379369152353751
0.6779701756201002
0.2461813437307534
0.6925039585840707
0.8717871004089436
0.20649828814397597
0.06594577911882604
0.07900379124463222
0.3778273169956915
0.8888603536586924
0.3340887699922003
0.33384920190420114
0.9165736003727613
0.7932959818210005
0.5995401383397583
0.49860701232183713
0.6782160882627595
0.789974847886959
0.6352430523760966
0.32971313525041335
0.7797029674316365
0.08781396950413428
0.4873626547459448
0.08654392995135232
0.2588590656349292
0.8282387920748647
0.823340062965947
0.6779701756201002
0.5641932607546125
0.9144114440402613
0.08400858714251083
0.44275821489749717
0.4320484324914791
0.7889534588691905
0.09197710584628443
0.27925826408311616
0.7797029674316365
0.5128333222800813
0.21136767175932086
0.37648007323286553
0.44826359361824536
0.8654310957006693
0.7932959818210005
0.08949307408509558
0.7478161599722544
0.7922106522421268
0.3061625900971458
0.33408398065254297
0.6051951675334148
0.23534137205624725
0.5961923711262009
0.12646519383047355
0.5552640721632457
0.6587806457115493
0.5995401383397583
0.2932690438165084
0.2111045259952199
0.6796521583714003
0.25765014013245435
0.08961052845921125
0.4996054528994034
0.6409197889131237
0.7225953827497175
0.09291755940050117
0.6796521583714003
0.08365236807239357
0.8831613887806531
0.6719126237072326
0.6686802490269443
0.48839296346711564
0.6409197889131237
0.5949153757013139
0.07900379124463222
0.5552640721632457
0.4250673589752999
0.6695740061037577
0.5930089186052958
0.24510265356548688
0.5109100837099418
0.08781396950413428
0.31017167030979936
0.2461813437307534
0.043891765801165994
0.8970318896401307
0.635385130430755
0.12585356801739592
0.33408398065254297
0.5813163031322142
0.6278746984710811
0.7900715422386552
0.8652376734833922
0.44275821489749717
0.2876849775500971
0.8970318896401307
0.34063681680753277
0.7132342479393201
0.17509915359270278
0.12646519383047355
0.6278746984710811
0.6988703179178489
0.6348483628053068
0.6492442541638552
0.4080625153109998
0.8997611531525783
0.6400279468333612
0.5616298509997372
0.32971313525041335
0.47482155841094276
0.11494260202386514
0.42443436906363685
0.3995661774709802
0.18597830461822573
0.47482155841094276
0.7210545212029187
0.900891681860637
0.2339256064317028
0.23534137205624725
0.06594577911882604
0.5966161424643194
0.11093146398146958
0.8448320149487922
0.2588590656349292
0.43883076777434715
0.574630085532099
0.37648007323286553
0.7823937494255357
0.7225953827497175
0.5359151157710405
0.8282387920748647
0.42443436906363685
0.2111045259952199
0.11494260202386514
0.6621019201173657
0.054222500020566236
0.24873976987947125
0.785169110696077
0.5791235228889067
0.747725029630325
0.5616298509997372
0.8409297546343701
0.5813163031322142
0.7241362442965162
0.8481499359716266
0.6719126237072326
0.09197710584628443
0.9678208198039915
0.6888862507267232
0.12585356801739592
0.46528315303775925
0.18597830461822573
0.34014181863134707
0.8484134547658672
0.4708162660965991
0.3806715223304413
0.6400279468333612
0.23550936899798422
0.9561112725936771
0.06181895487382966
0.9561112725936771
0.7132342479393201
0.38899812994164473
0.49860701232183713
0.5356047256027424
0.514699157494599
0.8481499359716266
0.14035452684585453
0.7859184430227044
0.7104632092484319
0.5961923711262009
0.047105782305084554
0.9678208198039915
0.6492442541638552
0.7104632092484319
0.738731610631384
0.20657385167001807
0.03192960638003378
0.5791235228889067
0.6686802490269443
0.09291755940050117
0.7922106522421268
0.06382256033750969
0.3995661774709802
0.6925039585840707
0.08949307408509558
0.4733324007392737
0.6064969179638304
0.9165736003727613
0.3435569255558417
0.8831613887806531
0.7104632092484319
0.05681048809742607
0.4733324007392737
0.6124362784834466
0.4379369152353751
0.6886113388740266
0.747725029630325
0.8409297546343701
0.3790524712282547
0.7889534588691905
0.04394469121656436
0.21136767175932086
0.6888862507267232
0.9660753294373401
0.25765014013245435
0.8997611531525783
0.3760151684170862
0.05128628363918242
0.8711417472440336
0.27925826408311616
0.054211908566054415
0.3535505553972862
0.4311802004960783
0.3435569255558417
0.9590111858332079
0.3760151684170862
0.5359151157710405
