0.3582565833021454
0.7129705589465423
0.724375086858731
0.7842561012311412
0.08487671592348003
0.2316611391546513
0.22437964934249818
0.6066555167365957
0.14035452684585453
0.602916115883541
0.8443267633868046
0.6876507940521062
0.08929479648190407
0.21198123186404283
0.837251237611309
0.2876849775500971
0.6745137401360464
0.4150609650020083
0.8512444555473506
0.08961555392902526
0.6456929469489887
0.13959744082508285
0.14437009703932596
0.4187754324904443
0.8639967018647227
0.14437009703932596
0.08961555392902526
0.14365953602876802
0.05542545990323466
0.16306389048896675
0.4844454022018074
0.5022622582221413
0.5316779390491486
0.4187754324904443
0.434962123639398
0.756978202200369
0.18235251631902996
0.7538840053529592
0.7999125308934886
0.2316611391546513
0.06594577911882604
0.07900379124463222
0.34394253975395317
0.8888603536586924
0.3340863753223716
0.3549321851606437
0.9165736003727613
0.8190639983848964
0.5142344791041114
0.6557828108216153
0.657648680817955
0.7192957256628176
0.5433901140093436
0.32971313525041335
0.7538840053529592
0.13753430832589342
0.35792239859336356
0.08929479648190407
0.4150609650020083
0.8512444555473506
0.7603317856012763
0.7184969021333196
0.4844454022018074
0.9076515629504491
0.06503405443760217
0.5172721238417491
0.4244429643812846
0.7510938534042553
0.07996900218885442
0.3185903313382399
0.6928520005975958
0.5118717029950115
0.21136767175932086
0.37648007323286553
0.434962123639398
0.9107711841471733
0.6949043997559528
0.09120531674279837
0.7664926353341657
0.6523872960858561
0.4043282330712066
0.33711409697685935
0.6096827168184149
0.22505888112196534
0.6278319130887268
0.13414182151541038
0.7192957256628176
0.6677241595909409
0.6046913898114707
0.35553218195621966
0.1471021265703098
0.7359314053067636
0.25765014013245435
0.11434622282527168
0.5433901140093436
0.6579332454480269
0.7971776989383683
0.10668321104010364
0.5161315529771671
0.06537907518873906
0.8639967018647227
0.6719126237072326
0.6484580752348705
0.45075592141530874
0.6928520005975958
0.5733906866643674
0.07900379124463222
0.640014692271284
0.34978620978583347
0.6677241595909409
0.5848544232564925
0.3119037219574936
0.5118717029950115
0.2394445662924421
0.31701577371933237
0.22505888112196534
0.043891765801165994
0.7971776989383683
0.5164817045065252
0.12826357025994659
0.31701577371933237
0.5813163031322142
0.6046913898114707
0.7550403741102955
0.8652376734833922
0.5172721238417491
0.2876849775500971
0.8970318896401307
0.3440402376154473
0.6557828108216153
0.18235251631902996
0.1970837981647563
0.7489391160241052
0.7251930776468585
0.6348483628053068
0.5607744394974943
0.40057397048981025
0.8997611531525783
0.6579332454480269
0.5316779390491486
0.32971313525041335
0.48827379275475147
0.10668321104010364
0.40057397048981025
0.5733906866643674
0.20254079976610465
0.48827379275475147
0.6066555167365957
0.9076515629504491
0.20501118501905785
0.2394445662924421
0.0607311365889111
0.6236696046963981
0.1434817729497831
0.8190639983848964
0.22437964934249818
0.5099590071124145
0.6523872960858561
0.37648007323286553
0.7156826104936835
0.7069962224211056
0.535837518228966
0.8282387920748647
0.5142344791041114
0.34394253975395317
0.08492885107816742
0.7190540005854
0.057797668950718195
0.1471021265703098
0.7664926353341657
0.5099590071124145
0.7129705589465423
0.5848544232564925
0.7989539784173696
0.5813163031322142
0.7603317856012763
0.7853740034087251
0.6719126237072326
0.07996900218885442
0.9678208198039915
0.6456929469489887
0.129211490917748
0.3896150430310229
0.11863229412870407
0.33711409697685935
0.724375086858731
0.4708162660965991
0.4216606536605506
0.6400279468333612
0.11436981253434589
0.9561112725936771
0.20254079976610465
0.9107711841471733
0.7510938534042553
0.4244429643812846
0.49860701232183713
0.6310010297286783
0.5980151453594985
0.8481499359716266
0.13414182151541038
0.7989539784173696
0.6278319130887268
0.5607744394974943
0.06537907518873906
0.9678208198039915
0.6866902492301857
0.6310010297286783
0.7083508931257421
0.129211490917748
0.07331130927794362
0.5944031198536608
0.6484580752348705
0.11436981253434589
0.7853740034087251
0.06503405443760217
0.3995661774709802
0.7374488540048032
0.07331130927794362
0.4249890136670236
0.6064969179638304
0.9165736003727613
0.3360155451012894
0.8831613887806531
0.7156826104936835
0.057797668950718195
0.4249890136670236
0.6949043997559528
0.5022622582221413
0.7190540005854
0.7184969021333196
0.7251930776468585
0.3790524712282547
0.6745137401360464
0.08487671592348003
0.33688925791175384
0.5937466315242801
0.9660753294373401
0.25765014013245435
0.8997611531525783
0.3549321851606437
0.11863229412870407
0.7798765430590301
0.3185903313382399
0.054864201312525285
0.28416347279248483
0.4244877602960046
0.34978620978583347
0.9590111858332079
0.33688925791175384
0.535837518228966
