0.9996246030333253
0.9997688587983063
0.9998358064598152
0.9998737682175838
0.9998267579104071
0.9994922461948816
0.9998910306305809
0.9998143021842147
0.9997644027646945
0.9998029352269848
0.999798178468545
0.9997959175003152
0.9996099545295505
0.9998531543640264
0.9997197101727863
0.9998385584070436
0.9997561446719193
0.9997545417407482
0.9997240112675149
0.9997307680605837
0.9998137002930928
0.9997827929922734
0.9998108410544383
0.9997812653437755
0.9998475587093559
0.9998412441056932
0.999801335037657
0.9998101160098851
0.9997504518398495
0.9997874366175873
0.9997286810003807
0.9997850991809846
0.9997155431102656
0.9998283437878306
0.9998235028691546
0.999856019930192
0.9998557974615696
0.9997644498935757
0.9997351254131238
0.9997487236798809
0.9998355082841728
0.9997829732963733
0.9997177678705961
0.9994450387988759
0.9998259741954
0.9997962374054904
0.999697432547435
0.9998049562152221
0.9997533475837822
0.9998310943696649
0.9992852342573201
0.9997854781648123
0.9998198594089447
0.9998711135296213
0.9998661427154446
0.9996649300239776
0.9997864393545293
0.9998263960461496
0.9995870660230284
0.9998694544059242
0.9997582997178568
0.9998448788340851
0.9997178761552027
0.9995267830789392
0.9997809612613554
0.9995502496427536
0.9997674823621737
0.9998583392674244
0.9998021423691633
0.9995102005847197
0.9998120347456881
0.9997878779541717
0.999721661532205
0.9997939052240923
0.9996914064235546
0.9997836245592086
0.9998628956628364
0.9998261100655781
0.9997831816356033
0.9998084615883771
0.9998389157905379
0.9998041213717557
0.9998020855519836
0.9998651778142432
0.999848175074455
0.9997305730458868
0.999834320997252
0.9997624695668298
0.9998632543040921
0.9998636348489759
0.9995144614522947
0.9997734313081473
0.9998466177322429
0.9997721848106589
0.9998215163690508
0.999594404175288
0.9997503302527895
0.999818630579925
0.9998148411644903
0.999724740412816
0.9998087863776369
0.999759195864898
0.9996636540012808
0.9998053634900745
0.9998184343999258
0.9997982150776292
0.9997626669631231
0.9995715793156422
0.9998135610955113
0.9997218020623689
0.9993073934029452
0.9998018593318505
0.9998053298364784
0.99968524012433
0.9998432002805272
0.9991470335619055
0.9998134578576272
0.999744004027004
0.9997443205432089
0.9998442176890845
0.9997489466246934
0.9996105222279249
0.9994590298205704
0.9998324746746562
0.9993068119715659
0.9995145798846039
0.9997935553519636
0.9997597517896532
0.9997742349338019
0.999422033232789
0.9997992725639444
0.9998015558056574
0.9996887120961175
0.9998130637764824
0.9997311529373235
0.999862327540481
0.9998185605650595
0.9998985537757406
0.9998736777420445
0.9998152497968507
0.9998071929149964
0.9997931415516104
0.9998612364061892
0.9997347649725803
0.9996056432357332
0.9996561410209842
0.9997385757111581
0.9994583596974874
0.9998740762680608
0.9997187743547135
0.9991289103319573
0.9997332952939317
0.9998508973353688
0.9997957236210198
0.9998139482777147
0.9998060379177919
0.9997730239880062
0.9996548818203366
0.9996454462463717
0.9998359226860435
0.9996534266257762
0.999874373252787
0.9998733850229338
0.9995981452743578
0.9996419636862904
0.9998397012401916
0.9997616139826622
0.999848080138615
0.9998602266650878
0.9998330307190264
0.9998354981053775
0.9998242307918976
0.999842848384837
0.9998362557507046
0.9995040614135329
0.9995686560974918
0.9998189100152705
0.9997103843219938
0.9998694653664156
0.9996412814931652
0.9997622843318941
0.9997722774233405
0.9998263217492886
0.9998206181130287
0.9998267656601432
0.9997818549634688
0.9997432013957667
0.9996640759667622
0.9997639222031972
0.9998052403104516
0.9997203583490583
0.9998212595453703
0.999827378545817
0.9997819679546929
0.9997693453789366
0.999358735043858
0.9995706253566833
0.9998309929091533
0.9998443098371428
0.9994964746662611
0.9995464533375236
0.9997298156524735
0.9997527099043036
0.9997115121859338
0.9997756128809614
0.9996519343134876
0.999753290067406
0.999670132377676
0.9992992765706417
0.9997964495081819
0.9996738934749473
0.9998317712205195
0.9995890445343136
0.9997672956679736
0.9998402794591514
0.9997384303115322
0.9987989611854349
0.9998470918135239
0.9997262541516064
0.9998126301993637
0.9997989674588628
0.9998734649418071
0.9998118528046968
0.9997926287187535
0.9997864016369967
0.9997080506264372
0.9997931641122993
0.999853045457674
0.9996852013479305
0.9998057507675779
0.9998557813709733
0.999591500372799
0.9998574462774503
0.9997288528207363
0.9998090362879226
0.9996934929584869
0.9997777905596251
0.9993834035102045
0.9993172266322489
0.999672681724138
0.9997842086483302
0.9992482089635586
0.9989091268496741
0.9998022993546556
0.9997382999928315
0.99984783877908
0.9997292611972323
0.9997144793593207
0.9997327676149755
0.9998337127472413
