0.272161409601164
0.27216404746392825
0.272111386218801
0.27242619331374723
0.2722495881097568
0.2723066709048565
0.2723111385658175
0.2722446723546954
0.27216404746392825
0.2721742486855947
0.2721753519797815
0.27232436139800315
0.27222256439676756
0.27225629823025144
0.2720722345656483
0.272358568546637
0.2722466111723825
0.27220128307212627
0.27230197997944344
0.27222256439676756
0.2723320995159847
0.27234948962657907
0.2723066709048565
0.2724560631296284
0.2721742486855947
0.2723036541808326
0.2723709548650734
0.2723225633756137
0.27230197997944344
0.27221756725303603
0.2722749983207777
0.2723078106930246
0.27247321800296787
0.27227656343084283
0.27224063119605285
0.2722031139820003
0.272161409601164
0.2723967014685414
0.27236029680481916
0.2722493286343892
0.27232436139800315
0.2722307731443548
0.2722961264984522
0.2722856307255039
0.2722746982368549
0.27227894496746546
0.2722778800689805
0.27234948962657907
0.2721728478758818
0.272297916001142
0.2722959135933149
0.2722778800689805
0.27223395091345853
0.27173884842615104
0.2722042677478187
0.27219353956457965
0.27235088592575846
0.27317257213208485
0.2722636483856042
0.2722686737088272
0.2723045287999098
0.27232436139800315
0.2722446723546954
0.272370482253464
0.27224291144819207
0.272298382138396
0.27252055521377455
0.27224978577630554
0.2719122146435573
0.272298382138396
0.2722934796323742
0.27220128307212627
0.2722981011806902
0.2723234561917898
0.2724015194934178
0.27139399301760553
0.27213454459694997
0.27224063119605285
0.2724375669726217
0.2720578861513038
0.2723215719924041
0.2722784626772006
0.27242400838049957
0.2723709548650734
0.2724560631296284
0.2708793774061754
0.2721843380994795
0.2709312869165359
0.27202062434622065
0.2721843380994795
0.27222256439676756
0.27221756725303603
0.2712843043327389
0.2724080825484496
0.2722307731443548
0.27229123537107053
0.2722466111723825
0.27201047173568466
0.2722990099733158
0.2718933660722767
0.2722784626772006
0.27223395091345853
0.2723077953581445
0.27202943518288175
0.27195178153983807
0.2722049542396868
0.27226856419059714
0.27225101944339375
0.2720389148674169
0.2726643914935684
0.2722959135933149
0.27222106261260026
0.27225762132346665
0.2723215408353466
0.2723152527273729
0.27231695168621484
0.2723050514316412
0.27226693857423223
0.27228821801080916
0.27227656343084283
0.27229186356778623
0.2725240851239408
0.2723103230444763
0.27226693857423223
0.2721795557940758
0.27237640928949
0.27238921064080884
0.27230357638867253
0.2723320995159847
0.27235088592575846
0.2724902627166364
0.27242269982238554
0.2723077953581445
0.2719662876186717
0.2721809773166502
0.27146121126363804
0.2723062348179564
0.27192862600561085
0.27222058863857224
0.27230885155233814
0.2722756539737786
0.27222023543465373
0.2723086590188282
0.2723225633756137
0.2723316631335153
0.27227894496746546
0.272298382138396
0.2723225633756137
0.27220128307212627
0.2722986953613417
0.2721809773166502
0.27229186356778623
0.2722446723546954
0.2731615900680179
0.2724677199564041
0.27228463548820064
0.2719815926089105
0.2722642087022307
0.272283153089646
0.2721705068846605
0.2722355792817815
0.27235962370564365
0.2721742486855947
0.272283153089646
0.2723111385658175
0.2721753519797815
0.27230197997944344
0.27226707866000965
0.27233708994650047
0.2719738519678734
0.27225022005167954
0.27196736578871805
0.2723010469735893
0.27224291144819207
0.2723972346019463
0.27222852663640446
0.272111386218801
0.27224584364104204
0.2723937438145509
0.27192862600561085
0.2717169936230228
0.2723888758539761
0.2723036541808326
0.2722404615611884
0.27223395091345853
0.27229123537107053
0.2719122146435573
0.27226856419059714
0.2725241667116023
0.2720969120355118
0.27237640928949
0.27235088592575846
0.27181395821155846
0.27227218913789675
0.2722497738355922
0.2722797071597436
0.2721900362155367
0.27229534780864056
0.2722990099733158
0.27196736578871805
0.27219403706884826
0.2723320995159847
0.2722330003404328
0.2723126554363652
0.2722330003404328
0.272111386218801
0.2720969120355118
0.27224516026911033
0.2720722345656483
0.272319706521279
0.2725869375298317
0.27219403706884826
0.2720389148674169
0.27244496181169264
0.27242400838049957
0.27235835964364946
0.2721728478758818
0.2720722345656483
0.272161409601164
0.27222058863857224
0.27239669389054977
0.2721662102572552
0.27219206620396963
0.2721753519797815
0.2723967014685414
0.27233708994650047
0.2721662102572552
0.2703783641187493
0.2726643914935684
0.27234948962657907
0.27262071760013795
0.27222106261260026
0.2723709548650734
0.27249682258130986
0.27227698800837347
0.2722183758307613
0.2723111385658175
0.27227894496746546
0.2722749983207777
0.27274866062917075
0.2723215719924041
0.2722746982368549
0.27227698800837347
0.2723066709048565
0.2723078106930246
0.2666643253977664
0.27225022005167954
0.2723967014685414
0.27241384909299815
0.2722495881097568
