0.019478285405774794
0.4375407442081504
0.6056794000988829
0.21245694824697142
0.3681253137138017
0.1033361038730208
0.09666138007478506
0.4400513474847501
0.6119739207663453
-0.12367605439446845
0.1365718256440808
0.489191971844767
0.035640410404127555
0.30705054780281055
0.419596245957111
0.3240573174426797
0.436592350760039
0.42658386712629964
0.22050448924824398
0.4553977318913217
0.3325831906255402
0.42865438325380145
-0.00619098582468455
0.4794962352667465
0.5180672419806102
0.32740706978801626
0.14792530046845467
0.43028549570590124
0.49134506481237394
0.39814753769512556
0.45374454523671615
0.6130732262682237
0.2840042599618202
0.12119020020643224
0.3992588562208727
0.20968400609736704
0.34261473796454667
0.30466102424274716
0.5133606563108322
0.35215401566657173
0.3706652549989779
-0.3116493767460104
0.10378188112376764
0.043229150739641634
0.25343197907929144
0.6005811616648811
0.45958828654696193
0.35844564757654757
0.2990561850952571
0.18283667765034886
-0.029321658321499203
0.060307281476697026
0.49164899681777496
0.4767615644795679
-0.015380259324962777
0.5002381107494008
0.7228119659231833
-0.07164448176019768
0.2796841888492928
0.4889252869700919
0.32315996138164216
-0.1403878896551499
0.1637222988266965
0.38529502989193715
0.07364339098200486
0.3102233928364482
0.3686579986966881
0.49651340036160746
0.04167312392978931
0.14226417166262595
0.4593343524713599
-0.14101158138349904
0.2661989830219506
0.4586190913411595
0.4328811132401982
0.33313558541758587
-0.16271469081969206
0.2878862428391283
0.2277251233434743
0.34549238847608954
0.14031942044846535
0.6434734349292102
0.39190366204075516
0.4849417636590852
0.38727579555111874
-0.07162972798034446
0.41980491194857145
0.4379305231632493
0.020617376856362855
0.3682170483159462
0.21760297497350434
0.41318407883365665
-0.0558860764421419
0.43825325666332327
0.23799310726726738
0.5918801763525423
0.2683466620316016
-0.2623695782825412
-0.01941534539143352
0.48584446685345395
0.3383143078487494
0.05871547575631202
0.4537970613737089
0.45594195683713196
0.4892339318318418
0.4509675373593328
0.5428896765805153
0.46000686411104785
0.5022745666270526
0.34067964704055503
0.5227656366463795
0.32096660810785144
0.31216348016988377
0.39219026166823756
0.04893571282490298
0.16612274735125224
0.5490649330775362
-0.0012937501100704278
-0.031391019820189534
0.4445811340979288
0.4445258001348632
0.15556881438458509
-0.10973571487584372
0.3841838886144802
0.0768504933283709
0.49982014099647876
0.5311061141335973
-0.1300085338882397
0.11477208939015032
0.49184741849671215
0.2306154088500766
0.3558279343287612
0.4948816431116058
0.509121809072018
-0.061283830155169944
0.40637221047818756
0.19980160996176308
0.4907575553752289
0.08090695436358793
0.41330419510759836
0.04421705221864388
0.15084016819068127
0.4552227723434156
0.014710271119223225
-0.19800418670418757
0.5117297121101313
0.3585875967459758
-0.17923093736142726
0.37041909753748437
0.08357092947939798
0.5244080349355406
0.11182008754770129
-0.04146390395536398
-0.03391271818362736
0.5448981299719997
0.14241199519705208
-0.11294722090362913
0.4242916961320785
0.2579203703060833
0.4770068830906685
0.5243102048326399
0.05986226065211072
0.4061613857624134
0.22948155171177262
0.548741796766934
0.16080437578277793
-0.06315853363724085
0.44901982918370087
0.37753341296672277
0.4462273298688836
-0.0551373393558403
0.08507099048297895
-0.22108451773122173
0.16157904269211634
0.4263683838714402
0.06263610251503197
0.4720813475953818
0.25421376288867176
0.3971927712870609
0.10692142232739595
0.556872491849719
0.06768376584616143
0.271291676010972
0.40329028696972635
0.41235151159758654
0.4253230565567877
-0.07984788771217939
0.42462735160061205
-0.08681091669605574
0.3721879997150007
0.00551986025605364
0.38668758073952747
-0.004684960992078093
-0.0651885785589654
-0.1410984223383683
0.33663992620084005
-0.0034715970176764583
0.32060210023994806
0.04005571693373477
0.30732527834923695
-0.10820687945564349
0.41778680133937485
0.08573372680761158
0.40798308074768797
0.03272351184491969
0.4041446639847449
0.07656535744274437
0.04659591923050096
-0.04802090105739611
0.26058828001581646
0.13266435260666645
0.040502841075483687
0.2694924996344163
0.43786056168121584
-0.06391640536422645
0.42121152005269896
0.35628036440749233
0.18484436505012633
0.2215503825027605
0.4999733808701313
0.07048687848776611
0.3363763695765214
0.016747711207055545
0.3722774614496258
0.12600505012430246
0.09907208109672552
-0.18127049142329943
0.42283331071833863
0.5626372091959518
0.30920804489727366
0.5602496526120855
-0.13062222948107258
0.050135499215028176
0.2924102553399233
0.3251641570040115
0.43122679931290636
-0.0451992715203201
0.44114430754583694
0.1322166698274475
0.29998442789736895
0.2067021064928333
0.4207750283488819
0.14136994405862305
0.24610352818311107
0.3036489707777339
0.16685141886951754
0.39443540532301524
0.0834822250342061
0.36739514497504355
0.013598086532505523
