0.04588049196263033
0.4098886106249059
0.2303993325957392
0.713254842615656
0.20933357778139794
0.22140173807716512
0.10038128015409775
0.867081779880255
0.8495676629358847
0.9885444834669526
0.6532558246160272
0.19136470760998414
0.12105046462969504
0.6826594908640736
0.6054008524215794
0.7233301224351306
0.4500733722306315
0.002882031701933463
0.7376430742516483
0.3345862867039715
0.055885526921930495
0.48106494952509005
0.2133449484999822
0.05497088654065696
0.6156432981229998
0.8677140320192362
0.505170664295917
0.28144366314002567
0.5953865126088226
0.18712191799120814
0.15621518255253142
0.07880880500919474
0.6327329169594426
0.8081793556036474
0.0475789381496492
0.04561214821645054
0.10834653380207737
0.4979710098381662
0.5425153874625706
0.44470561187677515
0.5519608939351898
0.9627781899528141
0.42775140229325903
0.09836613429510777
0.5737094089791106
0.19631667280887344
0.2414721034502607
0.03846595771028538
0.804108214028584
0.1434952412856536
0.09151739309228957
0.21784768970460244
0.08032999545909458
0.19971136488226437
0.6955910309147064
0.5719458202370823
0.46800745145498557
0.9932305626723432
0.943167118399422
0.31472858875466025
0.566507043174676
0.9145610831156296
0.6627085285546069
0.519215467798607
0.9021206418150871
0.5235531090999622
0.35274364850145745
0.5355992371925937
0.823028549872787
0.5445291699237405
0.05156355261723555
0.9392484465325164
0.4795322067806803
0.28589561757741844
0.10625582854373827
0.890013501158428
0.002796094060050547
0.7554713759514696
0.30316908455808567
0.11335025383598918
0.3764726857749159
0.022014359493813807
0.3671588636070734
0.21913919589033282
0.665675619825107
0.9554850324441424
0.3339952810611593
0.012117149070685174
0.32527937092972126
0.05605800122903282
0.05464153540963246
0.018982054580389485
0.6614411403485264
0.34651864402831534
0.013420535865881433
0.8241172083813244
0.3744963680590473
0.9820855648025837
0.8151377428971134
0.055042554998187776
0.4054832209713678
0.08204468961630018
0.9086765828946362
0.746562464546902
0.9331646788121387
0.25618416026783974
0.6371934687096608
0.1631328703040854
0.3355648512499434
0.4631435867604172
0.2931406800648003
0.4644343711566574
0.3578955298826293
0.4032850942469677
0.9401822946984907
0.6349818846952019
0.1655913638951847
0.3571133827845805
0.5631477164076876
0.8996831698931965
0.3150749128961128
0.8022598175144734
0.9900242013230803
0.10431130015546608
0.7124715734797029
0.38600748947562336
0.4553718618924072
0.9653762284560258
0.6149855286978873
0.876633706080401
0.4994390026420904
0.012104799779328435
0.17558303273211007
0.20994638954891387
0.9601859827797896
0.19395578945087089
0.6228035066435147
0.14004045488007688
0.04324315984785021
0.4168987670885228
0.7344323677465469
0.04472653020736139
0.5589871903166761
0.5834529466288861
0.9421369005286588
0.5177040259971011
0.32843811513138266
0.05280971141969226
0.30171719229481364
0.812877488502102
0.23174151806494492
0.0601690755861799
0.6377425914542324
0.7356963730772178
0.3508781704338445
0.6473634627046917
0.9620831235461075
0.19400694177223898
0.2437181391041532
0.6936395025717259
0.14192948871959477
0.5202639389683542
0.6718573770980163
0.20830614200066233
0.1484294550783154
0.628825637468583
0.9438508957425222
0.3388746990480881
0.28596055987587776
0.06339075391225724
0.807439399501102
0.5359100846292547
0.9342683759504284
0.8045537945258617
0.8526733777839972
0.9900489796806871
0.46964493659889006
0.31741608458866455
0.08588111509111174
0.46745684421200195
0.2835437380199819
0.07314988995352567
0.9823317502684983
0.3816913986425201
0.06271384400009361
0.2082643340594852
0.8352665867307179
0.28573607492357134
0.9333419011552253
0.7992506806135511
0.7563175974530424
0.6264088572518048
0.8310652496791795
0.9291356792032134
0.9684890184034449
0.24637558655046532
0.8127996470451172
0.3199969502924588
0.6238317790303746
0.2803998614258595
0.5156415526881515
0.16988895053056619
0.5926030578177139
0.1574142953782378
0.9785250559590021
0.12349909888747046
0.5973661565710734
0.6258529589061383
0.7285900307534904
0.6810588496547288
0.6020656080868184
0.29886849967019413
0.772216045409433
0.2115109907433208
0.832583974459832
0.3118125187494435
0.2908677620621727
0.32601816082537627
0.22981672055715463
0.8957276752352756
0.3523595733828724
0.41113481333635815
0.5044417459996051
0.2754164654762695
0.7435673585010849
0.18083851562063502
0.9327201866911554
0.5583523150588133
0.35022240066259647
0.2277938727672264
0.4246041690168697
0.8465333262297174
0.6675948273696979
0.30540574365990714
0.7052423937261512
0.8814741005051843
0.8996269144319773
0.5003317773309289
0.4708044594815909
0.46568057262717577
0.34328759985421764
0.2764812563103095
0.5849171796767547
0.6463742447546668
0.2466467900958177
0.4922582876547672
0.3410751970451673
0.3642041947905704
0.6064464867329998
0.740585301064977
