0.7741799849948509
0.7746509029653669
0.7746509029653669
0.7745919326573336
0.7747682187069236
0.7745198877139425
0.7744719403593899
0.7748060369134073
0.7746509029653669
0.7747868016799372
0.7746414653391316
0.7745643600296126
0.7746149288962982
0.7747600935431609
0.7745645358162854
0.7745241495050684
0.7747250031667797
0.7748928748543368
0.7745873878512838
0.7741894626502916
0.7745326572119037
0.7745777551138832
0.7747781175833738
0.7747996588027984
0.7749449273393644
0.7747972940687968
0.7746402571348443
0.7746712615763941
0.774368473763881
0.7751991635146891
0.7746664788097853
0.7743526586912098
0.7749711433314825
0.7748950229673007
0.7748102449687706
0.7742368859901182
0.7746414653391316
0.7748664604261446
0.7762005723533457
0.7746146087314861
0.7743929304476183
0.7747434559021026
0.7742368859901182
0.7746996403387806
0.774384166006278
0.7749449273393644
0.7745777551138832
0.7748080678984098
0.7748473540137971
0.7745676139778341
0.7748664604261446
0.7746958500742922
0.7746665977909606
0.7746338006008244
0.7747250031667797
0.7747600935431609
0.7747615388481002
0.774384166006278
0.7743526586912098
0.7746051129200606
0.7746983091981413
0.7746338006008244
0.7743560629969454
0.7733988837892791
0.7746658333268231
0.7739947550400567
0.7747868016799372
0.7750350072679008
0.7744578658416857
0.7743746066574849
0.7748219633070158
0.7747417251338847
0.7747495861177072
0.774356345200754
0.7741894626502916
0.7747250031667797
0.7744485224682216
0.7748577811607656
0.7748193281953459
0.7745208874949706
0.7745241495050684
0.7746752553513353
0.7749449273393644
0.7742224187942061
0.7746572998184654
0.7744975902133369
0.7746460174456198
0.7744255582375098
0.7748060369134073
0.7743484508285859
0.7746802101192065
0.7746894431598651
0.7748060369134073
0.7744255582375098
0.7745198877139425
0.7747036821606369
0.7746664788097853
0.7743540962303846
0.7749711433314825
0.7748102449687706
0.7748080678984098
0.774368473763881
0.7746021085111013
0.7746546038651245
0.7745873878512838
0.774967706779054
0.7745676139778341
0.7727392551107698
0.7747496784536962
0.7748664604261446
0.7747972940687968
0.7747417251338847
0.7747749368834324
0.7744349609327834
0.7746948452658908
0.7746664788097853
0.7744069832136691
0.7746658333268231
0.774324484517558
0.774594564258151
0.7746802101192065
0.7745857969296904
0.7749586995559167
0.7750206112853216
0.7756350422131897
0.7752054365621045
0.775030027346372
0.7743526586912098
0.7754245156952978
0.7744383682475805
0.7748406179648478
0.7747781175833738
0.7746712615763941
0.7748928748543368
0.7746149288962982
0.7743929304476183
0.7759261758937669
0.7746150794455756
0.7747781175833738
0.7748319355543568
0.7747142588540478
0.774356345200754
0.7748947272937725
0.7746146087314861
0.7748327752652678
0.7744941333937719
0.7742516364233994
0.774692729037556
0.774888961228755
0.7750984558745365
0.7750125146325106
0.7746546038651245
0.7749568880689875
0.774893640766856
0.7748517997708295
0.7748730102072047
0.7747857728807815
0.7747996588027984
0.7744192104998492
0.7746924606206171
0.7746704353924283
0.7747473174911906
0.7746460174456198
0.7748777126692722
0.7749539731087995
0.7745301969253537
0.7747783119432986
0.7746983091981413
0.7746712615763941
0.7745193409238222
0.7747682187069236
0.7745643600296126
0.7745777551138832
0.7746958500742922
0.7745803724839947
0.7743022050902305
0.7745919326573336
0.774439916502801
0.7744873320768252
0.7749608982050534
0.7748049755922777
0.7747648877764698
0.7741829365006829
0.7744485224682216
0.7751454491294655
0.7735714457765205
0.7849260516439404
0.7744069832136691
0.7746760753650638
0.7744719403593899
0.7745676139778341
0.7745326572119037
0.774384166006278
0.774710088434921
0.7745615162215366
0.7730474432999355
0.7792389259974898
0.775029795351041
0.7738825357857734
0.7745643600296126
0.774682992403945
0.7746051129200606
0.775030027346372
0.7747857728807815
0.7745089616033151
0.7749591174501805
0.7751647011591548
0.7747682187069236
0.7741236554374086
0.7747868016799372
0.7745645358162854
0.7747790102015545
0.7743983798369088
0.7740987868380116
0.7748407752463399
0.7749082480368584
0.7747191311705134
0.7747907269567165
0.7750350622800596
0.7746840267268952
0.7747615388481002
0.7744861755927985
0.7751991635146891
0.7748950229673007
0.7746149288962982
0.7746402571348443
0.774657840166991
0.7746283143925777
0.7745919326573336
0.7741236554374086
0.7748230947905653
0.7750722323209986
0.7746027209376894
0.7751456259416941
0.774545711394176
0.7734105922082605
0.7748577811607656
0.7740987868380116
0.7745193409238222
0.7745873878512838
0.7746306440757823
0.7724098323203537
0.7744383682475805
0.7746967800985103
0.7747972940687968
0.7749586995559167
0.7744578658416857
0.7746665977909606
0.7760936036902367
0.774494932677641
