0.7028413487452824
0.7206022539580744
0.7193864326867141
0.7186259618504617
0.715798852312188
0.7172296364509364
0.7172296364509364
0.7205764710456464
0.7155875035318454
0.7227168046474364
0.7198430407136515
0.7184678157452002
0.7190167588741431
0.721525416071786
0.7177395329761705
0.7239585457025429
0.7184678157452002
0.7199501782500782
0.7176363253642881
0.7152759988646277
0.7180227447190771
0.7196881885349633
0.7212285021835322
0.718153793899153
0.7221635916358661
0.7179706977372642
0.7183463523661876
0.7198430407136515
0.7187129161739542
0.7190167588741431
0.7191952370881838
0.7160548286891476
0.7191952370881838
0.7255661574770084
0.7185410601327304
0.7161157944984596
0.7175904999760498
0.7178218085640152
0.7206022539580744
0.7206069345097638
0.7175904999760498
0.7189465348735071
0.721951734481549
0.7193494684251158
0.7180606359872064
0.7195499840140788
0.7227168046474364
0.7197397397751106
0.7207861724778756
0.7186259618504617
0.717066622461321
0.721951734481549
0.7185410601327304
0.7028413487452824
0.7209339544500718
0.7185410601327304
0.7157464049057897
0.7183425306623219
0.7205019744510688
0.7197585646013263
0.7172296364509364
0.7191952370881838
0.7176805719841051
0.7028914614757347
0.7180227447190771
0.7384909894526426
0.7116112201537179
0.717462928544808
0.7158659901279946
0.7146039569539346
0.7220960238317501
0.709522598464387
0.7200414173075896
0.719464609101339
0.7205019744510688
0.720474926922765
0.718687328059378
0.7216025781162337
0.718153793899153
0.7179573511090611
0.7227168046474364
0.7580932309004924
0.7180507952250471
0.7157464049057897
0.7180250268980628
0.7196638515835416
0.7255045518921714
0.7221635916358661
0.7164614688697372
0.42307580727018246
0.7186735100014304
0.7190167588741431
0.7179464393844684
0.7184080394857587
0.7255661574770084
0.7238991747986802
0.7160548286891476
0.7122491556339544
0.7203449699337984
0.7205764710456464
0.7195124047365802
0.7194692753236457
0.7142370479970915
0.7205764710456464
0.7164676920818912
0.7201409969401871
0.7162105128662812
0.7300711963567443
0.712817002368459
0.7186891493026603
0.7206370864250059
0.7178882560645362
0.7192396315525524
0.7103171322388199
0.7195110279193564
0.7160548286891476
0.7286020845300899
0.7193494684251158
0.7196638515835416
0.720474926922765
0.7184080394857587
0.7194014032649906
0.7179806562268735
0.7181007055136132
0.7184940753290731
0.7206370864250059
0.7455025959344366
0.7196664163576996
0.7194895754687766
0.7184895902391975
0.7210696793395895
0.7143340206476467
0.717066622461321
0.717732484447527
0.7144789940211916
0.7177395329761705
0.7116112201537179
0.7186806944281879
0.7189486816352622
0.7178882560645362
0.7200167624242612
0.7191424011109914
0.7174539817767647
0.7144708704387434
0.7186259618504617
0.7193864326867141
0.7185783848603969
0.7155875035318454
0.7173725405494421
0.7196664163576996
0.7182530628324186
0.7191528036640192
0.7192396315525524
0.7212285021835322
0.7193864326867141
0.7180606359872064
0.7185010854624597
0.7192646691745713
0.7155875035318454
0.7197260046720869
0.7180507952250471
0.7140629179504004
0.7185010854624597
0.7046340464232035
0.7231246013268234
0.7162315796464621
0.7156786617237268
0.7199501782500782
0.7154535392990624
0.7143959941812357
0.719871631129725
0.7184678157452002
0.7216506020400733
0.727749102964047
0.718586473314209
0.7176151439549372
0.7206022539580744
0.7171910496793537
0.7180227447190771
0.7184287897167536
0.7161702226620886
0.721525416071786
0.7180062706946034
0.7195499840140788
0.715798852312188
0.7209965886894438
0.7183463523661876
0.7168905845818229
0.7213739391158485
0.718687328059378
0.7177428030019051
0.7196223227010696
0.7179009553834503
0.7184895902391975
0.7171910496793537
0.7198624882379843
0.7188458391178266
0.7196881885349633
0.6729997841039217
0.7185191039132622
0.7187260483515727
0.7238991747986802
0.7220692635692191
0.7212285021835322
0.7220692635692191
0.7149691991094079
0.7185656374899972
0.715798852312188
0.7196340414580723
0.7175361760159907
0.7184749826459141
0.7204180530357388
0.7209835768615043
0.7228240387910101
0.7172881183570526
0.7179573511090611
0.7200750275739759
0.7158659901279946
0.7240472452396327
0.7187260483515727
0.7190861107985699
0.712817002368459
0.7212739464876359
0.7189245684079734
0.7179706977372642
0.7183463523661876
0.7179706977372642
0.7217503488154865
0.717476266563099
0.7175904999760498
0.7177091705561827
0.7184940753290731
0.7161157944984596
0.7186330239008294
0.7142370479970915
0.7176835079578057
0.7195110279193564
0.700613131752657
0.7189465348735071
0.7124112475896607
0.719464609101339
0.7231246013268234
0.7176369478952358
0.7207211396542047
0.7300711963567443
0.7168131446410696
0.7200750275739759
0.7195499840140788
0.7190861107985699
0.7028914614757347
