0.2722181493088211
0.27221814930882116
0.2722181493088212
0.27221814930882116
0.2722181493088211
0.272218149308821
0.2722181493088212
0.2722181493088212
0.27221814930882116
0.27221814930882116
0.2722181493088211
0.2722181493088211
0.27221814930882116
0.27221814930882116
0.27221814930882116
0.27221814930882116
0.27221814930882116
0.27221814930882116
0.2722181493088211
0.27221814930882116
0.2722181493088211
0.2722181493088213
0.2722181493088214
0.27221814930882116
0.2722181493088213
0.27221814930882116
0.2722181493088212
0.27221814930882093
0.2722181493088211
0.272218149308821
0.2722181493088211
0.27221814930882116
0.2722181493088211
0.2722181493088211
0.27221814930882116
0.2722181493088212
0.2722181493088211
0.27221814930882116
0.27221814930882116
0.27221814930882116
0.27221814930882116
0.27221814930882116
0.2722181493088212
0.2722181493088211
0.27221814930882116
0.27221814930882116
0.2722181493088213
0.2722181493088211
0.27221814930882154
0.2722181493088212
0.27221814930882116
0.272218149308821
0.2722181493088211
0.2722181493088211
0.2722181493088211
0.27221814930882116
0.27221814930882116
0.2722181493088211
0.2722181493088212
0.2722181493088213
0.27221814930882116
0.2722181493088212
0.27221814930882116
0.2722181493088212
0.27221814930882116
0.2722181493088212
0.27221814930882104
0.2722181493088213
0.2722181493088212
0.2722181493088211
0.27221814930882116
0.27221814930882116
0.2722181493088212
0.27221814930882116
0.27221814930882116
0.27221814930882116
0.27221814930882116
0.27221814930882116
0.2722181493088211
0.27221814930882116
0.27221814930882116
0.27221814930882116
0.2722181493088211
0.2722181493088211
0.27221814930882116
0.27221814930882116
0.27221814930882116
0.27221814930882116
0.27221814930882116
0.2722181493088212
0.27221814930882116
0.27221814930882116
0.27221814930882116
0.2722181493088211
0.27221814930882116
0.27221814930882116
0.272218149308821
0.27221814930882093
0.2722181493088212
0.2722181493088211
0.2722181493088212
0.2722181493088211
0.27221814930882116
0.27221814930882116
0.272218149308821
0.27221814930882116
0.27221814930882116
0.27221814930882116
0.2722181493088212
0.2722181493088211
0.2722181493088213
0.2722181493088211
0.2722181493088211
0.27221814930882116
0.27221814930882116
0.27221814930882116
0.2722181493088211
0.27221814930882104
0.2722181493088207
0.27221814930882116
0.2722181493088213
0.27221814930882093
0.2722181493088202
0.27221814930882116
0.2722181493088212
0.27221814930882116
0.27221814930882116
0.2722181493088211
0.2722181493088214
0.2722181493088212
0.27221814930882116
0.2722181493088213
0.27221814930882127
0.27221814930882116
0.27221814930882116
0.2722181493088212
0.2722181493088212
0.2722181493088212
0.2722181493088212
0.2722181493088212
0.27221814930882116
0.27221814930882116
0.2722181493088212
0.2722181493088211
0.27221814930882116
0.27221814930882116
0.27221814930882116
0.27221814930882116
0.2722181493088212
0.27221814930882116
0.2722181493088212
0.2722181493088213
0.27221814930882116
0.27221814930882104
0.27221814930882116
0.2722181493088211
0.2722181493088214
0.2722181493088212
0.2722181493088214
0.27221814930882116
0.27221814930882143
0.27221814930882143
0.27221814930882116
0.2722181493088209
0.2722181493088213
0.2722181493088212
0.2722181493088211
0.27221814930882116
0.27221814930882116
0.27221814930882116
0.2722181493088211
0.2722181493088212
0.27221814930882116
0.27221814930882116
0.27221814930882116
0.27221814930882116
0.27221814930882116
0.272218149308821
0.2722181493088211
0.27221814930882116
0.27221814930882127
0.2722181493088212
0.27221814930882116
0.27221814930882116
0.2722181493088213
0.27221814930882116
0.27221814930882116
0.2722181493088211
0.2722181493088212
0.2722181493088212
0.27221814930882116
0.27221814930882066
0.2722181493088211
0.2722181493088211
0.27221814930882116
0.27221814930882116
0.27221814930882116
0.2722181493088211
0.27221814930882116
0.27221814930882116
0.27221814930882116
0.27221814930882116
0.2722181493088212
0.27221814930882116
0.27221814930882127
0.27221814930882227
0.2722181493088212
0.2722181493088211
0.2722181493088209
0.2722181493088211
0.27221814930882116
0.2722181493088211
0.2722181493088209
0.2722181493088213
0.2722181493088214
0.27221814930882127
0.27221814930882116
0.272218149308821
0.2722181493088209
0.272218149308821
0.27221814930882116
0.27221814930882116
0.27221814930882116
0.2722181493088211
0.27221814930882227
0.27221814930882116
0.27221814930882116
0.2722181493088212
0.27221814930882116
0.2722181493088213
0.2722181493088211
0.27221814930882116
0.27221814930882116
0.27221814930882116
0.2722181493088212
0.2722181493088211
0.27221814930882116
0.27221814930882116
0.2722181493088212
0.27221814930882093
0.27221814930882104
0.2722181493088211
0.2722181493088205
0.2722181493088212
0.2722181493088211
0.27221814930882143
0.2722181493088213
0.2722181493088211
0.27221814930882116
0.27221814930882116
