0.2715161207554509
0.2715062981741527
0.2723404792556945
0.27267690895990443
0.2713407054171744
0.2728563558333168
0.27157706202936677
0.2728467557894491
0.27305978461438823
0.27378945431351925
0.2718476925052436
0.2719402265903689
0.2715161207554509
0.2686292973587612
0.2731241487541538
0.2724799410325979
0.2724262339901728
0.27306195683637696
0.27329332349288993
0.2732930341689941
0.27386422916704173
0.27276215876863324
0.27288959453272904
0.2723404792556945
0.2640023837557021
0.27667094427248706
0.2726799943534204
0.2726574273762769
0.27319225169561157
0.27265792176299414
0.2720875975348169
0.2722969637926491
0.2725202199817201
0.271956822139761
0.27349327502931675
0.272758844341225
0.2720653505632104
0.2719201808480991
0.27167333486646955
0.2719402265903689
0.27284478791889005
0.2715062981741527
0.271752929386196
0.27329332349288993
0.27220314162913234
0.2727470058837353
0.27371105609242413
0.27284242787605884
0.27298624649386904
0.2695537820094011
0.2719201808480991
0.27396382009464576
0.27127473387763024
0.2747359399953429
0.2732124907511915
0.27349327502931675
0.27221504536782026
0.27464808510023325
0.2718712863113653
0.2724272217565213
0.27126180574403386
0.2728826265346273
0.2724262339901728
0.2724894212957237
0.27277644360306763
0.2726155342666168
0.27167333486646955
0.2718168648477118
0.2727470058837353
0.2718476925052436
0.271956822139761
0.27167880456283355
0.27225343642671435
0.2720759155782212
0.27449867666306954
0.27279238820464696
0.5519608939351898
0.26824061117508835
0.27235197532752303
0.2723214485869254
0.27276484712751853
0.27276215876863324
0.2725359359232238
0.2710007350480761
0.27412169948538667
0.27007629944805345
0.2724277855603523
0.2687556474547981
0.27371105609242413
0.2730394469299823
0.2732930341689941
0.27289213902261134
0.2718168648477118
0.2730092217479003
0.27329332349288993
0.2736953589263364
0.27195288251496524
0.2724894212957237
0.2721236657277769
0.2730988865980692
0.27248950979516656
0.2723214485869254
0.2736069863789967
0.2729339709201309
0.27412152790448546
0.27419343359798415
0.2732330302970578
0.27267690895990443
0.27288959453272904
0.272758844341225
0.2725753961541695
0.27265792176299414
0.2715830790437393
0.27324074337207965
0.27394905227672767
0.2720290300357064
0.2710007350480761
0.2728427202794485
0.2715830790437393
0.27165172673753535
0.27358328068294613
0.27667094427248706
0.2726887510770682
0.27304282112764694
0.2730988865980692
0.2765432890310641
0.27076796022904936
0.27218658205881285
0.27267864346953186
0.27221504536782026
0.2724799410325979
0.27244025368804503
0.2713407054171744
0.27225343642671435
0.27284242787605884
0.27167333486646955
0.2724118295226238
0.2725997759036463
0.27200382395516204
0.2775621262845763
0.2728427202794485
0.2720759155782212
0.2725155870325981
0.2720701179117718
0.2731241487541538
0.2720875975348169
0.2640023837557021
0.27245286168575394
0.2730186584052222
0.27296817695846864
0.2726887510770682
0.2727470058837353
0.2720701179117718
0.2731615900680179
0.27396382009464576
0.2724799410325979
0.27280213538552806
0.2714978905871863
0.27189494197908526
0.2715062981741527
0.27224102126649324
0.2726142513334765
0.2727401478825035
0.27199063267722084
0.2724642542418523
0.27276484712751853
0.2729517450350194
0.2730396645287154
0.2722969637926491
0.2705685300704319
0.2727786140496138
0.27521293857822826
0.27189494197908526
0.2718476925052436
0.2729339709201309
0.27127473387763024
0.27139670427389956
0.27133743457801746
0.27319225169561157
0.27295987903655056
0.268730186428704
0.27305978461438823
0.27245286168575394
0.27298624649386904
0.272790123625999
0.2722728860175438
0.27205631693206533
0.2719600184962156
0.2566905344425287
0.27596595520234446
0.27295417182193976
0.27221504536782026
0.2720348240062053
0.2731615900680179
0.2724894212957237
0.27299878914185366
0.2732930341689941
0.2721407902474806
0.27419343359798415
0.2735647245307465
0.26824061117508835
0.2730394469299823
0.27276215876863324
0.27227274225902515
0.2730396645287154
0.2724563990872126
0.27195288251496524
0.2725753961541695
0.2713407054171744
0.2724857958695017
0.2727401478825035
0.2640023837557021
0.2687556474547981
0.27386422916704173
0.2728563558333168
0.2726142513334765
0.27062969416512594
0.27284242787605884
0.2723191621153926
0.2732124907511915
0.2723005158875942
0.2731577854871778
0.27282834059520217
0.27252535986825116
0.27667094427248706
0.27220314162913234
0.27314697364278623
0.24884002872495262
0.27321085994432187
0.2715161207554509
0.2740603459089808
0.27265792176299414
0.27244025368804503
0.27239371847722543
0.2712359140806801
0.2719402265903689
0.2712848877807168
0.2719201808480991
0.2743233494744676
0.2735307303790744
0.27235197532752303
0.27248784955497873
0.27171711447800134
0.27288959453272904
0.27267864346953186
0.26092268553246667
0.27239371847722543
0.2686292973587612
0.27279238820464696
0.2712359140806801
