0.9987029848509001
0.9992103976118869
0.9995654191019451
0.999221890674978
0.9986589237273826
0.9987523290761537
0.9992012363304237
0.9989509883174609
0.9994466599521578
0.9992253518197217
0.9994046529524285
0.9993551251409831
0.9994196479315792
0.9995061843966293
0.9993253127687053
0.9993275754159492
0.9992417377984454
0.9994498749848408
0.9995988534707866
0.9985220747442933
0.9995672704572788
0.9988871223222158
0.9995189859863414
0.9993171486248107
0.9980860285339946
0.9984086380369255
0.9995163049817514
0.9996873030404729
0.9993283754427998
0.9985821966149179
0.999572622184494
0.999244832299843
0.9994025216985268
0.9993391704156905
0.9991311748408872
0.9987282438235796
0.9994451001636957
0.9991613819051692
0.9959747255951723
0.9992197440349702
0.9991991643924583
0.9993155680852794
0.9987781002365431
0.9994170078123278
0.9989975286245323
0.9991825166508485
0.9996647838579995
0.9992121193913766
0.9995416779315832
0.9995543826935239
0.9993825466350676
0.9995635305257091
0.9991274292293655
0.9995242089583863
0.9995692943485106
0.9988017789020254
0.9994087931850666
0.9989205304016017
0.9990633328325065
0.9996695102093246
0.9991139356791517
0.9993805621497858
0.9984656564725913
0.9967971585203819
0.9991280658126054
0.9981790921333549
0.9989262187284309
0.9986200149780255
0.9984726650654253
0.99914036805753
0.9994969850940478
0.9994868589120459
0.9994767302809393
0.9988886360881747
0.9988650721074229
0.9993731885890207
0.9993303215963554
0.9989610175239745
0.9993511894194224
0.9990007394663234
0.9993324380496924
0.9993364423548068
0.999011990323845
0.998863993342989
0.9996349768706152
0.9993065602532355
0.9993279433418795
0.999452228407047
0.9994487335129268
0.9991691519057136
0.9988875674629216
0.9985116018810075
0.9994850701153416
0.9993039490969234
0.9993991382571105
0.9993735166569252
0.9994789372268045
0.9991356898621769
0.998839691649944
0.9993704432891426
0.9991853598128368
0.9990071324683732
0.9994764137621303
0.9992783459277633
0.9993393403196147
0.999203471233428
0.9993559722873361
0.9951784702748226
0.9995799728395357
0.9981601302062183
0.9994523801763153
0.9995687604058674
0.9994578882882637
0.9992102483471985
0.9994681739622207
0.9995472701359888
0.9990137823262507
0.9994662423683403
0.9988842752572951
0.9992724394635376
0.9993290937485155
0.9995268589157005
0.9990763158012984
0.9989034157532206
0.9968246630480425
0.9987303325948627
0.9990232372415974
0.9989603861772124
0.9977528697880083
0.9991419924899089
0.999447959865664
0.9994958286527544
0.9994150102344249
0.998219674748067
0.9994639964496042
0.9991217449583097
0.9968100806894689
0.9996546251921298
0.9995310594923649
0.9991908302759915
0.9990914768592428
0.9988045357205162
0.999420055077271
0.9993355249228272
0.9991757009914151
0.9990814838776928
0.9986487061534972
0.9986396158485755
0.9990739368995594
0.9986740681495937
0.9990094796143116
0.9993815211612745
0.9992109717635836
0.9992309851106361
0.9991604765483646
0.9981407310548966
0.9991375088681816
0.9984290865905726
0.9991804256264362
0.9996379127483901
0.9993336159289965
0.9992310852072772
0.9995572140897658
0.9993621114102137
0.998897924787981
0.9981691827049234
0.9992814430652162
0.9995381619680704
0.9995362355368277
0.9994013829881823
0.9994917832043321
0.9994980264294083
0.9996289344539923
0.9994654232218875
0.9995363278126012
0.9987063550016283
0.9980739652658622
0.9989037808073227
0.9993829245453372
0.9988918765405134
0.9993387481265757
0.9995063487286999
0.9985596065352673
0.9990402394247566
0.9987180587070519
0.9974811152781818
0.9737628346861457
0.9985633699972234
0.9987816797925803
0.9993821252759401
0.9990462929303605
0.9991205140960252
0.9993799795190725
0.9994815078949596
0.999213019556322
0.9957034692295064
0.9884612223230697
0.999139592889022
0.9975977189872528
0.9986012596692245
0.9996142606098016
0.9995218317280588
0.9981300622467002
0.9993092468976149
0.9992118292084161
0.9991171932862156
0.9986364064725406
0.9994065079221962
0.9987809346527691
0.9993028275316864
0.9995474551204824
0.9993587423501492
0.9991941818989134
0.9987313573510542
0.9994185820158478
0.9988936095146542
0.9992629217504131
0.9995100303775725
0.9980194816839801
0.9993820881500655
0.9988958961165055
0.999446104158624
0.9984308818974851
0.9992610931022078
0.9994800440694552
0.9984964606773493
0.9994946912173747
0.9996026543201527
0.9995651827049786
0.9985861388807931
0.9993715745350416
0.9988347836905275
0.9984264425624471
0.9989287555529323
0.9994475608763622
0.995888645888408
0.9992358790368359
0.9971641971313991
0.9992791375174849
0.9994054428071492
0.9994440798099306
0.9942469382020336
0.9988670151458497
0.9993300397134931
0.9990097046124617
0.9989570770898446
0.9993120163725157
0.9996436107964147
0.9963341534670539
0.9993139580373844
