0.27094147463960977
0.2724642542418523
0.2706510994674041
0.2688112607231449
0.27469739238440205
0.2710868883958601
0.27232804666509464
0.27011161221604113
0.27568821735627896
0.27194032154428055
0.27486421333604083
0.2726935372834305
0.27414875879719697
0.27009366076515984
0.2712641615870642
0.27305970307016664
0.27113581448820584
0.2728842100322835
0.2728697973678184
0.2723517103622464
0.2728842100322835
0.2763191805295451
0.269940205328156
0.2726935372834305
0.2708645033971016
0.27272141240758613
0.26087335765518266
0.2750744996687757
0.2728697973678184
0.27848943163135736
0.27516768339166364
0.2723517103622464
0.27113581448820584
0.27113581448820584
0.271541321662284
0.2763619731493232
0.2729707160005554
0.2736676172079013
0.27165522607351406
0.27303747241693727
0.2706510994674041
0.27094147463960977
0.271541321662284
0.2728061080592814
0.2737589241969722
0.28361524447282394
0.27193291906776523
0.2730402596787753
0.2729379854130274
0.2721189265561041
0.271053991231781
0.2680721918430086
0.2665965293138739
0.27507085375432455
0.27516768339166364
0.2813549461822704
0.2714136879904765
0.2709581205030122
0.27388217867986503
0.27193291906776523
0.2724642542418523
0.271954042361173
0.27414875879719697
0.27153184414071635
0.2677891093218637
0.27073372904965676
0.27197487282614125
0.269940205328156
0.2727549704140513
0.27303747241693727
0.26014910599589547
0.2728842100322835
0.2710868883958601
0.2644511059483512
0.2750917118520463
0.27280618490896075
0.5519608939351898
0.2699547670208012
0.2700093688145448
0.26897367314323567
0.27600041290641314
0.2741841053175054
0.2735277074703016
0.273190172060174
0.27414875879719697
0.2650010978098151
0.278032470898451
0.27081869451347756
0.271954042361173
0.27023953033913267
0.26617517793179496
0.2729426457798272
0.2738196636290303
0.27244377281455034
0.2738950959546913
0.2735570580441477
0.2717614765778142
0.27281351657888736
0.26892369792778587
0.27855341845363496
0.27848943163135736
0.27023953033913267
0.2736625086011027
0.2725119898676531
0.27026857673049826
0.27705825474280527
0.2749756267465317
0.27257113285893503
0.27228542439822423
0.2710868883958601
0.2727549704140513
0.273003199208185
0.26231054959998346
0.27486421333604083
0.2725242306053356
0.2668311446626539
0.2735570580441477
0.2699547670208012
0.2650010978098151
0.27449147874917007
0.27009366076515984
0.2738629465116633
0.2689739629952698
0.27453204976628554
0.2736676172079013
0.30870375097389147
0.27194032154428055
0.27397282288531816
0.27194032154428055
0.27752855992517556
0.2726366976405638
0.2689740014824334
0.27568821735627896
0.26875176863288863
0.2725242306053356
0.27073262239080503
0.27197487282614125
0.28550127469323444
0.26829097615141123
0.30870375097389147
0.27264293965660436
0.2736548213417216
0.2712641615870642
0.25848980539612665
0.27443131813364263
0.2689739629952698
0.27249855256194927
0.2750060596720532
0.27507085375432455
0.26662837324535466
0.27516269470356497
0.2732037732193135
0.27011161221604113
0.27165522607351406
0.2738788743721365
0.27272141240758613
0.27479531146399677
0.2668311446626539
0.26892369792778587
0.2097068257505874
0.27185203857551055
0.26919035697444565
0.2706510994674041
0.2669286216310212
0.2724642542418523
0.270682317189227
0.26805672808335
0.2726366976405638
0.26623840209269106
0.26829097615141123
0.27855341845363496
0.30064320418160595
0.2744590389285564
0.26231054959998346
0.2732037732193135
0.2736676172079013
0.26863627353054503
0.2729426457798272
0.2717614765778142
0.30064320418160595
0.2798817451336606
0.27752855992517556
0.27449147874917007
0.28361524447282394
0.2708645033971016
0.27177590202949325
0.27767077610310625
0.26951567293247236
0.2566905344425287
0.2770760250341455
0.27486421333604083
0.27026857673049826
0.2736548213417216
0.26967099730864014
0.2688112607231449
0.26617517793179496
0.2844932047883532
0.2738788743721365
0.27018611457414976
0.2729667272436181
0.5156415526881515
0.268575592294147
0.2749756267465317
0.27081869451347756
0.2677891093218637
0.27235119671829905
0.27637815213808525
0.27305970307016664
0.27525650750130337
0.2763191805295451
0.27602799192385247
0.27568821735627896
0.2714136879904765
0.26881130185997737
0.2739228590071218
0.27645081535962707
0.2665965293138739
0.27053006688824827
0.27094147463960977
0.298041072008016
0.2723517103622464
0.2764322146091214
0.276467431944615
0.2709413576836032
0.28361524447282394
0.26623840209269106
0.27036999495597336
0.27264293965660436
0.26902145085888685
0.2702853482961221
0.2712641615870642
0.2723081900778133
0.2689245544792171
0.269940205328156
0.27469739238440205
0.2770884132476008
0.27104897991030885
0.2739228590071218
0.27305970307016664
0.2738629465116633
0.26805672808335
0.27672997751886386
0.271053991231781
0.2739616346225495
0.27052689559128323
0.20127350867513233
0.273003199208185
0.2728460839894526
0.2750060596720532
0.2723635630161473
