0.6543210371425302
0.9318617131734326
0.11372479889664261
0.43072588043235815
0.5297409867119763
0.5929766654683608
0.1032293959396279
0.6391788014074723
0.2943864591769606
0.3235812197432988
0.38845373108688397
0.665298004932183
0.23863032565286563
0.7301107146704474
0.32383801796602607
0.09276548398146922
0.7887193680851725
0.7875458024214914
0.764207228817986
0.331870312415505
0.01896328195685093
0.059712524144485135
0.9139993988698785
0.7301107146704474
0.15454128636227304
0.4784816828275758
0.5716925692906877
0.790669593722554
0.14295372636591008
0.7769560183181187
0.21658239301117221
0.005512954449533702
0.43233695912806297
0.815622666749744
0.7486403536278718
0.6460597232631983
0.09658414873609827
0.3309799928079761
0.8419557962317987
0.14950977687195366
0.17976129118547013
0.63843044489895
0.4737885224549002
0.4089686582384885
0.7059478385876496
0.926681062095053
0.3397869822562757
0.6772195755756606
0.7770510648409149
0.17655365232241504
0.1781047990045869
0.9389985776856253
0.4571883744274962
0.790669593722554
0.5934579315504706
0.3397869822562757
0.7845048496920124
0.7499192929528031
0.05685165054125524
0.5810934945220354
0.9847233650670959
0.5863448767977076
0.3011804795844384
0.3011804795844384
0.3915876068531443
0.7103072768045956
0.21658239301117221
0.05496965732284784
0.6195341184414639
0.392350964393993
0.926681062095053
0.8405726898743991
0.0792553699336711
0.7845048496920124
0.11826892667812228
0.17664733979448333
0.6211668256368521
0.5863448767977076
0.48864431253880586
0.09658414873609827
0.6214580486624107
0.06528110105961643
0.27007918914918877
0.38845373108688397
0.12436578363421735
0.32383801796602607
0.4842478772961125
0.9227216572222602
0.9435435416612872
0.4842478772961125
0.23863032565286563
0.6596863168839577
0.30849655548589355
0.19922003236583558
0.12963400801570102
0.7091158387539835
0.19922003236583558
0.36792411520966334
0.6448216000193068
0.48864431253880586
0.16646926396552042
0.25941686971405303
0.6748729958815878
0.6211668256368521
0.5174152593278822
0.6521333326231327
0.8069913245659828
0.8024221145884641
0.3765171768139258
0.17469246308366876
0.8419557962317987
0.4784816828275758
0.05496965732284784
0.20397042110702063
0.14950977687195366
0.28813021811177897
0.28372186325691306
0.871578759642393
0.5958538793006805
0.5751204391299995
0.8953032767350272
0.9113868194912544
0.6521333326231327
0.8153857978111666
0.44237208824925023
0.6038544888882544
0.5958538793006805
0.5058036410830637
0.13246624988456712
0.7103072768045956
0.5146326597023252
0.025561030718939726
0.28372186325691306
0.18051733044617063
0.002460789007826314
0.044914760398919756
0.6388469739431123
0.04577875346046752
0.4410800707703223
0.9113868194912544
0.12436578363421735
0.2873821748970387
0.9139993988698785
0.7043784300292919
0.43072588043235815
0.17664733979448333
0.3278335536350513
0.09069101993372358
0.6772195755756606
0.28813021811177897
0.5334001413155764
0.6000415205249827
0.5174152593278822
0.13257299564099412
0.7769560183181187
0.0753078211258135
0.32867551779520243
0.7887193680851725
0.05685165054125524
0.6706838953509217
0.7065460843703409
0.25941686971405303
0.6195341184414639
0.30849655548589355
0.45435626648366156
0.27007918914918877
0.6704332492139171
0.6700341161193808
0.8031168022803696
0.11372479889664261
0.5003193745807316
0.45615766703741084
0.146730434410407
0.047679608211125546
0.36792411520966334
0.3309799928079761
0.5518431775128183
0.3801550901469265
0.21555268317141574
0.6531852847252168
0.7065460843703409
0.6920541382756427
0.0753078211258135
0.7091158387539835
0.45435626648366156
0.5716925692906877
0.6478154509897687
0.6388469739431123
0.3973150536868537
0.7132714995309566
0.6038544888882544
0.6704332492139171
0.7499192929528031
0.6920541382756427
0.09069101993372358
0.5751204391299995
0.9847233650670959
0.9225010219239058
0.6748729958815878
0.45615766703741084
0.11163285314942739
0.5810934945220354
0.9389985776856253
0.2943864591769606
0.5934579315504706
0.5518431775128183
0.7043784300292919
0.871578759642393
0.7132714995309566
0.4823987734251114
0.11945442475357215
0.8615423343711912
0.6701681506407469
0.7602923834357788
0.20397042110702063
0.8405726898743991
0.3554635056131208
0.8615423343711912
0.08350170385150218
0.0635140286161544
0.46098670238389566
0.9422083829055254
0.5334001413155764
0.2873821748970387
0.9474756827128251
0.9225010219239058
0.9474756827128251
0.9109318098224497
0.059712524144485135
0.30592248959773427
0.04577875346046752
0.5243643449010453
0.025561030718939726
0.43233695912806297
0.224263682228661
0.3973150536868537
0.1032293959396279
0.8432857774091471
0.4737885224549002
0.7875458024214914
0.2024868396436123
0.10133383563644421
0.10133383563644421
0.44237208824925023
0.9876250823219684
0.3278335536350513
0.3316329818130819
0.282788906783184
0.5929766654683608
0.49727488848625057
