0.644004995009585
0.88167627886487
0.11372479889664261
0.4312629066642597
0.5532334890744981
0.6531240824996587
0.1032293959396279
0.6217555841597424
0.2943864591769606
0.398575314047814
0.38975280885592045
0.6565215567261493
0.2314545970059253
0.7301107146704474
0.32383801796602607
0.09827698463573845
0.7764632984515792
0.7287899592704361
0.7764632984515792
0.33142515261174055
0.07711222610199137
0.052745638802476326
0.9139993988698785
0.7301107146704474
0.16607309156359637
0.4784816828275758
0.5344837288884692
0.7863858879777913
0.13910744830652094
0.7769560183181187
0.21658239301117221
0.047698107926337635
0.4312629066642597
0.869061844336825
0.7925203857431897
0.6501851806836201
0.09225195403549148
0.33142515261174055
0.88167627886487
0.14950977687195366
0.19795121236046903
0.6545571701249357
0.4737885224549002
0.44246420116292207
0.6904104172346187
0.9252877153713372
0.22966808543676498
0.6766329306521424
0.7844651868351578
0.17151145814396773
0.1778548478847533
0.9389985776856253
0.5430089698670655
0.7059546125578979
0.5589111382257579
0.3338102679456635
0.7844651873282893
0.7371682135156721
0.05685165054125524
0.6149590781248748
0.9847233650670959
0.5814607742953679
0.32725560887026994
0.304838517535166
0.3405110369887475
0.7103072768045956
0.21658239301117221
0.07711222610199137
0.6283134390257197
0.38975280885592045
0.9252877153713372
0.8405726898743991
0.09275262797735398
0.7844651873282893
0.09827698463573845
0.17664733979448333
0.7059546125578979
0.5814607742953679
0.42069855296506287
0.09225195403549148
0.5430089698670655
0.04720659945005469
0.27007918914918877
0.38975280885592045
0.12436578363421735
0.32383801796602607
0.4842478772961125
0.9052323927875314
0.9455096121870561
0.4842478772961125
0.2314545970059253
0.614959210688392
0.304838517535166
0.19795121236046903
0.1206334305825642
0.6640379645893582
0.19795121236046903
0.36792411520966334
0.6501851806836201
0.48901542475019455
0.17151145814396773
0.25941686971405303
0.6149590118431163
0.6243422395429579
0.48901542475019455
0.6565215567261493
0.8047067195772235
0.8047067195772235
0.4154367216487937
0.1778548478847533
0.9082947184295975
0.4784816828275758
0.05132463276698669
0.2055174144261454
0.14950977687195366
0.28813021811177897
0.28440370204851223
0.9052323927875314
0.5958538793006805
0.5748432718522438
0.9082947184295975
0.9113868194912544
0.6565215567261493
0.7925203857431897
0.43789994759562456
0.6038544888882544
0.5958538793006805
0.5030615078318976
0.13251962276278062
0.7103072768045956
0.48520249007895205
0.025561030718939726
0.2853965263313545
0.16607309156359637
0.038884305066819905
0.04720659945005469
0.644004995009585
0.052745638802476326
0.4381263500147592
0.9113868194912544
0.12436578363421735
0.2853965263313545
0.9139993988698785
0.7043784300292919
0.4312629066642597
0.17664733979448333
0.32725560887026994
0.09827698463573845
0.6766329306521424
0.28813021811177897
0.5625809265534804
0.6243422395429579
0.6217555841597424
0.13251962276278062
0.7769560183181187
0.08525593073059194
0.33015424980414215
0.7844651866199335
0.05685165054125524
0.6545571701249357
0.7065460843703409
0.25941686971405303
0.6283134390257197
0.42069855296506287
0.4154367216487937
0.27007918914918877
0.6703338372489782
0.7287899592704361
0.7863858879777913
0.11372479889664261
0.5030615078318976
0.4424642011635843
0.22966808543676498
0.05132463276698669
0.36792411520966334
0.3405110369887475
0.5518431775128183
0.39088006735938097
0.13910744830652094
0.6617761296479207
0.7065460843703409
0.6991265920274139
0.038884305066819905
0.5748432718522438
0.48520249007895205
0.5814607742953679
0.6283134390257197
0.644004995009585
0.3050641012569581
0.6531240824996587
0.6038544888882544
0.6703338372489782
0.7371682135156721
0.6991265920274139
0.09275262797735398
0.5748432718522438
0.9847233650670959
0.9252877153713372
0.6904104172346187
0.44246420116292207
0.1206334305825642
0.6149590118431163
0.9389985776856253
0.2943864591769606
0.6640379645893582
0.5518431775128183
0.7043784300292919
0.8648878094615919
0.6991265920274139
0.398575314047814
0.3050641012569581
0.8648878094615919
0.6617761296479207
0.801789080422463
0.2055174144261454
0.8405726898743991
0.32725560887026994
0.8648878094615919
0.08525593073059194
0.047698107926337635
0.48901542475019455
0.9448420328091753
0.5532334890744981
0.2853965263313545
0.9455096121870561
0.869061844336825
0.9448420328091753
0.9052323927875314
0.047698107926337635
0.2314545970059253
0.04720659945005469
0.5589111382257579
0.025561030718939726
0.43789994759562456
0.2055174144261454
0.39088006735938097
0.1032293959396279
0.801789080422463
0.4737885224549002
0.7844651866199335
0.22966808543676498
0.09548266739451011
0.09548266739451011
0.4381263500147592
0.9082947184295975
0.3338102679456635
0.33015424980414215
0.28440370204851223
0.5625809265534804
0.5344837288884692
