0.6543210371425302
0.9318617131734326
0.10612800930327049
0.43671268466727997
0.5328458081104271
0.5262220051465496
0.03176632879558705
0.6391788014074723
0.26009740055871877
0.3235812197432988
0.3832747358873483
0.665298004932183
0.23352976132735492
0.7274957171348162
0.280842917539876
0.09276548398146922
0.7231451707142542
0.7926068304244065
0.7607232640965482
0.3336509516305629
0.01896328195685093
0.057456247136435934
0.865579869850188
0.7327257122060786
0.15454128636227304
0.4762571411121599
0.5902885921488515
0.7959925477657166
0.14295372636591008
0.724726396925132
0.2178727351078804
0.005512954449533702
0.46739731139590435
0.815622666749744
0.7486403536278718
0.6460597232631983
0.08882011369142828
0.35044253220793276
0.8408310679647937
0.15683853819500193
0.17976129118547013
0.63843044489895
0.48969514943216386
0.4089686582384885
0.7059478385876496
0.9185689312026554
0.3244382815972071
0.7258128662526722
0.7770510648409149
0.17655365232241504
0.17569226756300316
0.959478397268048
0.456714637052004
0.7782223851647383
0.6072581835846586
0.35513568291534425
0.7291793930933719
0.7174097140836296
0.07661499953627648
0.6078652214064302
0.9810858884698851
0.6457556360008747
0.30736146476963
0.30915607125861744
0.3915876068531443
0.6905116031955559
0.21529205091446402
0.06225970643457013
0.5511981011272694
0.392350964393993
0.9329637565911162
0.7939162203796751
0.0792553699336711
0.8290001212661554
0.11826892667812228
0.15451718692831273
0.6208756026112934
0.5550508984155198
0.486990348847977
0.10434818378076827
0.6551538131805743
0.0341759202378209
0.27449064478911456
0.39363272628641965
0.11147185327047171
0.3526765415328055
0.48334773565557787
0.9227216572222602
0.9435435416612872
0.48514801893664716
0.24373088997837633
0.6596863168839577
0.32562632837944916
0.19723459981814484
0.12963400801570102
0.7103972243926355
0.2012054649135263
0.3535924386994179
0.631995726073961
0.49029827622963473
0.1535592419964199
0.27890187934292243
0.6652048299619623
0.5877622841442471
0.4609134236848814
0.6511765914666652
0.8069913245659828
0.8024221145884641
0.3765171768139258
0.180888802513398
0.8430805244988038
0.4807062245429917
0.04442184239444613
0.19238815904262552
0.1421810155489054
0.3737735965799457
0.27115833689176205
0.869940016196223
0.5946423550628159
0.5716530171856467
0.8953032767350272
0.9122182813985611
0.6530900737796002
0.8153857978111666
0.4528232534148323
0.5628873777572022
0.5970654035385451
0.48258040459342655
0.13139879232029716
0.750839763142367
0.5146326597023252
0.033110047073741544
0.2962853896220641
0.18014585837894326
0.002460789007826314
0.024548419738223082
0.6337533125752279
0.04664274652201528
0.4410800707703223
0.9105553575839479
0.11615857162744059
0.238970313443863
0.9624189278895688
0.760112286008713
0.42953083778104817
0.19877749266065392
0.28982542963968116
0.17937928593462094
0.628626284898649
0.2085575797028396
0.5370592959191764
0.6519154531831525
0.5970670527615061
0.15474159557578648
0.8291856397111054
0.08743619047627171
0.3597072733179294
0.8542935654560908
0.03708830154623399
0.6706838953509217
0.7676911935394238
0.23993186008518363
0.646057706641929
0.29136678259233795
0.44516642160201714
0.265667733509263
0.6628616255356987
0.6700341161193808
0.8102410567950228
0.12132158849001473
0.5003193745807316
0.45519489643000977
0.146730434410407
0.05093737402780496
0.38225579171990876
0.3097368141929615
0.4988173367735612
0.36831689494207587
0.2870967160914998
0.6531852847252168
0.6458544266622392
0.6755250379766664
0.0671139384001248
0.7078344531153316
0.45766211180298844
0.5530965464325238
0.6478154509897687
0.6439406353109967
0.41447501722678093
0.700564000723885
0.6506164836806685
0.6938697019079652
0.7824288718219765
0.7085832385746189
0.014912775901926745
0.5785878610743526
0.9883608416643067
0.9366226293837846
0.6845411618012133
0.4571204376448119
0.11163285314942739
0.5543217676376406
0.9366268793125505
0.29764376227247547
0.5796576795162826
0.5767522374310962
0.6486445740498709
0.8732175030885628
0.725978998338028
0.4823987734251114
0.11945442475357215
0.844275566968004
0.6785350700384762
0.7602923834357788
0.1440086502513317
0.8872291593691232
0.3554635056131208
0.8788091017743783
0.07956721722673266
0.0635140286161544
0.4610599810829099
0.9430464897523507
0.5266361653135255
0.33579403635021443
0.9527429825201248
0.9102088508603612
0.9232621548493526
0.9109318098224497
0.061968801152534336
0.30592248959773427
0.09638628188141196
0.5243643449010453
0.018012014364137907
0.4131497597162991
0.224263682228661
0.39199328535177713
0.17128012716275065
0.8432857774091471
0.4483664795593689
0.7824847744185763
0.196416099584385
0.03370790431159887
0.16895976696128956
0.4271291615000563
0.9876250823219684
0.3658416776304214
0.3316329818130819
0.282788906783184
0.6255929496723789
0.49727488848625057
