0.6262632855806263
0.852643021440848
0.21553651539062346
0.6262632855806263
0.6262632855806263
0.6262632855806263
0.21553651539062346
0.6262632855806263
0.21553651539062346
0.21553651539062346
0.21553651539062346
0.6262632855806263
0.21553651539062346
0.6262632855806263
0.21553651539062346
0.21553651539062346
0.6262632855806263
0.6262632855806263
0.6262632855806263
0.21553651539062346
0.21553651539062346
0.21553651539062346
0.852643021440848
0.6262632855806263
0.21553651539062346
0.6262632855806263
0.21553651539062346
0.6262632855806263
0.21553651539062346
0.6262632855806263
0.21553651539062346
0.21553651539062346
0.6262632855806263
0.852643021440848
0.6262632855806263
0.6262632855806263
0.21553651539062346
0.21553651539062346
0.852643021440848
0.21553651539062346
0.21553651539062346
0.6262632855806263
0.6262632855806263
0.21553651539062346
0.6262632855806263
0.6262632855806263
0.21553651539062346
0.6262632855806263
0.6262632855806263
0.21553651539062346
0.21553651539062346
0.852643021440848
0.6262632855806263
0.852643021440848
0.6262632855806263
0.38128437781897306
0.6262632855806263
0.6262632855806263
0.21553651539062346
0.6262632855806263
0.852643021440848
0.6262632855806263
0.21553651539062346
0.21553651539062346
0.21553651539062346
0.6262632855806263
0.21553651539062346
0.21553651539062346
0.6262632855806263
0.21553651539062346
0.852643021440848
0.6262632855806263
0.21553651539062346
0.6262632855806263
0.21553651539062346
0.21553651539062346
0.6262632855806263
0.6262632855806263
0.6262632855806263
0.21553651539062346
0.6262632855806263
0.21553651539062346
0.21553651539062346
0.21553651539062346
0.21553651539062346
0.21553651539062346
0.6262632855806263
0.852643021440848
0.852643021440848
0.6262632855806263
0.21553651539062346
0.6262632855806263
0.6262632855806263
0.21553651539062346
0.21553651539062346
0.6262632855806263
0.21553651539062346
0.6262632855806263
0.6262632855806263
0.6262632855806263
0.29725335274620246
0.21553651539062346
0.6262632855806263
0.6262632855806263
0.29725335274620246
0.6262632855806263
0.6262632855806263
0.852643021440848
0.6262632855806263
0.21553651539062346
0.852643021440848
0.6262632855806263
0.21553651539062346
0.21553651539062346
0.21553651539062346
0.21553651539062346
0.21553651539062346
0.852643021440848
0.6262632855806263
0.6262632855806263
0.6262632855806263
0.852643021440848
0.6262632855806263
0.6262632855806263
0.21553651539062346
0.6262632855806263
0.6262632855806263
0.6262632855806263
0.21553651539062346
0.6262632855806263
0.6262632855806263
0.21553651539062346
0.21553651539062346
0.21553651539062346
0.21553651539062346
0.21553651539062346
0.6262632855806263
0.21553651539062346
0.6262632855806263
0.852643021440848
0.21553651539062346
0.21553651539062346
0.6262632855806263
0.6262632855806263
0.6262632855806263
0.21553651539062346
0.21553651539062346
0.21553651539062346
0.6262632855806263
0.21553651539062346
0.6262632855806263
0.852643021440848
0.6262632855806263
0.21553651539062346
0.6262632855806263
0.21553651539062346
0.21553651539062346
0.6262632855806263
0.21553651539062346
0.6262632855806263
0.6262632855806263
0.21553651539062346
0.6262632855806263
0.6262632855806263
0.6262632855806263
0.21553651539062346
0.6262632855806263
0.6262632855806263
0.6262632855806263
0.21553651539062346
0.6262632855806263
0.6262632855806263
0.21553651539062346
0.21553651539062346
0.6262632855806263
0.21553651539062346
0.6262632855806263
0.6262632855806263
0.21553651539062346
0.6262632855806263
0.6262632855806263
0.6262632855806263
0.21553651539062346
0.6262632855806263
0.6262632855806263
0.21553651539062346
0.6262632855806263
0.6262632855806263
0.6262632855806263
0.6262632855806263
0.6262632855806263
0.6262632855806263
0.6262632855806263
0.6262632855806263
0.21553651539062346
0.6262632855806263
0.852643021440848
0.852643021440848
0.6262632855806263
0.6262632855806263
0.21553651539062346
0.6262632855806263
0.852643021440848
0.21553651539062346
0.6262632855806263
0.6262632855806263
0.6262632855806263
0.6262632855806263
0.6262632855806263
0.21553651539062346
0.21553651539062346
0.852643021440848
0.6262632855806263
0.852643021440848
0.21553651539062346
0.852643021440848
0.6262632855806263
0.852643021440848
0.21553651539062346
0.21553651539062346
0.38128437781897306
0.6262632855806263
0.6262632855806263
0.21553651539062346
0.852643021440848
0.852643021440848
0.852643021440848
0.6262632855806263
0.21553651539062346
0.21553651539062346
0.21553651539062346
0.21553651539062346
0.21553651539062346
0.6262632855806263
0.21553651539062346
0.21553651539062346
0.21553651539062346
0.852643021440848
0.6262632855806263
0.6262632855806263
0.21553651539062346
0.21553651539062346
0.21553651539062346
0.38128437781897306
0.852643021440848
0.38128437781897306
0.21553651539062346
0.21553651539062346
0.6262632855806263
0.21553651539062346
