0.6244308217643681
0.8564123620465744
0.19432224323970493
0.6244308217643681
0.6244308217643681
0.6244308217643681
0.19432224323970493
0.6244308217643681
0.19432224323970493
0.20521549104984
0.19432224323970493
0.6244308217643681
0.19432224323970493
0.6244308217643681
0.38739979960297677
0.19432224323970493
0.6244308217643681
0.6244308217643681
0.6244308217643681
0.19432224323970493
0.19432224323970493
0.19432224323970493
0.8564123620465744
0.6244308217643681
0.19432224323970493
0.6244308217643681
0.38739979960297677
0.6244308217643681
0.19432224323970493
0.6244308217643681
0.19432224323970493
0.19432224323970493
0.6244308217643681
0.8564123620465744
0.6244308217643681
0.6244308217643681
0.19432224323970493
0.19432224323970493
0.8564123620465744
0.19432224323970493
0.19432224323970493
0.6244308217643681
0.6244308217643681
0.303624566115125
0.6244308217643681
0.6244308217643681
0.19432224323970493
0.6244308217643681
0.6244308217643681
0.19432224323970493
0.19432224323970493
0.8564123620465744
0.6244308217643681
0.8564123620465744
0.6244308217643681
0.38739979960297677
0.6244308217643681
0.6244308217643681
0.19432224323970493
0.6244308217643681
0.8564123620465744
0.6244308217643681
0.19432224323970493
0.19432224323970493
0.19432224323970493
0.6244308217643681
0.19432224323970493
0.19432224323970493
0.7930174928601232
0.19432224323970493
0.8564123620465744
0.6244308217643681
0.19432224323970493
0.6244308217643681
0.19432224323970493
0.19432224323970493
0.6244308217643681
0.6244308217643681
0.6244308217643681
0.19432224323970493
0.6244308217643681
0.19432224323970493
0.20521549104984
0.19432224323970493
0.19432224323970493
0.19432224323970493
0.6244308217643681
0.8564123620465744
0.8564123620465744
0.6244308217643681
0.19432224323970493
0.6244308217643681
0.6244308217643681
0.19432224323970493
0.19432224323970493
0.6244308217643681
0.19432224323970493
0.6244308217643681
0.6244308217643681
0.6244308217643681
0.19432224323970493
0.19432224323970493
0.6244308217643681
0.6244308217643681
0.38739979960297677
0.6244308217643681
0.6244308217643681
0.8564123620465744
0.6244308217643681
0.19432224323970493
0.8564123620465744
0.6244308217643681
0.19432224323970493
0.19432224323970493
0.19432224323970493
0.19432224323970493
0.19432224323970493
0.8564123620465744
0.6244308217643681
0.6244308217643681
0.6244308217643681
0.8564123620465744
0.6244308217643681
0.6244308217643681
0.38739979960297677
0.6244308217643681
0.6244308217643681
0.6244308217643681
0.19432224323970493
0.6244308217643681
0.6244308217643681
0.19432224323970493
0.19432224323970493
0.19432224323970493
0.19432224323970493
0.19432224323970493
0.6244308217643681
0.19432224323970493
0.6244308217643681
0.8564123620465744
0.19432224323970493
0.38739979960297677
0.6244308217643681
0.6244308217643681
0.6244308217643681
0.19432224323970493
0.19432224323970493
0.19432224323970493
0.6244308217643681
0.19432224323970493
0.6244308217643681
0.8564123620465744
0.6244308217643681
0.19432224323970493
0.6244308217643681
0.2106621149549075
0.303624566115125
0.6244308217643681
0.19432224323970493
0.6244308217643681
0.6244308217643681
0.19432224323970493
0.6244308217643681
0.6244308217643681
0.6244308217643681
0.38739979960297677
0.6244308217643681
0.6244308217643681
0.6244308217643681
0.19432224323970493
0.6244308217643681
0.6244308217643681
0.19432224323970493
0.19432224323970493
0.6244308217643681
0.38739979960297677
0.6244308217643681
0.6244308217643681
0.19432224323970493
0.6244308217643681
0.6244308217643681
0.6244308217643681
0.19432224323970493
0.6244308217643681
0.6244308217643681
0.38739979960297677
0.6244308217643681
0.6244308217643681
0.6244308217643681
0.6244308217643681
0.6244308217643681
0.6244308217643681
0.6244308217643681
0.6244308217643681
0.19432224323970493
0.6244308217643681
0.8564123620465744
0.8564123620465744
0.6244308217643681
0.6244308217643681
0.19432224323970493
0.6244308217643681
0.8564123620465744
0.38739979960297677
0.6244308217643681
0.6244308217643681
0.6244308217643681
0.6244308217643681
0.6244308217643681
0.19432224323970493
0.19432224323970493
0.8564123620465744
0.6244308217643681
0.7930174928601232
0.19432224323970493
0.8564123620465744
0.6244308217643681
0.8564123620465744
0.2106621149549075
0.19432224323970493
0.38739979960297677
0.6244308217643681
0.6244308217643681
0.19432224323970493
0.8564123620465744
0.8564123620465744
0.8564123620465744
0.6244308217643681
0.19432224323970493
0.20521549104984
0.19432224323970493
0.38739979960297677
0.19432224323970493
0.6244308217643681
0.19432224323970493
0.19432224323970493
0.19432224323970493
0.8564123620465744
0.6244308217643681
0.6244308217643681
0.19432224323970493
0.19432224323970493
0.19432224323970493
0.38739979960297677
0.8564123620465744
0.38739979960297677
0.303624566115125
0.19432224323970493
0.6244308217643681
0.19432224323970493
