0.6446497476428941
0.88167627886487
0.11372479889664261
0.43072588043235815
0.5315705640137764
0.5929766654683608
0.1032293959396279
0.6217555841597424
0.2943864591769606
0.398575314047814
0.38991519357704985
0.6565558397269542
0.23863032565286563
0.7301107146704474
0.32383801796602607
0.09836342063772788
0.7764632984515792
0.7287899592704361
0.7764632984515792
0.33142515261174055
0.07711222610199137
0.052745638802476326
0.9139993988698785
0.7301107146704474
0.16607309156359637
0.4784816828275758
0.5344837288884692
0.7863858879777913
0.13910744830652094
0.7769560183181187
0.21658239301117221
0.04646337945728448
0.4315314197802106
0.869061844336825
0.7925203857431897
0.6491568408574153
0.09225195403549148
0.33142515261174055
0.88167627886487
0.14950977687195366
0.17976129118547013
0.6545571701249357
0.4737885224549002
0.43837073677528055
0.6904104172346187
0.9256360520522662
0.23051749936780103
0.6760462857286242
0.7843416495750586
0.17151145814396773
0.1778548478847533
0.9389985776856253
0.5430089698670655
0.7059546125578979
0.5934579315504706
0.3338102679456635
0.7845048496920124
0.7499192929528031
0.05685165054125524
0.5810934945220354
0.9847233650670959
0.5826817999209526
0.32696663648787916
0.304838517535166
0.3405110369887475
0.7103072768045956
0.21658239301117221
0.07711222610199137
0.6195341184414639
0.38991519357704985
0.9256360520522662
0.8405726898743991
0.09275262797735398
0.7845048496920124
0.09836342063772788
0.17664733979448333
0.7059546125578979
0.5826817999209526
0.42069855296506287
0.09225195403549148
0.5430089698670655
0.048946920178312925
0.27007918914918877
0.3894280394136612
0.12436578363421735
0.32383801796602607
0.4842478772961125
0.8971502084323266
0.9455096121870561
0.4842478772961125
0.23863032565286563
0.6507053996545238
0.304838517535166
0.20704617294796854
0.1206334305825642
0.7091158387539835
0.20704617294796854
0.36792411520966334
0.6507053996545238
0.4889226466973474
0.17151145814396773
0.25941686971405303
0.6760462857286242
0.6212396313932418
0.48906181377661817
0.6564529907245398
0.8047067195772235
0.8047067195772235
0.4154367216487937
0.1778548478847533
0.9074827533236874
0.4784816828275758
0.05132463276698669
0.20397042110702063
0.14950977687195366
0.28813021811177897
0.2834303143588728
0.8971502084323266
0.5958538793006805
0.5751204391299995
0.9074827533236874
0.9113868194912544
0.6565558397269542
0.7925203857431897
0.43735452368865657
0.6038544888882544
0.5958538793006805
0.5030615078318976
0.13251962276278062
0.7103072768045956
0.48520249007895205
0.025561030718939726
0.2834303143588728
0.16607309156359637
0.002460789007826314
0.045346756929693637
0.6427154897429668
0.052745638802476326
0.43927384810696113
0.9113868194912544
0.12436578363421735
0.2873821748970387
0.9139993988698785
0.7043784300292919
0.4315314197802106
0.17664733979448333
0.3278335536350513
0.09810411263175967
0.6772195755756606
0.28813021811177897
0.5334001413155764
0.6000415205249827
0.6217555841597424
0.13251962276278062
0.7769560183181187
0.0753078211258135
0.33015424980414215
0.7844872928862601
0.05685165054125524
0.6545571701249357
0.7065460843703409
0.25941686971405303
0.6195341184414639
0.42069855296506287
0.4154367216487937
0.27007918914918877
0.6703338372489782
0.7287899592704361
0.7863858879777913
0.11372479889664261
0.5030615078318976
0.4443604148376803
0.23051749936780103
0.05132463276698669
0.36792411520966334
0.3405110369887475
0.5518431775128183
0.3887350719168901
0.13910744830652094
0.6617761296479207
0.7065460843703409
0.6920541382756427
0.0753078211258135
0.6132655490409329
0.48520249007895205
0.5790187230441977
0.6478154509897687
0.6446497476428941
0.3973150536868537
0.7132714995309566
0.6038544888882544
0.6703338372489782
0.7499192929528031
0.6920541382756427
0.09275262797735398
0.5751204391299995
0.9847233650670959
0.9245910420094794
0.6904104172346187
0.4443604148376803
0.1206334305825642
0.5810934945220354
0.9389985776856253
0.2943864591769606
0.5934579315504706
0.5518431775128183
0.7043784300292919
0.8665605470067921
0.7132714995309566
0.398575314047814
0.21710313971204434
0.8665605470067921
0.6617761296479207
0.801789080422463
0.20397042110702063
0.8405726898743991
0.32696663648787916
0.8615423343711912
0.09464678621709095
0.05214692917690779
0.48906181377661817
0.9448420328091753
0.5315705640137764
0.2873821748970387
0.9455096121870561
0.869061844336825
0.9448420328091753
0.9213967614979411
0.04646337945728448
0.21710313971204434
0.045346756929693637
0.5243643449010453
0.025561030718939726
0.43735452368865657
0.20861140106439513
0.3887350719168901
0.1032293959396279
0.801789080422463
0.4737885224549002
0.7844872928862601
0.22796925757469294
0.09576129445364984
0.09576129445364984
0.43837073677528055
0.9099186486414195
0.3338102679456635
0.33015424980414215
0.2833720045792647
0.5929766654683608
0.5344837288884692
