0.6440452920491667
0.88167627886487
0.11372479889664261
0.4312627755543399
0.5321708940659295
0.5929766654683608
0.1032293959396279
0.6217555841597424
0.2943864591769606
0.398575314047814
0.389747734333385
0.656522092398037
0.2332485291676603
0.7301107146704474
0.32383801796602607
0.09828238688586281
0.7764632984515792
0.7287899592704361
0.7764632984515792
0.33142515261174055
0.07711222610199137
0.052745638802476326
0.9139993988698785
0.7301107146704474
0.16607309156359637
0.4784816828275758
0.5344837288884692
0.7863858879777913
0.13910744830652094
0.7769560183181187
0.21658239301117221
0.04765761984353413
0.43126316888409955
0.869061844336825
0.7925203857431897
0.6501851806836201
0.09225195403549148
0.33142515261174055
0.88167627886487
0.14950977687195366
0.19788015798087927
0.6545571701249357
0.4737885224549002
0.43866707018098827
0.6904104172346187
0.9252931581319768
0.22967140345993314
0.6766329306521424
0.7844402455740233
0.17151145814396773
0.1778548478847533
0.9389985776856253
0.5430089698670655
0.7059546125578979
0.5589111382257579
0.3338102679456635
0.7845004604905743
0.7371682135156721
0.05685165054125524
0.6150499297082654
0.9847233650670959
0.5813081460921694
0.32725109367679506
0.304838517535166
0.3405110369887475
0.7103072768045956
0.21658239301117221
0.07711222610199137
0.6276667850923201
0.3897629579009909
0.9252849939910175
0.8405726898743991
0.09275262797735398
0.7845004604905743
0.09828238688586281
0.17664733979448333
0.7059546125578979
0.5817660307017638
0.42069855296506287
0.09225195403549148
0.5430089698670655
0.04728649917933348
0.27007918914918877
0.389747734333385
0.12436578363421735
0.32383801796602607
0.4842478772961125
0.9032118466987302
0.9455096121870561
0.4842478772961125
0.2332485291676603
0.6150499297082654
0.304838517535166
0.19809332111964878
0.1206334305825642
0.6640379645893582
0.19788015798087927
0.36792411520966334
0.6501851806836201
0.4890150623359256
0.17151145814396773
0.25941686971405303
0.6148682265414842
0.6243422395429579
0.4890150623359256
0.6565204853823743
0.8047067195772235
0.8047067195772235
0.4154367216487937
0.1778548478847533
0.9082439706104786
0.4784816828275758
0.05132463276698669
0.20549324265553415
0.14950977687195366
0.28813021811177897
0.28341072591728567
0.9032118466987302
0.5958538793006805
0.5751204391299995
0.9082439706104786
0.9113868194912544
0.656522092398037
0.7925203857431897
0.43735452368865657
0.6038544888882544
0.5958538793006805
0.5030615078318976
0.13251962276278062
0.7103072768045956
0.48520249007895205
0.025561030718939726
0.2834111814624389
0.16607309156359637
0.038884305066819905
0.047046799991497176
0.6439244009304212
0.052745638802476326
0.4386811812955458
0.9113868194912544
0.12436578363421735
0.2873821748970387
0.9139993988698785
0.7043784300292919
0.4312627755543399
0.17664733979448333
0.3272646392572196
0.0982661801354898
0.6766329306521424
0.28813021811177897
0.5321851876385999
0.6243422395429579
0.6217555841597424
0.13251962276278062
0.7769560183181187
0.08525593073059194
0.33015424980414215
0.7844402455740233
0.05685165054125524
0.6545571701249357
0.7065460843703409
0.25941686971405303
0.6276667850923201
0.42069855296506287
0.4154367216487937
0.27007918914918877
0.6703338372489782
0.7287899592704361
0.7863858879777913
0.11372479889664261
0.5030615078318976
0.4443604148376803
0.22967140345993314
0.05132463276698669
0.36792411520966334
0.3405110369887475
0.5518431775128183
0.39088006735938097
0.13910744830652094
0.6617761296479207
0.7065460843703409
0.6920541382756427
0.038884305066819905
0.6163998337411984
0.48520249007895205
0.5813081460921694
0.6296067468925178
0.6440452920491667
0.3050641012569581
0.7132714995309566
0.6038544888882544
0.6703338372489782
0.7371682135156721
0.6920541382756427
0.09275262797735398
0.5751204391299995
0.9847233650670959
0.9252849939910175
0.6904104172346187
0.4443604148376803
0.1206334305825642
0.6148682265414842
0.9389985776856253
0.2943864591769606
0.6640379645893582
0.5518431775128183
0.7043784300292919
0.8648943435926277
0.7132714995309566
0.398575314047814
0.3050641012569581
0.8648845423960738
0.6617761296479207
0.801789080422463
0.20552950031145115
0.8405726898743991
0.32725109367679506
0.8648845423960738
0.08525593073059194
0.04771835196773935
0.48901614957873246
0.9448420328091753
0.5321851876385999
0.2873821748970387
0.9455096121870561
0.869061844336825
0.9448420328091753
0.9092734849651338
0.04771835196773935
0.227866732682455
0.04728649917933348
0.5589111382257579
0.025561030718939726
0.43735452368865657
0.20552950031145115
0.39088006735938097
0.1032293959396279
0.801789080422463
0.4737885224549002
0.7844445226024084
0.22966144939042882
0.09548266739451011
0.09548266739451011
0.43866707018098827
0.9083962140678369
0.3338102679456635
0.33015424980414215
0.28341072591728567
0.5929766654683608
0.5344837288884692
