0.341531839411431
0.3570933455689633
0.8113965530056855
0.34761908871116964
0.8109974995877838
0.81191734429545
0.32969977907909104
0.349629308359658
0.34712493207985967
0.38188053648666975
0.8054430570920752
0.33685862006973327
0.3434937843678189
0.8056271534052469
0.34086183950636817
0.32440551952118485
0.3321685084048874
0.3837709166588977
0.34172705470065523
0.34086183950636817
0.34473268971550364
0.8117482126790262
0.3824274096045412
0.8125277296327406
0.8109120115472656
0.3175488196456619
0.3533418319579491
0.3571694734309677
0.3702059895282872
0.8125828097105509
0.8078862952410235
0.3293380990412746
0.3405642197048426
0.33194118105859444
0.38024835563866716
0.38188053648666975
0.341531839411431
0.3406687765250734
0.33830858666133407
0.34172705470065523
0.807171464166384
0.3498997405002391
0.8141352027635094
0.8201257004081074
0.3791403238319082
0.3442994888198592
0.3029606746094836
0.3395688776924521
0.3376710274340384
0.8141352027635094
0.3397882643238041
0.3498997405002391
0.349629308359658
0.31439565259335633
0.34266406874367233
0.3603440044620892
0.3442994888198592
0.32969977907909104
0.3176581114445924
0.8110658279902127
0.8161779258598284
0.32969977907909104
0.3163079440611075
0.8113965530056855
0.32319925542757405
0.3734557555424313
0.3734557555424313
0.38188053648666975
0.36015768132832177
0.3734557555424313
0.31810315881370016
0.36770644006049685
0.8056071759575559
0.35263862505010396
0.32902848490509795
0.832090173865736
0.807171464166384
0.32440551952118485
0.3090875513992522
0.38686609683134554
0.3824274096045412
0.33765346462566
0.3321685084048874
0.8054430570920752
0.33173796612058015
0.32909000709891817
0.3570933455689633
0.34712493207985967
0.3254463676116569
0.3570933455689633
0.33765346462566
0.3255161546787002
0.35939471908401854
0.32319925542757405
0.8125828097105509
0.31481312263776845
0.35597368212054725
0.8392630989623701
0.3488691600104513
0.8054049253772111
0.3468296722313818
0.3824274096045412
0.34405861377865926
0.31143150384603774
0.2822531898789639
0.35836526474138813
0.3343322488086355
0.33858422453081166
0.18976539690441072
0.8132608090488151
0.3397882643238041
0.34086183950636817
0.8042833101777661
0.3571694734309677
0.8056705714447276
0.8139323898461824
0.8161779258598284
0.38305996990020347
0.8331394217741338
0.33173796612058015
0.8054430570920752
0.3029606746094836
0.33384334496617707
0.5306593652294929
0.3806617446348176
0.31810315881370016
0.32440551952118485
0.81191734429545
0.28924084486799845
0.8126602576167969
0.8119016832996028
0.3468296722313818
0.32909000709891817
0.38305996990020347
0.3395688776924521
0.32961483805820496
0.8029626591993012
0.8056705714447276
0.298462713433947
0.42243778418362943
0.3086891944135993
0.33830858666133407
0.31692056015122894
0.34317200401131354
0.32448969836945346
0.39029369279383985
0.35675272148411735
0.3810475697536624
0.34761908871116964
0.81191734429545
0.33384334496617707
0.33858422453081166
0.8051376000732211
0.8056071759575559
0.4606762022063361
0.8135651853659008
0.8287072210125105
0.3488691600104513
0.3246126157528536
0.3405642197048426
0.3298974885796589
0.40427844392243095
0.328096761525634
0.8117482126790262
0.3442994888198592
0.8078862952410235
0.3395688776924521
0.33088015856675684
0.3298974885796589
0.5306593652294929
0.35559222325556644
0.38686609683134554
0.3371501767120865
0.8171721891071595
0.8098435446872816
0.3406687765250734
0.8058051825860737
0.34086183950636817
0.3422898514557353
0.33081603975222335
0.3458650425568363
0.8125277296327406
0.3249736387819109
0.807171464166384
0.33194118105859444
0.31481312263776845
0.8109120115472656
0.3837709166588977
0.3175488196456619
0.8124338097839328
0.32448969836945346
0.32640964615385676
0.3163079440611075
0.32961483805820496
0.3601578067163496
0.8135651853659008
0.349629308359658
0.3175488196456619
0.3791403238319082
0.3453376903136937
0.3405642197048426
0.34473268971550364
0.8109120115472656
0.3376103961676882
0.3246126157528536
0.3453376903136937
0.8093561219080283
0.3300023445783701
0.36015768132832177
0.35755407513769577
0.34266406874367233
0.8180964079129662
0.8125828097105509
0.1802946537055215
0.3321685084048874
0.3603440044620892
0.35675272148411735
0.31439565259335633
0.8252116551520986
0.34405861377865926
0.8117482126790262
0.18976539690441072
0.8098435446872816
0.8078862952410235
0.3029606746094836
0.3601578067163496
0.8160332522460857
0.3105073731172181
0.34712493207985967
0.3566086358634026
0.33685388404486866
0.3419013330928679
0.8109974995877838
0.36253709806200834
0.3166776044145185
0.3447571262965501
0.3434937843678189
0.1802946537055215
0.30733178269990424
0.8093561219080283
0.8083653730439458
0.31143150384603774
0.8054049253772111
0.40427844392243095
0.3419013330928679
0.3402838804199595
0.36965534755252544
0.30975723538334404
0.832090173865736
0.8113965530056855
