0.3397229523348882
0.643090926651485
0.5388555664487972
0.42773931714252567
0.6022907812330829
0.27975684655458954
0.5324924597918069
0.26704397570208505
0.4480681007849797
0.33704813644311543
0.9461234739935417
0.3414593827541826
0.6155547116310152
0.582122325417303
0.5006122118438017
0.43615153334033957
0.5613040040614334
0.37279475352580027
0.46907326051234915
0.31025918999085367
0.7335288887199445
0.39434437288525814
0.3714452921615564
0.5088902548957681
0.47261438844985604
0.15821369994699908
0.6010804809924255
0.5834230381222663
0.5658877606793111
0.44519563657560407
0.6867444628936852
0.17240893053447987
0.40925540960958584
0.291167279212998
0.4685079301237537
0.7621732815834862
0.17240893053447987
0.9461234739935417
0.45207505435859896
0.15821369994699908
0.610076498443967
0.26293445116743647
0.33350070084714256
0.568928686432161
0.4480681007849797
0.48468948508824716
0.5088902548957681
0.38597479706134574
0.7180116026002085
0.7792397963894451
0.34283388825615474
0.3397229523348882
0.5834502830083759
0.5820939437855797
0.5472903285275663
0.5171862234710745
0.5006122118438017
0.6155547116310152
0.5414569330404178
0.5470127270376468
0.6133287195611687
0.5472903285275663
0.6792734922669851
0.32637113498975934
0.5666797311659391
0.4300879323765304
0.4215598212940507
0.5899985688028568
0.26092845491899935
0.32213640905397267
0.6197696647194171
0.27975684655458954
0.2920321672741078
0.6696551708618861
0.37501805212159073
0.7621732815834862
0.4300881703203684
0.6303727987955758
0.40713560038404883
0.568928686432161
0.6617947014769241
0.5724834868080542
0.6493106544793363
0.687989422768793
0.21150229461075065
0.7792397963894451
0.42303664816772896
0.5021358965182723
0.4815787537516443
0.6797700214887574
0.3510333560647439
0.34604919047235394
0.34283388825615474
0.5658877606793111
0.47261438844985604
0.31025918999085367
0.6874253585796601
0.33704813644311543
0.5318153930352725
0.6048838718728687
0.42303664816772896
0.6022907812330829
0.5666797311659391
0.661035280202124
0.3425393267339356
0.58397698510269
0.6303727987955758
0.687989422768793
0.29753555355706485
0.40947853408952484
0.5094974362387505
0.32213640905397267
0.2931796836345174
0.5324924597918069
0.5042814766229547
0.3058348659502029
0.7332956863871791
0.26092845491899935
0.34604919047235394
0.33711232166626953
0.4075160710251444
0.6010804809924255
0.48173926399986033
0.6238270364679962
0.6874253585796601
0.6238270364679962
0.4300879323765304
0.48163225716771557
0.17240893053447987
0.5318153930352725
0.35343266009982016
0.3714452921615564
0.6847017895539665
0.6341191153838528
0.49323360239056174
0.636738582039081
0.4685079301237537
0.263170002632977
0.628830584457384
0.42773931714252567
0.5206546215796859
0.6867444628936852
0.21404763843980334
0.45207505435859896
0.6197696647194171
0.35913055047741177
0.22503345684344123
0.6005850957149004
0.5125941333977666
0.5834502830083759
0.49059247664205213
0.4689582837824345
0.37501805212159073
0.35343266009982016
0.265617085098213
0.3397228035705956
0.6048838718728687
0.49059247664205213
0.6248039483556342
0.3762834236375274
0.5414569330404178
0.5023607453232813
0.39434437288525814
0.40713560038404883
0.4912623139576369
0.5021358965182723
0.291167279212998
0.4215598212940507
0.5899985688028568
0.6136744190654247
0.661035280202124
0.33711232166626953
0.265617085098213
0.4815787537516443
0.5042814766229547
0.35913055047741177
0.643090926651485
0.40925540960958584
0.5171862234710745
0.636738582039081
0.2900543661027185
0.45207505435859896
0.8061513800295184
0.6696551708618983
0.7792397963894451
0.6493106544793363
0.5820945987463118
0.5206546215796859
0.49722360334675003
0.48173926399986033
0.2920321672743804
0.2931796836345174
0.6341191153838528
0.7621732883644565
0.7180116026002085
0.8061513800295184
0.26704397570208505
0.3058348659502029
0.5470127270376468
0.3181321039174631
0.32637113498975934
0.6010804813437733
0.4001016070204491
0.2920321672743804
0.29753555355706485
0.5724834868080542
0.58397698510269
0.4001016070204491
0.33350070084714256
0.49323360239056174
0.4689582837824345
0.7335288887199445
0.4817392639998605
0.21150229461075065
0.49046436409596605
0.6005850957149004
0.3510333560647439
0.27975684655458954
0.6797700214887574
0.3181321039174631
0.44519563657560407
0.6792734922669851
0.3762834236375274
0.4912623139576369
0.5013449137969781
0.40947853408952484
0.21404763843980334
0.5094974362387505
0.38597479706134574
0.3460492014839759
0.22503345684344123
0.48468948508824716
0.6133287195611687
0.610076498443967
0.6847017895539665
0.5023607453232813
0.46907326051234915
0.26293445116743647
0.5613040040614334
0.3414593827541826
0.263170002632977
0.49722360334675003
0.7332956863871791
0.5125941333939337
0.5125941333939337
0.43615153334033957
0.17240893053447987
0.5388555664487972
0.4072624239310807
0.5963373928811744
