0.4784893683312302
0.4784319909701714
0.4786621187269132
0.4783018759347707
0.5056092555457524
0.47870799027201333
0.4786462748617824
0.4783307880159702
0.4777840986458266
0.4784590352695759
0.9461234739935417
0.4784088364575755
0.4782556998073236
0.4743045004750901
0.45520389206568274
0.4780022483502365
0.47843951122102624
0.47773397140465457
0.47786945861775
0.4777309708655486
0.4785411372613184
0.47800536386328185
0.4782909634363243
0.47649280370421093
0.47830861534532165
0.4777477017594285
0.4787293705508363
0.478159861837344
0.4784043470293664
0.4786100714124375
0.47834008797209926
0.47857559638482716
0.47703614497820346
0.4785541630367841
0.4786610669689171
0.4785346923129241
0.4786328252968217
0.9461234739935417
0.4785625174001734
0.477820555412268
0.47862597265765544
0.47795108474809345
0.4786169686683256
0.4777806437863108
0.47862825687071087
0.4784249507072361
0.4778439315977368
0.4779661206601693
0.4782335892372559
0.4780593568854551
0.4785869497294322
0.47782191320711076
0.47859746264968483
0.4786451093024485
0.47864627732151327
0.4776930475628901
0.4783052456400462
0.4783493229845235
0.4786622499077653
0.4777806437863108
0.4786915359839402
0.47869690753005223
0.47870799027201333
0.4785406101374443
0.4780535203267174
0.47834008797209926
0.4777359475652522
0.4787150521992892
0.4785598999762506
0.4784501341648912
0.4784501341648912
0.4784088364575755
0.47786945861775
0.4784680966196626
0.47649280370421093
0.4781508921457056
0.4781935996980712
0.5056092555457524
0.47865859335847927
0.4776930475628901
0.47804283357953825
0.4785376909407691
0.47789276091529154
0.5208186709469984
0.4786415915493865
0.4783421143585377
0.47804283357953825
0.4762380418834679
0.4784658160512285
0.47855247065822193
0.47874318930583676
0.47839720956015586
0.4783338771773957
0.4779535556704262
0.4785805247860765
0.4786355666004481
0.47851466978837537
0.47777209846069
0.47872091570771247
0.4783052456400462
0.478136315261848
0.4783421143585377
0.47865066870161077
0.4787122996874724
0.4784111687017319
0.47868110693333177
0.47857595332307445
0.47770713790217756
0.4786800299739623
0.47844658670694257
0.47782916756759497
0.47840792788944
0.4779535556704262
0.4787144795485925
0.4784522211869026
0.4776622494731245
0.47865726387683183
0.47856994150333443
0.47859746264968483
0.4780593568854551
0.47773933631248855
0.4785368511577971
0.47828873343825823
0.47840792788944
0.4786931714074264
0.47855206089636115
0.4746802565122095
0.47834287800750425
0.4762380418834679
0.47838851856631304
0.47803153094850714
0.4771769843070631
0.47773933631248855
0.47872764578299
0.4786409942169343
0.47820474970979576
0.4784916989155904
0.47819814477610084
0.47839272220791484
0.4784916989155904
0.47804374843866143
0.4771769843070631
0.47843951122102624
0.4750720515919576
0.4786328252968217
0.47826754721904474
0.47871482589635206
0.4784893683312302
0.4786610669689171
0.47808199205979385
0.4785875948925795
0.47865867439738086
0.4750720515919576
0.4785346923129241
0.4780022483502365
0.47815678854332516
0.47861068623863523
0.4785805247860765
0.4785176756982454
0.4785714332781005
0.4784111687017319
0.4779723206792438
0.47794683225188633
0.478532122268742
0.47803153094850714
0.4785176519244083
0.4785541630367841
0.5208186709469984
0.4780754444404439
0.4746802565122095
0.47534493033446173
0.478674399930386
0.47858882803420266
0.4781631751341281
0.4785080746897691
0.4787042510062427
0.4781935996980712
0.47815678854332516
0.4779723206792438
0.4783621722099318
0.47874318930583676
0.4785625174001734
0.4785368511577971
0.47794683225188633
0.4780516279239816
0.47865867439738086
0.47849587707962504
0.47703614497820346
0.47838851856631304
0.4781137454562242
0.47379624269355686
0.47851466978837537
0.47824671592571016
0.47840387543119384
0.45520389206568274
0.4786851828464439
0.47804374843866143
0.4782807650186127
0.47784804278561904
0.4788512347961058
0.47800536386328185
0.4785176756982454
0.4785869497294322
0.47379624269355686
0.47869690753005223
0.4786592506063598
0.47803108899355085
0.4781631751341281
0.4786169686683256
0.47866135081227307
0.47828873343825823
0.47825035507784275
0.47808199205979385
0.47878531301808186
0.4786126674288742
0.47853032120691585
0.4784685006653891
0.4783896403798028
0.4787293705508363
0.4788512347961058
0.47843875740366726
0.47840259262425494
0.47816915645804675
0.47872091570771247
0.4786622499077653
0.47782191320711076
0.4788297108880121
0.478674399930386
0.4784444021009663
0.47789276091529154
0.4783338771773957
0.4784509757701778
0.47862597265765544
0.4785881262828403
0.47782916756759497
0.47845840801192274
0.4777047699574831
0.47773397140465457
0.47804406998525967
0.4785044235119056
0.4785714332781005
0.47534493033446173
0.47848882638451873
0.4784590352695759
0.478713562014929
0.4786328252968217
0.47865859335847927
0.4785138788106076
0.47810624320586054
0.47813955178925704
