0.7328875805359236
0.2520910084384593
0.7329278071002113
0.25234972562920477
0.2524094357778351
0.2525956686475064
0.2533389363906918
0.7329185266004071
0.7328044397689817
0.2524203617529307
0.2529237710266746
0.7327099887576065
0.7330066818609134
0.2512454598544873
0.7328853352413943
0.25275553778150384
0.7327440677111458
0.2526723857619386
0.7328676227283137
0.25310843419776374
0.7328733738226705
0.7330543110670064
0.2526108353041846
0.2527251869635714
0.2530429966059091
0.2523956273092812
0.7328589042920768
0.7330038828890177
0.7326817265137298
0.732860769160492
0.7328964294435341
0.7329073576959907
0.7325149090425987
0.7328853352413943
0.25379604345879936
0.2523956273092812
0.732786201340578
0.732994274486751
0.2530429966059091
0.732777117657849
0.25201894450238854
0.7330707912731292
0.2528005164033108
0.2530293999825312
0.7329478831324425
0.2528187407876461
0.7328552666226702
0.7328451051161806
0.25237314301706143
0.7328653289386489
0.7328589042920768
0.25283236814198284
0.2529284164597157
0.7328987603717301
0.25229322523272363
0.7328173181892341
0.7329018413488726
0.25689658104677604
0.25267048637265743
0.7328094665228548
0.7328505243435794
0.2532364791772004
0.7329823725876343
0.732860769160492
0.2524306662633027
0.7333504090753795
0.732994139121633
0.2525661759240296
0.7328660536387563
0.7328889694240399
0.7330106466685709
0.7329858359045347
0.7328767576267896
0.2524617417802655
0.7328482468245942
0.2525535430790128
0.7339176078316874
0.2529284164597157
0.7335100865994792
0.7331706830888858
0.7329597037435109
0.25363238746557143
0.7326180037790723
0.2512454598544873
0.25283236814198284
0.2525865890814015
0.7327099887576065
0.25403275900666267
0.7328548828719899
0.7333504090753795
0.7328733738226705
0.7328502316196166
0.7327246936468851
0.7329478718299762
0.25273366707598355
0.7331706830888858
0.2526471965456796
0.2529079144753229
0.7328462174777963
0.2526108353041846
0.2524306662633027
0.7330702802457582
0.732894335917925
0.7328511922619372
0.2522614596311381
0.7328173181892341
0.7330572008905017
0.25103095695728905
0.7330306815785494
0.7330112178553608
0.7327886677362092
0.2527953661820431
0.2536150827585214
0.7327867732800486
0.25177224094284745
0.2558177603972427
0.2529979410097579
0.7328799722362269
0.2522530798324683
0.25363238746557143
0.2525661759240296
0.251618175814162
0.2539311481584122
0.7329691810075301
0.7328953479037326
0.7329408874929482
0.251618175814162
0.7328482468245942
0.7329770333534347
0.7328458794349619
0.25357563881177403
0.25315212126483855
0.7329858359045347
0.25463486203191876
0.7326439307005916
0.2523402811384284
0.7329032862994207
0.7330106466685709
0.25234333854298285
0.2550206308613538
0.2526175913321357
0.7329018413488726
0.732780614074356
0.7329478831324425
0.25374698757217495
0.2525783843958257
0.25230653975114387
0.7329032862994207
0.7330070918224245
0.2534642421011615
0.7329779913144538
0.7329823725876343
0.7329170001923454
0.7330066818609134
0.7328174845944
0.7328914732471088
0.7329178274405825
0.2526471965456796
0.7328908710054015
0.7331372154745099
0.2522614596311381
0.7329040232745601
0.732836647459595
0.25463486203191876
0.2527665782044069
0.2533398366342339
0.2527251869635714
0.7329576533528441
0.7329795595628228
0.7325903777592231
0.7328570886727257
0.73298072105963
0.7327605786603726
0.7330387009973027
0.7329795595628228
0.2533398366342339
0.7329984122030129
0.7329360399164416
0.2526347022589666
0.2525575524319904
0.2526300230161357
0.7329278071002113
0.2527561435322448
0.7328552666226702
0.2532076110941839
0.2532364791772004
0.7328153557540166
0.25265210351754175
0.25263407687622885
0.25323771082541935
0.25234333854298285
0.7329040232745601
0.2526175913321357
0.7326180037790723
0.7329171282807581
0.25230653975114387
0.2528997828390646
0.252441551424302
0.732881697322094
0.7330162257669122
0.7328367930411619
0.7328987603717301
0.7329073576959907
0.732896789448564
0.25297015225740804
0.253292215058852
0.7328548828719899
0.5094596593702202
0.7328913958164665
0.2523792413806758
0.7329158795748323
0.7328267217680863
0.2532076110941839
0.7327605786603726
0.2528911756139703
0.2525563020862019
0.7329640898829262
0.25231747366905427
0.25212960635787296
0.7329553176040957
0.7328299806372863
0.7328451051161806
0.2528844096853373
0.2526347022589666
0.7327440677111458
0.7327886677362092
0.25315212126483855
0.2521595108886798
0.7330112178553608
0.7327137583022003
0.7331377265543926
0.7329529098647384
0.2525783843958257
0.25271245335016923
0.2527561435322448
0.7327137583022003
0.2523990230698544
0.7328505243435794
0.7328676227283137
0.7329691810075301
0.25224618975864865
0.25234972562920477
0.7328174845944
0.252441551424302
0.2558177603972427
0.7328299806372863
0.2524606292874374
0.7329017697745761
0.7328653289386489
0.25171357683483464
