0.7687679073193755
0.3212113260871305
0.7827604358406368
0.16081702582287052
0.1908103548925771
0.1953204191036504
0.3737431221262765
0.8281180886169729
0.5100190191089908
0.1953204191036504
0.3629302008170643
0.8431611916662578
0.8909525825119211
0.28400369176255236
0.7540323101647975
0.2674485288506226
0.5100190191089908
0.3876307437491284
0.7330821528235705
0.23009005852348516
0.5412777081188094
0.7854563495380151
0.2674485288506226
0.16524192437385793
0.39549403496294167
0.20838267623127854
0.6713722927961464
0.8128857992567792
0.8128857992567792
0.6748274381136139
0.8133609673741716
0.7420122725983578
0.7119456345669437
0.7465966754556537
0.23787944026942948
0.2907392791449076
0.9049652697077336
0.6713722927961464
0.30618088153161743
0.8133609673741716
0.21871487772514775
0.8067981867865903
0.29984564249372947
0.45525070320162386
0.7492114339834148
0.1141656870262174
0.7451174543201156
0.8313689599863197
0.18331727376826318
0.7687679073193755
0.8948719573730174
0.15588697021810083
0.4628649688483573
0.5672643971303536
0.183579579149706
0.7633530572728191
0.7747629283806845
0.255525922540346
0.361083122207424
0.6194680083307804
0.8952875454549605
0.012289870831828753
0.7853994022231654
0.5412777081188094
0.15588697021810083
0.8718061016588652
0.8830049796055799
0.33523739664204577
0.8902947531345541
0.5281390731257869
0.9049652697077336
0.713809844879833
0.7230602572460828
0.10575282943360942
0.7843898297227514
0.08540479428313577
0.7105661196171903
0.5415121564069498
0.9350251045496233
0.8909525825119211
0.6699526536059555
0.07782826787287225
0.7420122725983578
0.20838267623127854
0.19666951592912751
0.16923752067192158
0.7557566359568947
0.5157888897055848
0.7181569748027281
0.8088492163114427
0.46952097942804555
0.8830049796055799
0.6734797919948077
0.7635622599434799
0.2034107364716699
0.8088492163114427
0.1520405007197012
0.23787944026942948
0.8294484912317488
0.3737431221262765
0.4837290588384982
0.7497514280488338
0.9658345623450482
0.7500043152179966
0.14706021575626316
0.7451174543201156
0.7006428882939362
0.17629026593232666
0.6866770255363265
0.7843068882994106
0.6734797919948077
0.33523739664204577
0.18557198021643573
0.4054749963052328
0.1238882328042639
0.4295529067711038
0.23009005852348516
0.7258389276993502
0.19575541885829428
0.07782826787287225
0.1238882328042639
0.18419285899885462
0.18557198021643573
0.7421925523364997
0.9110481834636693
0.7267330661337132
0.19886337496955875
0.7853994022231654
0.8313689599863197
0.5157888897055848
0.49855128483978184
0.14142438561043488
0.7925244236916441
0.45308448316860694
0.670583727736773
0.33781676152989093
0.6683520802475316
0.828606252109831
0.32071466208415406
0.14149066895132467
0.23143213549535027
0.7803026092898742
0.8948719573730174
0.7119456345669437
0.15764402744437894
0.4819851611386229
0.21871487772514775
0.6668805436066463
0.6179055521495515
0.37864827713017235
0.5780035800690613
0.585139834649945
0.8139912648241091
0.7492114339834148
0.7473872165214921
0.6484648961901186
0.7316301244682917
0.10906893292966086
0.8144148787644467
0.6668805436066463
0.2281100570165402
0.6698549613633759
0.6359084300931357
0.18331727376826318
0.07653335869420316
0.38718892337719346
0.11545135482780583
0.7054839001346747
0.7846270668842483
0.713809844879833
0.6832844339576917
0.7861250295347249
0.9196348073197511
0.7589880968078923
0.411091366717956
0.411091366717956
0.7925244236916441
0.7500043152179966
0.3141744308731934
0.2254397009192958
0.16524192437385793
0.8144148787644467
0.11545135482780583
0.7392642905402618
0.22770440891806276
0.5661729587909339
0.8294249026992202
0.37258019198506087
0.4613027312983262
0.15388652029694344
0.3629302008170643
0.7006428882939362
0.2190201786777769
0.8194724812416065
0.8067981867865903
0.30618088153161743
0.20153388128911914
0.1141656870262174
0.7861250295347249
0.533163163831354
0.7827604358406368
0.7803026092898742
0.8194724812416065
0.7426719854267702
0.19575541885829428
0.29984564249372947
0.4818572962836974
0.1992510752245643
0.7064315176391237
0.14149066895132467
0.7854563495380151
0.7316301244682917
0.5672643971303536
0.9196348073197511
0.1992510752245643
0.07025174146260874
0.6939770142311744
0.2905836914139499
0.1908103548925771
0.7487570939515121
0.7054839001346747
0.7094627149569379
0.2523622338746432
0.4628649688483573
0.6698549613633759
0.542112788178173
0.09896151693863438
0.09896151693863438
0.7540323101647975
0.5281390731257869
0.7846270668842483
0.7009942800488027
0.32071466208415406
0.14142438561043488
0.2281100570165402
0.7465966754556537
0.18072296458138074
0.6727686538121768
0.9110481834636693
0.5780035800690613
0.22313607739566488
0.2907392791449076
0.7552628689443877
0.13147772661330215
0.4613027312983262
0.6727686538121768
0.27226034615573785
0.5661729587909339
0.533163163831354
0.38407726176269774
