0.6564658228407051
0.34937464377156513
0.8158585566823529
0.2918584446039243
0.32139602634091846
0.5747442106444787
0.35410990680273224
0.3268989001500898
0.30693727938131016
0.5959005160813435
0.18872677350037614
0.6543940537219566
0.23978744158427684
0.39374040453005527
0.37452587439584817
0.7241992140841504
0.35547263340018437
0.17873978755699385
0.32244692111387974
0.30821435784694207
0.5577655463682986
0.27596942881530206
0.46371218200873005
0.5457566343971042
0.34937464377156513
0.18872677350037614
0.2880527037737703
0.27803848845406204
0.45487873746048024
0.2652100877357637
0.2453134212007936
0.578622958158619
0.22535957362577347
0.42015221654148344
0.8782637591314375
0.796982767298927
0.7536525859569496
0.5375024609406098
0.21989586185845333
0.6543940537219566
0.18872677350037614
0.23593411070534653
0.48278837156402077
0.6837438805112539
0.28136076380146025
0.45487873746048024
0.292737047425057
0.17787266714625516
0.2612812096116381
0.5342244750744009
0.30693727938131016
0.3885350514872443
0.7173138998737962
0.22291094285277996
0.8056292151861886
0.39446786502600745
0.32139602634091846
0.45545658316452786
0.7191123982922485
0.45487873746048024
0.4683009580311363
0.4986268952274681
0.4537295042402995
0.6304184902372443
0.4533100180290647
0.3662385727153825
0.2764005679344713
0.22291094285277996
0.3695784771574198
0.3020688915373857
0.17213055168651945
0.2372747540614911
0.5368840973827588
0.27596942881530206
0.17873978755699385
0.7996370929348572
0.3381356781866222
0.2918584446039243
0.8056292151861886
0.05195735385971978
0.4506574226140239
0.35547263340018437
0.7421048522821303
0.7909335547384428
0.2785970710016468
0.2548563815534575
0.7652598141820326
0.6914770234275206
0.3268989001500898
0.32139602634091846
0.7536525859569496
0.21336593936887813
0.7241992140841504
0.27596942881530206
0.490114102921308
0.7137799468331889
0.2548563815534575
0.3592471466058047
0.7137799468331889
0.4447964748875739
0.4765047937465953
0.45986169839318974
0.34937464377156513
0.7947366357959236
0.45545658316452786
0.5007939843571818
0.28398871931251135
0.30693727938131016
0.564631012989369
0.5223781148418114
0.2566721459455304
0.25251254172285276
0.6685886882954774
0.28640280441703725
0.6837438805112539
0.4537295042402995
0.4533100180290647
0.46563863324060556
0.37276971005375836
0.5368840973827588
0.2945306808340322
0.35410990680273224
0.7976475354020174
0.7944299631818124
0.684130810143329
0.20882982708196934
0.7427874024492578
0.7976475354020174
0.7996370929348572
0.292737047425057
0.17873978755699385
0.26422729206602436
0.3133780118482532
0.1936624598505146
0.7704138094206506
0.3268989001500898
0.490114102921308
0.23593411070534653
0.8570837383300474
0.7944299631818124
0.5686845264538876
0.27320944196008523
0.23788510716871605
0.20322133801509376
0.23092020089695492
0.5975516761908587
0.24621796357370956
0.586160215038029
0.6914770234275206
0.6363111546198716
0.42015221654148344
0.2874802576374511
0.565656109698561
0.5959005160813435
0.6994142541678485
0.39554105671474726
0.22547428881913223
0.23767200896039933
0.7612166543274217
0.39374040453005527
0.4412228965469225
0.7241992140841504
0.3378316446922373
0.7996370929348572
0.25251254172285276
0.8520489497214613
0.3592471466058047
0.32554446708246426
0.7117210362325578
0.12989267099252114
0.9009662617068115
0.8236417391540591
0.6543940537219566
0.44787401750150724
0.8008651076222224
0.39374040453005527
0.6685886882954774
0.5342244750744009
0.8501293060822
0.2836586761175783
0.2924671092336726
0.4121535233298885
0.3765998047011292
0.15137948200558296
0.578622958158619
0.39446786502600745
0.7664533158457489
0.1942904246369175
0.37452587439584817
0.37452587439584817
0.9009662617068115
0.24621796357370956
0.4497312378328079
0.292737047425057
0.2638949190457072
0.2471225059466255
0.22547428881913223
0.9076563030817513
0.2924671092336726
0.19963757539824
0.7909335547384428
0.3378316446922373
0.4533100180290647
0.36036268625870144
0.28640280441703725
0.9502239691532465
0.2374244730554924
0.17721703338575304
0.4967669261712283
0.32244692111387974
0.23593411070534653
0.27055012643958976
0.25093936261718053
0.5588666288050883
0.2918584446039243
0.30821435784694207
0.2880527037737703
0.5577655463682986
0.5942493559718285
0.3906208542311558
0.2764005679344713
0.2881586793507196
0.2764005679344713
0.15137948200558296
0.14165531008019142
0.23788510716871605
0.5686845264538876
0.821761786656735
0.19033477312770297
0.9076563030817513
0.2836586761175783
0.5185242508193338
0.31706780412725394
0.004873344816271663
0.7612166543274217
0.7909335547384428
0.7467781813529506
0.28398871931251135
0.7219984972570647
0.2924671092336726
0.490114102921308
0.9801493242528184
0.39446786502600745
0.40228673854351354
0.23788510716871605
0.2239971943134241
0.3187844657720434
0.921451814614984
0.44787401750150724
0.6356396137748803
