0.6935547815776927
0.5233448351590347
0.6109176607563381
0.34735286588783193
0.2751973857863943
0.4124492438353733
0.34406563589470507
0.34680360879802374
0.32611787897941735
0.3189943381134393
0.3068954045839871
0.7569240063890229
0.8573308813141367
0.7362319763495595
0.5468162641322009
0.27543170266360284
0.3547270021406257
0.3127220571669793
0.2847283958629317
0.7243904625650497
0.3091547512007856
0.6109176607563381
0.5233448351590347
0.6109176607563381
0.31537285034537527
0.18872677350037614
0.28324552933115066
0.25791160870741175
0.3650367892775569
0.2933030570383411
0.2453134212007936
0.24041127578009586
0.23926884945445806
0.30598306289203947
0.25819035229769893
0.796982767298927
0.30015700319437283
0.5829774883093395
0.27200174912655384
0.3049166969093956
0.18872677350037614
0.28173784749950076
0.48278837156402077
0.3142149920029596
0.31924967576093577
0.5536767057654327
0.6396580379660495
0.30972946960385966
0.6154849337447617
0.6500067775786822
0.3091547512007856
0.3885350514872443
0.6396580379660495
0.6439218784118186
0.7306437403146804
0.3100636974520538
0.3189943381134393
0.45545658316452786
0.7191123982922485
0.45487873746048024
0.5382451941407583
0.633085669918939
0.25256588518005274
0.6317520800780916
0.29001256464930025
0.3127220571669793
0.7373387176248484
0.24041127578009586
0.2959209060613899
0.6926457229442731
0.3626140265351789
0.34735286588783193
0.5368840973827588
0.26440574736016
0.6127078279960917
0.7362319763495595
0.3435602883230945
0.27357768967205875
0.8573308813141367
0.14608835031080283
0.4136286136575765
0.5844656930683213
0.23985400250446745
0.7373387176248484
0.29073100178434236
0.34287999099559197
0.2550613999206473
0.20632913567808348
0.2751973857863943
0.7569240063890229
0.7536525859569496
0.5645178802356824
0.7362319763495595
0.25819035229769893
0.34355539394596013
0.7137799468331889
0.7306437403146804
0.7026602054325279
0.3484037238489956
0.4447964748875739
0.23041249454285384
0.4124492438353733
0.30492274234225386
0.7731825731607319
0.22514335434419472
0.3293572758925286
0.33802076595587505
0.24430546529003613
0.678876399560151
0.34680360879802374
0.246546615286707
0.29608008764171334
0.7314056375168976
0.2947283259315558
0.7373387176248484
0.4537295042402995
0.33898124775713345
0.4020160323930517
0.34406563589470507
0.5368840973827588
0.30972946960385966
0.7022233967106319
0.3547270021406257
0.3484037238489956
0.7661838084894395
0.30802338017204667
0.3956746469951382
0.7382619674810842
0.4160885289137158
0.320410286711308
0.2948978733753536
0.26422729206602436
0.34680360879802374
0.28296975881453706
0.7704138094206506
0.3263663428726256
0.31240639860771635
0.3100636974520538
0.6422233891114211
0.28828284133052656
0.5585873839818105
0.7435551274612585
0.7231187789980663
0.27242505043867454
0.32611787897941735
0.6422233891114211
0.24621796357370956
0.2738256383456553
0.7742803808787839
0.3418886284557954
0.3189943381134393
0.30068856010897493
0.565656109698561
0.5844656930683213
0.3336969456859716
0.3068954045839871
0.2894351979731997
0.23985400250446745
0.7612166543274217
0.33886456192128334
0.40387641945068314
0.5536767057654327
0.3049166969093956
0.4124492438353733
0.23985400250446745
0.7569240063890229
0.35713858772041124
0.2738256383456553
0.7236650043807803
0.14608835031080283
0.8573308813141367
0.8236417391540591
0.7731825731607319
0.2514775040101493
0.6884514373330145
0.2805478211748144
0.27543170266360284
0.6439218784118186
0.27543170266360284
0.29608008764171334
0.23985400250446745
0.27778467421130726
0.4136286136575765
0.24333891274644603
0.5468162641322009
0.29073100178434236
0.7664533158457489
0.24430546529003613
0.34765944012265143
0.34765944012265143
0.29489621214895967
0.24621796357370956
0.7663459653314483
0.3091547512007856
0.7173752876132017
0.33599479753974765
0.5791830908046657
0.28828284133052656
0.40188160915517424
0.3220539000876199
0.35713858772041124
0.41353309821986145
0.35476328609607316
0.36036268625870144
0.282499937709342
0.9289401361174989
0.27778467421130726
0.17721703338575304
0.4967669261712283
0.31984998986377394
0.5851054829170547
0.2847283958629317
0.31537285034537527
0.3547270021406257
0.22514335434419472
0.34355539394596013
0.2947283259315558
0.31924967576093577
0.31924967576093577
0.4846219061948874
0.2764005679344713
0.3339815956932859
0.28173784749950076
0.3071931299343431
0.3484037238489956
0.2959209060613899
0.28828284133052656
0.8136955009214618
0.2948978733753536
0.30068856010897493
0.246546615286707
0.40188160915517424
0.2894351979731997
0.6656279148293271
0.28296975881453706
0.3068954045839871
0.29001256464930025
0.4160885289137158
0.6270338911518154
0.31984998986377394
0.5844656930683213
0.9801493242528184
0.39446786502600745
0.40228673854351354
0.5382451941407583
0.4020160323930517
0.2836586761175783
0.29001256464930025
0.6317520800780916
0.3142149920029596
