0.3217936868153563
0.3216958515428552
0.32181524732298694
0.32198775126709095
0.3218232188204133
0.3219884987114183
0.321919614451728
0.321767405256805
0.3215345141482528
0.3218400325517284
0.3216949270197104
0.32199734660258805
0.32160160457650044
0.3217095814291835
0.3217936868153563
0.3216958515428552
0.3218262057574181
0.32182410646853316
0.3219653386966528
0.3217549051774544
0.32166091618765136
0.3216194210325672
0.32189854405706037
0.32208421538798837
0.3219653386966528
0.3218574515788284
0.32189854405706037
0.3213175375395871
0.3218715272792816
0.321919614451728
0.32188173026215333
0.3217480533288652
0.32164389323589715
0.3219085503745766
0.32186422346074733
0.32177350341358885
0.32236761793094476
0.32209642608429045
0.32166091618765136
0.3216575194293127
0.3217540444151316
0.32156613321888156
0.3216587224964668
0.3218381220368273
0.32199726038264365
0.32198852898636915
0.32181524732298694
0.32194830603412355
0.32182410646853316
0.3218605127113226
0.32189711873291377
0.3220194851437402
0.3219269709824313
0.3216203952984174
0.32234845193864964
0.3217512631533739
0.32187591246750896
0.321850816077264
0.32244772530830895
0.3166152728993659
0.32205306483252794
0.32204995240290074
0.32221138087896967
0.3218092918415065
0.3217578921510604
0.3220025668128581
0.32202893666004123
0.3218242830026778
0.32188045086744405
0.3218299451530275
0.3216194210325672
0.3215708654855091
0.3221263936413455
0.3219361161536792
0.321792503889255
0.3219368603087764
0.3217578921510604
0.32198775126709095
0.32160160457650044
0.32265543657736745
0.32163113304999763
0.32190959041577294
0.3217548795084324
0.3223311555923983
0.3219489429097095
0.3226273562224273
0.32184944343564253
0.32149263936112416
0.3219085503745766
0.32199950568432256
0.32187189158431834
0.3218232188204133
0.3215889638737375
0.32191742411803204
0.32204467018044475
0.3216951514948467
0.3217919498638801
0.3217535029969718
0.32182410646853316
0.32205297565596597
0.3219884987114183
0.32199726038264365
0.3216285584826442
0.3218715272792816
0.32164389323589715
0.3217058279377873
0.3215345141482528
0.32193009990487415
0.322037852449699
0.322149460059224
0.3218715272792816
0.3217793219192732
0.3220045589041875
0.321826204240103
0.3220194851437402
0.32255995152754696
0.321919614451728
0.321841262147122
0.32204467018044475
0.3219727706985009
0.3219050338824292
0.32197927904295026
0.3217919498638801
0.32168721335172507
0.3215605295264025
0.32186309835045623
0.3217606529821034
0.32183285612943835
0.3222530742408305
0.32191631162126105
0.32188173026215333
0.321767405256805
0.3227573985676813
0.3215889638737375
0.3224921512168107
0.3218242830026778
0.3216285584826442
0.32189080962043765
0.3220166285800334
0.3223589929885846
0.3218400325517284
0.3220551680324438
0.3218400325517284
0.3218262057574181
0.3220808868769425
0.32190864472269737
0.32177790263704226
0.3216575194293127
0.3220027705167306
0.3218232188204133
0.32110265258643
0.3217394302825291
0.32164766792976135
0.3209904661203787
0.32197927904295026
0.32183285612943835
0.3216203952984174
0.321709698700944
0.3224162177615501
0.3216949270197104
0.3217793219192732
0.32166091618765136
0.3215464313504952
0.32329968156834554
0.32091487773360905
0.32183089603074805
0.321850816077264
0.3215831269068461
0.32082306952162853
0.3218055202079481
0.3214722840819279
0.32221138087896967
0.3224260086323432
0.32190864472269737
0.32186422346074733
0.3218149598706081
0.3219269709824313
0.32178990507337574
0.32183299473911836
0.3218262057574181
0.321841262147122
0.32164766792976135
0.32191631162126105
0.3215760000797716
0.32178990507337574
0.32177340632021184
0.32038943025677497
0.32183078872190807
0.3218343463230393
0.3217548795084324
0.3216221191003032
0.32188173026215333
0.32179545770309476
0.3216291089669856
0.3218242830026778
0.3216579344079454
0.3218116000665115
0.3216282529965458
0.3217606529821034
0.32157978147925065
0.3218287708086008
0.32164761274303616
0.3217629454236873
0.3233354194768059
0.3216535775410938
0.3219710755677556
0.32220283634643326
0.3216370272759546
0.32159877144235144
0.3219489429097095
0.32189080962043765
0.32158722344156226
0.32181524732298694
0.32182484295237956
0.32189080962043765
0.3224005785345884
0.32202893666004123
0.32186422346074733
0.32178990507337574
0.32178075053950517
0.3218149598706081
0.3219884987114183
0.3216194210325672
0.32164761274303616
0.3218299451530275
0.32198775126709095
0.32164761274303616
0.32203446667237084
0.32182057039188244
0.3218605127113226
0.3218800460233889
0.3218287708086008
0.32182590111677806
0.32197360143895576
0.32197375477946544
0.32221395034794237
0.32178075053950517
0.32197360143895576
0.3218666045921094
0.32192789939872046
0.32200532172847324
0.3220166285800334
0.3213483077460005
0.3217578921510604
0.32185659536227446
0.3218116000665115
0.32182590111677806
0.3214681988539234
0.3215345141482528
0.32168721335172507
