0.3226762543740268
0.321792503889255
0.3215810946343987
0.3220933022250869
0.32244772530830895
0.32143854280767686
0.3212549809487791
0.3216935800866337
0.3215289424733943
0.3220025668128581
0.3216997804957135
0.32191715326373055
0.32180113469363086
0.3217346694800985
0.3218257633689141
0.32173140044125303
0.32203446667237084
0.3218257633689141
0.3217707715753709
0.32206383892866663
0.3218343386379528
0.32208421538798837
0.3218177926146477
0.32208421538798837
0.3218343386379528
0.3215810946343987
0.3216796027948133
0.3213175375395871
0.32265543657736745
0.3225108343486425
0.3219635955797148
0.3221263936413455
0.32159674280291844
0.3219979082472231
0.32244772530830895
0.32185064882677167
0.32236761793094476
0.3218465372086316
0.321792503889255
0.32201498255576216
0.32187346083588886
0.32163113304999763
0.3218060848237232
0.3224260086323432
0.3218497757549761
0.3219937452601605
0.3215810946343987
0.32091617348699336
0.32184078913118513
0.32268114800337927
0.32141791735838726
0.32220100755308717
0.3220025668128581
0.32122104908096155
0.32234845193864964
0.3217576828023913
0.32187591246750896
0.321850816077264
0.32244772530830895
0.3166152728993659
0.32205306483252794
0.322668211113036
0.321133134201357
0.32186642910757407
0.32151447319286947
0.3220025668128581
0.32220100755308717
0.32195348829686193
0.321825410291731
0.3227820037294859
0.3210683853149317
0.32125779505432456
0.3221263936413455
0.3221002234851822
0.321792503889255
0.32186642910757407
0.3218497757549761
0.3220933022250869
0.32180113469363086
0.32265543657736745
0.32163113304999763
0.32213393259717277
0.32160181707067587
0.3223311555923983
0.32171368871901357
0.3238504575314862
0.32135670792829424
0.32149263936112416
0.32191715326373055
0.3216862028688245
0.321850816077264
0.3221482680036459
0.3213457146101703
0.3221482680036459
0.32199079377401224
0.3216797711263421
0.32175385490910285
0.32143854280767686
0.32238241995848155
0.32205297565596597
0.32117250312190454
0.3216935800866337
0.321878978770189
0.32181024857558865
0.32159674280291844
0.32169142427440095
0.3217707715753709
0.3217346694800985
0.32238241995848155
0.32288410449618526
0.3219907277389295
0.32142725554284124
0.3219983258822803
0.3212549809487791
0.32220283634643326
0.32255995152754696
0.321133134201357
0.32182149960723705
0.3219538398348846
0.32215958937814504
0.3218009542812511
0.32188157475865503
0.3218492143908605
0.3222222154849512
0.3197950176287217
0.3212399557775316
0.3240627523498795
0.3214990703899638
0.3222897791023522
0.32117250312190454
0.32175385490910285
0.3216935800866337
0.3227573985676813
0.32143854280767686
0.3224921512168107
0.3218240392400989
0.3210979662467259
0.3219538398348846
0.3215289424733943
0.3219622954139593
0.3232404685184729
0.3225152085721408
0.3216997804957135
0.32238241995848155
0.3218257633689141
0.3220499021008207
0.3219937452601605
0.32170656930915803
0.32150248096986817
0.320160889880365
0.32110265258643
0.32203805143787717
0.32106297884347795
0.3209904661203787
0.32234845193864964
0.32169142427440095
0.3221867923383767
0.32151447319286947
0.3224162177615501
0.3217346694800985
0.32075729922968776
0.32173140044125303
0.32170656930915803
0.32329968156834554
0.32091487773360905
0.32183089603074805
0.321850816077264
0.32187591246750896
0.32082306952162853
0.32191715326373055
0.3214722840819279
0.3238504575314862
0.3224260086323432
0.3195538330461234
0.32156159786122024
0.3218149598706081
0.3224305287199123
0.32188157475865503
0.32183299473911836
0.32166396726894253
0.32170437514072364
0.32191988258986887
0.3218060848237232
0.32160192228558077
0.3225152085721408
0.3217576828023913
0.32038943025677497
0.32198153757764986
0.32185064882677167
0.32185625335906315
0.321528388385798
0.3213457146101703
0.3218009542812511
0.32141791735838726
0.3217858521487856
0.3217279295897136
0.32173140044125303
0.32157000275873654
0.32203446667237084
0.32170437514072364
0.32170437514072364
0.3218177926146477
0.32134022580494853
0.3228203814221255
0.322057618607054
0.3220000144981618
0.32220283634643326
0.32171368871901357
0.32152315138278076
0.32142725554284124
0.32205297565596597
0.32160192228558077
0.3224305287199123
0.3217707715753709
0.3211457171231468
0.3224005785345884
0.3222163693793088
0.3219152929281895
0.3217502108600758
0.3220933022250869
0.3218149598706081
0.32201498255576216
0.32215958937814504
0.3216133110102898
0.3216760428518027
0.32197773176557243
0.321199850451814
0.32203446667237084
0.32182057039188244
0.32142725554284124
0.32182326390954247
0.32185441606768966
0.32185625335906315
0.3197950176287217
0.3228082788998654
0.32221395034794237
0.32118336434483674
0.32222604915409647
0.3217576828023913
0.3225276704290692
0.3223077911587234
0.32291367599870735
0.3218991567939151
0.3218497757549761
0.3219152929281895
0.3214990703899638
0.3219800184464039
0.3210979662467259
0.32091194367213377
0.3223507488153648
