0.3232900013186971
0.3114531582384257
0.3261232696646905
0.33046115586186414
0.26554404912164814
0.3229970914081366
0.3486277867582581
0.3190112865469729
0.3429785389332464
0.2874067803393396
0.3651467927898377
0.3001874754449004
0.3045278481235411
0.3486277867582581
0.3020153546840223
0.3098511567215149
0.3599087169285484
0.3058161448343643
0.33028744393648574
0.330941226630667
0.34768392951902766
0.35774130094549744
0.3523578856081206
0.6109176607563381
0.31537285034537527
0.3045278481235411
0.28324552933115066
0.3166542389622827
0.3651467927898377
0.31718616075574646
0.3190112865469729
0.3236306858654019
0.3920489276111181
0.3114531582384257
0.2742862743158852
0.330941226630667
0.30015700319437283
0.40875556706958266
0.29227214977612165
0.26651396192330934
0.31009589001642035
0.3119503596169928
0.37870455130059016
0.39641801317394504
0.3045278481235411
0.3695664467858398
0.6396580379660495
0.30972946960385966
0.6154849337447617
0.318224464687044
0.3091547512007856
0.34085036982852684
0.2874067803393396
0.31532181155362027
0.7306437403146804
0.30987718445649914
0.3261232696646905
0.34653791573483556
0.3104472208937623
0.3383051554636115
0.33309857030361456
0.6376545295151801
0.3156216515859189
0.6317520800780916
0.32051723835559603
0.28275503655707945
0.3020153546840223
0.28900408207205763
0.2959209060613899
0.32734218853534586
0.3626140265351789
0.3049338763588269
0.5368840973827588
0.3108359664433324
0.6127078279960917
0.31997696000094505
0.3288089406259072
0.31997696000094505
0.3249829760858928
0.2549918188657007
0.3319820864596962
0.323196644952783
0.3088127288309406
0.33046115586186414
0.33425148805751004
0.35060376823805456
0.28577467704250265
0.2407632607322389
0.34653791573483556
0.6710147446530388
0.26554404912164814
0.5645178802356824
0.35832754548051715
0.2874067803393396
0.3111202280553189
0.3365324181977675
0.35060376823805456
0.3362034250783717
0.32716455622662627
0.4447964748875739
0.28936081135807795
0.3237489792942421
0.31532181155362027
0.3098511567215149
0.30409900141442875
0.3164335643009656
0.3513830707433429
0.3229970914081366
0.678876399560151
0.35395916795402954
0.35135630730486894
0.3104472208937623
0.7314056375168976
0.31960031941103734
0.33755326503198685
0.30806125009565044
0.3114531582384257
0.3695664467858398
0.3203221421403897
0.3229970914081366
0.30972946960385966
0.3307260986606446
0.34023365487211615
0.3329307367195144
0.32390714777926616
0.3365463882463642
0.37120613587880175
0.3119503596169928
0.3349425448018306
0.2861702402966439
0.3190112865469729
0.3396588233328312
0.3333890983273178
0.3362034250783717
0.3424183048393028
0.33016829654211083
0.3088127288309406
0.3429785389332464
0.6376545295151801
0.28828284133052656
0.3338162650424679
0.32024159878515496
0.7231187789980663
0.30272607403168456
0.3107434701598189
0.31874180979782446
0.29647107822908453
0.31226072793743226
0.7300386974763495
0.2989110929751839
0.3189943381134393
0.28577467704250265
0.2856490378019139
0.5844656930683213
0.31127023597743303
0.32200648380633373
0.31532181155362027
0.3098753444655034
0.7612166543274217
0.2846883907020298
0.3651467927898377
0.5536767057654327
0.33952379474300876
0.33046115586186414
0.2793988470236766
0.34023365487211615
0.3005886914220749
0.3001874754449004
0.7236650043807803
0.14608835031080283
0.8573308813141367
0.8236417391540591
0.3175961747865953
0.31294366230284354
0.6884514373330145
0.330941226630667
0.2857558951526581
0.32390714777926616
0.3099425649818624
0.31960031941103734
0.3088127288309406
0.27778467421130726
0.4136286136575765
0.28709810298447325
0.31874180979782446
0.32125377985771647
0.3020153546840223
0.28202129866634756
0.35119322113163853
0.3166542389622827
0.3038668836473782
0.26651396192330934
0.7663459653314483
0.2549918188657007
0.2793988470236766
0.29647107822908453
0.3098511567215149
0.34768392951902766
0.35135630730486894
0.3220539000876199
0.34562914110001575
0.3058161448343643
0.35476328609607316
0.3429785389332464
0.32716455622662627
0.28709810298447325
0.3250926002407077
0.29133562724098844
0.34768392951902766
0.31207059455374525
0.35278242615636973
0.2847283958629317
0.33028744393648574
0.3513830707433429
0.3249829760858928
0.31960031941103734
0.32051723835559603
0.3049338763588269
0.31924967576093577
0.3515278649845759
0.3338969304147294
0.36955747511249615
0.3091277786658408
0.2938736707100492
0.32734218853534586
0.3307260986606446
0.30409900141442875
0.3307260986606446
0.28465167826439447
0.3104472208937623
0.3250926002407077
0.3738655718995549
0.29227214977612165
0.31718616075574646
0.28296975881453706
0.34085036982852684
0.32101896431488885
0.4226277901452067
0.32125377985771647
0.29227214977612165
0.5844656930683213
0.32734218853534586
0.3346143221293098
0.40228673854351354
0.31009589001642035
0.4020160323930517
0.2836586761175783
0.3133683939945229
0.6317520800780916
0.3346143221293098
