0.3184518133038695
0.31742520728033674
0.3254259730754728
0.3230929382749402
0.3504144486441137
0.3385376203204509
0.325361772941207
0.3209648700791829
0.31375636444830196
0.3229850678454811
0.3103691402962524
0.31666630444140614
0.31831407140704876
0.3160463694490055
0.3148363165907917
0.31326682627872027
0.3076751586093284
0.32716119605035626
0.32896963860009104
0.3175836499254525
0.32716119605035626
0.3388317135458305
0.3296427920555245
0.31457163263424726
0.31257961381495014
0.32070479455443457
0.3057172478936428
0.3174547967924391
0.3441717188713104
0.3243554778503227
0.3285765674626846
0.31742520728033674
0.320257759103637
0.3077996089210516
0.31666630444140614
0.31831407140704876
0.30015700319437283
0.3655008349251247
0.2989662642601331
0.3182823430420078
0.31009589001642035
0.32225661777043896
0.3385376203204509
0.3286671582890322
0.3257738494085909
0.3205081442527462
0.29327321296243614
0.31498716915727737
0.6154849337447617
0.3212007810648912
0.3209648700791829
0.32825449249394134
0.3151267791178042
0.3197172327094173
0.3210023768032242
0.327270006466501
0.3243554778503227
0.31581208438167563
0.3265923043222013
0.32588191882795264
0.33060706882653473
0.3254259730754728
0.3118576863222931
0.32066468183890695
0.32823735051168373
0.28275503655707945
0.31375636444830196
0.34441649259642176
0.32652649104830705
0.3206579130200503
0.3411593881194452
0.3150804943190148
0.40567921729376016
0.3159507499566783
0.32046331491182034
0.32066468183890695
0.3225996981052462
0.31997696000094505
0.3210023768032242
0.29125824900975483
0.3203237649340324
0.3223908323891105
0.31829890905470365
0.32310245907396723
0.3160404871913252
0.32989331373943914
0.31813188762584127
0.3504144486441137
0.33638486864746686
0.3254259730754728
0.3064680111497318
0.3151267791178042
0.31622489850340213
0.3151267791178042
0.3285765674626846
0.3272204136774235
0.3216568125006238
0.31498716915727737
0.3057172478936428
0.3289168966206279
0.3125750685958093
0.33059896306022507
0.35531147709185285
0.3225996981052462
0.31782266727274244
0.3266536081411264
0.3315154916886655
0.31521954611600617
0.3055187344764987
0.32858185433106035
0.3230929382749402
0.3322993442765159
0.32565118259672016
0.32000661183655116
0.33638486864746686
0.3151707060095584
0.31742520728033674
0.325361772941207
0.3112299337461409
0.3213497393170161
0.3097903131626873
0.3307260986606446
0.32731419339658446
0.3274385292041504
0.3177715055255583
0.3274385292041504
0.37120613587880175
0.3212535057075205
0.313388716775046
0.3209648700791829
0.3160463694490055
0.3396588233328312
0.3152805420939737
0.31914425769756566
0.3149143506795446
0.32275223535658176
0.3432574960728915
0.3383509558009151
0.3228770423932081
0.31375636444830196
0.3385447346040264
0.3295004332063656
0.32693287358727485
0.3207327258924751
0.3107434701598189
0.32825449249394134
0.3091846309319471
0.3174547967924391
0.7300386974763495
0.2989110929751839
0.3229850678454811
0.32716119605035626
0.3385447346040264
0.32337994220357374
0.32969298701059513
0.3182823430420078
0.3228144733925619
0.2992873377437535
0.3224030677221008
0.30695185639338285
0.32652649104830705
0.3068406580510339
0.3329081037431723
0.3281152176772499
0.31521954611600617
0.3175836499254525
0.327270006466501
0.323935702481964
0.3159507499566783
0.14608835031080283
0.3204129014851238
0.3175836499254525
0.3149143506795446
0.3213497393170161
0.32989331373943914
0.3385376203204509
0.3216568125006238
0.32337994220357374
0.31831407140704876
0.3178354045843647
0.3235418165888782
0.3076751586093284
0.4136286136575765
0.3076751586093284
0.3229850678454811
0.3212535057075205
0.3228144733925619
0.3091846309319471
0.334036642413885
0.3216568125006238
0.31490283219804976
0.31731157956111206
0.7663459653314483
0.30895978869484053
0.31216259216653636
0.3150804943190148
0.31280375494246426
0.32969298701059513
0.3388317135458305
0.3224030677221008
0.3149143506795446
0.320257759103637
0.3182264571584486
0.3223908323891105
0.3064680111497318
0.3170689789348211
0.3250926002407077
0.3151707060095584
0.32693287358727485
0.32057529584984346
0.32896963860009104
0.29914985861617094
0.3281152176772499
0.32731419339658446
0.32863509593654033
0.34441649259642176
0.31216259216653636
0.3138483849968827
0.30322359515450376
0.3245252689560558
0.3338969304147294
0.3336455324189243
0.3177715055255583
0.3144081077559399
0.33316893253638086
0.3202459782620642
0.32330189066017706
0.32264886564744594
0.30685730558644425
0.3104472208937623
0.3285765674626846
0.3738655718995549
0.30932898627351246
0.3212007810648912
0.3064680111497318
0.32310245907396723
0.3245252689560558
0.3504144486441137
0.32125377985771647
0.32330189066017706
0.3223908323891105
0.3286671582890322
0.3228144733925619
0.325361772941207
0.334036642413885
0.32618873779978685
0.3057172478936428
0.2989662642601331
0.3206579130200503
0.346969839919918
