0.8251285017955627
0.36435284285238057
0.10725690949286348
0.8251288629709311
0.36435284285985126
0.3643528428415056
0.10767152596412585
0.3643528428630495
0.10838011992051942
0.36435284285208763
0.825128705229888
0.8251290047284898
0.1053900682996495
0.3643528428443161
0.110946875338053
0.3643528428604812
0.36435284285896946
0.36435284285395675
0.36435284286387676
0.36435284284645825
0.36435284285515424
0.3643528428461503
0.8251286481339812
0.8251288629709311
0.8251286828378104
0.36435284286737485
0.3643528428364715
0.36435284283896086
0.8251281611231952
0.3643528428444473
0.3643528428578856
0.36435284285027597
0.8251283217364571
0.8251282129064028
0.8251282952753656
0.8251285808323104
0.8251286313328936
0.36435284283896086
0.36435284286038644
0.8251286885392977
0.10874758877997778
0.8251285017955627
0.3643528428698415
0.3643528428583819
0.3643528428530918
0.8251286342830424
0.36435284286269776
0.8251283217364571
0.8251282609057815
0.36435284285586644
0.3643528428558066
0.10780646802846555
0.36435284285629943
0.36435284284645825
0.36435284285219366
0.36435284285349145
0.3643528428628279
0.825129163806713
0.8251292542102793
0.8251286622529704
0.825128898201525
0.10668720515235171
0.3643528428596212
0.8251286063496437
0.8251285126277266
0.8251287601752021
0.3643528428262744
0.8251286801989759
0.36435284285609426
0.8251288520992607
0.3643528428437455
0.8251285102630915
0.3643528428475571
0.36435284285395675
0.3643528428447439
0.8251223886296724
0.8251285686757522
0.825128383684486
0.10838011992051942
0.08066612446427934
0.3643528428500382
0.36435284280823194
0.8251278603683212
0.36435284286427116
0.36435284283552083
0.3643528428464471
0.3643528428461503
0.3643528428607667
0.8251286947297697
0.8251281611231952
0.8251285022330817
0.1053900682996495
0.3643528428166354
0.10907399324606543
0.36435284285719033
0.3643528428628962
0.36435284285141617
0.8251285686757522
0.3643528428262744
0.3643528428489191
0.8251286975515169
0.8251282686514811
0.3643528428575175
0.3643528428357141
0.8251284707678386
0.3643528428737254
0.8251287647672093
0.8251286999978098
0.825128448627122
0.364352842858009
0.10678172005719712
0.110946875338053
0.10752838653974492
0.3643528428602114
0.36435284285349145
0.10907399324606543
0.3643528428498076
0.3643528428596212
0.3643528428627839
0.10808454951718617
0.8251286139947099
0.36435284284551317
0.36435284286387676
0.3643528428870979
0.8251283519171556
0.364352842841442
0.8251286885392977
0.3643528428544105
0.825128206866245
0.8251287212191778
0.10850023366780172
0.36435284285638114
0.3643528428563074
0.10228864717733531
0.36435284285666697
0.3643528428478527
0.3643528429058752
0.36435284285978425
0.3643528428486229
0.3643528428575685
0.8251288476408405
0.36435284286038644
0.3643528428630495
0.10678172005719712
0.11005772852954865
0.36435284285432523
0.3643528428535161
0.825129208802561
0.8251284421841676
0.36435284285181924
0.36435284283856384
0.36435284284551317
0.8251281355638658
0.36435284283552083
0.3643528428327406
0.8251282129064028
0.3643528428416837
0.8251281793841787
0.825129208802561
0.3643528428486229
0.36435284284890435
0.13559419018019347
0.8251290562877396
0.36435284284230585
0.8251281793841787
0.36435284284890435
0.3643528428578856
0.8251281722332549
0.3643528428585808
0.8251284544826836
0.8251285850243264
0.8251292542102793
0.36435284285794484
0.10780646802846555
0.36435284285027597
0.8251283576049866
0.3643528428506835
0.8251285922070779
0.36435284285339026
0.3643528428544105
0.3643528428421141
0.36435284285339026
0.3643528428612062
0.8251278681860778
0.36435284287843006
0.3643528428684093
0.36435284286791036
0.10228864717733531
0.36435284285978425
0.8251282500852929
0.364352842858009
0.8251286481339812
0.36435284286427116
0.36435284284752456
0.8251286999978098
0.36435284283653
0.8251290633978801
0.3643528428516263
0.3643528428737254
0.10611707996578676
0.3643528428532944
0.3643528428573914
0.8251287390942175
0.3643528428437961
0.8251283839215644
0.825128807031133
0.3643528428487205
0.8251286622529704
0.825128448829475
0.3643528428698415
0.3643528428364715
0.3643528428535161
0.3643528428672738
0.3643528428575685
0.3643528428429364
0.3643528428400438
0.8251289416397405
0.8251285850243264
0.8251283839215644
0.8251282861886111
0.8251285361634013
0.36435284284086605
0.3643528428420767
0.8251286947297697
0.36435284284316977
0.36435284286791036
0.8251287708464525
0.3643528428590499
0.8251283803836928
0.3643528428254933
0.8251282861886111
0.3643528428465125
0.36435284287978814
0.3643528428524365
0.8251283365463726
0.825128705229888
0.10767152596412585
0.8251284421841676
0.8251282952753656
0.8251285022330817
0.36435284285238057
0.8251284551396669
0.8251281400324967
0.3643528428628279
0.3643528428429364
0.3643528428575175
0.825128324284505
0.3643528428637208
0.3643528428464471
0.36435284289586356
