0.8251284872359614
0.36435284285319114
0.10748577436287068
0.8251284872359614
0.36435284285319114
0.36435284285319114
0.10748577836304754
0.36435284285319114
0.10748576928600288
0.36435284285319114
0.8251284872359614
0.8251284872359614
0.10748577954656752
0.36435284285319114
0.10748577336752176
0.36435284285319114
0.36435284285319114
0.36435284285319114
0.36435284285319114
0.36435284285319114
0.36435284285319114
0.36435284285319114
0.8251284872359614
0.8251284872359614
0.8251284872359614
0.36435284285319114
0.36435284285319114
0.36435284285319114
0.8251284872359614
0.36435284285319114
0.36435284285319114
0.36435284285319114
0.8251284872359614
0.8251284872359614
0.8251284872359614
0.8251284872359614
0.8251284872359614
0.36435284285319114
0.36435284285319114
0.8251284872359614
0.10748577778874822
0.8251284872359614
0.36435284285319114
0.36435284285319114
0.36435284285319114
0.8251284872359614
0.36435284285319114
0.8251284872359614
0.8251284872359614
0.36435284285319114
0.36435284285319114
0.10748577033043585
0.36435284285319114
0.36435284285319114
0.36435284285319114
0.36435284285319114
0.36435284285319114
0.8251284872359614
0.8251284872359614
0.8251284872359614
0.8251284872359614
0.10748577801307074
0.36435284285319114
0.8251284872359614
0.8251284872359614
0.8251284872359614
0.36435284285319114
0.8251284872359614
0.36435284285319114
0.8251284872359614
0.36435284285319114
0.8251284872359614
0.36435284285319114
0.36435284285319114
0.36435284285319114
0.8251284872359614
0.8251284872359614
0.8251284872359614
0.10748577033043585
0.08066612446427934
0.36435284285319114
0.36435284285319114
0.8251284872359614
0.36435284285319114
0.36435284285319114
0.36435284285319114
0.36435284285319114
0.36435284285319114
0.8251284872359614
0.8251284872359614
0.8251284872359614
0.10748578275100361
0.36435284285319114
0.10748577778874822
0.36435284285319114
0.36435284285319114
0.36435284285319114
0.8251284872359614
0.36435284285319114
0.36435284285319114
0.8251284872359614
0.8251284872359614
0.36435284285319114
0.36435284285319114
0.8251284872359614
0.36435284285319114
0.8251284872359614
0.8251284872359614
0.8251284872359614
0.36435284285319114
0.10748576360254239
0.10748577336752176
0.10748578396274651
0.36435284285319114
0.36435284285319114
0.10748577636363338
0.36435284285319114
0.36435284285319114
0.36435284285319114
0.10748576360254239
0.8251284872359614
0.36435284285319114
0.36435284285319114
0.36435284285319114
0.8251284872359614
0.36435284285319114
0.8251284872359614
0.36435284285319114
0.8251284872359614
0.8251284872359614
0.10748576040470746
0.36435284285319114
0.36435284285319114
0.10748575230767649
0.36435284285319114
0.36435284285319114
0.36435284285319114
0.36435284285319114
0.36435284285319114
0.36435284285319114
0.8251284872359614
0.36435284285319114
0.36435284285319114
0.10748577459610043
0.1074857735402712
0.36435284285319114
0.36435284285319114
0.8251284872359614
0.8251284872359614
0.36435284285319114
0.36435284285319114
0.36435284285319114
0.8251284872359614
0.36435284285319114
0.36435284285319114
0.8251284872359614
0.36435284285319114
0.8251284872359614
0.8251284872359614
0.36435284285319114
0.36435284285319114
0.13559419018019347
0.8251284872359614
0.36435284285319114
0.8251284872359614
0.36435284285319114
0.36435284285319114
0.8251284872359614
0.36435284285319114
0.8251284872359614
0.8251284872359614
0.8251284872359614
0.36435284285319114
0.10748578396274651
0.36435284285319114
0.8251284872359614
0.36435284285319114
0.8251284872359614
0.36435284285319114
0.36435284285319114
0.36435284285319114
0.36435284285319114
0.36435284285319114
0.8251284872359614
0.36435284285319114
0.36435284285319114
0.36435284285319114
0.10748571930506795
0.36435284285319114
0.8251284872359614
0.36435284285319114
0.8251284872359614
0.36435284285319114
0.36435284285319114
0.8251284872359614
0.36435284285319114
0.8251284872359614
0.36435284285319114
0.36435284285319114
0.10748577801307074
0.36435284285319114
0.36435284285319114
0.8251284872359614
0.36435284285319114
0.8251284872359614
0.8251284872359614
0.36435284285319114
0.8251284872359614
0.8251284872359614
0.36435284285319114
0.36435284285319114
0.36435284285319114
0.36435284285319114
0.36435284285319114
0.36435284285319114
0.36435284285319114
0.8251284872359614
0.8251284872359614
0.8251284872359614
0.8251284872359614
0.8251284872359614
0.36435284285319114
0.36435284285319114
0.8251284872359614
0.36435284285319114
0.36435284285319114
0.8251284872359614
0.36435284285319114
0.8251284872359614
0.36435284285319114
0.8251284872359614
0.36435284285319114
0.36435284285319114
0.36435284285319114
0.8251284872359614
0.8251284872359614
0.10748578275100361
0.8251284872359614
0.8251284872359614
0.8251284872359614
0.36435284285319114
0.8251284872359614
0.8251284872359614
0.36435284285319114
0.36435284285319114
0.36435284285319114
0.8251284872359614
0.36435284285319114
0.36435284285319114
0.36435284285319114
