0.5862650070692471
0.5868753077176956
0.49538742245152084
0.6492787919260643
0.24380766150311628
0.43590148614428376
0.49538742245152084
0.1821436298343017
0.7335444376272175
0.7556201901919835
0.25405180571141733
0.4998096933001921
0.7411557393140079
0.4091764851276203
0.4631056205284795
0.5131049441779714
0.792985561623256
0.18709736815640307
0.3173067592437327
0.5868753077176956
0.2502127157517973
0.39809640728734375
0.2097974490776074
0.24608032839515737
0.25162587200046405
0.2460145648451504
0.5586707950399667
0.3476100173745746
0.7335444376272175
0.30490799219403675
0.2784275350770129
0.3010202469332213
0.2784275350770129
0.7772895972677454
0.7496992223503136
0.3032492186046314
0.44879574284328355
0.3173067592437327
0.26658385088050784
0.22904311870358018
0.4389329309272758
0.2467136074284508
0.6686239717475526
0.7153891103169352
0.6793605302088406
0.3360881400682537
0.7694294653694113
0.6774569219674236
0.701888631537997
0.7063363639464512
0.18666767466627898
0.3068524969480755
0.16035482281817487
0.6681713797817046
0.7049663090099141
0.6781932118330347
0.37347816420216307
0.6676552570703426
0.7160231539949081
0.7160231539949081
0.7188741697857168
0.42128808414404034
0.747009870730085
0.7521145781202436
0.6549219358891111
0.7630034884599683
0.35242188820662806
0.2963455622317608
0.6901618207520666
0.3249156610733285
0.4320979451027754
0.3997344582818502
0.7411557393140079
0.7127169079869945
0.3335323217913199
0.07775540485274765
0.6846398943370972
0.6495474464128601
0.7299749958963784
0.23264216044290942
0.4998096933001921
0.18709736815640307
0.39657300211900837
0.6681713797817046
0.7842692392903927
0.3248462872073697
0.24714578685221034
0.21525636456625197
0.24380766150311628
0.3020727531812658
0.7154993328533648
0.6799161125689903
0.4671209302270628
0.321420862341165
0.25162587200046405
0.7265934065289906
0.792985561623256
0.5236539146759789
0.44879574284328355
0.7444962317769894
0.7008138668641799
0.47408654943595563
0.6088810508941541
0.23547148769317894
0.3002950589359962
0.7772895972677454
0.7154993328533648
0.6492787919260643
0.30010688478595143
0.7467909804572455
0.19571857573335627
0.2460145648451504
0.5320533458599127
0.5862650070692471
0.6781932118330347
0.3476100173745746
0.7837607742290412
0.17046290293333888
0.3248462872073697
0.267073648713126
0.7857545461726522
0.7057440300906209
0.3675852707665226
0.22006053154484456
0.16108527681480736
0.5125345949664573
0.6712865085729798
0.2111994739069485
0.15399053306002033
0.3860116447420761
0.7535865031973477
0.6799016468751421
0.17868752499831034
0.2696146018554106
0.25393171139686554
0.35242188820662806
0.2746446057818084
0.603075975748508
0.2095488798850381
0.5320533458599127
0.7597256959530418
0.3068524969480755
0.7309095345828365
0.18486218796741494
0.23167802836775286
0.3511428997535021
0.3523352722146914
0.6950349660978612
0.7318332241485356
0.7049663090099141
0.7644494953296986
0.6934740391312408
0.6310004753349825
0.26576314085778757
0.7661609831329195
0.7017855959337628
0.7153891103169352
0.7627410566369124
0.25405180571141733
0.2467136074284508
0.2746446057818084
0.47408654943595563
0.23167802836775286
0.43589556158748266
0.5024325568564636
0.7220020894242594
0.23264216044290942
0.7535865031973477
0.7357952725789216
0.5309137325256452
0.33167430687212596
0.8033557372911547
0.4810636667764656
0.6055290033327413
0.24608032839515737
0.4145529869426208
0.6686239717475526
0.7227726935697651
0.33994933603526883
0.4144762440559904
0.267073648713126
0.25393171139686554
0.30490799219403675
0.6827209213072165
0.7348469279941258
0.4631056205284795
0.7220020894242594
0.6594644282933808
0.2111994739069485
0.7580512317194641
0.7451820381906276
0.2502127157517973
0.7508641470993447
0.6786197305743968
0.6594644282933808
0.7451820381906276
0.6578535921732616
0.3675852707665226
0.6088810508941541
0.18486218796741494
0.3032492186046314
0.17046290293333888
0.4389329309272758
0.2097974490776074
0.7265934065289906
0.7057440300906209
0.6934740391312408
0.6996312332334409
0.45660076584013254
0.4807619613765256
0.7496956371603167
0.6435152220208801
0.7348469279941258
0.19543885361710706
0.39657300211900837
0.47239079965693975
0.701888631537997
0.5474943063166917
0.7496956371603167
0.7227726935697651
0.2602744140094886
0.1934667606807147
0.7644494953296986
0.3249156610733285
0.3002950589359962
0.7357952725789216
0.5309137325256452
0.24560926479818032
0.7521145781202436
0.5862165771775802
0.7837607742290412
0.7048555217901302
0.6786197305743968
0.2566891690971358
0.6827209213072165
0.3335323217913199
0.21525636456625197
0.6977530256841473
0.7496992223503136
0.7516381354978888
0.697936612270849
0.7656648664008611
0.055949584987215646
0.3860116447420761
0.19571857573335627
0.6901618207520666
0.7113112669380725
0.6549219358891111
0.43590148614428376
0.24527485244118546
