0.8028563901954766
0.47436303175817907
0.06049839421617986
0.8145910454036271
0.21401838967757825
0.42031408396908054
0.13462618110958607
0.30430079401214427
0.20943611989452654
0.1616012946158477
0.9210407411763996
0.9432507209075891
0.025001096551649393
0.632125346940563
0.04934329324114156
0.2590986568078339
0.4026653492706544
0.4630035195766533
0.3688393535558175
0.3938797565643911
0.42548227897471735
0.5955367586727409
0.8155361358608637
0.7944623919145222
0.9299254520163471
0.43469998935233034
0.20943611989452654
0.33367612980325084
0.8068668111039018
0.4224222206228018
0.46204014001019433
0.14256220927148686
0.9056249470267806
0.7899723104478995
0.8098214653397802
0.6577772116150498
0.6627150526276572
0.3688393535558175
0.40789855210354053
0.9432507209075891
0.30662358110123844
0.8247965513677492
0.410877632352294
0.5284696226097869
0.38865861478053765
0.8229978158699123
0.45165249163182297
0.9174464689669249
0.9056249470267806
0.18582192915342033
0.4644034010155703
0.0867181628345739
0.420278158870934
0.4779327546236014
0.4426297409796581
0.11659332396388739
0.22512273278506634
0.809384629716094
0.9698693427958793
0.8764617632667706
0.6168449939301257
0.13462618110958607
0.08800835040321003
0.8309472472722583
0.8140769662010656
0.7852574656125566
0.3228305613560941
0.895473558296559
0.37917160143121437
0.8140939356728305
0.3539270011798411
0.8126200249162241
0.460376909962107
0.4630035195766533
0.3552392618405713
0.6560270212563738
0.7911225959189383
0.7991746573132692
0.033380762335937286
0.08066612446427934
0.38865861478053765
0.3608630665337075
0.9542956112842486
0.4844862366466817
0.08800835040321003
0.28976641886186927
0.2468056349473456
0.17518963264670617
0.9301452802401675
0.7835082718504609
0.8682974994654167
0.04996302711505818
0.5497951958394376
0.02350165249840186
0.5636002418127593
0.2955458491538901
0.27302930662027014
0.7724237264980964
0.527983941031909
0.5497951958394376
0.8003968007367102
0.8190351431127398
0.40814077884171535
0.5703699537475219
0.682289646839357
0.472861665066446
0.56166824514748
0.8934043000372737
0.7248136629971575
0.27174263610863264
0.24857211065544027
0.1691909418594565
0.11659332396388739
0.20525924946823906
0.473381974023504
0.0864519303930178
0.16034673687368223
0.3752408438457802
0.05629621670472895
0.09595275125631421
0.9333921563705081
0.3447885260930631
0.47436303175817907
0.4385788885686225
0.8190351431127398
0.3228305613560941
0.8124686503449869
0.27302930662027014
0.7642149359238646
0.9029027208038224
0.053866043601100366
0.473381974023504
0.35827047713959653
0.05268091990290985
0.6168449939301257
0.35827047713959653
0.460376909962107
0.5636002418127593
0.1162807883340205
0.3674697270284466
0.8691997805842865
0.10937146076908827
0.30430079401214427
0.07426087878029952
0.16545465725108624
0.44981655527666903
0.3608630665337075
0.801170382667423
0.8126200249162241
0.4026653492706544
0.45332459555116716
0.5703699537475219
0.8418717829623749
0.22440365778283966
0.1094758167518389
0.7055368554325889
0.527983941031909
0.9301489329531043
0.801170382667423
0.45332459555116716
0.31152313468818305
0.014207770538064879
0.7380720018528854
0.053866043601100366
0.8691997805842865
0.5858044184018506
0.3938797565643911
0.8696441040741169
0.33367612980325084
0.809384629716094
0.8434891486433629
0.9563561615750107
0.7500730592367896
0.0867181628345739
0.18842004656240607
0.8839922843918251
0.18582192915342033
0.8650399081801264
0.28689596103681547
0.28589357611337596
0.27174263610863264
0.5000708162271675
0.4057706319725648
0.7055368554325889
0.31152313468818305
0.46204014001019433
0.37917160143121437
0.10228117328151176
0.420278158870934
0.8366754463794228
0.4130185967853306
0.7658434243016056
0.46608578739054474
0.12872126198435385
0.9344134399572442
0.05083562132765285
0.7991746573132692
0.16037322501955986
0.40789855210354053
0.18053073310595005
0.44981655527666903
0.23204258948445927
0.9333921563705081
0.34738735502393897
0.8736443338391842
0.6776380164124306
0.2955458491538901
0.8355608506438499
0.7595087867483955
0.4234243953951492
0.3915144826508215
0.417346930141704
0.5900078432186096
0.46209737074407864
0.417346930141704
0.4234243953951492
0.8682974994654167
0.8434891486433629
0.8262479265019689
0.8000222097918208
0.9792770522199282
0.30662358110123844
0.2276315105725878
0.8951111656078387
0.4659192403622444
0.43469998935233034
0.8003968007367102
0.4285822676031324
0.9128090149409576
0.018483567786184762
0.8166767356318847
0.4224222206228018
0.4643156833128475
0.5836759587398499
0.7131665598179595
0.8736443338391842
0.001401810388028224
0.7829869293832311
0.9388626421704627
0.7829869293832311
0.5036022804541438
0.7899723104478995
0.7413359756621611
0.22512273278506634
0.5345398150722473
0.4285822676031324
0.8511174590889506
0.16034673687368223
0.3542564060389684
0.16545465725108624
