0.8251284872359614
0.36435284285319114
0.10748577157117015
0.8251284872359614
0.36435284285319114
0.36435284285319114
0.10748577157117015
0.36435284285319114
0.10748577157117015
0.36435284285319114
0.8251284872359614
0.8251284872359614
0.10748577157117015
0.36435284285319114
0.10748577157117015
0.36435284285319114
0.36435284285319114
0.36435284285319114
0.36435284285319114
0.36435284285319114
0.36435284285319114
0.36435284285319114
0.8251284872359614
0.8251284872359614
0.8251284872359614
0.36435284285319114
0.36435284285319114
0.36435284285319114
0.8251284872359614
0.36435284285319114
0.36435284285319114
0.36435284285319114
0.8251284872359614
0.8251284872359614
0.8251284872359614
0.8251284872359614
0.8251284872359614
0.36435284285319114
0.36435284285319114
0.8251284872359614
0.10748577157117015
0.8251284872359614
0.36435284285319114
0.36435284285319114
0.36435284285319114
0.8251284872359614
0.36435284285319114
0.8251284872359614
0.8251284872359614
0.36435284285319114
0.36435284285319114
0.10748577157117015
0.36435284285319114
0.36435284285319114
0.36435284285319114
0.36435284285319114
0.36435284285319114
0.8251284872359614
0.8251284872359614
0.8251284872359614
0.8251284872359614
0.10748577157117015
0.36435284285319114
0.8251284872359614
0.8251284872359614
0.8251284872359614
0.36435284285319114
0.8251284872359614
0.36435284285319114
0.8251284872359614
0.36435284285319114
0.8251284872359614
0.36435284285319114
0.36435284285319114
0.36435284285319114
0.8251284872359614
0.8251284872359614
0.8251284872359614
0.10748577157117015
0.08066612446427934
0.36435284285319114
0.36435284285319114
0.8251284872359614
0.36435284285319114
0.36435284285319114
0.36435284285319114
0.36435284285319114
0.36435284285319114
0.8251284872359614
0.8251284872359614
0.8251284872359614
0.10748577157117015
0.36435284285319114
0.10748577157117015
0.36435284285319114
0.36435284285319114
0.36435284285319114
0.8251284872359614
0.36435284285319114
0.36435284285319114
0.8251284872359614
0.8251284872359614
0.36435284285319114
0.36435284285319114
0.8251284872359614
0.36435284285319114
0.8251284872359614
0.8251284872359614
0.8251284872359614
0.36435284285319114
0.10748577157117015
0.10748577157117015
0.10748577157117015
0.36435284285319114
0.36435284285319114
0.10748577157117015
0.36435284285319114
0.36435284285319114
0.36435284285319114
0.10748577157117015
0.8251284872359614
0.36435284285319114
0.36435284285319114
0.36435284285319114
0.8251284872359614
0.36435284285319114
0.8251284872359614
0.36435284285319114
0.8251284872359614
0.8251284872359614
0.10748577157117015
0.36435284285319114
0.36435284285319114
0.10748577157117015
0.36435284285319114
0.36435284285319114
0.36435284285319114
0.36435284285319114
0.36435284285319114
0.36435284285319114
0.8251284872359614
0.36435284285319114
0.36435284285319114
0.10748577157117015
0.10748577157117015
0.36435284285319114
0.36435284285319114
0.8251284872359614
0.8251284872359614
0.36435284285319114
0.36435284285319114
0.36435284285319114
0.8251284872359614
0.36435284285319114
0.36435284285319114
0.8251284872359614
0.36435284285319114
0.8251284872359614
0.8251284872359614
0.36435284285319114
0.36435284285319114
0.13559419018019347
0.8251284872359614
0.36435284285319114
0.8251284872359614
0.36435284285319114
0.36435284285319114
0.8251284872359614
0.36435284285319114
0.8251284872359614
0.8251284872359614
0.8251284872359614
0.36435284285319114
0.10748577157117015
0.36435284285319114
0.8251284872359614
0.36435284285319114
0.8251284872359614
0.36435284285319114
0.36435284285319114
0.36435284285319114
0.36435284285319114
0.36435284285319114
0.8251284872359614
0.36435284285319114
0.36435284285319114
0.36435284285319114
0.10748577157117015
0.36435284285319114
0.8251284872359614
0.36435284285319114
0.8251284872359614
0.36435284285319114
0.36435284285319114
0.8251284872359614
0.36435284285319114
0.8251284872359614
0.36435284285319114
0.36435284285319114
0.10748577157117015
0.36435284285319114
0.36435284285319114
0.8251284872359614
0.36435284285319114
0.8251284872359614
0.8251284872359614
0.36435284285319114
0.8251284872359614
0.8251284872359614
0.36435284285319114
0.36435284285319114
0.36435284285319114
0.36435284285319114
0.36435284285319114
0.36435284285319114
0.36435284285319114
0.8251284872359614
0.8251284872359614
0.8251284872359614
0.8251284872359614
0.8251284872359614
0.36435284285319114
0.36435284285319114
0.8251284872359614
0.36435284285319114
0.36435284285319114
0.8251284872359614
0.36435284285319114
0.8251284872359614
0.36435284285319114
0.8251284872359614
0.36435284285319114
0.36435284285319114
0.36435284285319114
0.8251284872359614
0.8251284872359614
0.10748577157117015
0.8251284872359614
0.8251284872359614
0.8251284872359614
0.36435284285319114
0.8251284872359614
0.8251284872359614
0.36435284285319114
0.36435284285319114
0.36435284285319114
0.8251284872359614
0.36435284285319114
0.36435284285319114
0.36435284285319114
