0.7215597530518219
0.7215597530518219
0.7215597530518219
0.7215597530518219
0.7215597530518219
0.7215597530518219
0.7215597530518219
0.7215597530518219
0.7215597530518219
0.7215597530518219
0.7215597530518219
0.7215597530518219
0.7215597530518219
0.7215597530518219
0.7215597530518219
0.7215597530518219
0.7215597530518219
0.7215597530518219
0.7215597530518219
0.7215597530518219
0.7215597530518219
0.7215597530518219
0.7215597530518219
0.7215597530518219
0.7215597530518219
0.7215597530518219
0.7215597530518219
0.7215597530518219
0.7215597530518219
0.7215597530518219
0.7215597530518219
0.7215597530518219
0.7215597530518219
0.7215597530518219
0.7215597530518219
0.7215597530518219
0.7215597530518219
0.7215597530518219
0.7215597530518219
0.7215597530518219
0.7215597530518219
0.7215597530518219
0.7215597530518219
0.7215597530518219
0.7215597530518219
0.7215597530518219
0.7215597530518219
0.7215597530518219
0.7215597530518219
0.7215597530518219
0.7215597530518219
0.7215597530518219
0.7215597530518219
0.7215597530518219
0.7215597530518219
0.7215597530518219
0.7215597530518219
0.24194486046918617
0.7215597530518219
0.7215597530518219
0.7215597530518219
0.7215597530518219
0.7215597530518219
0.7215597530518219
0.7215597530518219
0.7215597530518219
0.7215597530518219
0.7215597530518219
0.7215597530518219
0.7215597530518219
0.7215597530518219
0.7215597530518219
0.7215597530518219
0.7215597530518219
0.7215597530518219
0.7215597530518219
0.7215597530518219
0.7215597530518219
0.7215597530518219
0.7215597530518219
0.7215597530518219
0.7215597530518219
0.7215597530518219
0.7215597530518219
0.4878393535179586
0.7215597530518219
0.7215597530518219
0.7215597530518219
0.7215597530518219
0.7215597530518219
0.7215597530518219
0.7215597530518219
0.7215597530518219
0.7215597530518219
0.4693514692837467
0.7215597530518219
0.7215597530518219
0.7215597530518219
0.7215597530518219
0.7215597530518219
0.7215597530518219
0.7215597530518219
0.7215597530518219
0.7215597530518219
0.7215597530518219
0.7215597530518219
0.7215597530518219
0.7215597530518219
0.7215597530518219
0.7215597530518219
0.7215597530518219
0.24194486046918617
0.7215597530518219
0.7215597530518219
0.7215597530518219
0.7215597530518219
0.2336833141134839
0.7215597530518219
0.7215597530518219
0.2336833141134839
0.24194486046918617
0.7215597530518219
0.7215597530518219
0.7215597530518219
0.7215597530518219
0.7215597530518219
0.7215597530518219
0.7215597530518219
0.24194486046918617
0.7215597530518219
0.7215597530518219
0.7215597530518219
0.7215597530518219
0.7215597530518219
0.7215597530518219
0.7215597530518219
0.7215597530518219
0.7215597530518219
0.7215597530518219
0.7215597530518219
0.24194486046918617
0.24194486046918617
0.7215597530518219
0.7215597530518219
0.7215597530518219
0.7215597530518219
0.7215597530518219
0.24194486046918617
0.7215597530518219
0.7215597530518219
0.7215597530518219
0.7215597530518219
0.7215597530518219
0.7215597530518219
0.7215597530518219
0.7215597530518219
0.7215597530518219
0.7215597530518219
0.7215597530518219
0.7215597530518219
0.7215597530518219
0.7215597530518219
0.7215597530518219
0.7215597530518219
0.7215597530518219
0.7215597530518219
0.7215597530518219
0.7215597530518219
0.7215597530518219
0.7215597530518219
0.7215597530518219
0.7215597530518219
0.7215597530518219
0.7215597530518219
0.7215597530518219
0.7215597530518219
0.7215597530518219
0.7215597530518219
0.9379951207047146
0.7215597530518219
0.7215597530518219
0.7215597530518219
0.7215597530518219
0.2336833141134839
0.7215597530518219
0.7215597530518219
0.7215597530518219
0.7215597530518219
0.7215597530518219
0.7215597530518219
0.7215597530518219
0.7215597530518219
0.7215597530518219
0.7215597530518219
0.7215597530518219
0.7215597530518219
0.7215597530518219
0.7215597530518219
0.7215597530518219
0.7215597530518219
0.7215597530518219
0.7215597530518219
0.7215597530518219
0.7215597530518219
0.24194486046918617
0.7215597530518219
0.7215597530518219
0.7215597530518219
0.7215597530518219
0.7215597530518219
0.7215597530518219
0.7215597530518219
0.7215597530518219
0.7215597530518219
0.7215597530518219
0.7215597530518219
0.7215597530518219
0.7215597530518219
0.7215597530518219
0.7215597530518219
0.7215597530518219
0.7215597530518219
0.7215597530518219
0.7215597530518219
0.7215597530518219
0.7215597530518219
0.7215597530518219
0.7215597530518219
0.7215597530518219
0.7215597530518219
0.7215597530518219
0.7215597530518219
0.7215597530518219
0.7215597530518219
0.7215597530518219
0.7215597530518219
0.2336833141134839
0.7215597530518219
0.7215597530518219
0.7215597530518219
0.24194486046918617
0.24194486046918617
0.7215597530518219
0.7215597530518219
0.7215597530518219
0.7215597530518219
0.7215597530518219
0.9655600157573665
0.7215597530518219
0.7215597530518219
