0.7731579059356698
0.32839672250490703
0.7731579059361877
0.3283967225049407
0.32839672250482027
0.32839672250496704
0.3283967225046594
0.7731579059360711
0.7731579059360127
0.3283967225047573
0.32839672250491536
0.7731579059361003
0.3283967225047978
0.3283967225044222
0.3283967225045079
0.32839672250526464
0.3283967225049337
0.32839672250471796
0.32839672250480945
0.7731579059365521
0.32839672250516205
0.7731579059354864
0.7731579059358789
0.3283967225046594
0.3283967225052128
0.7731579059372371
0.32839672250434404
0.773157905935874
0.3283967225048172
0.7731579059354705
0.3283967225047233
0.3283967225049895
0.3283967225044618
0.32839672250479823
0.328396722504787
0.7731579059355012
0.773157905935738
0.32839672250490315
0.7731579059357468
0.7731579059358789
0.7731579059363176
0.32839672250498947
0.32839672250550145
0.3283967225047357
0.3283967225047428
0.3283967225046551
0.3283967225047357
0.7731579059361178
0.7731579059358771
0.77315790593589
0.7731579059359506
0.3283967225049747
0.32839672250498947
0.32839672250484553
0.7731579059363294
0.7731579059361929
0.32839672250486807
0.32839672250484553
0.32839672250447005
0.7731579059358009
0.7731579059352234
0.3283967225048816
0.7731579059356299
0.3283967225048888
0.7731579059355307
0.7731579059356437
0.3283967225040453
0.7731579059358515
0.7731579059358562
0.773157905936072
0.32839672250447954
0.32839672250490703
0.3283967225048241
0.7731579059356299
0.7731579059356193
0.773157905935808
0.3283967225046551
0.3283967225049747
0.77315790593584
0.32839672250484203
0.32839672250481333
0.7731579059359694
0.7731579059356655
0.32839672250524676
0.328396722504972
0.7731579059360382
0.328396722505763
0.3283967225045079
0.32839672250477087
0.3283967225048878
0.7731579059354705
0.32839672250433183
0.328396722504663
0.328396722504751
0.32839672250459606
0.7731579059361797
0.3283967225047725
0.3283967225049337
0.32839672250469343
0.32839672250479823
0.7731579059359244
0.32839672250447016
0.7731579059365723
0.3283967225048673
0.3283967225047573
0.3283967225042189
0.32839672250485874
0.3283967225044968
0.7731579059356369
0.7731579059356832
0.7731579059364855
0.32839672250493257
0.7731579059355351
0.7731579059359288
0.7731579059357491
0.3283967225051595
0.7731579059359708
0.3283967225048518
0.773157905935776
0.32839672250492347
0.7731579059359506
0.7731579059361003
0.773157905936072
0.32839672250510454
0.32839672250447016
0.32839672250612867
0.7731579059359877
0.3283967225048816
0.32839672250454083
0.7731579059363544
0.3283967225047555
0.3283967225045235
0.77315790593589
0.7731579059362435
0.3283967225050564
0.32839672250520574
0.7731579059354834
0.7731579059361918
0.3283967225046108
0.328396722504651
0.32839672250435126
0.3283967225053829
0.3283967225039866
0.7731579059356581
0.773157905936316
0.7731579059355125
0.3283967225044222
0.773157905935907
0.7731579059357491
0.3283967225046325
0.3283967225049591
0.32839672250481206
0.773157905935907
0.3283967225047555
0.7731579059361929
0.773157905935738
0.32839672250504864
0.32839672250454083
0.3283967225047725
0.7731579059359144
0.32839672250453844
0.3283967225051486
0.7731579059358593
0.32839672250479834
0.7731579059364082
0.3283967225041724
0.7731579059357798
0.3283967225046315
0.328396722504421
0.7731579059361178
0.7731579059348808
0.7731579059370071
0.3283967225047171
0.328396722504421
0.7731579059354485
0.328396722504751
0.3283967225045732
0.7731579059355607
0.32839672250486807
0.7731579059358771
0.7731579059357798
0.3283967225048743
0.32839672250477087
0.7731579059354864
0.7731579059367583
0.7731579059358498
0.7731579059357468
0.3283967225046862
0.3283967225047233
0.32839672250506113
0.32839672250526464
0.328396722505763
0.32839672250491536
0.3283967225043263
0.77315790593571
0.7731579059361937
0.7731579059358591
0.32839672250414276
0.7731579059356698
0.7731579059355684
0.773157905935542
0.32839672250490315
0.3283967225053188
0.32839672250489615
0.773157905935282
0.32839672250473173
0.7731579059353637
0.7731579059352234
0.7731579059362435
0.773157905935882
0.7731579059358751
0.3283967225047978
0.3283967225047428
0.7731579059355917
0.32839672250499535
0.3283967225023505
0.328396722504787
0.32839672250550145
0.7731579059361937
0.3283967225048888
0.3283967225061186
0.7731579059358515
0.3283967225049058
0.3283967225040453
0.32839672250482027
0.3283967225046325
0.3283967225044618
0.7731579059359244
0.3283967225044968
0.32839672250485874
0.32839672250447705
0.7731579059365397
0.773157905935776
0.3283967225048644
0.32839672250464247
0.7731579059356792
0.32839672250493857
0.3283967225043529
0.3283967225040144
0.7731579059356174
0.7731579059361797
0.3283967225052128
0.3283967225046677
0.7731579059356655
0.7731579059372371
0.3283967225040144
0.7731579059362905
0.32839672250471796
0.32839672250428875
0.3283967225041039
