0.8258424409718353
0.23671523690734725
0.8777687622070685
0.41428140906446226
0.39647102367078724
0.0398546254598251
0.7648144178486367
0.8323543427511533
0.812969398756322
0.25887061248631993
0.4374892729750997
0.6093802228070987
0.38933917152961683
0.17377630156385682
0.30365805009641134
0.234622570620896
0.20988492533876296
0.3210374478530059
0.43039256832010875
0.8701791660537243
0.44036618868399624
0.6385302086539472
0.8177660065573764
0.5992449461469813
0.38933917152961683
0.9029369591211875
0.40952129798630255
0.8028193930862474
0.47071515802797703
0.8258424409718353
0.23603810482781068
0.02817259423742624
0.3432329384110073
0.2213619360455616
0.25887061248631993
0.8641627927136839
0.8866092617798498
0.08448400115606752
0.8443168646154002
0.820308185509943
0.8229872825415927
0.24010888267480493
0.20240158494992
0.4015259363193857
0.23184106558170187
0.619131965084427
0.5513580047932181
0.8454142670696239
0.7408345213067655
0.8134829404794945
0.8557621202572672
0.3228603696366614
0.5513580047932181
0.6023500630218344
0.8453670422091619
0.8072630916361532
0.4887451242753821
0.36258448344853006
0.21549076728741695
0.7408345213067655
0.8558294549388029
0.5322701769623224
0.7738687155887412
0.3005629097707315
0.5105473747664504
0.8517567374943295
0.02817259423742624
0.820308185509943
0.7592035580049565
0.81894405992997
0.36691944818445954
0.23195377883380774
0.266171230612948
0.8998275511533611
0.6816375486154653
0.88770303180468
0.5942951403356138
0.4944447703923944
0.8241848530540892
0.23671523690734725
0.17163094303817722
0.8958576675370661
0.7653659973923326
0.2966418772870367
0.422182125314872
0.6497985724924883
0.407914049824196
0.23191590893240774
0.07432676003812277
0.33355234102043085
0.8096636848164749
0.5484814840465235
0.1721409236251846
0.3437278762978919
0.1382758762471158
0.8391862405005859
0.3210374478530059
0.426016411477249
0.08385381916627332
0.2213619360455616
0.88770303180468
0.17377630156385682
0.8999808083364957
0.2680908147774701
0.266171230612948
0.20301539193300724
0.27474049964443603
0.08584148105357847
0.7884904253667353
0.925665409387698
0.5711675315308753
0.6068633201169203
0.7753148229762925
0.8866092617798498
0.7939008501951147
0.41428140906446226
0.6068263720145874
0.19955474751012964
0.8958576675370661
0.30365805009641134
0.711862829139897
0.68881102094398
0.6184184838830032
0.44036618868399624
0.21549076728741695
0.34856501395497796
0.7939008501951147
0.5113537450356614
0.02866726325558766
0.5696135808275222
0.5305656189763108
0.062218122013440125
0.8925801805845643
0.775977430015247
0.32519293979660335
0.07704163647527507
0.785270537718144
0.8072630916361532
0.23603810482781068
0.25525710513737543
0.47291947145725
0.1765266662700009
0.2214738691733112
0.8793949068276616
0.7738687155887412
0.9050221887890472
0.23191590893240774
0.8846562463413785
0.9257892016510476
0.08464298507645335
0.1277690989721188
0.1382758762471158
0.9050221887890472
0.6135404691570105
0.8323543427511533
0.67822989492759
0.4374892729750997
0.2328954400878045
0.1422554933982808
0.785270537718144
0.26539698576965187
0.501515942206048
0.8028193930862474
0.26710234808976197
0.9169619184730956
0.3644860499839737
0.7884904253667353
0.3432329384110073
0.2349434355536663
0.6148235695528601
0.6915394541122306
0.6916844712365402
0.5155785216707259
0.23195377883380774
0.6870553395616612
0.3292515299007839
0.4987416521531953
0.8134829404794945
0.33355234102043085
0.8406976703972296
0.7586341306933431
0.08448400115606752
0.2314569834604266
0.9505113945713678
0.5105473747664504
0.8453670422091619
0.9505113945713678
0.2314569834604266
0.2425525833959959
0.39137031860743166
0.47291947145725
0.17126001855585582
0.4742631498009317
0.4830266477097865
0.8443168646154002
0.68881102094398
0.8464891277520681
0.18783859814787832
0.925665409387698
0.6135404691570105
0.8641627927136839
0.3301378344018494
0.27474049964443603
0.5603826857258463
0.5992449461469813
0.20546961248334167
0.7179049214422872
0.7784967575145533
0.8809158669339323
0.8711264365251326
0.6754077599055853
0.5025527364902453
0.3654277450349299
0.8955089065795866
0.24389086243689817
0.5322701769623224
0.2568982970826283
0.3690499684366028
0.5399562118178509
0.25574090238644476
0.4865765697476081
0.7295193447731312
0.1277690989721188
0.5484814840465235
0.20240158494992
0.4298371008037871
0.40952129798630255
0.7586341306933431
0.018372483366585035
0.19549908106085437
0.30674482078144494
0.9569544447068631
0.8023809395878492
0.2328954400878045
0.45924312445618926
0.8406976703972296
0.42688516821353484
0.36691944818445954
0.20465623366059477
0.5603826857258463
0.850735392649266
0.3564962177443617
0.5455776989518009
0.6236486399843184
0.6497985724924883
0.20465623366059477
0.8887158445861654
0.2757773071666714
0.16217676684339233
0.3939623678590976
