0.5107378506185881
0.2558042791999391
0.8501189262927926
0.4277539249498207
0.3690499684366028
0.0398546254598251
0.7565697960486457
0.8457415985777541
0.8385708123746531
0.20175822349477882
0.5696135808275222
0.5848522902857942
0.24389086243689817
0.1342694922680073
0.2447043755067927
0.234622570620896
0.1765266662700009
0.276647150671082
0.5233842641836601
0.850735392649266
0.4908002893724502
0.6385302086539472
0.7533099948950641
0.6162922135091484
0.30575177647651197
0.9029369591211875
0.6162922135091484
0.8028193930862474
0.4842613536972052
0.8998275511533611
0.15717738214602783
0.02817259423742624
0.43118126050854555
0.24925014477245022
0.33706831820369604
0.9459122206540519
0.9304523414496284
0.15717738214602783
0.8367695673944479
0.8443394063871797
0.8793949068276616
0.23911447987123485
0.2093040888389856
0.3122515832663212
0.23184106558170187
0.65526333657304
0.4615406673478328
0.8454142670696239
0.9073622465624853
0.7491971187519207
0.7533099948950641
0.47630412746083817
0.6261461580680997
0.45716896235874893
0.9257892016510476
0.7801637508849206
0.4887451242753821
0.26451532110359444
0.24324318440752501
0.6912917180621637
0.8558294549388029
0.5333171490790416
0.6463880044489345
0.3005629097707315
0.4277539249498207
0.8517567374943295
0.02817259423742624
0.8454142670696239
0.65526333657304
0.8518641618363525
0.31629373559570084
0.2170054952345149
0.28779722980224837
0.8998275511533611
0.6463880044489345
0.8907498172679815
0.584382726187225
0.361896091781386
0.7549911294131048
0.1342694922680073
0.09475952117864317
0.8958576675370661
0.8418982598440727
0.3236797345825292
0.4908002893724502
0.6902169221778779
0.4865765697476081
0.30575177647651197
0.07432676003812277
0.3244786688703811
0.8836726961480916
0.7370709560692424
0.1175644218721098
0.3437278762978919
0.02071361468532762
0.9323076794878276
0.5295363672057248
0.33848183590389025
0.08385381916627332
0.24925014477245022
0.8907498172679815
0.16383617452252575
0.8999808083364957
0.22884178305939773
0.2645496145838132
0.2153613970852935
0.2266206296522107
0.08584148105357847
0.6915394541122306
0.9459122206540519
0.5383799529725972
0.6068633201169203
0.7753148229762925
0.9053686133352216
0.7797698928574858
0.361896091781386
0.6068263720145874
0.29194717340919063
0.8958576675370661
0.45924312445618926
0.7154141044679754
0.5639467808530622
0.6728901869129443
0.4842613536972052
0.27835704394961613
0.34856501395497796
0.7797698928574858
0.5113537450356614
0.02866726325558766
0.5696135808275222
0.5305656189763108
0.062218122013440125
0.9827794215812794
0.8799350090401237
0.3437278762978919
0.07704163647527507
0.7565697960486457
0.7440398083603053
0.19066938678072098
0.25525710513737543
0.4811870114750012
0.1765266662700009
0.2267174253782594
0.8793949068276616
0.7787955666411234
0.9092192718092632
0.1175644218721098
0.8785626754147755
0.9257892016510476
0.08464298507645335
0.1277690989721188
0.16121857396821532
0.9008251057688311
0.5954230030775016
0.8255224450017206
0.6193888337859376
0.45499166703907085
0.25795849568435947
0.08464298507645335
0.7801637508849206
0.19372565333560765
0.49096778865423707
0.8028193930862474
0.27835704394961613
0.9169619184730956
0.4046224784480478
0.7945674859601548
0.43118126050854555
0.2558042791999391
0.5154234017841252
0.6915394541122306
0.7787955666411234
0.5155785216707259
0.2170054952345149
0.8030826563244207
0.23161789158803298
0.4987416521531953
0.9054185981213442
0.3005629097707315
0.8406976703972296
0.8453160483933764
0.011790620166107213
0.20546961248334167
0.9505113945713678
0.6408191208557025
0.8205549183645997
0.9505113945713678
0.23050842909272923
0.33706831820369604
0.4742631498009317
0.43833607422476056
0.17126001855585582
0.4742631498009317
0.5337212540340281
0.8518641618363525
0.8367695673944479
0.8464891277520681
0.2267174253782594
0.9054185981213442
0.6193888337859376
0.8385708123746531
0.3301378344018494
0.2266206296522107
0.584382726187225
0.5840321750195727
0.20546961248334167
0.6261461580680997
0.7784967575145533
0.8809158669339323
0.8711264365251326
0.7142237373215952
0.5025527364902453
0.3236797345825292
0.8955089065795866
0.24389086243689817
0.5312232048456031
0.15581550061803467
0.3690499684366028
0.5399562118178509
0.24948148218669441
0.4865765697476081
0.7295193447731312
0.1277690989721188
0.5892423729012798
0.24850236489771127
0.3301378344018494
0.234622570620896
0.6719522129933098
0.018372483366585035
0.21936721908353152
0.30674482078144494
0.9569544447068631
0.841535438669363
0.2447043755067927
0.45924312445618926
0.8406976703972296
0.5135509870506078
0.31629373559570084
0.14895977091749724
0.4615406673478328
0.850735392649266
0.38040063857815637
0.5848522902857942
0.6236486399843184
0.6731827466623965
0.27080681472143775
0.8525495823933004
0.30230446956089263
0.16217676684339233
0.370379574944977
