0.7731595391888253
0.328401551726788
0.7731567097500096
0.32840264416604115
0.32839616128152427
0.32840071002633375
0.3283981353200992
0.773155262149113
0.773153864534639
0.32840068890959595
0.3283931376088777
0.7731568519360266
0.32839972150606545
0.32840199929642067
0.3283840201247353
0.3283905774447707
0.3283997141775944
0.3283963333574898
0.3283826535438257
0.7731586945985625
0.32839972150606545
0.7731546808656203
0.7731611617779615
0.32838993248003445
0.3283829205443541
0.7731590768293306
0.32840292839348945
0.7731569807938594
0.3284005699515191
0.773156120730365
0.32838737393638767
0.32839351814300355
0.3283903222404786
0.32839917562851406
0.3284022850109563
0.7731572108582284
0.7731553356585379
0.3284071630404696
0.7731581815463404
0.7731569005762267
0.7731628543014721
0.32839251642146566
0.3283936968225414
0.3283929904850904
0.3283939219253426
0.3283997141775944
0.3283929904850904
0.7731626021612057
0.7731557538687306
0.7731582317010091
0.7731597213947173
0.32840132561354624
0.3284074491206973
0.328398534642772
0.7731590718704725
0.7731601282867222
0.3284093049732286
0.3284005699515191
0.32838881080229465
0.7731557538687306
0.7731586540063895
0.32840068890959595
0.7731569005762267
0.3283997285555952
0.7731570794512723
0.7731517261303649
0.3284147961336267
0.7731635917409702
0.773161003242954
0.7731621341737558
0.3283826535438257
0.3283943682011028
0.328396719802593
0.7731642525351012
0.7731559993149156
0.773157964844391
0.3284031687273945
0.3284074491206973
0.7731587642931033
0.32839931601769756
0.3284013202860533
0.7731567121630792
0.7731600816488353
0.32839752957207646
0.32837140270538584
0.7731597532684247
0.3283901249897979
0.32839136921743184
0.3283892906442903
0.3284022850109563
0.7731568995432121
0.32837911942582326
0.32839079031312124
0.3284129951675395
0.3283842766313202
0.7731507556153798
0.32840671613186706
0.3284019241440912
0.328403770916766
0.32838881080229465
0.7731592875145498
0.328390457560189
0.7731539227276648
0.3284006105373838
0.3283859733456231
0.32841180054450947
0.3283992661289507
0.3283953498461129
0.7731517221519173
0.7731575821261119
0.7731561901882893
0.3283998133886694
0.7731559490839905
0.7731599467878614
0.7731593925537452
0.3284003856802473
0.7731568995432121
0.32840175044410475
0.7731569807938594
0.3283892133305697
0.7731566692430247
0.7731604752200022
0.773164558039394
0.32840264416604115
0.32839667338006573
0.32840054525632734
0.7731611617779615
0.328396429192531
0.3283939914017594
0.7731573640777518
0.3283992661289507
0.32838075965656033
0.773153748476022
0.7731580291239147
0.3283979889844034
0.3283984979935601
0.7731569251942567
0.7731595391888253
0.32843188013136887
0.32839629716315605
0.3283904273887114
0.32839251642146566
0.32837090469786523
0.7731576113231047
0.773155262149113
0.7731587642931033
0.32839079031312124
0.7731603191048648
0.773161003242954
0.3283956224278804
0.32839616128152427
0.328392493328827
0.7731573999988064
0.32839981789050965
0.7731531242994196
0.7731567121630792
0.3284097052515306
0.3283905774447707
0.3283953498461129
0.7731683844629161
0.32839829887240823
0.32839629716315605
0.7731591614242252
0.3283981353200992
0.7731575347140115
0.3284133740711045
0.7731563249748161
0.32839228913834184
0.3284042051910575
0.7731584099671522
0.77315351854724
0.7731502111577528
0.328407468013009
0.32839947685597115
0.773153748476022
0.32840707678217806
0.32838532370763374
0.7731578774680818
0.3284000017834038
0.7731683844629161
0.7731570435845845
0.3283939914017594
0.3283892906442903
0.7731546808656203
0.7731538955999394
0.7731559490839905
0.7731581815463404
0.32839160409612267
0.3283961181734939
0.328396719802593
0.3284028089145621
0.3283998133886694
0.32839917562851406
0.32840641533552173
0.7731576395793234
0.7731594455640161
0.7731584099671522
0.32836256044494655
0.7731603191048648
0.7731568519360266
0.773156546174838
0.32840212022542775
0.32839752957207646
0.328401816047969
0.7731464610859486
0.32839434161624675
0.7731566692430247
0.7731586945985625
0.7731561048090189
0.7731592199387725
0.7731630220562431
0.328401551726788
0.3283939219253426
0.7731630220562431
0.3284067930305105
0.32839560461432327
0.32840671613186706
0.3284027548151428
0.7731594455640161
0.3283937876106653
0.3283901249897979
0.7731607334636446
0.32839076359518965
0.32841349491567623
0.32839228913834184
0.3284098923706157
0.32839242216910725
0.7731570435845845
0.32839242216910725
0.32839706384647216
0.3283840201247353
0.773157964844391
0.7731593193518939
0.328397469222789
0.3284013171286003
0.7731464474797192
0.3284019241440912
0.32839829887240823
0.32837140270538584
0.7731651890498864
0.7731561901882893
0.3283955090651447
0.3284006105373838
0.7731600816488353
0.7731634215926023
0.32837090469786523
0.7731590718704725
0.3284058391477118
0.3283913596236758
0.3284098923706157
