0.7290027190845197
0.4593025561146854
0.2779512685340357
0.952578467192708
0.23377834228629554
0.5871016944969047
0.7912319664197467
0.64882093025091
0.657092983229047
0.7113145555418798
0.6123046045174042
0.842639616933589
0.842639616933589
0.2614733835985338
0.8743269878823687
0.7654904862331291
0.17984528807835898
0.6123046045174042
0.03298698747097162
0.8707549168778203
0.6935624508775289
0.7654904862331291
0.64882093025091
0.9378177824656395
0.16182642957012128
0.6692492014895293
0.7649204020467714
0.4593025561146854
0.6442584972528964
0.1725877134019706
0.2398399296593396
0.5444802918357211
0.2863324770546646
0.7648680027846623
0.16864437423519474
0.7215233153108664
0.03298698747097162
0.2863324770546646
0.7993637141915826
0.4947399707715987
0.5201818138704838
0.2638476958958579
0.9579472820723568
0.7639417196335585
0.1852096984386194
0.7642449656287875
0.6872151517427024
0.10569666427141891
0.48230495326041806
0.41546378118456184
0.8365314287827222
0.952578467192708
0.5673958405016801
0.2355074136470135
0.6839564417078104
0.15163315302256308
0.6526241889160118
0.43876962286890586
0.7717732332151266
0.16434331311877853
0.8743269878823687
0.2673276316703208
0.07950390650141159
0.12532908918239272
0.058919739524828714
0.7654904862331291
0.64882093025091
0.21272035108313378
0.13075413221991888
0.07950390650141159
0.47391409926639083
0.5444802918357211
0.10569666427141891
0.29371435801441054
0.7160463726534524
0.36939317849872555
0.6442584972528964
0.9070585575811764
0.6791801699082951
0.2462028943592199
0.23521741494227588
0.12125627823549195
0.04414537931576412
0.8353261032289017
0.4878393535179586
0.02736249118832701
0.7350921581296499
0.4640452439529589
0.3093346014563394
0.2355074136470135
0.22556901222239734
0.5207331948353335
0.0677136066904207
0.2863324770546646
0.4693514692837467
0.058919739524828714
0.7993637141915826
0.13075413221991888
0.1176890492184386
0.12125627823549195
0.6929437733146195
0.36814383357514024
0.45892967184926414
0.45892967184926414
0.2863324770546646
0.7648680027846623
0.7159971724886953
0.7912319664197467
0.7113145555418798
0.2818465449403205
0.8170336173797116
0.3673503616369449
0.832804228238142
0.13075413221991888
0.8304911678296798
0.6686506803247839
0.27613075642585494
0.9379951207047146
0.5766240420790056
0.3622209463557239
0.057559671086828024
0.19232980444342374
0.9203841863967853
0.3237242180285079
0.09609621960855597
0.6457344054328026
0.31530641913486257
0.06971950943035982
0.21874366548151436
0.952578467192708
0.8993907521698599
0.22474202141307253
0.1725877134019706
0.6935624508775289
0.07701747052118635
0.07584982451230149
0.07950390650141159
0.062015098090987264
0.29756539063052867
0.3112046780714205
0.3201799722015918
0.24590151703238367
0.45787726752206703
0.4859104981562907
0.3880588727920079
0.5085532008621454
0.02624537282078676
0.3673503616369449
0.5102834558183846
0.5201818138704838
0.4284637101455925
0.4593025561146854
0.8365314287827222
0.8937048656385174
0.1852096984386194
0.06567128504641495
0.9779427834121162
0.7113145555418798
0.7215233153108664
0.30503913958509754
0.5444802918357211
0.2398399296593396
0.9005242448288368
0.952578467192708
0.29082050744093674
0.8956146877759448
0.058919739524828714
0.7715427852549419
0.8956113706797968
0.5260743098918268
0.7642449656287875
0.00859849050473982
0.7511195352567556
0.1382784797337195
0.8545165346112619
0.2476558762429801
0.0916660306538476
0.70734357166977
0.9379951207047146
0.7170267193938226
0.6086401046774369
0.1382784797337195
0.22946606080707888
0.2501293711441047
0.28363765172999295
0.6069302068836336
0.09808153446362478
0.0916660306538476
0.7718280666928057
0.8618736153134733
0.06928287328763216
0.7145372221270061
0.3967162269101603
0.7648680027846623
0.7155491259953227
0.7238276400020838
0.6086401046774369
0.2673276316703208
0.42486249455147285
0.7238276400020838
0.5956193451599847
0.37703634555058796
0.4593025561146854
0.10162039703216763
0.2673276316703208
0.017610379101388407
0.11580412226598358
0.6210693824196428
0.7461541250892909
0.36404711707576015
0.5201818138704838
0.7497053603536203
0.22946606080707888
0.8704456007641468
0.93835140139392
0.919038105625278
0.501510831031657
0.7544914519754939
0.41650819293955654
0.8993907521698599
0.1725877134019706
0.5827881501334105
0.5871016944969047
0.10921739574600597
0.0010854264056618934
0.6123747259950734
0.5816258404347651
0.429731657429961
0.2779512685340357
0.7290027190845197
0.919038105625278
0.629590218977484
0.5207331948353335
0.7649204020467714
0.9038229842246068
0.8938538851276491
0.12817435753742326
0.9647287057159194
0.1656766929461655
0.7686015423738745
0.4096803402983107
0.10162039703216763
0.42068681271682995
0.2818465449403205
0.7511195352567556
0.6604515597224488
0.952578467192708
0.978541564322025
0.5766240420790056
0.28363765172999295
